   niter: 689
   ncall: 3986
    logz: 13.186056861810265
 logzerr: 0.18480503182703512
       h: 3.415289978859146
 samples: array([[ 7.93283233e+08,  1.20539488e+27,  1.05347600e+08, ...,
        -3.85500310e-01,  4.00164895e+00,  5.96837861e-01],
       [ 8.18204480e+08,  1.42452815e+27,  1.01389527e+08, ...,
         1.04445666e+00, -9.73327495e-02,  5.97957645e-01],
       [ 7.99259458e+08,  1.29297630e+27,  1.04594722e+08, ...,
        -3.30562260e-01,  4.89164386e+00,  8.55853100e-01],
       ...,
       [ 8.11037426e+08,  1.34339841e+27,  9.38804579e+07, ...,
         3.40720798e-02,  2.12452042e-02,  5.94946287e-01],
       [ 8.13470192e+08,  1.53736333e+27,  9.47623922e+07, ...,
         1.51963804e+00,  9.81672649e-01,  8.55397925e-01],
       [ 8.28819268e+08,  1.38056170e+27,  9.87897439e+07, ...,
         2.85851060e+00,  4.28623929e-01,  1.00282809e+00]])
 weights: array([0.00000000e+000, 0.00000000e+000, 0.00000000e+000, 0.00000000e+000,
       0.00000000e+000, 0.00000000e+000, 0.00000000e+000, 0.00000000e+000,
       0.00000000e+000, 0.00000000e+000, 0.00000000e+000, 0.00000000e+000,
       0.00000000e+000, 0.00000000e+000, 0.00000000e+000, 0.00000000e+000,
       0.00000000e+000, 0.00000000e+000, 0.00000000e+000, 0.00000000e+000,
       0.00000000e+000, 0.00000000e+000, 0.00000000e+000, 0.00000000e+000,
       0.00000000e+000, 0.00000000e+000, 0.00000000e+000, 0.00000000e+000,
       0.00000000e+000, 0.00000000e+000, 0.00000000e+000, 4.23374733e-319,
       1.01724566e-312, 5.53742695e-276, 4.75581555e-260, 1.99259323e-255,
       2.26511520e-233, 9.26693413e-231, 5.90516643e-220, 9.54028803e-217,
       4.62973717e-216, 2.11143444e-204, 1.98115448e-201, 2.98820131e-197,
       1.18868851e-194, 5.85870590e-184, 2.61740182e-177, 1.39604479e-169,
       1.77831804e-166, 3.72841635e-166, 2.50369548e-163, 1.30065817e-154,
       2.01188112e-153, 3.34823348e-150, 7.61700046e-145, 6.82109895e-143,
       5.84333617e-142, 2.76987429e-139, 3.94859285e-136, 8.31888783e-134,
       8.28066373e-133, 2.75943322e-132, 1.85005526e-130, 1.03124881e-128,
       6.30011943e-122, 5.16231064e-118, 1.22698574e-110, 2.08279321e-106,
       4.95758573e-106, 6.01142985e-100, 4.58381667e-097, 8.99918521e-094,
       1.61526058e-093, 7.08279740e-091, 7.65313311e-091, 5.53710462e-088,
       1.06573686e-087, 1.72450556e-087, 3.03604293e-086, 9.20003955e-084,
       5.44815636e-070, 3.74488962e-068, 4.45911745e-067, 2.57977051e-065,
       6.98359428e-064, 1.46805816e-062, 1.03151614e-059, 4.49011355e-059,
       1.87096352e-057, 3.14807372e-056, 6.47744470e-053, 1.61404873e-051,
       2.25208679e-050, 3.99899432e-050, 2.78496831e-049, 2.93483884e-048,
       3.09607921e-048, 1.86758311e-047, 4.86634607e-047, 1.35717500e-044,
       1.15657886e-043, 1.99540703e-043, 3.10601739e-043, 2.32410262e-042,
       9.45994259e-042, 2.10933715e-041, 2.97811387e-041, 1.55481208e-040,
       3.49215853e-040, 7.73638547e-038, 3.24956748e-034, 1.82905728e-033,
       1.31764991e-032, 4.32896438e-031, 9.57048776e-031, 1.15682125e-030,
       1.46445320e-030, 1.11512816e-029, 1.42415871e-029, 4.46933389e-029,
       9.84311976e-029, 3.01941722e-028, 2.89335822e-027, 5.02378664e-027,
       1.63591967e-026, 1.09431270e-025, 4.86121884e-025, 2.47628383e-024,
       3.43677850e-024, 1.25833052e-023, 1.66139371e-023, 1.18865624e-022,
       1.60195091e-022, 2.22175544e-022, 3.32530455e-022, 8.62577029e-021,
       5.95941017e-020, 3.65178434e-019, 5.00523505e-019, 1.33732007e-018,
       1.22839512e-017, 2.60810694e-017, 8.15266630e-017, 1.13094385e-016,
       1.17893421e-015, 1.49236529e-015, 5.95033863e-015, 2.27934648e-014,
       3.54364730e-014, 6.43841910e-014, 6.78194638e-014, 1.89950613e-013,
       2.95867278e-013, 3.04214015e-013, 7.16622162e-013, 9.68898013e-013,
       1.33417708e-012, 1.61895329e-012, 1.80601025e-012, 9.25237984e-012,
       9.36299387e-012, 9.50601086e-012, 1.02761113e-011, 1.02234092e-011,
       2.62629503e-011, 2.66143437e-011, 2.70487860e-011, 3.56198507e-011,
       8.23219732e-011, 8.57560252e-011, 1.08563662e-010, 1.51220579e-010,
       2.00932147e-010, 2.67592255e-010, 3.02739656e-010, 4.02278188e-010,
       4.09586670e-010, 6.00075897e-010, 6.30080459e-010, 8.80419599e-010,
       8.80401482e-010, 9.27273360e-010, 9.34777289e-010, 1.24557985e-009,
       1.89815293e-009, 2.04524207e-009, 2.26740417e-009, 7.03641948e-009,
       7.57558794e-009, 8.20234514e-009, 1.72649869e-008, 2.51856738e-008,
       2.86141331e-008, 3.31376267e-008, 3.62968674e-008, 4.21792493e-008,
       4.37004533e-008, 4.68740324e-008, 1.07219585e-007, 1.14383076e-007,
       1.91772411e-007, 2.41420296e-007, 3.10739956e-007, 3.12952437e-007,
       6.27932908e-007, 6.32493322e-007, 7.68731066e-007, 1.08155171e-006,
       1.14871406e-006, 1.15793717e-006, 1.24193706e-006, 1.79109603e-006,
       2.06807726e-006, 2.16221345e-006, 2.23893983e-006, 3.33951344e-006,
       3.68283742e-006, 3.94367825e-006, 6.22651461e-006, 6.24686140e-006,
       6.42635340e-006, 6.41596379e-006, 9.29000916e-006, 1.00953652e-005,
       1.07040680e-005, 1.15511232e-005, 1.50954881e-005, 1.65263723e-005,
       1.72886488e-005, 3.34858855e-005, 3.52492938e-005, 3.52467729e-005,
       3.52468517e-005, 3.84248171e-005, 4.06849962e-005, 4.15328111e-005,
       5.18214394e-005, 5.33591049e-005, 5.95900051e-005, 7.00660763e-005,
       8.89923513e-005, 9.43287247e-005, 1.35723294e-004, 1.57491448e-004,
       1.60479906e-004, 1.66963104e-004, 1.88133561e-004, 2.16056938e-004,
       2.18365791e-004, 2.16623945e-004, 2.40592274e-004, 2.45543606e-004,
       2.83186203e-004, 3.19029918e-004, 3.36138381e-004, 3.51249778e-004,
       3.87221182e-004, 3.89237797e-004, 4.27526946e-004, 4.27061135e-004,
       4.25144919e-004, 4.77679896e-004, 4.80157684e-004, 4.92933372e-004,
       5.01655665e-004, 5.62069211e-004, 5.65264204e-004, 5.63323441e-004,
       5.76863020e-004, 6.45338309e-004, 6.78081273e-004, 7.76816156e-004,
       8.12758097e-004, 8.66644110e-004, 8.67562530e-004, 8.73545972e-004,
       8.70090727e-004, 9.34780367e-004, 9.34945502e-004, 9.60000950e-004,
       9.60973888e-004, 9.83947107e-004, 1.09017281e-003, 1.13368116e-003,
       1.12383321e-003, 1.12243656e-003, 1.17186640e-003, 1.27940312e-003,
       1.29894369e-003, 1.38379476e-003, 1.44501602e-003, 1.54646490e-003,
       1.56908768e-003, 1.62452497e-003, 1.64648977e-003, 1.70832620e-003,
       1.71356991e-003, 1.69741471e-003, 1.71606919e-003, 1.71144072e-003,
       1.82554982e-003, 1.81236388e-003, 1.83008594e-003, 1.82184850e-003,
       1.86741512e-003, 1.90012690e-003, 1.94112984e-003, 1.94100143e-003,
       1.93941229e-003, 1.94260446e-003, 1.92520960e-003, 1.94134399e-003,
       1.97584522e-003, 1.95675861e-003, 1.94108925e-003, 2.08740838e-003,
       2.10004714e-003, 2.23787982e-003, 2.21714521e-003, 2.27983504e-003,
       2.25957909e-003, 2.28997150e-003, 2.26961731e-003, 2.28017023e-003,
       2.26491235e-003, 2.24573010e-003, 2.28998016e-003, 2.27439715e-003,
       2.25208006e-003, 2.23582446e-003, 2.21779429e-003, 2.23112918e-003,
       2.24298422e-003, 2.22143051e-003, 2.32253567e-003, 2.37487494e-003,
       2.39197474e-003, 2.38064071e-003, 2.35863049e-003, 2.33772320e-003,
       2.32192229e-003, 2.30221480e-003, 2.30738725e-003, 2.29091221e-003,
       2.29930287e-003, 2.31496068e-003, 2.33771510e-003, 2.34811850e-003,
       2.36614919e-003, 2.36274068e-003, 2.37168046e-003, 2.35114661e-003,
       2.33402899e-003, 2.35454369e-003, 2.36156581e-003, 2.36959253e-003,
       2.34929605e-003, 2.33016435e-003, 2.31228625e-003, 2.31851751e-003,
       2.30002219e-003, 2.28487550e-003, 2.29642611e-003, 2.32735864e-003,
       2.33978978e-003, 2.36327010e-003, 2.38295732e-003, 2.37531273e-003,
       2.41760837e-003, 2.39719799e-003, 2.38769190e-003, 2.41224887e-003,
       2.40556358e-003, 2.39293845e-003, 2.40569566e-003, 2.39665868e-003,
       2.37539100e-003, 2.36175039e-003, 2.34105519e-003, 2.32409969e-003,
       2.33723820e-003, 2.35486115e-003, 2.33512090e-003, 2.37234008e-003,
       2.35743311e-003, 2.34384551e-003, 2.34924445e-003, 2.35451662e-003,
       2.36001890e-003, 2.35749518e-003, 2.36088258e-003, 2.35410543e-003,
       2.33215947e-003, 2.31976044e-003, 2.36850030e-003, 2.34683540e-003,
       2.36375197e-003, 2.35257231e-003, 2.34821389e-003, 2.34015658e-003,
       2.35666417e-003, 2.37285069e-003, 2.37909793e-003, 2.38813601e-003,
       2.37853905e-003, 2.36381711e-003, 2.39627564e-003, 2.37313057e-003,
       2.36768864e-003, 2.42358747e-003, 2.40613250e-003, 2.38457382e-003,
       2.36168619e-003, 2.36961316e-003, 2.37436716e-003, 2.36687452e-003,
       2.34880124e-003, 2.33683287e-003, 2.32213146e-003, 2.32717883e-003,
       2.38037119e-003, 2.35790572e-003, 2.33507701e-003, 2.31821620e-003,
       2.31810501e-003, 2.31660401e-003, 2.30389387e-003, 2.30008896e-003,
       2.27934551e-003, 2.26475722e-003, 2.24450463e-003, 2.22640687e-003,
       2.22019244e-003, 2.24797653e-003, 2.27726433e-003, 2.27940804e-003,
       2.27494422e-003, 2.30325354e-003, 2.33832581e-003, 2.31748739e-003,
       2.31364308e-003, 2.31127737e-003, 2.30071582e-003, 2.30446868e-003,
       2.28341775e-003, 2.31164428e-003, 2.31641847e-003, 2.33494747e-003,
       2.33393073e-003, 2.31658272e-003, 2.30230671e-003, 2.28206841e-003,
       2.27130263e-003, 2.28526871e-003, 2.26700334e-003, 2.25556100e-003,
       2.25200699e-003, 2.27517839e-003, 2.27191662e-003, 2.26308178e-003,
       2.24472431e-003, 2.24854786e-003, 2.23267212e-003, 2.23271538e-003,
       2.23650698e-003, 2.25254019e-003, 2.24117373e-003, 2.25180029e-003,
       2.24471979e-003, 2.26104245e-003, 2.27842066e-003, 2.27369862e-003,
       2.25844603e-003, 2.26537987e-003, 2.25821599e-003, 2.25710405e-003,
       2.24294968e-003, 2.22132724e-003, 2.20375002e-003, 2.19318060e-003,
       2.17267439e-003, 2.15674310e-003, 2.15359099e-003, 2.14871570e-003,
       2.13253500e-003, 2.11532086e-003, 2.11029220e-003, 2.09076555e-003,
       2.08405756e-003, 2.07518832e-003, 2.07395505e-003, 2.06031472e-003,
       2.04222819e-003, 2.04907976e-003, 2.03462377e-003, 2.08680577e-003,
       2.11232614e-003, 2.09827169e-003, 2.08019277e-003, 2.09239265e-003,
       2.07500932e-003, 2.09224209e-003, 2.07316873e-003, 2.07121941e-003,
       2.08931947e-003, 2.06911222e-003, 2.07620036e-003, 2.08994643e-003,
       2.07326784e-003, 2.05782600e-003, 2.07578325e-003, 2.05989100e-003,
       2.04670416e-003, 2.02873608e-003, 2.01526084e-003, 2.00662561e-003,
       1.99252708e-003, 1.98300127e-003, 2.07228028e-003, 2.07353221e-003,
       2.05763460e-003, 2.04285922e-003, 2.03259496e-003, 2.01409373e-003,
       2.00442931e-003, 1.98693676e-003, 2.00160154e-003, 2.05725634e-003,
       2.04768693e-003, 2.03848495e-003, 2.03118923e-003, 2.03017221e-003,
       2.01585521e-003, 1.99890357e-003, 1.98349984e-003, 1.96580900e-003,
       1.98088033e-003, 1.97910846e-003, 2.03453408e-003, 2.01938614e-003,
       2.01506524e-003, 1.99678658e-003, 2.00122460e-003, 1.98832894e-003,
       1.99093291e-003, 1.99002029e-003, 1.97382573e-003, 1.96538358e-003,
       1.95857010e-003, 1.94965165e-003, 1.93269128e-003, 1.91668769e-003,
       1.90473524e-003, 1.92766611e-003, 1.91792204e-003, 1.89945115e-003,
       1.88234088e-003, 1.86689747e-003, 1.85751798e-003, 1.84619601e-003,
       1.82976638e-003, 1.81818198e-003, 1.82188758e-003, 1.81130976e-003,
       1.79957965e-003, 1.81413670e-003, 1.81950901e-003, 1.80248076e-003,
       1.80222910e-003, 1.78868224e-003, 1.79931068e-003, 1.78463924e-003,
       1.78707551e-003, 1.78858540e-003, 1.77619841e-003, 1.76020486e-003,
       1.76349851e-003, 1.78922338e-003, 1.78883807e-003, 1.78723799e-003,
       1.77008550e-003, 1.75481484e-003, 1.74744772e-003, 1.75638273e-003,
       1.74453013e-003, 1.74022572e-003, 1.72573816e-003, 1.71347156e-003,
       1.69828596e-003, 1.69257625e-003, 1.67621438e-003, 1.66007633e-003,
       1.64592923e-003, 1.67526513e-003, 1.66450833e-003, 1.65542788e-003,
       1.67270155e-003, 1.65703364e-003, 1.66967372e-003, 1.65493091e-003,
       1.67335431e-003, 1.66648449e-003, 1.66560811e-003, 1.69203596e-003,
       1.68284194e-003, 1.66771462e-003, 1.65174589e-003, 1.64683824e-003,
       1.63105208e-003, 1.63113906e-003, 1.63642163e-003, 1.63050094e-003,
       1.62935046e-003, 1.62162292e-003, 1.61266102e-003, 1.62400974e-003,
       1.62259385e-003, 1.60750659e-003, 1.61288857e-003, 1.59701490e-003,
       1.58894607e-003, 1.59481323e-003, 1.58113594e-003, 1.56660558e-003,
       1.58707304e-003, 1.57170036e-003, 1.56036822e-003, 1.54829533e-003,
       1.54600290e-003, 1.53541679e-003, 1.53710823e-003, 1.52440037e-003,
       1.54479564e-003, 1.53455724e-003, 1.52770521e-003, 1.51303216e-003,
       1.51891005e-003, 1.54752879e-003, 1.53513351e-003, 1.53153079e-003,
       1.53915030e-003, 1.53658533e-003, 1.52129749e-003, 1.51257862e-003,
       1.50552403e-003, 1.49181854e-003, 1.47933219e-003, 1.46472888e-003,
       1.45315793e-003, 1.44405216e-003, 1.42985603e-003, 1.41935758e-003,
       1.42027774e-003, 1.40667621e-003, 1.39856621e-003, 1.38469606e-003,
       1.38041372e-003, 1.37305694e-003, 1.36491579e-003, 1.35207840e-003,
       1.33997440e-003, 1.33049460e-003, 1.33116880e-003, 1.33197260e-003,
       1.32142605e-003, 1.31283541e-003, 1.30383256e-003, 1.29150818e-003,
       1.28388923e-003, 1.27166737e-003, 1.26316205e-003, 1.25458258e-003,
       1.24751052e-003, 1.23931157e-003, 1.23223719e-003, 1.22204407e-003,
       1.21026239e-003, 1.20992355e-003, 1.20250818e-003, 1.21327125e-003,
       1.20769733e-003, 1.19777581e-003, 1.19763016e-003, 1.19771292e-003,
       1.19192450e-003, 1.18651645e-003, 1.17795109e-003, 1.16792580e-003,
       1.16100487e-003, 1.31778624e-003, 2.49405655e-003, 1.91776620e-003,
       1.65946480e-003, 1.33031660e-003, 1.57419614e-003, 1.54694162e-003,
       1.26950977e-003, 2.49704270e-003, 2.47380921e-003, 1.48209757e-003,
       1.46915341e-003, 1.38767553e-003, 2.09736161e-003, 2.58113397e-003,
       1.38632523e-003, 1.22048817e-003, 3.00919461e-003, 1.25774027e-003,
       1.83393846e-003, 1.16536010e-003, 5.21820649e-003, 1.16161246e-003,
       1.28657802e-003, 2.21659436e-003, 3.84700360e-003, 1.30835070e-003,
       1.48442783e-003, 1.16061761e-003, 1.42456888e-003, 1.29475130e-003,
       1.61438820e-003, 1.39304190e-003, 1.69984704e-003, 1.52057608e-003,
       2.10806930e-003, 1.99451812e-003, 1.32874890e-003, 1.29569562e-003,
       1.49894017e-003, 2.41974906e-003, 1.46406674e-003, 1.29059996e-003,
       1.94126473e-003, 1.44735270e-003, 2.07944414e-003, 2.33760550e-003,
       1.40144358e-003, 1.57795341e-003, 2.52248848e-003, 1.81867072e-003,
       1.40404893e-003, 1.63882800e-003, 1.38226719e-003, 1.55464300e-003,
       1.18100905e-003, 4.37452682e-003, 1.20910673e-003, 1.79099043e-003,
       1.27347519e-003, 1.41253468e-003, 1.85456993e-003, 3.75111116e-003,
       1.46524349e-003, 1.29456191e-003, 1.93383565e-003, 2.60373263e-003,
       2.17037863e-003, 1.67721893e-003, 1.29865542e-003, 2.12904584e-003,
       2.56289224e-003, 1.59182077e-003, 2.48367038e-003, 1.23911504e-003,
       1.82202020e-003, 1.47136342e-003, 1.50340397e-003, 1.38098754e-003,
       1.55569063e-003, 1.60491913e-003, 3.42675143e-003, 1.82380422e-003,
       2.32196196e-003, 1.17591070e-003, 1.28467293e-003, 1.94101126e-003,
       2.04130393e-003, 2.37422061e-003, 1.38464311e-003, 1.19486810e-003,
       1.93649964e-003, 1.34873068e-003, 1.34895024e-003, 2.49383935e-003,
       1.16830385e-003, 1.68390049e-003, 3.12519704e-003, 1.16353189e-003,
       1.37481277e-003])
  logvol: array([ -4.61016602,  -4.62016602,  -4.63016602,  -4.64016602,
        -4.65016602,  -4.66016602,  -4.67016602,  -4.68016602,
        -4.69016602,  -4.70016602,  -4.71016602,  -4.72016602,
        -4.73016602,  -4.74016602,  -4.75016602,  -4.76016602,
        -4.77016602,  -4.78016602,  -4.79016602,  -4.80016602,
        -4.81016602,  -4.82016602,  -4.83016602,  -4.84016602,
        -4.85016602,  -4.86016602,  -4.87016602,  -4.88016602,
        -4.89016602,  -4.90016602,  -4.91016602,  -4.92016602,
        -4.93016602,  -4.94016602,  -4.95016602,  -4.96016602,
        -4.97016602,  -4.98016602,  -4.99016602,  -5.00016602,
        -5.01016602,  -5.02016602,  -5.03016602,  -5.04016602,
        -5.05016602,  -5.06016602,  -5.07016602,  -5.08016602,
        -5.09016602,  -5.10016602,  -5.11016602,  -5.12016602,
        -5.13016602,  -5.14016602,  -5.15016602,  -5.16016602,
        -5.17016602,  -5.18016602,  -5.19016602,  -5.20016602,
        -5.21016602,  -5.22016602,  -5.23016602,  -5.24016602,
        -5.25016602,  -5.26016602,  -5.27016602,  -5.28016602,
        -5.29016602,  -5.30016602,  -5.31016602,  -5.32016602,
        -5.33016602,  -5.34016602,  -5.35016602,  -5.36016602,
        -5.37016602,  -5.38016602,  -5.39016602,  -5.40016602,
        -5.41016602,  -5.42016602,  -5.43016602,  -5.44016602,
        -5.45016602,  -5.46016602,  -5.47016602,  -5.48016602,
        -5.49016602,  -5.50016602,  -5.51016602,  -5.52016602,
        -5.53016602,  -5.54016602,  -5.55016602,  -5.56016602,
        -5.57016602,  -5.58016602,  -5.59016602,  -5.60016602,
        -5.61016602,  -5.62016602,  -5.63016602,  -5.64016602,
        -5.65016602,  -5.66016602,  -5.67016602,  -5.68016602,
        -5.69016602,  -5.70016602,  -5.71016602,  -5.72016602,
        -5.73016602,  -5.74016602,  -5.75016602,  -5.76016602,
        -5.77016602,  -5.78016602,  -5.79016602,  -5.80016602,
        -5.81016602,  -5.82016602,  -5.83016602,  -5.84016602,
        -5.85016602,  -5.86016602,  -5.87016602,  -5.88016602,
        -5.89016602,  -5.90016602,  -5.91016602,  -5.92016602,
        -5.93016602,  -5.94016602,  -5.95016602,  -5.96016602,
        -5.97016602,  -5.98016602,  -5.99016602,  -6.00016602,
        -6.01016602,  -6.02016602,  -6.03016602,  -6.04016602,
        -6.05016602,  -6.06016602,  -6.07016602,  -6.08016602,
        -6.09016602,  -6.10016602,  -6.11016602,  -6.12016602,
        -6.13016602,  -6.14016602,  -6.15016602,  -6.16016602,
        -6.17016602,  -6.18016602,  -6.19016602,  -6.20016602,
        -6.21016602,  -6.22016602,  -6.23016602,  -6.24016602,
        -6.25016602,  -6.26016602,  -6.27016602,  -6.28016602,
        -6.29016602,  -6.30016602,  -6.31016602,  -6.32016602,
        -6.33016602,  -6.34016602,  -6.35016602,  -6.36016602,
        -6.37016602,  -6.38016602,  -6.39016602,  -6.40016602,
        -6.41016602,  -6.42016602,  -6.43016602,  -6.44016602,
        -6.45016602,  -6.46016602,  -6.47016602,  -6.48016602,
        -6.49016602,  -6.50016602,  -6.51016602,  -6.52016602,
        -6.53016602,  -6.54016602,  -6.55016602,  -6.56016602,
        -6.57016602,  -6.58016602,  -6.59016602,  -6.60016602,
        -6.61016602,  -6.62016602,  -6.63016602,  -6.64016602,
        -6.65016602,  -6.66016602,  -6.67016602,  -6.68016602,
        -6.69016602,  -6.70016602,  -6.71016602,  -6.72016602,
        -6.73016602,  -6.74016602,  -6.75016602,  -6.76016602,
        -6.77016602,  -6.78016602,  -6.79016602,  -6.80016602,
        -6.81016602,  -6.82016602,  -6.83016602,  -6.84016602,
        -6.85016602,  -6.86016602,  -6.87016602,  -6.88016602,
        -6.89016602,  -6.90016602,  -6.91016602,  -6.92016602,
        -6.93016602,  -6.94016602,  -6.95016602,  -6.96016602,
        -6.97016602,  -6.98016602,  -6.99016602,  -7.00016602,
        -7.01016602,  -7.02016602,  -7.03016602,  -7.04016602,
        -7.05016602,  -7.06016602,  -7.07016602,  -7.08016602,
        -7.09016602,  -7.10016602,  -7.11016602,  -7.12016602,
        -7.13016602,  -7.14016602,  -7.15016602,  -7.16016602,
        -7.17016602,  -7.18016602,  -7.19016602,  -7.20016602,
        -7.21016602,  -7.22016602,  -7.23016602,  -7.24016602,
        -7.25016602,  -7.26016602,  -7.27016602,  -7.28016602,
        -7.29016602,  -7.30016602,  -7.31016602,  -7.32016602,
        -7.33016602,  -7.34016602,  -7.35016602,  -7.36016602,
        -7.37016602,  -7.38016602,  -7.39016602,  -7.40016602,
        -7.41016602,  -7.42016602,  -7.43016602,  -7.44016602,
        -7.45016602,  -7.46016602,  -7.47016602,  -7.48016602,
        -7.49016602,  -7.50016602,  -7.51016602,  -7.52016602,
        -7.53016602,  -7.54016602,  -7.55016602,  -7.56016602,
        -7.57016602,  -7.58016602,  -7.59016602,  -7.60016602,
        -7.61016602,  -7.62016602,  -7.63016602,  -7.64016602,
        -7.65016602,  -7.66016602,  -7.67016602,  -7.68016602,
        -7.69016602,  -7.70016602,  -7.71016602,  -7.72016602,
        -7.73016602,  -7.74016602,  -7.75016602,  -7.76016602,
        -7.77016602,  -7.78016602,  -7.79016602,  -7.80016602,
        -7.81016602,  -7.82016602,  -7.83016602,  -7.84016602,
        -7.85016602,  -7.86016602,  -7.87016602,  -7.88016602,
        -7.89016602,  -7.90016602,  -7.91016602,  -7.92016602,
        -7.93016602,  -7.94016602,  -7.95016602,  -7.96016602,
        -7.97016602,  -7.98016602,  -7.99016602,  -8.00016602,
        -8.01016602,  -8.02016602,  -8.03016602,  -8.04016602,
        -8.05016602,  -8.06016602,  -8.07016602,  -8.08016602,
        -8.09016602,  -8.10016602,  -8.11016602,  -8.12016602,
        -8.13016602,  -8.14016602,  -8.15016602,  -8.16016602,
        -8.17016602,  -8.18016602,  -8.19016602,  -8.20016602,
        -8.21016602,  -8.22016602,  -8.23016602,  -8.24016602,
        -8.25016602,  -8.26016602,  -8.27016602,  -8.28016602,
        -8.29016602,  -8.30016602,  -8.31016602,  -8.32016602,
        -8.33016602,  -8.34016602,  -8.35016602,  -8.36016602,
        -8.37016602,  -8.38016602,  -8.39016602,  -8.40016602,
        -8.41016602,  -8.42016602,  -8.43016602,  -8.44016602,
        -8.45016602,  -8.46016602,  -8.47016602,  -8.48016602,
        -8.49016602,  -8.50016602,  -8.51016602,  -8.52016602,
        -8.53016602,  -8.54016602,  -8.55016602,  -8.56016602,
        -8.57016602,  -8.58016602,  -8.59016602,  -8.60016602,
        -8.61016602,  -8.62016602,  -8.63016602,  -8.64016602,
        -8.65016602,  -8.66016602,  -8.67016602,  -8.68016602,
        -8.69016602,  -8.70016602,  -8.71016602,  -8.72016602,
        -8.73016602,  -8.74016602,  -8.75016602,  -8.76016602,
        -8.77016602,  -8.78016602,  -8.79016602,  -8.80016602,
        -8.81016602,  -8.82016602,  -8.83016602,  -8.84016602,
        -8.85016602,  -8.86016602,  -8.87016602,  -8.88016602,
        -8.89016602,  -8.90016602,  -8.91016602,  -8.92016602,
        -8.93016602,  -8.94016602,  -8.95016602,  -8.96016602,
        -8.97016602,  -8.98016602,  -8.99016602,  -9.00016602,
        -9.01016602,  -9.02016602,  -9.03016602,  -9.04016602,
        -9.05016602,  -9.06016602,  -9.07016602,  -9.08016602,
        -9.09016602,  -9.10016602,  -9.11016602,  -9.12016602,
        -9.13016602,  -9.14016602,  -9.15016602,  -9.16016602,
        -9.17016602,  -9.18016602,  -9.19016602,  -9.20016602,
        -9.21016602,  -9.22016602,  -9.23016602,  -9.24016602,
        -9.25016602,  -9.26016602,  -9.27016602,  -9.28016602,
        -9.29016602,  -9.30016602,  -9.31016602,  -9.32016602,
        -9.33016602,  -9.34016602,  -9.35016602,  -9.36016602,
        -9.37016602,  -9.38016602,  -9.39016602,  -9.40016602,
        -9.41016602,  -9.42016602,  -9.43016602,  -9.44016602,
        -9.45016602,  -9.46016602,  -9.47016602,  -9.48016602,
        -9.49016602,  -9.50016602,  -9.51016602,  -9.52016602,
        -9.53016602,  -9.54016602,  -9.55016602,  -9.56016602,
        -9.57016602,  -9.58016602,  -9.59016602,  -9.60016602,
        -9.61016602,  -9.62016602,  -9.63016602,  -9.64016602,
        -9.65016602,  -9.66016602,  -9.67016602,  -9.68016602,
        -9.69016602,  -9.70016602,  -9.71016602,  -9.72016602,
        -9.73016602,  -9.74016602,  -9.75016602,  -9.76016602,
        -9.77016602,  -9.78016602,  -9.79016602,  -9.80016602,
        -9.81016602,  -9.82016602,  -9.83016602,  -9.84016602,
        -9.85016602,  -9.86016602,  -9.87016602,  -9.88016602,
        -9.89016602,  -9.90016602,  -9.91016602,  -9.92016602,
        -9.93016602,  -9.94016602,  -9.95016602,  -9.96016602,
        -9.97016602,  -9.98016602,  -9.99016602, -10.00016602,
       -10.01016602, -10.02016602, -10.03016602, -10.04016602,
       -10.05016602, -10.06016602, -10.07016602, -10.08016602,
       -10.09016602, -10.10016602, -10.11016602, -10.12016602,
       -10.13016602, -10.14016602, -10.15016602, -10.16016602,
       -10.17016602, -10.18016602, -10.19016602, -10.20016602,
       -10.21016602, -10.22016602, -10.23016602, -10.24016602,
       -10.25016602, -10.26016602, -10.27016602, -10.28016602,
       -10.29016602, -10.30016602, -10.31016602, -10.32016602,
       -10.33016602, -10.34016602, -10.35016602, -10.36016602,
       -10.37016602, -10.38016602, -10.39016602, -10.40016602,
       -10.41016602, -10.42016602, -10.43016602, -10.44016602,
       -10.45016602, -10.46016602, -10.47016602, -10.48016602,
       -10.49016602, -10.50016602, -10.51016602, -10.52016602,
       -10.53016602, -10.54016602, -10.55016602, -10.56016602,
       -10.57016602, -10.58016602, -10.59016602, -10.60016602,
       -10.61016602, -10.62016602, -10.63016602, -10.64016602,
       -10.65016602, -10.66016602, -10.67016602, -10.68016602,
       -10.69016602, -10.70016602, -10.71016602, -10.72016602,
       -10.73016602, -10.74016602, -10.75016602, -10.76016602,
       -10.77016602, -10.78016602, -10.79016602, -10.80016602,
       -10.81016602, -10.82016602, -10.83016602, -10.84016602,
       -10.85016602, -10.86016602, -10.87016602, -10.88016602,
       -10.89016602, -10.90016602, -10.91016602, -10.92016602,
       -10.93016602, -10.94016602, -10.95016602, -10.96016602,
       -10.97016602, -10.98016602, -10.99016602, -11.00016602,
       -11.01016602, -11.02016602, -11.03016602, -11.04016602,
       -11.05016602, -11.06016602, -11.07016602, -11.08016602,
       -11.09016602, -11.10016602, -11.11016602, -11.12016602,
       -11.13016602, -11.14016602, -11.15016602, -11.16016602,
       -11.17016602, -11.18016602, -11.19016602, -11.20016602,
       -11.21016602, -11.22016602, -11.23016602, -11.24016602,
       -11.25016602, -11.26016602, -11.27016602, -11.28016602,
       -11.29016602, -11.30016602, -11.31016602, -11.32016602,
       -11.33016602, -11.34016602, -11.35016602, -11.36016602,
       -11.37016602, -11.38016602, -11.39016602, -11.40016602,
       -11.41016602, -11.42016602, -11.43016602, -11.44016602,
       -11.45016602, -11.46016602, -11.47016602, -11.48016602,
       -11.49016602, -11.49517019, -11.49517019, -11.49517019,
       -11.49517019, -11.49517019, -11.49517019, -11.49517019,
       -11.49517019, -11.49517019, -11.49517019, -11.49517019,
       -11.49517019, -11.49517019, -11.49517019, -11.49517019,
       -11.49517019, -11.49517019, -11.49517019, -11.49517019,
       -11.49517019, -11.49517019, -11.49517019, -11.49517019,
       -11.49517019, -11.49517019, -11.49517019, -11.49517019,
       -11.49517019, -11.49517019, -11.49517019, -11.49517019,
       -11.49517019, -11.49517019, -11.49517019, -11.49517019,
       -11.49517019, -11.49517019, -11.49517019, -11.49517019,
       -11.49517019, -11.49517019, -11.49517019, -11.49517019,
       -11.49517019, -11.49517019, -11.49517019, -11.49517019,
       -11.49517019, -11.49517019, -11.49517019, -11.49517019,
       -11.49517019, -11.49517019, -11.49517019, -11.49517019,
       -11.49517019, -11.49517019, -11.49517019, -11.49517019,
       -11.49517019, -11.49517019, -11.49517019, -11.49517019,
       -11.49517019, -11.49517019, -11.49517019, -11.49517019,
       -11.49517019, -11.49517019, -11.49517019, -11.49517019,
       -11.49517019, -11.49517019, -11.49517019, -11.49517019,
       -11.49517019, -11.49517019, -11.49517019, -11.49517019,
       -11.49517019, -11.49517019, -11.49517019, -11.49517019,
       -11.49517019, -11.49517019, -11.49517019, -11.49517019,
       -11.49517019, -11.49517019, -11.49517019, -11.49517019,
       -11.49517019, -11.49517019, -11.49517019, -11.49517019,
       -11.49517019, -11.49517019, -11.49517019, -11.49517019,
       -11.49517019])
    logl: array([-3.44159788e+04, -1.94457438e+04, -1.10290033e+04, -1.03852931e+04,
       -9.90810237e+03, -9.38134687e+03, -7.89918254e+03, -7.77484647e+03,
       -6.49103167e+03, -6.32422642e+03, -5.58003048e+03, -5.55794344e+03,
       -3.89356682e+03, -3.84735857e+03, -3.76508472e+03, -2.64832810e+03,
       -2.63315573e+03, -2.60184247e+03, -2.59619567e+03, -1.83949516e+03,
       -1.82326432e+03, -1.78554899e+03, -1.75072145e+03, -1.47668331e+03,
       -1.31030463e+03, -1.28684257e+03, -9.54467672e+02, -9.03413080e+02,
       -8.99902787e+02, -8.94931210e+02, -7.45323450e+02, -7.14975330e+02,
       -7.00273227e+02, -6.15675733e+02, -5.78976533e+02, -5.68323539e+02,
       -5.17528478e+02, -5.11504481e+02, -4.86616670e+02, -4.79219219e+02,
       -4.77629657e+02, -4.50773769e+02, -4.43919701e+02, -4.34288369e+02,
       -4.28292435e+02, -4.03661505e+02, -3.88339156e+02, -3.70537015e+02,
       -3.63377235e+02, -3.62626919e+02, -3.56107379e+02, -3.36029011e+02,
       -3.33280226e+02, -3.25853108e+02, -3.13508233e+02, -3.09003425e+02,
       -3.06845558e+02, -3.00674303e+02, -2.93401990e+02, -2.88041651e+02,
       -2.85733671e+02, -2.84519984e+02, -2.80304624e+02, -2.76273899e+02,
       -2.60638590e+02, -2.51617434e+02, -2.34623577e+02, -2.24874087e+02,
       -2.23996878e+02, -2.09978624e+02, -2.03331999e+02, -1.95739642e+02,
       -1.95144694e+02, -1.89051352e+02, -1.88963905e+02, -1.82369794e+02,
       -1.81705014e+02, -1.81213740e+02, -1.78335540e+02, -1.72611717e+02,
       -1.40889456e+02, -1.36649171e+02, -1.34162027e+02, -1.30094108e+02,
       -1.26785659e+02, -1.23730112e+02, -1.17165268e+02, -1.15684420e+02,
       -1.11944674e+02, -1.09111752e+02, -1.01472461e+02, -9.82468711e+01,
       -9.56011745e+01, -9.50169889e+01, -9.30662102e+01, -9.07012090e+01,
       -9.06377250e+01, -8.88306314e+01, -8.78629331e+01, -8.22221159e+01,
       -8.00694697e+01, -7.95140881e+01, -7.90615948e+01, -7.70390170e+01,
       -7.56252847e+01, -7.48133922e+01, -7.44584758e+01, -7.27958261e+01,
       -7.19766608e+01, -6.65660761e+01, -5.82131484e+01, -5.64752845e+01,
       -5.44906503e+01, -5.09885867e+01, -5.01852308e+01, -4.99856540e+01,
       -4.97398480e+01, -4.76997755e+01, -4.74451636e+01, -4.62915054e+01,
       -4.54919721e+01, -4.43610959e+01, -4.20911568e+01, -4.15293907e+01,
       -4.03387844e+01, -3.84282780e+01, -3.69271152e+01, -3.52890604e+01,
       -3.49512848e+01, -3.36434484e+01, -3.33555774e+01, -3.13778257e+01,
       -3.10694270e+01, -3.07323515e+01, -3.03190879e+01, -2.70533098e+01,
       -2.51105075e+01, -2.32876780e+01, -2.29624095e+01, -2.19696411e+01,
       -1.97420152e+01, -1.89790991e+01, -1.78293787e+01, -1.74920861e+01,
       -1.51379427e+01, -1.48921912e+01, -1.34991054e+01, -1.21460797e+01,
       -1.16948119e+01, -1.10876854e+01, -1.10257043e+01, -9.98578941e+00,
       -9.53264254e+00, -9.49482206e+00, -8.62800478e+00, -8.31639416e+00,
       -7.98648356e+00, -7.78301841e+00, -7.66367810e+00, -6.01991744e+00,
       -5.99803314e+00, -5.97287391e+00, -5.88497633e+00, -5.88011812e+00,
       -4.92663902e+00, -4.90334793e+00, -4.87715611e+00, -4.59189515e+00,
       -3.74416017e+00, -3.69329189e+00, -3.44746148e+00, -3.10605868e+00,
       -2.81183096e+00, -2.51533385e+00, -2.38192502e+00, -2.08765438e+00,
       -2.05964971e+00, -1.66774209e+00, -1.60895071e+00, -1.26439962e+00,
       -1.25442020e+00, -1.19254983e+00, -1.17448993e+00, -8.77441788e-01,
       -4.46161682e-01, -3.61526802e-01, -2.48407317e-01,  8.94056488e-01,
        9.77888008e-01,  1.06737715e+00,  1.82163761e+00,  2.20923238e+00,
        2.34685780e+00,  2.50362644e+00,  2.60468848e+00,  2.76488542e+00,
        2.81031552e+00,  2.89042089e+00,  3.72783597e+00,  3.80251017e+00,
        4.32926635e+00,  4.56949643e+00,  4.83191345e+00,  4.84900827e+00,
        5.55539037e+00,  5.57262671e+00,  5.77769823e+00,  6.12910910e+00,
        6.19935543e+00,  6.21735245e+00,  6.29738463e+00,  6.67354006e+00,
        6.82733164e+00,  6.88184477e+00,  6.92671479e+00,  7.33653744e+00,
        7.44439582e+00,  7.52282618e+00,  7.98952905e+00,  8.00279148e+00,
        8.04111958e+00,  8.04950155e+00,  8.42965186e+00,  8.52278875e+00,
        8.59133618e+00,  8.67749500e+00,  8.95510822e+00,  9.05566975e+00,
        9.11076247e+00,  9.78183634e+00,  9.84315782e+00,  9.85308630e+00,
        9.86308854e+00,  9.95941585e+00,  1.00265717e+01,  1.00571961e+01,
        1.02885163e+01,  1.03277569e+01,  1.04482002e+01,  1.06201511e+01,
        1.08692627e+01,  1.09374981e+01,  1.13113305e+01,  1.14700835e+01,
        1.14988811e+01,  1.15484852e+01,  1.16778645e+01,  1.18262543e+01,
        1.18468839e+01,  1.18488752e+01,  1.19638160e+01,  1.19941869e+01,
        1.21468170e+01,  1.22759972e+01,  1.23382352e+01,  1.23922099e+01,
        1.24997084e+01,  1.25149028e+01,  1.26187296e+01,  1.26276395e+01,
        1.26331424e+01,  1.27596532e+01,  1.27748269e+01,  1.28110863e+01,
        1.28386263e+01,  1.29623373e+01,  1.29780056e+01,  1.29845663e+01,
        1.30183172e+01,  1.31404870e+01,  1.31999795e+01,  1.33459160e+01,
        1.34011458e+01,  1.34753407e+01,  1.34863999e+01,  1.35032731e+01,
        1.35093098e+01,  1.35910239e+01,  1.36012006e+01,  1.36376466e+01,
        1.36486596e+01,  1.36822845e+01,  1.37948038e+01,  1.38439376e+01,
        1.38452130e+01,  1.38539694e+01,  1.39070653e+01,  1.40048613e+01,
        1.40300190e+01,  1.41032972e+01,  1.41565880e+01,  1.42344392e+01,
        1.42589620e+01,  1.43036830e+01,  1.43271132e+01,  1.43739817e+01,
        1.43870465e+01,  1.43875739e+01,  1.44085039e+01,  1.44158031e+01,
        1.44903488e+01,  1.44930996e+01,  1.45128305e+01,  1.45183192e+01,
        1.45530228e+01,  1.45803883e+01,  1.46117378e+01,  1.46216716e+01,
        1.46308526e+01,  1.46424972e+01,  1.46435024e+01,  1.46618481e+01,
        1.46894639e+01,  1.46897569e+01,  1.46917169e+01,  1.47743909e+01,
        1.47904274e+01,  1.48639965e+01,  1.48646880e+01,  1.49025707e+01,
        1.49036462e+01,  1.49270070e+01,  1.49280788e+01,  1.49427177e+01,
        1.49460037e+01,  1.49474983e+01,  1.49770108e+01,  1.49801826e+01,
        1.49803219e+01,  1.49830776e+01,  1.49849807e+01,  1.50009754e+01,
        1.50162748e+01,  1.50166190e+01,  1.50711272e+01,  1.51034124e+01,
        1.51205869e+01,  1.51258373e+01,  1.51265488e+01,  1.51276451e+01,
        1.51308630e+01,  1.51323392e+01,  1.51445834e+01,  1.51474177e+01,
        1.51610736e+01,  1.51778603e+01,  1.51976416e+01,  1.52120820e+01,
        1.52297314e+01,  1.52382899e+01,  1.52520664e+01,  1.52533707e+01,
        1.52560636e+01,  1.52748145e+01,  1.52877925e+01,  1.53011856e+01,
        1.53025833e+01,  1.53044064e+01,  1.53067044e+01,  1.53193956e+01,
        1.53213864e+01,  1.53247791e+01,  1.53398217e+01,  1.53632016e+01,
        1.53785287e+01,  1.53985139e+01,  1.54168099e+01,  1.54235967e+01,
        1.54512464e+01,  1.54527682e+01,  1.54587948e+01,  1.54790271e+01,
        1.54862518e+01,  1.54909897e+01,  1.55063067e+01,  1.55125432e+01,
        1.55136297e+01,  1.55178706e+01,  1.55190694e+01,  1.55218003e+01,
        1.55374376e+01,  1.55549494e+01,  1.55565313e+01,  1.55823444e+01,
        1.55860410e+01,  1.55902606e+01,  1.56025614e+01,  1.56148031e+01,
        1.56271372e+01,  1.56360673e+01,  1.56475031e+01,  1.56546284e+01,
        1.56552623e+01,  1.56599315e+01,  1.56907246e+01,  1.56915354e+01,
        1.57087178e+01,  1.57139769e+01,  1.57221226e+01,  1.57286854e+01,
        1.57457147e+01,  1.57625597e+01,  1.57751890e+01,  1.57889808e+01,
        1.57949541e+01,  1.57987453e+01,  1.58223833e+01,  1.58226776e+01,
        1.58303818e+01,  1.58637165e+01,  1.58664883e+01,  1.58674880e+01,
        1.58678435e+01,  1.58811943e+01,  1.58931985e+01,  1.59000379e+01,
        1.59023727e+01,  1.59072641e+01,  1.59109531e+01,  1.59231243e+01,
        1.59557240e+01,  1.59562414e+01,  1.59565125e+01,  1.59592656e+01,
        1.59692176e+01,  1.59785699e+01,  1.59830683e+01,  1.59914154e+01,
        1.59923559e+01,  1.59959352e+01,  1.59969524e+01,  1.59988566e+01,
        1.60060615e+01,  1.60284981e+01,  1.60514425e+01,  1.60623834e+01,
        1.60704231e+01,  1.60927903e+01,  1.61179028e+01,  1.61189512e+01,
        1.61272910e+01,  1.61362679e+01,  1.61416879e+01,  1.61533177e+01,
        1.61541409e+01,  1.61764267e+01,  1.61884898e+01,  1.62064570e+01,
        1.62160215e+01,  1.62185607e+01,  1.62223791e+01,  1.62235498e+01,
        1.62288211e+01,  1.62449512e+01,  1.62469264e+01,  1.62518663e+01,
        1.62602894e+01,  1.62805261e+01,  1.62890914e+01,  1.62951951e+01,
        1.62970503e+01,  1.63087522e+01,  1.63116667e+01,  1.63216861e+01,
        1.63333829e+01,  1.63505262e+01,  1.63554673e+01,  1.63701976e+01,
        1.63770483e+01,  1.63942936e+01,  1.64119501e+01,  1.64198755e+01,
        1.64231446e+01,  1.64362101e+01,  1.64430427e+01,  1.64525502e+01,
        1.64562594e+01,  1.64565725e+01,  1.64586281e+01,  1.64638204e+01,
        1.64644264e+01,  1.64670669e+01,  1.64756043e+01,  1.64833379e+01,
        1.64857790e+01,  1.64876741e+01,  1.64952940e+01,  1.64959979e+01,
        1.65027843e+01,  1.65085195e+01,  1.65179250e+01,  1.65213263e+01,
        1.65225091e+01,  1.65358584e+01,  1.65387785e+01,  1.65741022e+01,
        1.65962574e+01,  1.65995816e+01,  1.66009282e+01,  1.66167758e+01,
        1.66184332e+01,  1.66367039e+01,  1.66375458e+01,  1.66466051e+01,
        1.66653060e+01,  1.66655872e+01,  1.66790071e+01,  1.66956060e+01,
        1.66975936e+01,  1.67001177e+01,  1.67188062e+01,  1.67211207e+01,
        1.67246984e+01,  1.67258806e+01,  1.67292162e+01,  1.67349221e+01,
        1.67378713e+01,  1.67430791e+01,  1.67971172e+01,  1.68077211e+01,
        1.68100247e+01,  1.68128180e+01,  1.68177809e+01,  1.68186369e+01,
        1.68238270e+01,  1.68250617e+01,  1.68424152e+01,  1.68798408e+01,
        1.68851784e+01,  1.68906745e+01,  1.68970891e+01,  1.69065882e+01,
        1.69095111e+01,  1.69110664e+01,  1.69133305e+01,  1.69143715e+01,
        1.69320090e+01,  1.69411141e+01,  1.69787344e+01,  1.69812612e+01,
        1.69891192e+01,  1.69900068e+01,  1.70022269e+01,  1.70057622e+01,
        1.70170709e+01,  1.70266124e+01,  1.70284413e+01,  1.70341550e+01,
        1.70406823e+01,  1.70461183e+01,  1.70473811e+01,  1.70490661e+01,
        1.70528106e+01,  1.70747776e+01,  1.70797099e+01,  1.70800326e+01,
        1.70809838e+01,  1.70827455e+01,  1.70877088e+01,  1.70915949e+01,
        1.70926559e+01,  1.70963047e+01,  1.71083407e+01,  1.71125178e+01,
        1.71160207e+01,  1.71340773e+01,  1.71470343e+01,  1.71476315e+01,
        1.71574919e+01,  1.71599468e+01,  1.71758712e+01,  1.71776839e+01,
        1.71890481e+01,  1.71998926e+01,  1.72029430e+01,  1.72038978e+01,
        1.72157672e+01,  1.72402493e+01,  1.72500339e+01,  1.72591390e+01,
        1.72594955e+01,  1.72608310e+01,  1.72666239e+01,  1.72817240e+01,
        1.72849529e+01,  1.72924824e+01,  1.72941225e+01,  1.72969891e+01,
        1.72980871e+01,  1.73047194e+01,  1.73050055e+01,  1.73053312e+01,
        1.73067727e+01,  1.73344390e+01,  1.73379974e+01,  1.73425271e+01,
        1.73629076e+01,  1.73634966e+01,  1.73810958e+01,  1.73822269e+01,
        1.74032978e+01,  1.74091839e+01,  1.74186579e+01,  1.74444001e+01,
        1.74489516e+01,  1.74499218e+01,  1.74503004e+01,  1.74573248e+01,
        1.74576929e+01,  1.74677462e+01,  1.74809795e+01,  1.74873549e+01,
        1.74966490e+01,  1.75018951e+01,  1.75063532e+01,  1.75233658e+01,
        1.75324936e+01,  1.75331519e+01,  1.75464943e+01,  1.75466038e+01,
        1.75515386e+01,  1.75652242e+01,  1.75666111e+01,  1.75673788e+01,
        1.75903591e+01,  1.75906257e+01,  1.75933894e+01,  1.75956221e+01,
        1.76041404e+01,  1.76072695e+01,  1.76183705e+01,  1.76200687e+01,
        1.76433592e+01,  1.76467095e+01,  1.76522343e+01,  1.76525833e+01,
        1.76664606e+01,  1.76951269e+01,  1.76970850e+01,  1.77047354e+01,
        1.77196981e+01,  1.77280302e+01,  1.77280312e+01,  1.77322835e+01,
        1.77376086e+01,  1.77384635e+01,  1.77400584e+01,  1.77401378e+01,
        1.77422067e+01,  1.77459208e+01,  1.77460414e+01,  1.77486720e+01,
        1.77593200e+01,  1.77596972e+01,  1.77639152e+01,  1.77639483e+01,
        1.77708509e+01,  1.77755072e+01,  1.77795603e+01,  1.77801106e+01,
        1.77811181e+01,  1.77840184e+01,  1.77945250e+01,  1.78051286e+01,
        1.78071791e+01,  1.78106568e+01,  1.78137757e+01,  1.78142783e+01,
        1.78183615e+01,  1.78187965e+01,  1.78220857e+01,  1.78252705e+01,
        1.78296176e+01,  1.78330236e+01,  1.78372990e+01,  1.78389925e+01,
        1.78393048e+01,  1.78490248e+01,  1.78528771e+01,  1.78717878e+01,
        1.78771831e+01,  1.78789339e+01,  1.78888123e+01,  1.78988814e+01,
        1.79040368e+01,  1.79094893e+01,  1.79122442e+01,  1.79136970e+01,
        1.79177535e+01,  1.80494250e+01,  1.86873823e+01,  1.84246328e+01,
        1.82799669e+01,  1.80588887e+01,  1.82272165e+01,  1.82097516e+01,
        1.80121026e+01,  1.86885789e+01,  1.86792309e+01,  1.81669301e+01,
        1.81581581e+01,  1.81011018e+01,  1.85141519e+01,  1.87217006e+01,
        1.81001283e+01,  1.79727227e+01,  1.88751442e+01,  1.80027884e+01,
        1.83799376e+01,  1.79265019e+01,  1.94256255e+01,  1.79232809e+01,
        1.80254578e+01,  1.85694437e+01,  1.91207663e+01,  1.80422391e+01,
        1.81685012e+01,  1.79224241e+01,  1.81273410e+01,  1.80317904e+01,
        1.82524278e+01,  1.81049615e+01,  1.83040100e+01,  1.81925610e+01,
        1.85192443e+01,  1.84638742e+01,  1.80577096e+01,  1.80325195e+01,
        1.81782301e+01,  1.86571356e+01,  1.81546898e+01,  1.80285790e+01,
        1.84368115e+01,  1.81432079e+01,  1.85055724e+01,  1.86225989e+01,
        1.81109746e+01,  1.82296005e+01,  1.86987177e+01,  1.83715776e+01,
        1.81128319e+01,  1.82674531e+01,  1.80971968e+01,  1.82147177e+01,
        1.79398410e+01,  1.92492701e+01,  1.79633536e+01,  1.83562405e+01,
        1.80152213e+01,  1.81188575e+01,  1.83911246e+01,  1.90955239e+01,
        1.81554932e+01,  1.80316441e+01,  1.84329772e+01,  1.87304178e+01,
        1.85483734e+01,  1.82906088e+01,  1.80348012e+01,  1.85291457e+01,
        1.87146082e+01,  1.82383503e+01,  1.86832092e+01,  1.79878692e+01,
        1.83734177e+01,  1.81596612e+01,  1.81812036e+01,  1.80962706e+01,
        1.82153913e+01,  1.82465451e+01,  1.90050845e+01,  1.83743963e+01,
        1.86158843e+01,  1.79355147e+01,  1.80239759e+01,  1.84366809e+01,
        1.84870606e+01,  1.86381410e+01,  1.80989142e+01,  1.79515076e+01,
        1.84343538e+01,  1.80726357e+01,  1.80727985e+01,  1.86872952e+01,
        1.79290248e+01,  1.82945846e+01,  1.89129691e+01,  1.79249319e+01,
        1.80917893e+01])
    logp: array([-34499.76766467, -19523.99475628, -11109.74274939, -10465.125575  ,
        -9985.98278673,  -9459.73498192,  -7977.36053619,  -7852.93852168,
        -6569.95009065,  -6402.2428028 ,  -5658.03565937,  -5636.0501446 ,
        -3971.6858209 ,  -3926.18745778,  -3843.69619228,  -2727.00038237,
        -2711.31274441,  -2680.64907878,  -2675.22796769,  -1917.97088355,
        -1901.96520778,  -1863.4333226 ,  -1829.69315732,  -1556.24991786,
        -1389.43328889,  -1365.15549976,  -1032.48591068,   -982.28895506,
         -977.99609611,   -973.05413468,   -823.43353509,   -793.82773396,
         -778.43118897,   -695.72535949,   -657.89004953,   -646.39814795,
         -595.60312678,   -590.29728662,   -564.50538757,   -557.22924452,
         -556.12089631,   -530.30425737,   -522.86010612,   -514.01139599,
         -508.15162361,   -483.48208849,   -467.08142229,   -449.03076652,
         -441.48137763,   -440.57455452,   -434.34826908,   -417.63961841,
         -411.65209351,   -406.42847735,   -392.26051155,   -387.8367376 ,
         -385.13170735,   -379.23401717,   -372.61872298,   -366.30062535,
         -364.67236698,   -364.57341866,   -358.6104417 ,   -354.9470482 ,
         -339.43086009,   -330.17482666,   -312.79737105,   -302.89309771,
         -302.04002332,   -288.18690246,   -282.86642664,   -274.64493053,
         -273.49919339,   -267.9282501 ,   -268.43342938,   -260.27651399,
         -260.32447803,   -259.264327  ,   -258.6940058 ,   -251.663647  ,
         -219.58538579,   -214.97081143,   -212.33268531,   -208.3286338 ,
         -205.92797944,   -201.90848111,   -196.26688692,   -194.29450499,
         -190.32085035,   -187.39753529,   -179.87741599,   -177.02901206,
         -174.57583871,   -173.2795237 ,   -171.84327686,   -169.31708062,
         -168.53206198,   -166.92534447,   -166.62228303,   -160.49792403,
         -158.66945617,   -157.97329065,   -156.97054819,   -156.3512646 ,
         -154.86035053,   -152.81382573,   -153.04369101,   -152.14042436,
         -149.98485607,   -145.55858789,   -136.29481771,   -134.3854791 ,
         -134.74346126,   -129.38939947,   -128.3178024 ,   -128.08135399,
         -129.59558433,   -128.13056307,   -126.19267968,   -125.72115588,
         -124.80257592,   -122.64634   ,   -121.83785623,   -119.58719197,
         -119.41576856,   -116.4290485 ,   -116.26225454,   -113.21216468,
         -113.43535729,   -113.20426347,   -111.48840943,   -110.66234683,
         -109.69735118,   -109.42506253,   -108.24036944,   -105.13126396,
         -103.96247713,   -102.03799733,   -101.19314652,   -100.08234923,
          -98.37432334,    -97.16807147,    -96.02404951,    -96.42329568,
          -94.85313727,    -94.28840228,    -91.67841756,    -92.2321279 ,
          -90.4927366 ,    -89.13856724,    -90.45620935,    -88.2010884 ,
          -88.5253701 ,    -88.32034298,    -86.79479926,    -86.52808799,
          -86.53412509,    -85.84912995,    -85.87536249,    -85.34278101,
          -84.16979139,    -84.38544103,    -83.79994657,    -85.55371639,
          -82.91102697,    -84.02165313,    -83.51208237,    -82.64502682,
          -82.30683439,    -82.27156023,    -83.16826758,    -81.32829919,
          -82.21743765,    -82.07521541,    -81.15984849,    -80.16904891,
          -80.54979978,    -79.96898007,    -79.53377789,    -79.34963417,
          -79.34580829,    -80.70875091,    -81.30122307,    -78.96388387,
          -81.2465529 ,    -79.38326329,    -78.13874268,    -78.05660277,
          -77.97756052,    -77.29806244,    -76.10814108,    -76.62076331,
          -76.25171441,    -76.08877706,    -75.32346447,    -76.74095322,
          -76.15192485,    -75.69315927,    -74.38969072,    -74.48707076,
          -74.58973697,    -75.59986714,    -73.38430517,    -73.04244121,
          -72.7954621 ,    -76.13489359,    -72.11179884,    -72.33321656,
          -72.25421334,    -71.83503197,    -73.7842388 ,    -71.51858188,
          -71.926532  ,    -71.85846108,    -73.63293343,    -74.95736943,
          -70.49245069,    -70.74341268,    -70.95421801,    -70.05070346,
          -70.30753226,    -71.41823063,    -69.81819193,    -72.30703007,
          -70.86823824,    -70.84526747,    -70.60115876,    -69.36912986,
          -68.92504395,    -68.20203852,    -68.12909347,    -68.16543037,
          -69.36741577,    -71.66009994,    -69.94803845,    -67.95177851,
          -67.805431  ,    -68.89323754,    -67.82375146,    -67.57568453,
          -67.21706294,    -67.61733995,    -66.74810359,    -66.89469945,
          -67.35464338,    -68.18932802,    -66.53046364,    -66.94428172,
          -66.33241904,    -66.82051166,    -69.59133347,    -66.2439067 ,
          -66.28503776,    -66.04050646,    -65.69243863,    -65.8195208 ,
          -65.62724953,    -65.99692033,    -70.70254229,    -65.55045895,
          -65.86587222,    -65.29740953,    -66.03948733,    -65.99279603,
          -65.12372418,    -65.42094624,    -66.66281217,    -64.89392958,
          -65.71215753,    -65.84465938,    -65.6944424 ,    -64.70272878,
          -64.87001673,    -64.60624658,    -66.30783701,    -65.0902035 ,
          -64.78120961,    -64.29383132,    -65.81428887,    -64.47682847,
          -64.68248767,    -65.62281758,    -64.89229758,    -64.8098035 ,
          -64.89701286,    -64.18281547,    -64.08186776,    -63.90022944,
          -64.06516307,    -64.24821508,    -64.6549478 ,    -64.9523212 ,
          -64.1319028 ,    -63.82677892,    -64.32466579,    -66.10081801,
          -64.756814  ,    -64.16445962,    -65.39752507,    -63.61078705,
          -64.15372228,    -63.75792328,    -63.36568916,    -65.62135184,
          -64.89377646,    -63.91639419,    -65.61687075,    -63.61604485,
          -64.76805024,    -63.97344958,    -64.4167542 ,    -63.25475483,
          -64.28459174,    -63.37971594,    -63.38808888,    -63.58743563,
          -65.08280636,    -63.53235795,    -63.70417973,    -63.65597247,
          -63.54649962,    -63.4694833 ,    -62.95238595,    -63.77899666,
          -62.9683148 ,    -63.04495621,    -65.63747044,    -64.31621475,
          -63.53352417,    -63.49408329,    -62.91362711,    -63.48739505,
          -64.07949926,    -64.40215497,    -63.32000753,    -64.08744156,
          -64.37619991,    -62.82435767,    -63.6969356 ,    -63.32041795,
          -63.61377408,    -63.16007007,    -63.19502445,    -62.88513709,
          -63.51730732,    -63.36653445,    -63.39260897,    -64.79468266,
          -63.88549881,    -63.08714692,    -62.67297387,    -63.87592197,
          -63.63554258,    -63.94962761,    -64.18302296,    -62.64818162,
          -62.91230486,    -62.96595913,    -63.25374333,    -63.36958488,
          -63.70160949,    -63.76279579,    -63.10279664,    -62.89862287,
          -64.12839493,    -64.84283105,    -64.24097201,    -62.47555406,
          -62.59252743,    -63.40502166,    -62.99782905,    -62.43424287,
          -63.961858  ,    -62.7859364 ,    -64.24601528,    -62.86446651,
          -62.64389328,    -65.41685182,    -62.7249431 ,    -63.05075246,
          -65.19399473,    -62.53280911,    -62.46430263,    -63.45000122,
          -63.12128484,    -65.56061969,    -62.41396592,    -63.57241066,
          -62.87950264,    -62.97412185,    -62.47240227,    -62.36580519,
          -62.94031181,    -62.89705608,    -62.82160161,    -62.55718063,
          -62.4189401 ,    -63.77947739,    -62.81074647,    -62.24067869,
          -62.42986374,    -65.79786103,    -64.73130534,    -62.12490474,
          -63.24676002,    -62.92070395,    -62.19477043,    -63.44004723,
          -62.5760317 ,    -64.63088538,    -62.34366692,    -62.53948422,
          -63.46110627,    -62.15704524,    -62.8434521 ,    -62.14564219,
          -62.20679063,    -62.17533473,    -62.89146209,    -62.51215408,
          -62.17021541,    -62.82974116,    -62.03283277,    -62.96749395,
          -63.7221717 ,    -63.07149214,    -62.85295395,    -61.92395801,
          -62.92018595,    -61.93855288,    -61.89705887,    -61.92135921,
          -62.48009187,    -62.76876928,    -65.54248852,    -61.98222949,
          -62.37932043,    -61.97154931,    -62.1599128 ,    -61.97595569,
          -62.9279438 ,    -61.7946737 ,    -63.45767172,    -61.9411618 ,
          -61.75312912,    -62.2931328 ,    -62.7144951 ,    -61.73575181,
          -61.77103595,    -63.64581411,    -63.22764056,    -62.13207568,
          -62.03794994,    -63.15532354,    -61.93948301,    -63.12196653,
          -61.82153568,    -62.16900241,    -62.38793272,    -61.58975146,
          -62.12953545,    -63.11062968,    -62.46701724,    -62.41631391,
          -62.1079496 ,    -61.75712412,    -62.61930638,    -62.45215875,
          -62.01433517,    -62.99668252,    -61.99857946,    -61.6191519 ,
          -64.39304674,    -61.56760859,    -61.56776736,    -61.66812699,
          -61.90925917,    -61.469483  ,    -64.48278674,    -62.42672   ,
          -62.05477563,    -63.41260484,    -61.83749207,    -61.60687888,
          -61.43285174,    -61.5056421 ,    -61.82258231,    -61.97891537,
          -63.48604721,    -61.74742574,    -61.46938674,    -61.39931223,
          -61.88867542,    -61.41739124,    -61.49988436,    -62.11093594,
          -61.28782172,    -62.03777756,    -62.16035665,    -61.62496049,
          -61.65585227,    -61.5169779 ,    -62.7089521 ,    -62.62771462,
          -61.50896611,    -61.57598111,    -61.66453947,    -63.4868454 ,
          -61.3108288 ,    -61.73884523,    -63.22950148,    -61.27077007,
          -61.51042286,    -62.1342085 ,    -61.26356783,    -62.10321461,
          -61.23437943,    -61.80617275,    -61.56321149,    -61.58295378,
          -61.46039241,    -61.60216979,    -61.59350435,    -62.05772243,
          -61.72542442,    -61.62219347,    -62.52005726,    -64.92878036,
          -62.62218687,    -61.35330224,    -61.52781665,    -62.5401162 ,
          -61.50166961,    -61.5623886 ,    -61.36937449,    -61.55737267,
          -61.37246408,    -61.19738143,    -63.47769278,    -63.00534418,
          -61.98985441,    -62.28037548,    -62.60961262,    -61.84825474,
          -61.11546139,    -61.557338  ,    -61.53563211,    -61.1093199 ,
          -61.30863896,    -61.31085454,    -62.26619509,    -61.08561539,
          -61.02984039,    -62.61304303,    -60.85630198,    -61.09974198,
          -60.95918862,    -60.88372056,    -61.81731667,    -61.34813329,
          -61.19275185,    -61.67102935,    -61.96949249,    -61.85819604,
          -62.16475438,    -62.77533297,    -61.62490392,    -60.84852213,
          -61.23705947,    -60.83326059,    -60.86984534,    -61.68892281,
          -60.77225584,    -61.38692566,    -62.41564428,    -60.79640583,
          -60.86655968,    -61.67443114,    -61.34209388,    -61.46945983,
          -62.72987856,    -60.62112692,    -60.86298128,    -61.45270701,
          -60.61016118,    -61.69652052,    -61.47898733,    -60.74266961,
          -60.66849377,    -61.41123248,    -60.63762903,    -61.70808431,
          -60.87591868,    -61.27898849,    -60.74944525,    -61.42712167,
          -60.73417907,    -61.07725773,    -61.77905394,    -60.53762747,
          -60.67083588,    -61.96114299,    -61.75140488,    -60.51388704,
          -61.12344661,    -60.54310112,    -62.25836858,    -60.47078046,
          -62.21772388,    -60.77078582,    -60.59748655,    -60.49414688,
          -60.62584413,    -62.18483036,    -60.91884189,    -60.92250042,
          -60.8488654 ,    -60.74903749,    -61.56882054,    -62.2863186 ,
          -60.83950219,    -60.80585035,    -60.54491154,    -60.40988444,
          -60.62875569,    -66.33676202,    -60.32942074,    -60.84990658,
          -61.96727004,    -60.81130011,    -60.55899892,    -61.94986041,
          -61.00034852,    -61.19734018,    -60.41613367,    -60.2872423 ,
          -60.91798271,    -60.29671014,    -60.75349812,    -60.49398263,
          -60.22300632,    -61.52049877,    -60.81362045,    -60.20402994,
          -60.33764369,    -61.04368847,    -60.62756105,    -60.34000115,
          -60.32239009,    -60.47329162,    -60.97215237,    -60.70950776,
          -65.39469982,    -63.71453278,    -62.08009909,    -60.25292196,
          -60.78498889,    -60.62420718,    -60.57299271,    -60.49063832,
          -61.33619003,    -60.21445134,    -60.1471309 ,    -60.59287515,
          -63.9931628 ,    -60.18019813,    -60.4400301 ,    -60.09368703,
          -60.31464492,    -62.23595524,    -61.61468188,    -61.13335221,
          -60.68363964,    -60.79004041,    -60.13134899,    -60.04043423,
          -60.21831066,    -61.75699535,    -60.95959026,    -60.12976624,
          -63.70273801,    -61.50477104,    -61.50905402,    -64.43807352,
          -60.35494651,    -60.01816321,    -59.98862858,    -61.48164908,
          -60.05030874,    -60.06258922,    -59.42227196,    -59.72579212,
          -59.71879294,    -60.50591462,    -60.72544734,    -60.3391133 ,
          -59.89651771,    -60.51799523,    -60.6249099 ,    -59.74783172,
          -60.13525462,    -60.35449632,    -59.4520402 ,    -60.60899892,
          -60.02623191,    -60.22148937,    -59.45196876,    -60.04958074,
          -60.30927139,    -60.01780113,    -58.54657213,    -60.3880259 ,
          -60.45331049,    -59.95230662,    -59.61723025,    -61.48215196,
          -59.86631129,    -61.05732125,    -60.30632468,    -61.65905904,
          -59.67030475,    -61.59911404,    -59.79182252,    -60.6180918 ,
          -59.47503457,    -59.47090341,    -60.54052068,    -60.09212444,
          -59.92270598,    -60.6443692 ,    -59.80480624,    -60.08346884,
          -59.66421445,    -60.52276453,    -59.65907823,    -59.27618473,
          -60.33986384,    -60.9103038 ,    -60.2351957 ,    -60.70477102,
          -60.91197515,    -61.53552905,    -59.78227106,    -60.57301495,
          -60.10204586,    -58.69224041,    -60.11687864,    -60.60601518,
          -61.88735227,    -60.09808775,    -60.30060788,    -58.93914169,
          -60.75657184,    -59.90146971,    -61.38673327,    -59.18710902,
          -60.07528553,    -59.8250276 ,    -60.63800181,    -60.72552366,
          -59.18463132,    -59.9666925 ,    -59.80551546,    -60.41993767,
          -59.99747401,    -60.83582782,    -59.80158067,    -60.12734078,
          -60.52732683,    -60.46086016,    -59.40094696,    -61.13691896,
          -59.91761551,    -60.52834163,    -59.98389549,    -59.51165295,
          -60.84937917,    -59.41125058,    -61.21182849,    -60.59067373,
          -59.86802381,    -60.26876517,    -59.8910269 ,    -60.1784174 ,
          -60.91204364,    -62.33212169,    -59.85306554,    -62.48517527,
          -59.79085118])