Time                         x (km)            y (km)            z (km)    Dx (km/s)    Dy (km/s)    Dz (km/s)     Distance (km)  Vel. (km/s)
-----------------  ----------------  ----------------  ----------------  -----------  -----------  -----------  ----------------  -----------
2019-152/00:00:00     -52775662.727    -131923682.703     -57635913.927       27.566       -9.517       -4.053     153333059.737       29.443
2019-153/00:00:00     -50386669.529    -132727429.717     -57977883.128       27.727       -9.085       -3.862     153351954.659       29.432
2019-154/00:00:00     -47983771.619    -133493893.709     -58303308.825       27.896       -8.656       -3.671     153369937.786       29.438
2019-155/00:00:00     -45566799.054    -134223130.471     -58612224.456       28.050       -8.223       -3.479     153387009.832       29.437
2019-156/00:00:00     -43137156.369    -134914748.814     -58904461.273       28.194       -7.787       -3.286     153403191.834       29.434
2019-157/00:00:00     -40694874.035    -135568711.637     -59180014.243       28.336       -7.350       -3.092     153418455.323       29.437
2019-158/00:00:00     -38241231.597    -136184723.991     -59438756.558       28.466       -6.910       -2.897     153432840.761       29.435
2019-159/00:00:00     -35776319.912    -136762725.947     -59680673.914       28.588       -6.469       -2.702     153446313.457       29.435
2019-160/00:00:00     -33301369.508    -137302474.493     -59905662.827       28.707       -6.026       -2.506     153458916.821       29.439
2019-161/00:00:00     -30816629.302    -137803889.329     -60113699.390       28.806       -5.580       -2.309     153470627.190       29.432
2019-162/00:00:00     -28323096.735    -138266790.665     -60304709.720       28.913       -5.135       -2.112     153481468.666       29.441
2019-163/00:00:00     -25821169.541    -138691086.246     -60478663.674       29.000       -4.687       -1.914     153491429.599       29.439
2019-164/00:00:00     -23311886.273    -139076626.830     -60635501.819       29.083       -4.238       -1.716     153500541.540       29.440
2019-165/00:00:00     -20795564.409    -139423332.507     -60775198.527       29.158       -3.787       -1.517     153508781.190       29.442
2019-166/00:00:00     -18273236.805    -139731082.704     -60897708.747       29.230       -3.336       -1.318     153516180.214       29.449
2019-167/00:00:00     -15745264.437    -139999810.507     -61003011.419       29.283       -2.884       -1.119     153522726.970       29.446
2019-168/00:00:00     -13212715.659    -140229413.857     -61091072.434       29.342       -2.431       -0.920     153528445.237       29.457
2019-169/00:00:00     -10675890.146    -140419851.677     -61161880.858       29.378       -1.977       -0.720     153533335.291       29.453
2019-170/00:00:00      -8135901.275    -140571035.903     -61215411.110       29.419       -1.523       -0.520     153537407.760       29.463
2019-171/00:00:00      -5592982.302    -140682952.730     -61251663.376       29.443       -1.068       -0.319     153540681.600       29.464
2019-172/00:00:00      -3048374.515    -140755525.025     -61270618.556       29.463       -0.612       -0.119     153543150.647       29.469
2019-173/00:00:00       -502200.043    -140788761.273     -61272286.295       29.471       -0.157        0.081     153544848.737       29.472
2019-174/00:00:00       2044262.387    -140782607.764     -61256657.625       29.479        0.299        0.281     153545757.873       29.482
2019-175/00:00:00       4590877.524    -140737083.007     -61223747.871       29.465        0.755        0.481     153545921.447       29.478
2019-176/00:00:00       7136403.645    -140652163.658     -61173560.508       29.460        1.211        0.681     153545315.474       29.493
2019-177/00:00:00       9680567.196    -140527874.568     -61106115.427       29.430        1.666        0.880     153543981.498       29.490
2019-178/00:00:00      12222388.656    -140364222.344     -61021428.302       29.406        2.122        1.080     153541904.413       29.502
2019-179/00:00:00      14761332.156    -140161246.955     -60919527.023       29.362        2.577        1.279     153539118.299       29.503
2019-180/00:00:00      17296563.719    -139918975.185     -60800436.326       29.321        3.031        1.478     153535610.823       29.514
2019-181/00:00:00      19827463.509    -139637470.007     -60664194.698       29.261        3.485        1.676     153531416.516       29.515
2019-182/00:00:00      22353358.057    -139316764.879     -60510830.997       29.206        3.939        1.874     153526526.245       29.530
2019-183/00:00:00      24873421.759    -138956964.516     -60340401.711       29.127        4.390        2.071     153520973.082       29.529
2019-184/00:00:00      27387161.364    -138558093.183     -60152933.448       29.056        4.842        2.268     153514745.860       29.544
2019-185/00:00:00      29893520.186    -138120322.121     -59948510.613       28.967        5.292        2.464     153507882.067       29.549
2019-186/00:00:00      32392322.097    -137643624.781     -59727140.731       28.869        5.741        2.659     153500362.585       29.554
2019-187/00:00:00      34882273.533    -137128263.138     -59488946.825       28.769        6.189        2.854     153492241.994       29.565
2019-188/00:00:00      37363251.244    -136574187.543     -59233926.441       28.658        6.636        3.048     153483482.134       29.573
2019-189/00:00:00      39834002.924    -135981699.008     -58962222.037       28.538        7.080        3.241     153474147.274       29.581
2019-190/00:00:00      42294415.287    -135350740.338     -58673826.530       28.413        7.524        3.434     153464192.548       29.592
2019-191/00:00:00      44743179.820    -134681672.210     -58368911.226       28.275        7.965        3.625     153453689.325       29.598
2019-192/00:00:00      47180223.213    -133974423.722     -58047461.103       28.133        8.405        3.815     153442586.704       29.609
2019-193/00:00:00      49604287.978    -133229370.350     -57709656.947       27.983        8.843        4.005     153430945.426       29.620
2019-194/00:00:00      52015159.086    -132446507.936     -57355512.419       27.820        9.277        4.192     153418737.591       29.624
2019-195/00:00:00      54411808.073    -131626149.896     -56985182.610       27.658        9.712        4.380     153405994.770       29.639
2019-196/00:00:00      56793688.059    -130768438.966     -56598747.050       27.479       10.142        4.565     153392717.561       29.644
2019-197/00:00:00      59160234.873    -129873532.870     -56196291.477       27.297       10.571        4.750     153378913.499       29.655
2019-198/00:00:00      61510492.587    -128941755.749     -55777977.659       27.106       10.997        4.933     153364597.824       29.665
2019-199/00:00:00      63844120.584    -127973199.973     -55343862.159       26.910       11.422        5.115     153349779.012       29.677
2019-200/00:00:00      66160076.371    -126968247.232     -54894132.480       26.702       11.842        5.295     153334462.178       29.686
2019-201/00:00:00      68458109.249    -125926973.671     -54428838.684       26.490       12.261        5.475     153318667.814       29.699
2019-202/00:00:00      70737091.686    -124849819.945     -53948194.411       26.266       12.675        5.652     153302385.372       29.707
2019-203/00:00:00      72996811.960    -123736863.185     -53452251.445       26.037       13.086        5.827     153285645.290       29.718
2019-204/00:00:00      75236185.728    -122588551.597     -52941226.701       25.803       13.496        6.002     153268425.027       29.732
2019-205/00:00:00      77454914.652    -121405018.815     -52415198.055       25.553       13.899        6.174     153250759.816       29.737
2019-206/00:00:00      79652073.928    -120186669.535     -51874363.585       25.306       14.303        6.345     153232627.114       29.753
2019-207/00:00:00      81827085.938    -118933782.877     -51318865.379       25.044       14.700        6.514     153214041.936       29.761
2019-208/00:00:00      83979492.949    -117646572.242     -50748819.553       24.775       15.094        6.681     153195019.117       29.770
2019-209/00:00:00      86108285.133    -116325548.796     -50164468.207       24.503       15.486        6.846     153175533.104       29.784
2019-210/00:00:00      88213216.155    -114970842.788     -49565892.782       24.219       15.871        7.009     153155619.953       29.792
2019-211/00:00:00      90293296.569    -113582984.824     -48953343.550       23.932       16.255        7.171     153135246.405       29.805
2019-212/00:00:00      92348156.353    -112162199.294     -48326942.129       23.631       16.631        7.329     153114448.266       29.812
2019-213/00:00:00      94377016.682    -110708924.028     -47686899.514       23.330       17.007        7.486     153093198.812       29.826
2019-214/00:00:00      96379262.615    -109223560.838     -47033411.794       23.019       17.377        7.641     153071520.308       29.837
2019-215/00:00:00      98354440.540    -107706363.205     -46366611.966       22.700       17.742        7.793     153049401.677       29.846
2019-216/00:00:00     100301692.142    -106157929.234     -45686777.855       22.376       18.102        7.944     153026850.770       29.857
2019-217/00:00:00     102220553.355    -104578570.050     -44994066.508       22.041       18.456        8.091     153003872.052       29.865
2019-218/00:00:00     104110479.695    -102968640.969     -44288650.412       21.705       18.809        8.237     152980448.295       29.879
2019-219/00:00:00     105970672.294    -101328791.896     -43570831.188       21.356       19.152        8.379     152956610.789       29.884
2019-220/00:00:00     107800808.500     -99659201.636     -42840702.967       21.005       19.493        8.521     152932326.912       29.896
2019-221/00:00:00     109600026.118     -97960621.854     -42098610.682       20.645       19.828        8.658     152907626.300       29.906
2019-222/00:00:00     111367998.791     -96233271.889     -41344663.967       20.277       20.154        8.793     152882487.590       29.910
2019-223/00:00:00     113104011.655     -94477789.892     -40579156.246       19.907       20.481        8.927     152856920.540       29.924
2019-224/00:00:00     114807498.860     -92694686.582     -39802323.827       19.526       20.796        9.056     152830925.199       29.929
2019-225/00:00:00     116478075.367     -90884292.271     -39014321.491       19.141       21.108        9.183     152804495.693       29.938
2019-226/00:00:00     118114976.333     -89047373.007     -38215495.936       18.751       21.415        9.309     152777637.117       29.948
2019-227/00:00:00     119717827.100     -87184296.727     -37406014.593       18.350       21.710        9.429     152750350.733       29.949
2019-228/00:00:00     121286114.143     -85295599.388     -36586117.843       17.950       22.007        9.549     152722640.030       29.962
2019-229/00:00:00     122819203.508     -83381987.446     -35756117.115       17.540       22.292        9.665     152694507.078       29.967
2019-230/00:00:00     124316813.725     -81443787.416     -34916154.749       17.123       22.570        9.777     152665970.490       29.970
2019-231/00:00:00     125778218.485     -79481858.824     -34066604.160       16.706       22.846        9.889     152637019.252       29.981
2019-232/00:00:00     127203183.376     -77496526.735     -33207602.041       16.277       23.108        9.995     152607687.717       29.981
2019-233/00:00:00     128591080.651     -75488585.186     -32339489.066       15.849       23.370       10.100     152577963.905       29.989
2019-234/00:00:00     129941505.827     -73458605.918     -31462506.000       15.412       23.621       10.201     152547864.632       29.993
2019-235/00:00:00     131254167.838     -71407028.125     -30576836.429       14.971       23.866       10.299     152517419.223       29.997
2019-236/00:00:00     132528412.944     -69334778.775     -29682871.311       14.526       24.104       10.395     152486604.771       30.002
2019-237/00:00:00     133764080.319     -67242179.478     -28780741.144       14.075       24.333       10.486     152455472.009       30.002
2019-238/00:00:00     134960589.185     -65130114.161     -27870815.375       13.622       24.557       10.576     152423996.646       30.008
2019-239/00:00:00     136117651.199     -62999129.758     -26953317.623       13.161       24.770       10.661     152392213.217       30.007
2019-240/00:00:00     137234955.188     -60849782.771     -26028475.429       12.701       24.981       10.746     152360134.293       30.014
2019-241/00:00:00     138312012.686     -58682965.392     -25096656.297       12.233       25.179       10.825     152327756.623       30.014
2019-242/00:00:00     139348672.372     -56499045.087     -24158004.906       11.762       25.371       10.901     152295120.698       30.014
2019-243/00:00:00     140344452.057     -54298959.033     -23212905.380       11.289       25.557       10.976     152262211.830       30.018
2019-244/00:00:00     141299136.044     -52083259.720     -22261579.026       10.810       25.731       11.045     152229069.794       30.016
2019-245/00:00:00     142212469.426     -49852490.509     -21304239.143       10.331       25.904       11.114     152195689.412       30.021
2019-246/00:00:00     143084062.543     -47607655.105     -20341299.268        9.846       26.062       11.177     152162105.119       30.018
2019-247/00:00:00     143913800.437     -45349031.175     -19372855.930        9.359       26.216       11.238     152128314.694       30.019
2019-248/00:00:00     144701298.233     -43077706.673     -18399358.668        8.871       26.364       11.297     152094348.751       30.023
2019-249/00:00:00     145446438.903     -40794031.504     -17420933.953        8.377       26.495       11.350     152060213.520       30.016
2019-250/00:00:00     146148937.475     -38498890.275     -16437942.120        7.884       26.630       11.404     152025926.797       30.023
2019-251/00:00:00     146808590.907     -36193000.781     -15450670.655        7.387       26.750       11.451     151991509.280       30.021
2019-252/00:00:00     147425276.439     -33876777.227     -14459272.901        6.887       26.862       11.496     151956963.451       30.019
2019-253/00:00:00     147998707.766     -31551345.940     -13464216.535        6.387       26.970       11.539     151922315.866       30.022
2019-254/00:00:00     148528827.508     -29216965.638     -12465586.923        5.883       27.064       11.576     151887572.037       30.018
2019-255/00:00:00     149015393.091     -26874695.853     -11463822.705        5.380       27.156       11.613     151852744.086       30.020
2019-256/00:00:00     149458325.822     -24524984.408     -10459093.329        4.873       27.233       11.643     151817846.945       30.016
2019-257/00:00:00     149857465.216     -22168648.353      -9451731.561        4.366       27.308       11.673     151782884.675       30.017
2019-258/00:00:00     150212689.568     -19806432.401      -8442037.515        3.857       27.373       11.699     151747866.111       30.017
2019-259/00:00:00     150523936.475     -17438822.074      -7430199.653        3.347       27.431       11.722     151712807.087       30.018
2019-260/00:00:00     150791063.465     -15066774.905      -6416611.309        2.836       27.479       11.741     151677702.474       30.016
2019-261/00:00:00     151014022.615     -12690836.225      -5401487.023        2.325       27.519       11.757     151642567.943       30.015
2019-262/00:00:00     151192757.212     -10311652.225      -4385085.887        1.813       27.553       11.770     151607417.309       30.016
2019-263/00:00:00     151327167.528      -7930195.896      -3367807.275        1.299       27.576       11.779     151572232.829       30.015
2019-264/00:00:00     151417282.182      -5546778.421      -2349767.241        0.786       27.592       11.785     151537063.124       30.014
2019-265/00:00:00     151463004.187      -3162501.486      -1331421.188        0.273       27.601       11.789     151501867.102       30.015
2019-266/00:00:00     151464380.629       -777701.352       -312897.485       -0.241       27.597       11.786     151466700.378       30.010
2019-267/00:00:00     151421360.887       1606661.522        705408.035       -0.754       27.596       11.786     151431527.413       30.017
2019-268/00:00:00     151333974.844       3989942.111       1723233.884       -1.268       27.572       11.775     151396370.879       30.008
2019-269/00:00:00     151202245.853       6371663.987       2740389.678       -1.781       27.555       11.768     151361246.653       30.016
2019-270/00:00:00     151026189.901       8750722.408       3756416.957       -2.294       27.522       11.754     151326124.139       30.014
2019-271/00:00:00     150805856.446      11126956.167       4771259.763       -2.806       27.477       11.735     151291045.378       30.010
2019-272/00:00:00     150541328.472      13498770.410       5784246.259       -3.318       27.432       11.716     151255961.487       30.013
2019-273/00:00:00     150232587.180      15866651.151       6795602.416       -3.829       27.382       11.696     151220901.604       30.020
2019-274/00:00:00     149879786.624      18229450.862       7804844.637       -4.337       27.309       11.665     151185908.461       30.011
2019-275/00:00:00     149483122.569      20585583.263       8811298.886       -4.845       27.233       11.634     151150948.259       30.008
2019-276/00:00:00     149042480.218      22935586.550       9815220.050       -5.354       27.160       11.603     151115983.882       30.016
2019-277/00:00:00     148558101.209      25278267.346      10816100.939       -5.859       27.067       11.565     151081065.241       30.011
2019-278/00:00:00     148030060.651      27613050.434      11813708.163       -6.364       26.976       11.527     151046162.187       30.017
2019-279/00:00:00     147458583.906      29938977.525      12807637.506       -6.865       26.866       11.481     151011297.330       30.012
2019-280/00:00:00     146843704.254      32255808.312      13797801.364       -7.367       26.758       11.437     150976455.023       30.018
2019-281/00:00:00     146185723.201      34562370.829      14783701.126       -7.866       26.639       11.387     150941647.546       30.019
2019-282/00:00:00     145484691.782      36858434.650      15765252.595       -8.361       26.506       11.332     150906868.423       30.015
2019-283/00:00:00     144740903.053      39142963.039      16742016.253       -8.857       26.376       11.278     150872116.975       30.022
2019-284/00:00:00     143954471.754      41415578.647      17713842.271       -9.347       26.229       11.217     150837396.890       30.019
2019-285/00:00:00     143125659.339      43675441.454      18680377.137       -9.837       26.079       11.155     150802702.355       30.022
2019-286/00:00:00     142254687.171      45921900.457      19641350.354      -10.325       25.923       11.090     150768032.445       30.027
2019-287/00:00:00     141341802.725      48154266.239      20596474.601      -10.807       25.752       11.019     150733384.890       30.023
2019-288/00:00:00     140387193.305      50372039.824      21545544.010      -11.289       25.582       10.948     150698762.128       30.029
2019-289/00:00:00     139391197.500      52574353.231      22488193.592      -11.767       25.400       10.873     150664154.360       30.031
2019-290/00:00:00     138354031.494      54760702.588      23424214.508      -12.240       25.207       10.793     150629566.832       30.028
2019-291/00:00:00     137275967.388      56930469.284      24353347.828      -12.713       25.015       10.713     150595003.588       30.035
2019-292/00:00:00     136157402.571      59082745.852      25275211.316      -13.181       24.811       10.628     150560437.829       30.038
2019-293/00:00:00     134998486.001      61217309.457      26189714.205      -13.644       24.597       10.539     150525915.808       30.037
2019-294/00:00:00     133799722.558      63333047.762      27096386.565      -14.106       24.382       10.450     150491378.026       30.044
2019-295/00:00:00     132561248.933      65429826.794      27995174.433      -14.561       24.153       10.355     150456893.310       30.043
2019-296/00:00:00     131283588.055      67506569.469      28885623.019      -15.015       23.922       10.258     150422394.048       30.049
2019-297/00:00:00     129966954.354      69563005.755      29767619.748      -15.461       23.677       10.157     150387938.942       30.047
2019-298/00:00:00     128611805.878      71598276.872      30640802.705      -15.907       23.434       10.055     150353479.018       30.055
2019-299/00:00:00     127218466.153      73611934.792      31504982.819      -16.344       23.174        9.947     150319057.397       30.052
2019-300/00:00:00     125787284.987      75603365.496      32359903.301      -16.784       22.921        9.842     150284640.866       30.065
2019-301/00:00:00     124318915.371      77571644.196      33205167.288      -17.206       22.641        9.725     150250244.049       30.054
2019-302/00:00:00     122813313.591      79516771.801      34040785.941      -17.642       22.380        9.616     150215851.694       30.076
2019-303/00:00:00     121271129.883      81437914.705      34866401.000      -18.058       22.092        9.496     150181512.888       30.072
2019-304/00:00:00     119693203.498      83333942.829      35681525.113      -18.471       21.801        9.374     150147195.196       30.072
2019-305/00:00:00     118079211.805      85205200.260      36486321.002      -18.886       21.512        9.254     150112884.298       30.084
2019-306/00:00:00     116430226.216      87050431.500      37280242.633      -19.289       21.207        9.126     150078618.370       30.085
2019-307/00:00:00     114746240.877      88869567.036      38063269.344      -19.689       20.899        8.998     150044367.484       30.090
2019-308/00:00:00     113028208.701      90661571.166      38834952.097      -20.084       20.585        8.867     150010166.165       30.095
2019-309/00:00:00     111276151.132      92426361.491      39595263.031      -20.470       20.263        8.732     149975994.625       30.098
2019-310/00:00:00     109490994.171      94162980.722      40343787.754      -20.854       19.938        8.596     149941875.249       30.105
2019-311/00:00:00     107672836.102      95871289.370      41080471.932      -21.231       19.604        8.456     149907801.444       30.109
2019-312/00:00:00     105822574.064      97550406.789      41804934.975      -21.598       19.263        8.313     149873785.682       30.111
2019-313/00:00:00     103940420.819      99200107.728      42517083.840      -21.963       18.918        8.169     149839830.725       30.117
2019-314/00:00:00     102027158.072     100819659.180      43216602.563      -22.325       18.571        8.024     149805939.130       30.128
2019-315/00:00:00     100083084.411     102408783.625      43903374.191      -22.673       18.212        7.873     149772123.621       30.128
2019-316/00:00:00      98108971.541     103966798.290      44577104.543      -23.022       17.852        7.722     149738384.167       30.139
2019-317/00:00:00      96105326.530     105493273.872      45237609.828      -23.361       17.485        7.568     149704729.260       30.145
2019-318/00:00:00      94072594.851     106987842.470      45884730.960      -23.690       17.109        7.410     149671173.155       30.147
2019-319/00:00:00      92011565.313     108449871.020      46518195.374      -24.020       16.735        7.253     149637713.083       30.160
2019-320/00:00:00      89922701.667     109879013.828      47137852.822      -24.332       16.346        7.090     149604368.665       30.158
2019-321/00:00:00      87806585.556     111274836.549      47743514.169      -24.649       15.962        6.929     149571149.829       30.172
2019-322/00:00:00      85663953.344     112636810.255      48334950.844      -24.949       15.565        6.762     149538060.038       30.174
2019-323/00:00:00      83495229.039     113964652.449      48912037.990      -25.246       15.167        6.594     149505126.134       30.181
2019-324/00:00:00      81301346.067     115257721.302      49474498.468      -25.537       14.765        6.425     149472329.181       30.190
2019-325/00:00:00      79082581.818     116515871.185      50022265.654      -25.821       14.358        6.254     149439720.443       30.200
2019-326/00:00:00      76839776.158     117738558.983      50555103.734      -26.095       13.945        6.080     149407288.929       30.206
2019-327/00:00:00      74573568.469     118925393.439      51072841.610      -26.361       13.527        5.904     149375036.298       30.212
2019-328/00:00:00      72284574.332     120076033.625      51575329.424      -26.623       13.107        5.727     149342988.261       30.222
2019-329/00:00:00      69973636.063     121190021.315      52062364.990      -26.873       12.681        5.547     149311154.501       30.228
2019-330/00:00:00      67641040.206     122267202.362      52533880.785      -27.119       12.253        5.367     149279562.311       30.239
2019-331/00:00:00      65288050.292     123306943.617      52989595.409      -27.353       11.818        5.183     149248212.977       30.244
2019-332/00:00:00      62914642.352     124309238.553      53429507.404      -27.582       11.381        4.999     149217127.949       30.254
2019-333/00:00:00      60522247.575     125273448.155      53853330.222      -27.804       10.941        4.813     149186327.926       30.264
2019-334/00:00:00      58110889.257     126199527.296      54261044.908      -28.008       10.494        4.624     149155814.954       30.264
2019-335/00:00:00      55681880.080     127086947.582      54652413.162      -28.220       10.048        4.436     149125619.125       30.282
2019-336/00:00:00      53235412.467     127935606.986      55027389.092      -28.409        9.596        4.244     149095748.517       30.285
2019-337/00:00:00      50772676.966     128745064.526      55385773.070      -28.599        9.142        4.052     149066227.646       30.297
2019-338/00:00:00      48294041.535     129515173.422      55727497.797      -28.772        8.683        3.858     149037071.244       30.300
2019-339/00:00:00      45800456.568     130245600.406      56052411.265      -28.948        8.224        3.663     149008291.903       30.316
2019-340/00:00:00      43292521.191     130936152.228      56360424.449      -29.102        7.759        3.466     148979917.423       30.317
2019-341/00:00:00      40771076.876     131586554.851      56651411.014      -29.263        7.296        3.269     148951953.653       30.335
2019-342/00:00:00      38236925.441     132196588.295      56925269.752      -29.400        6.826        3.070     148924433.053       30.338
2019-343/00:00:00      35690537.064     132766091.171      57181922.469      -29.539        6.356        2.871     148897352.757       30.351
2019-344/00:00:00      33133129.917     133294779.591      57421240.354      -29.665        5.883        2.670     148870754.039       30.360
2019-345/00:00:00      30564929.142     133782566.223      57643175.318      -29.775        5.407        2.467     148844635.710       30.362
2019-346/00:00:00      27987292.128     134229170.686      57847600.527      -29.891        4.931        2.265     148819029.933       30.380
2019-347/00:00:00      25400372.737     134634543.816      58034481.870      -29.989        4.452        2.061     148793952.867       30.387
2019-348/00:00:00      22805571.807     134998425.929      58203701.935      -30.079        3.972        1.856     148769418.994       30.397
2019-349/00:00:00      20203070.902     135320788.175      58355233.546      -30.160        3.490        1.651     148745464.027       30.406
2019-350/00:00:00      17594218.562     135601405.264      58488973.809      -30.234        3.007        1.445     148722082.064       30.417
2019-351/00:00:00      14979247.293     135840267.020      58604903.249      -30.293        2.522        1.238     148699329.784       30.423
2019-352/00:00:00      12359475.475     136037178.199      58702930.999      -30.353        2.037        1.031     148677182.494       30.438
2019-353/00:00:00       9735327.776     136192122.522      58783035.945      -30.388        1.549        0.823     148655696.692       30.439
2019-354/00:00:00       7107692.495     136304995.961      58845163.965      -30.432        1.063        0.615     148634869.861       30.456
2019-355/00:00:00       4477515.708     136375738.580      58889275.947      -30.453        0.575        0.406     148614726.867       30.461
2019-356/00:00:00       1845283.057     136404313.174      58915345.910      -30.467        0.086        0.197     148595288.303       30.468
2019-357/00:00:00       -787750.309     136390670.221      58923337.583      -30.480       -0.402       -0.012     148576563.380       30.483
2019-358/00:00:00      -3421354.908     136334798.087      58913236.723      -30.480       -0.891       -0.222     148558582.047       30.494
2019-359/00:00:00      -6054142.825     136236689.475      58885023.346      -30.467       -1.380       -0.431     148541355.113       30.501
2019-360/00:00:00      -8685930.193     136096326.471      58838680.548      -30.448       -1.869       -0.641     148524899.565       30.512
2019-361/00:00:00     -11314911.968     135913787.705      58774221.790      -30.416       -2.357       -0.851     148509238.999       30.519
2019-362/00:00:00     -13941718.123     135688974.401      58691598.831      -30.385       -2.846       -1.061     148494353.602       30.537
2019-363/00:00:00     -16564711.855     135422046.512      58590861.802      -30.333       -3.333       -1.271     148480333.536       30.542
2019-364/00:00:00     -19182331.093     135113144.107      58472052.347      -30.265       -3.818       -1.480     148467183.048       30.541
2019-365/00:00:00     -21795177.217     134762114.416      58335094.603      -30.211       -4.306       -1.690     148454843.283       30.563
2020-001/00:00:00     -24401816.766     134369172.834      58180064.309      -30.126       -4.789       -1.899     148443400.502       30.563
2020-002/00:00:00     -27001475.588     133934373.728      58006967.198      -30.041       -5.273       -2.107     148432827.883       30.573
2020-003/00:00:00     -29593183.970     133457890.518      57815862.387      -29.949       -5.756       -2.316     148423175.490       30.585
2020-004/00:00:00     -32176521.571     132939737.509      57606738.062      -29.848       -6.238       -2.524     148414415.134       30.597
2020-005/00:00:00     -34750253.942     132380174.309      57379689.722      -29.729       -6.715       -2.731     148406601.914       30.601
2020-006/00:00:00     -37314006.327     131779218.384      57134704.967      -29.613       -7.194       -2.939     148399703.429       30.615
2020-007/00:00:00     -39866512.306     131137176.904      56871899.984      -29.478       -7.669       -3.145     148393770.009       30.621
2020-008/00:00:00     -42407540.857     130454044.372      56591249.949      -29.338       -8.143       -3.351     148388769.068       30.631
2020-009/00:00:00     -44935715.544     129730196.942      56292901.247      -29.190       -8.615       -3.556     148384747.400       30.642
2020-010/00:00:00     -47450751.161     128965669.308      55976845.092      -29.023       -9.081       -3.759     148381686.310       30.642
2020-011/00:00:00     -49951246.859     128160880.520      55643247.611      -28.861       -9.549       -3.963     148379612.357       30.657
2020-012/00:00:00     -52437351.118     127315748.179      55292043.232      -28.690      -10.015       -4.167     148378521.260       30.672
2020-013/00:00:00     -54907576.685     126430753.195      54923423.707      -28.485      -10.469       -4.365     148378434.426       30.660
2020-014/00:00:00     -57360680.538     125506297.256      54537545.160      -28.301      -10.931       -4.567     148379318.487       30.680
2020-015/00:00:00     -59797202.080     124542215.212      54134303.888      -28.097      -11.385       -4.767     148381237.372       30.689
2020-016/00:00:00     -62215326.767     123539136.824      53713953.993      -27.880      -11.835       -4.964     148384143.578       30.692
2020-017/00:00:00     -64614865.381     122497152.292      53276510.580      -27.661      -12.283       -5.161     148388071.379       30.702
2020-018/00:00:00     -66994541.030     121416754.605      52822161.473      -27.428      -12.727       -5.357     148392983.558       30.708
2020-019/00:00:00     -69354112.691     120298069.608      52350937.517      -27.186      -13.166       -5.550     148398918.990       30.713
2020-020/00:00:00     -71692361.918     119141606.645      51863032.320      -26.942      -13.605       -5.744     148405833.149       30.724
2020-021/00:00:00     -74008817.008     117947612.827      51358528.176      -26.677      -14.033       -5.934     148413755.370       30.722
2020-022/00:00:00     -76302725.911     116716423.091      50837544.743      -26.418      -14.464       -6.125     148422657.826       30.735
2020-023/00:00:00     -78573103.984     115448563.550      50300281.931      -26.141      -14.887       -6.313     148432549.859       30.738
2020-024/00:00:00     -80819632.848     114144170.941      49746775.999      -25.855      -15.303       -6.498     148443411.898       30.739
2020-025/00:00:00     -83041073.160     112803961.311      49177307.778      -25.567      -15.720       -6.684     148455249.551       30.749
2020-026/00:00:00     -85237221.620     111428018.618      48591891.218      -25.266      -16.128       -6.866     148468040.921       30.751
2020-027/00:00:00     -87406903.806     110017073.473      47990814.831      -24.959      -16.533       -7.048     148481788.771       30.757
2020-028/00:00:00     -89549713.370     108571368.807      47374160.706      -24.639      -16.930       -7.226     148496479.392       30.756
2020-029/00:00:00     -91664827.536     107091431.215      46742131.621      -24.319      -17.326       -7.404     148512094.172       30.764
2020-030/00:00:00     -93751519.967     105577780.186      46094929.724      -23.984      -17.712       -7.578     148528642.731       30.763
2020-031/00:00:00     -95809261.341     104030750.009      45432676.392      -23.646      -18.096       -7.751     148546085.745       30.768
2020-032/00:00:00     -97837096.937     102451090.458      44755675.159      -23.297      -18.472       -7.921     148564443.701       30.768
2020-033/00:00:00     -99834707.534     100838996.824      44063988.975      -22.940      -18.842       -8.089     148583670.817       30.769
2020-034/00:00:00    -101801071.301      99195329.392      43357971.718      -22.580      -19.209       -8.256     148603785.963       30.773
2020-035/00:00:00    -103735797.363      97520388.436      42637734.249      -22.203      -19.560       -8.415     148624756.340       30.763
2020-036/00:00:00    -105638181.701      95814771.188      41903517.358      -21.831      -19.918       -8.579     148646562.617       30.772
2020-037/00:00:00    -107507480.323      94079186.641      41155614.326      -21.442      -20.260       -8.735     148669217.644       30.765
2020-038/00:00:00    -109343305.452      92313945.519      40394142.020      -21.050      -20.599       -8.890     148692668.595       30.765
2020-039/00:00:00    -111144772.526      90519962.139      39619488.036      -20.652      -20.931       -9.043     148716938.638       30.764
2020-040/00:00:00    -112911570.175      88697517.164      38831760.085      -20.244      -21.252       -9.191     148741984.059       30.756
2020-041/00:00:00    -114642911.560      86847469.205      38031326.341      -19.834      -21.573       -9.338     148767811.913       30.757
2020-042/00:00:00    -116338313.013      84970353.465      37218413.294      -19.412      -21.880       -9.480     148794402.888       30.748
2020-043/00:00:00    -117997337.015      83066691.865      36393246.884      -18.988      -22.183       -9.620     148821756.672       30.744
2020-044/00:00:00    -119619237.966      81137371.410      35556213.719      -18.557      -22.479       -9.757     148849855.441       30.739
2020-045/00:00:00    -121203751.985      79182775.939      34707484.436      -18.119      -22.764       -9.889     148878712.301       30.729
2020-046/00:00:00    -122750163.159      77203809.775      33847456.592      -17.676      -23.044      -10.019     148908297.677       30.722
2020-047/00:00:00    -124258149.703      75200980.802      32976358.531      -17.227      -23.314      -10.144     148938629.990       30.711
2020-048/00:00:00    -125727191.874      73175012.365      32094513.435      -16.776      -23.581      -10.268     148969684.848       30.707
2020-049/00:00:00    -127156778.335      71126699.223      31202276.121      -16.317      -23.835      -10.386     149001461.919       30.696
2020-050/00:00:00    -128546677.806      69056451.342      30299839.865      -15.855      -24.084      -10.502     149033963.051       30.687
2020-051/00:00:00    -129896214.588      66965346.905      29387683.862      -15.386      -24.323      -10.613     149067166.784       30.676
2020-052/00:00:00    -131205233.438      64853742.165      28465982.071      -14.912      -24.551      -10.720     149101084.133       30.660
2020-053/00:00:00    -132473210.124      62722554.273      27535148.430      -14.439      -24.780      -10.826     149135691.953       30.655
2020-054/00:00:00    -133699852.692      60572416.349      26595478.226      -13.956      -24.992      -10.925     149171001.520       30.638
2020-055/00:00:00    -134884829.557      58403997.571      25647282.359      -13.471      -25.198      -11.021     149206994.706       30.625
2020-056/00:00:00    -136027796.528      56218053.729      24690910.539      -12.985      -25.400      -11.116     149243666.722       30.616
2020-057/00:00:00    -137128397.675      54015438.523      23726756.204      -12.493      -25.588      -11.204     149281023.602       30.600
2020-058/00:00:00    -138186475.471      51796562.049      22755021.504      -11.998      -25.771      -11.289     149319043.818       30.587
2020-059/00:00:00    -139201640.673      49562428.152      21776166.150      -11.501      -25.945      -11.370     149357733.186       30.573
2020-060/00:00:00    -140173683.593      47313658.919      20790485.277      -11.000      -26.110      -11.447     149397082.202       30.558
2020-061/00:00:00    -141102380.482      45050940.762      19798301.999      -10.497      -26.265      -11.519     149437083.093       30.541
2020-062/00:00:00    -141987501.144      42775008.502      18799960.519       -9.991      -26.413      -11.588     149477725.260       30.525
2020-063/00:00:00    -142828835.950      40486601.459      17795807.227       -9.484      -26.557      -11.655     149519002.242       30.514
2020-064/00:00:00    -143626175.538      38186558.676      16786232.632       -8.974      -26.688      -11.716     149560921.264       30.496
2020-065/00:00:00    -144379404.589      35875313.704      15771448.085       -8.461      -26.809      -11.772     149603439.725       30.478
2020-066/00:00:00    -145088291.953      33553947.713      14751950.329       -7.948      -26.927      -11.827     149646583.347       30.466
2020-067/00:00:00    -145752748.377      31222907.271      13727955.632       -7.432      -27.029      -11.875     149690314.863       30.444
2020-068/00:00:00    -146372618.613      28883025.517      12699850.790       -6.916      -27.130      -11.921     149734628.102       30.430
2020-069/00:00:00    -146947773.165      26535126.447      11668017.285       -6.398      -27.221      -11.964     149779516.627       30.414
2020-070/00:00:00    -147478152.498      24179648.555      10632667.646       -5.879      -27.301      -12.001     149824946.153       30.397
2020-071/00:00:00    -147963608.282      21817675.289       9594296.041       -5.359      -27.375      -12.036     149870913.948       30.381
2020-072/00:00:00    -148404117.134      19449622.308       8553104.710       -4.837      -27.437      -12.064     149917395.223       30.360
2020-073/00:00:00    -148799585.378      17076392.207       7509508.140       -4.317      -27.496      -12.092     149964370.742       30.346
2020-074/00:00:00    -149149979.227      14698656.607       6463818.511       -3.794      -27.542      -12.113     150011825.398       30.326
2020-075/00:00:00    -149455281.513      12317009.020       5416316.418       -3.273      -27.586      -12.133     150059742.659       30.313
2020-076/00:00:00    -149715432.800       9932467.367       4367461.301       -2.750      -27.615      -12.147     150108092.535       30.294
2020-077/00:00:00    -149930489.257       7545281.928       3317385.848       -2.228      -27.640      -12.158     150156877.755       30.278
2020-078/00:00:00    -150100394.239       5156724.385       2266656.845       -1.706      -27.657      -12.166     150206051.444       30.262
2020-079/00:00:00    -150225223.100       2766943.653       1215362.201       -1.184      -27.657      -12.167     150255617.991       30.238
2020-080/00:00:00    -150304965.949        377139.644        164037.420       -0.662      -27.664      -12.170     150305528.613       30.229
2020-081/00:00:00    -150339701.075      -2012396.664       -887170.385       -0.142      -27.647      -12.163     150355786.489       30.205
2020-082/00:00:00    -150329466.647      -4400574.750      -1937772.836        0.378      -27.634      -12.157     150406344.827       30.192
2020-083/00:00:00    -150274344.133      -6787017.197      -2987587.395        0.897      -27.606      -12.144     150457195.858       30.172
2020-084/00:00:00    -150174405.781      -9170908.329      -4036244.496        1.415      -27.571      -12.128     150508302.033       30.154
2020-085/00:00:00    -150029755.404     -11551500.233      -5083403.455        1.933      -27.534      -12.111     150559641.521       30.142
2020-086/00:00:00    -149840508.499     -13928109.123      -6128751.657        2.448      -27.483      -12.088     150611194.165       30.123
2020-087/00:00:00    -149606768.187     -16300137.307      -7172014.917        2.962      -27.422      -12.060     150662926.301       30.103
2020-088/00:00:00    -149328658.933     -18666904.050      -8212883.426        3.475      -27.360      -12.032     150714807.300       30.090
2020-089/00:00:00    -149006388.327     -21027473.255      -9250935.631        3.986      -27.287      -11.999     150766833.898       30.074
2020-090/00:00:00    -148640008.993     -23381604.006     -10286055.161        4.494      -27.202      -11.960     150818946.456       30.053
2020-091/00:00:00    -148229791.776     -25728205.279     -11317753.372        5.002      -27.118      -11.922     150871147.865       30.043
2020-092/00:00:00    -147775881.487     -28066783.182     -12345803.705        5.506      -27.017      -11.876     150923405.529       30.021
2020-093/00:00:00    -147278400.679     -30396833.504     -13369976.438        6.009      -26.915      -11.830     150975663.812       30.008
2020-094/00:00:00    -146737708.690     -32717299.192     -14389797.554        6.509      -26.802      -11.779     151027954.670       29.991
2020-095/00:00:00    -146153832.909     -35027987.492     -15405175.364        7.006      -26.682      -11.724     151080184.703       29.974
2020-096/00:00:00    -145527194.664     -37327779.932     -16415609.433        7.501      -26.557      -11.667     151132391.546       29.961
2020-097/00:00:00    -144857828.792     -39616500.127     -17421015.324        7.993      -26.421      -11.605     151184488.025       29.944
2020-098/00:00:00    -144146202.612     -41893000.830     -18420881.757        8.481      -26.278      -11.541     151236503.963       29.928
2020-099/00:00:00    -143392351.458     -44157158.916     -19415145.781        8.967      -26.129      -11.473     151288363.816       29.912
2020-100/00:00:00    -142596759.595     -46407832.505     -20403301.690        9.451      -25.974      -11.403     151340072.303       29.900
2020-101/00:00:00    -141759504.758     -48644892.423     -21385281.670        9.928      -25.805      -11.326     151391588.340       29.879
2020-102/00:00:00    -140881065.722     -50867237.347     -22360601.278       10.407      -25.640      -11.251     151442883.636       29.871
2020-103/00:00:00    -139961596.918     -53074643.429     -23329151.159       10.876      -25.455      -11.168     151493946.020       29.849
2020-104/00:00:00    -139001517.894     -55266203.692     -24290532.159       11.347      -25.274      -11.086     151544730.030       29.840
2020-105/00:00:00    -138001061.086     -57441573.842     -25244583.814       11.810      -25.079      -10.997     151595238.310       29.822
2020-106/00:00:00    -136960663.568     -59599870.055     -26190917.875       12.272      -24.880      -10.908     151645415.541       29.809
2020-107/00:00:00    -135880585.777     -61740730.238     -27129366.830       12.727      -24.672      -10.813     151695266.590       29.793
2020-108/00:00:00    -134761197.801     -63863479.891     -28059631.979       13.183      -24.464      -10.720     151744744.368       29.786
2020-109/00:00:00    -133602906.973     -65967498.484     -28981436.087       13.628      -24.238      -10.618     151793844.558       29.765
2020-110/00:00:00    -132406004.519     -68052315.104     -29894568.121       14.076      -24.018      -10.518     151842526.412       29.759
2020-111/00:00:00    -131171014.209     -70117151.484     -30798683.375       14.514      -23.783      -10.412     151890779.175       29.744
2020-112/00:00:00    -129898112.156     -72161771.693     -31693672.946       14.949      -23.543      -10.304     151938572.260       29.730
2020-113/00:00:00    -128587924.449     -74185275.723     -32579140.101       15.381      -23.299      -10.194     151985886.904       29.721
2020-114/00:00:00    -127240741.894     -76187297.282     -33454919.894       15.805      -23.045      -10.079     152032701.515       29.706
2020-115/00:00:00    -125856925.134     -78167355.728     -34320798.833       16.226      -22.787       -9.963     152078987.168       29.694
2020-116/00:00:00    -124437113.891     -80124650.942     -35176423.291       16.643      -22.524       -9.845     152124737.494       29.685
2020-117/00:00:00    -122981500.775     -82058958.481     -36021692.502       17.049      -22.249       -9.721     152169919.927       29.668
2020-118/00:00:00    -121490667.383     -83969581.081     -36856298.742       17.457      -21.975       -9.597     152214518.246       29.661
2020-119/00:00:00    -119965059.891     -85856018.395     -37680020.720       17.859      -21.693       -9.471     152258515.200       29.652
2020-120/00:00:00    -118405157.424     -87717759.565     -38492632.880       18.250      -21.402       -9.340     152301902.265       29.637
2020-121/00:00:00    -116811233.123     -89554469.214     -39293988.043       18.642      -21.111       -9.209     152344624.573       29.631
2020-122/00:00:00    -115184294.327     -91365203.138     -40083668.703       19.024      -20.809       -9.073     152386753.036       29.619
2020-123/00:00:00    -113524050.215     -93150118.872     -40861745.989       19.404      -20.505       -8.937     152428136.865       29.611
2020-124/00:00:00    -111831387.045     -94908441.113     -41627879.525       19.777      -20.195       -8.797     152468854.776       29.604
2020-125/00:00:00    -110107348.115     -96639255.710     -42381667.082       20.136      -19.873       -8.653     152508949.107       29.585
2020-126/00:00:00    -108351538.528     -98342799.210     -43123210.552       20.503      -19.557       -8.511     152548265.629       29.586
2020-127/00:00:00    -106564859.920    -100018326.274     -43852186.704       20.852      -19.226       -8.362     152586858.016       29.570
2020-128/00:00:00    -104747934.254    -101665314.963     -44568363.840       21.202      -18.895       -8.214     152624719.663       29.564
2020-129/00:00:00    -102901101.987    -103283468.577     -45271613.369       21.543      -18.557       -8.063     152661817.913       29.555
2020-130/00:00:00    -101025054.308    -104872243.144     -45961698.168       21.883      -18.219       -7.911     152698155.452       29.553
2020-131/00:00:00     -99120292.748    -106431245.970     -46638447.803       22.207      -17.868       -7.754     152733713.916       29.539
2020-132/00:00:00     -97187265.426    -107960149.298     -47301718.974       22.536      -17.521       -7.599     152768488.293       29.540
2020-133/00:00:00     -95226707.052    -109458410.536     -47951278.073       22.847      -17.160       -7.437     152802468.703       29.526
2020-134/00:00:00     -93239004.663    -110925762.312     -48587009.003       23.161      -16.803       -7.277     152835644.334       29.525
2020-135/00:00:00     -91224933.659    -112361673.961     -49208682.769       23.461      -16.436       -7.113     152868010.900       29.515
2020-136/00:00:00     -89184809.131    -113765943.640     -49816212.322       23.761      -16.068       -6.949     152899558.933       29.513
2020-137/00:00:00     -87119498.675    -115138012.248     -50409356.560       24.046      -15.692       -6.781     152930285.237       29.503
2020-138/00:00:00     -85029297.487    -116477699.657     -50988038.805       24.336      -15.318       -6.614     152960177.986       29.506
2020-139/00:00:00     -82915156.574    -117784435.717     -51552012.917       24.603      -14.931       -6.441     152989236.623       29.491
2020-140/00:00:00     -80777310.763    -119058090.659     -52101225.164       24.880      -14.550       -6.271     153017451.779       29.496
2020-141/00:00:00     -78616540.229    -120298229.745     -52635488.697       25.139      -14.158       -6.096     153044827.249       29.489
2020-142/00:00:00     -76433439.079    -121504523.716     -53154663.667       25.394      -13.764       -5.921     153071349.907       29.485
2020-143/00:00:00     -74228635.612    -122676647.631     -53658611.936       25.644      -13.368       -5.745     153097017.782       29.484
2020-144/00:00:00     -72002801.463    -123814278.371     -54147196.024       25.878      -12.965       -5.565     153121839.671       29.474
2020-145/00:00:00     -69756399.529    -124917172.647     -54620315.407       26.117      -12.563       -5.386     153145793.780       29.478
2020-146/00:00:00     -67490291.686    -125984963.101     -55077812.788       26.337      -12.153       -5.204     153168912.842       29.469
2020-147/00:00:00     -65204897.196    -127017426.606     -55519597.504       26.561      -11.745       -5.022     153191158.318       29.473
2020-148/00:00:00     -62900897.927    -128014300.578     -55945559.981       26.767      -11.329       -4.837     153212564.087       29.465
2020-149/00:00:00     -60579067.331    -128975245.611     -56355556.699       26.979      -10.915       -4.653     153233110.488       29.473
2020-150/00:00:00     -58239986.422    -129900057.477     -56749505.365       27.165      -10.492       -4.466     153252821.541       29.461
2020-151/00:00:00     -55884147.589    -130788508.818     -57127312.607       27.364      -10.072       -4.279     153271660.252       29.471
2020-152/00:00:00     -53512494.584    -131640307.863     -57488857.322       27.536       -9.645       -4.090     153289681.476       29.462
