      0.00000     0.844676     0.475112
      1.00000     0.845563     0.475523
      2.00000     0.846450     0.475933
      3.00000     0.847338     0.476344
      4.00000     0.848226     0.476755
      5.00000     0.849115     0.477166
      6.00000     0.850004     0.477577
      7.00000     0.850892     0.477988
      8.00000     0.851782     0.478398
      9.00000     0.852672     0.478809
      10.0000     0.853563     0.479220
      11.0000     0.854453     0.479631
      12.0000     0.855344     0.480042
      13.0000     0.856235     0.480453
      14.0000     0.857127     0.480863
      15.0000     0.858019     0.481274
      16.0000     0.858912     0.481685
      17.0000     0.859804     0.482096
      18.0000     0.860697     0.482507
      19.0000     0.861591     0.482918
      20.0000     0.862484     0.483328
      21.0000     0.863378     0.483739
      22.0000     0.864273     0.484150
      23.0000     0.865168     0.484561
      24.0000     0.866064     0.484972
      25.0000     0.866959     0.485383
      26.0000     0.867855     0.485794
      27.0000     0.868751     0.486204
      28.0000     0.869648     0.486615
      29.0000     0.870544     0.487026
      30.0000     0.871441     0.487437
      31.0000     0.872338     0.487848
      32.0000     0.873236     0.488259
      33.0000     0.874135     0.488669
      34.0000     0.875033     0.489080
      35.0000     0.875932     0.489491
      36.0000     0.876831     0.489902
      37.0000     0.877731     0.490313
      38.0000     0.878630     0.490724
      39.0000     0.879531     0.491134
      40.0000     0.880431     0.491545
      41.0000     0.881332     0.491956
      42.0000     0.882233     0.492367
      43.0000     0.883134     0.492778
      44.0000     0.884036     0.493189
      45.0000     0.884938     0.493600
      46.0000     0.885840     0.494010
      47.0000     0.886743     0.494421
      48.0000     0.887645     0.494832
      49.0000     0.888548     0.495243
      50.0000     0.889452     0.495654
      51.0000     0.890356     0.496065
      52.0000     0.891259     0.496475
      53.0000     0.892164     0.496886
      54.0000     0.893069     0.497297
      55.0000     0.893974     0.497708
      56.0000     0.894879     0.498119
      57.0000     0.895784     0.498530
      58.0000     0.896690     0.498940
      59.0000     0.897596     0.499351
      60.0000     0.898502     0.499762
      61.0000     0.899409     0.500173
      62.0000     0.900316     0.500584
      63.0000     0.901223     0.500995
      64.0000     0.902131     0.501406
      65.0000     0.903039     0.501817
      66.0000     0.903946     0.502228
      67.0000     0.904855     0.502639
      68.0000     0.905764     0.503051
      69.0000     0.906673     0.503462
      70.0000     0.907582     0.503873
      71.0000     0.908491     0.504285
      72.0000     0.909401     0.504696
      73.0000     0.910311     0.505108
      74.0000     0.911221     0.505520
      75.0000     0.912132     0.505931
      76.0000     0.913043     0.506343
      77.0000     0.913954     0.506755
      78.0000     0.914866     0.507167
      79.0000     0.915778     0.507579
      80.0000     0.916690     0.507991
      81.0000     0.917602     0.508403
      82.0000     0.918515     0.508815
      83.0000     0.919427     0.509228
      84.0000     0.920341     0.509640
      85.0000     0.921254     0.510052
      86.0000     0.922167     0.510464
      87.0000     0.923081     0.510877
      88.0000     0.923995     0.511290
      89.0000     0.924910     0.511702
      90.0000     0.925824     0.512115
      91.0000     0.926739     0.512528
      92.0000     0.927655     0.512941
      93.0000     0.928570     0.513353
      94.0000     0.929485     0.513766
      95.0000     0.930401     0.514179
      96.0000     0.931318     0.514593
      97.0000     0.932235     0.515006
      98.0000     0.933151     0.515419
      99.0000     0.934068     0.515832
      100.000     0.934985     0.516246
      101.000     0.935903     0.516659
      102.000     0.936820     0.517072
      103.000     0.937738     0.517486
      104.000     0.938657     0.517900
      105.000     0.939575     0.518313
      106.000     0.940494     0.518727
      107.000     0.941413     0.519141
      108.000     0.942332     0.519555
      109.000     0.943251     0.519969
      110.000     0.944170     0.520383
      111.000     0.945090     0.520797
      112.000     0.946010     0.521211
      113.000     0.946931     0.521625
      114.000     0.947851     0.522039
      115.000     0.948772     0.522453
      116.000     0.949693     0.522868
      117.000     0.950614     0.523282
      118.000     0.951535     0.523697
      119.000     0.952457     0.524112
      120.000     0.953379     0.524526
      121.000     0.954302     0.524941
      122.000     0.955224     0.525355
      123.000     0.956147     0.525770
      124.000     0.957069     0.526185
      125.000     0.957993     0.526600
      126.000     0.958916     0.527015
      127.000     0.959839     0.527430
      128.000     0.960763     0.527846
      129.000     0.961687     0.528261
      130.000     0.962611     0.528676
      131.000     0.963536     0.529091
      132.000     0.964461     0.529507
      133.000     0.965385     0.529922
      134.000     0.966310     0.530338
      135.000     0.967236     0.530754
      136.000     0.968161     0.531169
      137.000     0.969087     0.531585
      138.000     0.970013     0.532001
      139.000     0.970939     0.532417
      140.000     0.971866     0.532833
      141.000     0.972792     0.533249
      142.000     0.973719     0.533665
      143.000     0.974646     0.534081
      144.000     0.975573     0.534497
      145.000     0.976501     0.534913
      146.000     0.977429     0.535330
      147.000     0.978357     0.535746
      148.000     0.979285     0.536163
      149.000     0.980213     0.536579
      150.000     0.981141     0.536996
      151.000     0.982070     0.537413
      152.000     0.982999     0.537829
      153.000     0.983928     0.538246
      154.000     0.984858     0.538663
      155.000     0.985787     0.539080
      156.000     0.986717     0.539497
      157.000     0.987647     0.539914
      158.000     0.988577     0.540331
      159.000     0.989507     0.540748
      160.000     0.990438     0.541166
      161.000     0.991369     0.541583
      162.000     0.992299     0.542000
      163.000     0.993230     0.542418
      164.000     0.994162     0.542835
      165.000     0.995093     0.543253
      166.000     0.996025     0.543671
      167.000     0.996956     0.544089
      168.000     0.997889     0.544506
      169.000     0.998821     0.544924
      170.000     0.999754     0.545342
      171.000      1.00069     0.545760
      172.000      1.00162     0.546178
      173.000      1.00255     0.546596
      174.000      1.00349     0.547015
      175.000      1.00442     0.547433
      176.000      1.00535     0.547851
      177.000      1.00629     0.548270
      178.000      1.00722     0.548688
      179.000      1.00815     0.549107
      180.000      1.00909     0.549525
      181.000      1.01002     0.549944
      182.000      1.01096     0.550363
      183.000      1.01189     0.550782
      184.000      1.01283     0.551201
      185.000      1.01376     0.551620
      186.000      1.01470     0.552039
      187.000      1.01563     0.552458
      188.000      1.01657     0.552877
      189.000      1.01751     0.553296
      190.000      1.01844     0.553715
      191.000      1.01938     0.554135
      192.000      1.02031     0.554554
      193.000      1.02125     0.554974
      194.000      1.02219     0.555393
      195.000      1.02312     0.555813
      196.000      1.02406     0.556233
      197.000      1.02500     0.556652
      198.000      1.02594     0.557072
      199.000      1.02687     0.557492
      200.000      1.02781     0.557912
      201.000      1.02875     0.558332
      202.000      1.02969     0.558752
      203.000      1.03063     0.559172
      204.000      1.03157     0.559593
      205.000      1.03250     0.560013
      206.000      1.03344     0.560433
      207.000      1.03438     0.560854
      208.000      1.03532     0.561274
      209.000      1.03626     0.561695
      210.000      1.03720     0.562116
      211.000      1.03814     0.562536
      212.000      1.03908     0.562957
      213.000      1.04002     0.563378
      214.000      1.04096     0.563799
      215.000      1.04190     0.564220
      216.000      1.04284     0.564641
      217.000      1.04378     0.565062
      218.000      1.04472     0.565483
      219.000      1.04566     0.565904
      220.000      1.04660     0.566326
      221.000      1.04755     0.566747
      222.000      1.04849     0.567169
      223.000      1.04943     0.567590
      224.000      1.05037     0.568012
      225.000      1.05131     0.568434
      226.000      1.05225     0.568855
      227.000      1.05320     0.569277
      228.000      1.05414     0.569699
      229.000      1.05508     0.570121
      230.000      1.05602     0.570543
      231.000      1.05697     0.570965
      232.000      1.05791     0.571387
      233.000      1.05885     0.571810
      234.000      1.05980     0.572232
      235.000      1.06074     0.572654
      236.000      1.06168     0.573076
      237.000      1.06263     0.573499
      238.000      1.06357     0.573922
      239.000      1.06451     0.574344
      240.000      1.06546     0.574767
      241.000      1.06640     0.575190
      242.000      1.06735     0.575613
      243.000      1.06829     0.576035
      244.000      1.06924     0.576459
      245.000      1.07018     0.576882
      246.000      1.07113     0.577305
      247.000      1.07207     0.577728
      248.000      1.07302     0.578151
      249.000      1.07396     0.578575
      250.000      1.07491     0.578998
      251.000      1.07585     0.579421
      252.000      1.07680     0.579845
      253.000      1.07775     0.580269
      254.000      1.07869     0.580692
      255.000      1.07964     0.581116
      256.000      1.08059     0.581540
      257.000      1.08153     0.581964
      258.000      1.08248     0.582388
      259.000      1.08343     0.582812
      260.000      1.08437     0.583236
      261.000      1.08532     0.583660
      262.000      1.08627     0.584084
      263.000      1.08721     0.584509
      264.000      1.08816     0.584933
      265.000      1.08911     0.585358
      266.000      1.09006     0.585782
      267.000      1.09100     0.586207
      268.000      1.09195     0.586631
      269.000      1.09290     0.587056
      270.000      1.09385     0.587481
      271.000      1.09480     0.587906
      272.000      1.09575     0.588331
      273.000      1.09670     0.588756
      274.000      1.09764     0.589181
      275.000      1.09859     0.589606
      276.000      1.09954     0.590031
      277.000      1.10049     0.590457
      278.000      1.10144     0.590882
      279.000      1.10239     0.591308
      280.000      1.10334     0.591733
      281.000      1.10429     0.592159
      282.000      1.10524     0.592584
      283.000      1.10619     0.593010
      284.000      1.10714     0.593436
      285.000      1.10809     0.593862
      286.000      1.10904     0.594288
      287.000      1.10999     0.594714
      288.000      1.11094     0.595140
      289.000      1.11189     0.595566
      290.000      1.11284     0.595992
      291.000      1.11379     0.596418
      292.000      1.11475     0.596845
      293.000      1.11570     0.597271
      294.000      1.11665     0.597698
      295.000      1.11760     0.598124
      296.000      1.11855     0.598551
      297.000      1.11950     0.598978
      298.000      1.12045     0.599405
      299.000      1.12141     0.599831
      300.000      1.12236     0.600258
      301.000      1.12331     0.600685
      302.000      1.12426     0.601112
      303.000      1.12522     0.601539
      304.000      1.12617     0.601967
      305.000      1.12712     0.602394
      306.000      1.12807     0.602821
      307.000      1.12903     0.603249
      308.000      1.12998     0.603676
      309.000      1.13093     0.604104
      310.000      1.13188     0.604532
      311.000      1.13284     0.604959
      312.000      1.13379     0.605387
      313.000      1.13475     0.605815
      314.000      1.13570     0.606243
      315.000      1.13665     0.606671
      316.000      1.13761     0.607099
      317.000      1.13856     0.607527
      318.000      1.13951     0.607955
      319.000      1.14047     0.608384
      320.000      1.14142     0.608812
      321.000      1.14238     0.609240
      322.000      1.14333     0.609669
      323.000      1.14429     0.610098
      324.000      1.14524     0.610526
      325.000      1.14620     0.610955
      326.000      1.14715     0.611384
      327.000      1.14811     0.611813
      328.000      1.14906     0.612242
      329.000      1.15002     0.612670
      330.000      1.15097     0.613100
      331.000      1.15193     0.613529
      332.000      1.15288     0.613958
      333.000      1.15384     0.614387
      334.000      1.15479     0.614817
      335.000      1.15575     0.615246
      336.000      1.15671     0.615676
      337.000      1.15766     0.616105
      338.000      1.15862     0.616535
      339.000      1.15958     0.616965
      340.000      1.16053     0.617395
      341.000      1.16149     0.617825
      342.000      1.16244     0.618255
      343.000      1.16340     0.618685
      344.000      1.16436     0.619115
      345.000      1.16532     0.619545
      346.000      1.16627     0.619975
      347.000      1.16723     0.620405
      348.000      1.16819     0.620836
      349.000      1.16914     0.621266
      350.000      1.17010     0.621697
      351.000      1.17106     0.622127
      352.000      1.17202     0.622558
      353.000      1.17297     0.622989
      354.000      1.17393     0.623420
      355.000      1.17489     0.623851
      356.000      1.17585     0.624282
      357.000      1.17681     0.624713
      358.000      1.17776     0.625144
      359.000      1.17872     0.625575
      360.000      1.17968     0.626006
      361.000      1.18064     0.626438
      362.000      1.18160     0.626869
      363.000      1.18256     0.627301
      364.000      1.18352     0.627732
      365.000      1.18447     0.628164
      366.000      1.18543     0.628596
      367.000      1.18639     0.629028
      368.000      1.18735     0.629459
      369.000      1.18831     0.629891
      370.000      1.18927     0.630323
      371.000      1.19023     0.630755
      372.000      1.19119     0.631188
      373.000      1.19215     0.631620
      374.000      1.19311     0.632052
      375.000      1.19407     0.632485
      376.000      1.19503     0.632917
      377.000      1.19599     0.633350
      378.000      1.19695     0.633782
      379.000      1.19791     0.634215
      380.000      1.19887     0.634648
      381.000      1.19983     0.635081
      382.000      1.20079     0.635513
      383.000      1.20175     0.635946
      384.000      1.20271     0.636379
      385.000      1.20367     0.636813
      386.000      1.20463     0.637246
      387.000      1.20559     0.637679
      388.000      1.20655     0.638112
      389.000      1.20751     0.638546
      390.000      1.20847     0.638979
      391.000      1.20944     0.639413
      392.000      1.21040     0.639846
      393.000      1.21136     0.640280
      394.000      1.21232     0.640714
      395.000      1.21328     0.641148
      396.000      1.21424     0.641582
      397.000      1.21520     0.642016
      398.000      1.21617     0.642450
      399.000      1.21713     0.642884
      400.000      1.21809     0.643319
      401.000      1.21905     0.643753
      402.000      1.22001     0.644187
      403.000      1.22098     0.644622
      404.000      1.22194     0.645056
      405.000      1.22290     0.645491
      406.000      1.22386     0.645926
      407.000      1.22483     0.646360
      408.000      1.22579     0.646795
      409.000      1.22675     0.647230
      410.000      1.22771     0.647665
      411.000      1.22868     0.648100
      412.000      1.22964     0.648536
      413.000      1.23060     0.648971
      414.000      1.23157     0.649406
      415.000      1.23253     0.649841
      416.000      1.23349     0.650277
      417.000      1.23445     0.650713
      418.000      1.23542     0.651148
      419.000      1.23638     0.651584
      420.000      1.23734     0.652020
      421.000      1.23831     0.652456
      422.000      1.23927     0.652891
      423.000      1.24024     0.653328
      424.000      1.24120     0.653764
      425.000      1.24216     0.654200
      426.000      1.24313     0.654636
      427.000      1.24409     0.655072
      428.000      1.24506     0.655509
      429.000      1.24602     0.655945
      430.000      1.24698     0.656381
      431.000      1.24795     0.656818
      432.000      1.24891     0.657255
      433.000      1.24988     0.657692
      434.000      1.25084     0.658128
      435.000      1.25181     0.658565
      436.000      1.25277     0.659002
      437.000      1.25374     0.659439
      438.000      1.25470     0.659876
      439.000      1.25567     0.660314
      440.000      1.25663     0.660751
      441.000      1.25760     0.661189
      442.000      1.25856     0.661626
      443.000      1.25953     0.662063
      444.000      1.26049     0.662501
      445.000      1.26146     0.662939
      446.000      1.26242     0.663377
      447.000      1.26339     0.663814
      448.000      1.26435     0.664252
      449.000      1.26532     0.664690
      450.000      1.26628     0.665128
      451.000      1.26725     0.665566
      452.000      1.26822     0.666004
      453.000      1.26918     0.666443
      454.000      1.27015     0.666881
      455.000      1.27111     0.667320
      456.000      1.27208     0.667758
      457.000      1.27305     0.668197
      458.000      1.27401     0.668635
      459.000      1.27498     0.669074
      460.000      1.27594     0.669513
      461.000      1.27691     0.669952
      462.000      1.27788     0.670391
      463.000      1.27884     0.670830
      464.000      1.27981     0.671269
      465.000      1.28078     0.671708
      466.000      1.28174     0.672148
      467.000      1.28271     0.672587
      468.000      1.28368     0.673026
      469.000      1.28464     0.673466
      470.000      1.28561     0.673905
      471.000      1.28658     0.674345
      472.000      1.28754     0.674785
      473.000      1.28851     0.675225
      474.000      1.28948     0.675665
      475.000      1.29045     0.676105
      476.000      1.29141     0.676545
      477.000      1.29238     0.676985
      478.000      1.29335     0.677425
      479.000      1.29432     0.677866
      480.000      1.29528     0.678306
      481.000      1.29625     0.678747
      482.000      1.29722     0.679187
      483.000      1.29819     0.679628
      484.000      1.29915     0.680068
      485.000      1.30012     0.680509
      486.000      1.30109     0.680950
      487.000      1.30206     0.681391
      488.000      1.30303     0.681832
      489.000      1.30400     0.682273
      490.000      1.30496     0.682714
      491.000      1.30593     0.683156
      492.000      1.30690     0.683597
      493.000      1.30787     0.684038
      494.000      1.30884     0.684480
      495.000      1.30980     0.684921
      496.000      1.31077     0.685363
      497.000      1.31174     0.685805
      498.000      1.31271     0.686247
      499.000      1.31368     0.686688
      500.000      1.31465     0.687130
      501.000      1.31562     0.687572
      502.000      1.31659     0.688015
      503.000      1.31756     0.688457
      504.000      1.31852     0.688899
      505.000      1.31949     0.689342
      506.000      1.32046     0.689784
      507.000      1.32143     0.690227
      508.000      1.32240     0.690669
      509.000      1.32337     0.691112
      510.000      1.32434     0.691555
      511.000      1.32531     0.691997
      512.000      1.32628     0.692440
      513.000      1.32725     0.692883
      514.000      1.32822     0.693327
      515.000      1.32919     0.693770
      516.000      1.33016     0.694213
      517.000      1.33113     0.694656
      518.000      1.33210     0.695099
      519.000      1.33307     0.695543
      520.000      1.33403     0.695987
      521.000      1.33500     0.696430
      522.000      1.33598     0.696874
      523.000      1.33695     0.697318
      524.000      1.33792     0.697762
      525.000      1.33889     0.698206
      526.000      1.33986     0.698650
      527.000      1.34083     0.699094
      528.000      1.34180     0.699538
      529.000      1.34277     0.699982
      530.000      1.34374     0.700427
      531.000      1.34471     0.700871
      532.000      1.34568     0.701316
      533.000      1.34665     0.701760
      534.000      1.34762     0.702205
      535.000      1.34859     0.702650
      536.000      1.34956     0.703094
      537.000      1.35053     0.703539
      538.000      1.35150     0.703984
      539.000      1.35247     0.704430
      540.000      1.35344     0.704875
      541.000      1.35441     0.705320
      542.000      1.35539     0.705765
      543.000      1.35636     0.706211
      544.000      1.35733     0.706656
      545.000      1.35830     0.707102
      546.000      1.35927     0.707547
      547.000      1.36024     0.707993
      548.000      1.36121     0.708439
      549.000      1.36218     0.708885
      550.000      1.36316     0.709331
      551.000      1.36413     0.709777
      552.000      1.36510     0.710223
      553.000      1.36607     0.710669
      554.000      1.36704     0.711116
      555.000      1.36801     0.711562
      556.000      1.36898     0.712008
      557.000      1.36996     0.712455
      558.000      1.37093     0.712902
      559.000      1.37190     0.713349
      560.000      1.37287     0.713795
      561.000      1.37384     0.714242
      562.000      1.37482     0.714689
      563.000      1.37579     0.715136
      564.000      1.37676     0.715583
      565.000      1.37773     0.716030
      566.000      1.37870     0.716478
      567.000      1.37968     0.716925
      568.000      1.38065     0.717373
      569.000      1.38162     0.717820
      570.000      1.38259     0.718268
      571.000      1.38357     0.718715
      572.000      1.38454     0.719163
      573.000      1.38551     0.719611
      574.000      1.38648     0.720059
      575.000      1.38746     0.720507
      576.000      1.38843     0.720955
      577.000      1.38940     0.721403
      578.000      1.39037     0.721852
      579.000      1.39135     0.722300
      580.000      1.39232     0.722748
      581.000      1.39329     0.723197
      582.000      1.39426     0.723646
      583.000      1.39524     0.724094
      584.000      1.39621     0.724543
      585.000      1.39718     0.724992
      586.000      1.39816     0.725441
      587.000      1.39913     0.725890
      588.000      1.40010     0.726339
      589.000      1.40108     0.726788
      590.000      1.40205     0.727237
      591.000      1.40302     0.727687
      592.000      1.40400     0.728136
      593.000      1.40497     0.728586
      594.000      1.40594     0.729035
      595.000      1.40691     0.729485
      596.000      1.40789     0.729935
      597.000      1.40886     0.730385
      598.000      1.40984     0.730834
      599.000      1.41081     0.731285
      600.000      1.41178     0.731735
      601.000      1.41276     0.732185
      602.000      1.41373     0.732635
      603.000      1.41470     0.733086
      604.000      1.41568     0.733536
      605.000      1.41665     0.733986
      606.000      1.41762     0.734437
      607.000      1.41860     0.734888
      608.000      1.41957     0.735339
      609.000      1.42055     0.735789
      610.000      1.42152     0.736240
      611.000      1.42249     0.736691
      612.000      1.42347     0.737143
      613.000      1.42444     0.737594
      614.000      1.42542     0.738045
      615.000      1.42639     0.738496
      616.000      1.42736     0.738948
      617.000      1.42834     0.739399
      618.000      1.42931     0.739851
      619.000      1.43029     0.740303
      620.000      1.43126     0.740755
      621.000      1.43224     0.741206
      622.000      1.43321     0.741658
      623.000      1.43419     0.742110
      624.000      1.43516     0.742562
      625.000      1.43613     0.743014
      626.000      1.43711     0.743467
      627.000      1.43808     0.743919
      628.000      1.43906     0.744372
      629.000      1.44003     0.744824
      630.000      1.44101     0.745277
      631.000      1.44198     0.745730
      632.000      1.44296     0.746183
      633.000      1.44393     0.746635
      634.000      1.44491     0.747088
      635.000      1.44588     0.747541
      636.000      1.44686     0.747995
      637.000      1.44783     0.748448
      638.000      1.44881     0.748901
      639.000      1.44978     0.749355
      640.000      1.45076     0.749808
      641.000      1.45173     0.750262
      642.000      1.45271     0.750715
      643.000      1.45368     0.751169
      644.000      1.45466     0.751623
      645.000      1.45563     0.752077
      646.000      1.45661     0.752531
      647.000      1.45758     0.752985
      648.000      1.45856     0.753439
      649.000      1.45953     0.753893
      650.000      1.46051     0.754347
      651.000      1.46148     0.754802
      652.000      1.46246     0.755256
      653.000      1.46343     0.755710
      654.000      1.46441     0.756165
      655.000      1.46539     0.756620
      656.000      1.46636     0.757075
      657.000      1.46734     0.757530
      658.000      1.46831     0.757985
      659.000      1.46929     0.758439
      660.000      1.47026     0.758894
      661.000      1.47124     0.759350
      662.000      1.47221     0.759805
      663.000      1.47319     0.760260
      664.000      1.47417     0.760715
      665.000      1.47514     0.761171
      666.000      1.47612     0.761626
      667.000      1.47709     0.762082
      668.000      1.47807     0.762538
      669.000      1.47905     0.762993
      670.000      1.48002     0.763449
      671.000      1.48100     0.763905
      672.000      1.48197     0.764361
      673.000      1.48295     0.764817
      674.000      1.48393     0.765273
      675.000      1.48490     0.765729
      676.000      1.48588     0.766186
      677.000      1.48686     0.766642
      678.000      1.48783     0.767099
      679.000      1.48881     0.767555
      680.000      1.48978     0.768012
      681.000      1.49076     0.768468
      682.000      1.49174     0.768925
      683.000      1.49271     0.769382
      684.000      1.49369     0.769839
      685.000      1.49467     0.770296
      686.000      1.49564     0.770753
      687.000      1.49662     0.771210
      688.000      1.49759     0.771667
      689.000      1.49857     0.772124
      690.000      1.49955     0.772582
      691.000      1.50052     0.773039
      692.000      1.50150     0.773497
      693.000      1.50248     0.773954
      694.000      1.50346     0.774412
      695.000      1.50443     0.774870
      696.000      1.50541     0.775327
      697.000      1.50638     0.775785
      698.000      1.50736     0.776243
      699.000      1.50834     0.776701
      700.000      1.50932     0.777159
      701.000      1.51029     0.777618
      702.000      1.51127     0.778076
      703.000      1.51225     0.778534
      704.000      1.51322     0.778993
      705.000      1.51420     0.779451
      706.000      1.51518     0.779910
      707.000      1.51615     0.780368
      708.000      1.51713     0.780827
      709.000      1.51811     0.781285
      710.000      1.51909     0.781744
      711.000      1.52006     0.782203
      712.000      1.52104     0.782662
      713.000      1.52202     0.783121
      714.000      1.52299     0.783580
      715.000      1.52397     0.784039
      716.000      1.52495     0.784499
      717.000      1.52593     0.784958
      718.000      1.52690     0.785418
      719.000      1.52788     0.785877
      720.000      1.52886     0.786337
      721.000      1.52984     0.786796
      722.000      1.53081     0.787256
      723.000      1.53179     0.787716
      724.000      1.53277     0.788176
      725.000      1.53375     0.788636
      726.000      1.53472     0.789096
      727.000      1.53570     0.789556
      728.000      1.53668     0.790016
      729.000      1.53766     0.790476
      730.000      1.53863     0.790936
      731.000      1.53961     0.791397
      732.000      1.54059     0.791857
      733.000      1.54157     0.792318
      734.000      1.54254     0.792778
      735.000      1.54352     0.793239
      736.000      1.54450     0.793700
      737.000      1.54548     0.794160
      738.000      1.54646     0.794621
      739.000      1.54743     0.795082
      740.000      1.54841     0.795543
      741.000      1.54939     0.796004
      742.000      1.55037     0.796465
      743.000      1.55134     0.796927
      744.000      1.55232     0.797388
      745.000      1.55330     0.797849
      746.000      1.55428     0.798311
      747.000      1.55526     0.798772
      748.000      1.55623     0.799234
      749.000      1.55721     0.799695
      750.000      1.55819     0.800157
      751.000      1.55917     0.800619
      752.000      1.56015     0.801080
      753.000      1.56113     0.801542
      754.000      1.56210     0.802004
      755.000      1.56308     0.802466
      756.000      1.56406     0.802928
      757.000      1.56504     0.803391
      758.000      1.56602     0.803853
      759.000      1.56699     0.804315
      760.000      1.56797     0.804778
      761.000      1.56895     0.805240
      762.000      1.56993     0.805702
      763.000      1.57091     0.806165
      764.000      1.57189     0.806627
      765.000      1.57286     0.807090
      766.000      1.57384     0.807553
      767.000      1.57482     0.808016
      768.000      1.57580     0.808478
      769.000      1.57678     0.808941
      770.000      1.57776     0.809404
      771.000      1.57873     0.809867
      772.000      1.57971     0.810330
      773.000      1.58069     0.810793
      774.000      1.58167     0.811257
      775.000      1.58265     0.811720
      776.000      1.58363     0.812183
      777.000      1.58461     0.812647
      778.000      1.58559     0.813110
      779.000      1.58656     0.813574
      780.000      1.58754     0.814037
      781.000      1.58852     0.814501
      782.000      1.58950     0.814965
      783.000      1.59048     0.815429
      784.000      1.59146     0.815892
      785.000      1.59244     0.816356
      786.000      1.59341     0.816820
      787.000      1.59439     0.817284
      788.000      1.59537     0.817748
      789.000      1.59635     0.818212
      790.000      1.59733     0.818676
      791.000      1.59831     0.819141
      792.000      1.59929     0.819605
      793.000      1.60027     0.820069
      794.000      1.60125     0.820534
      795.000      1.60223     0.820998
      796.000      1.60320     0.821463
      797.000      1.60418     0.821927
      798.000      1.60516     0.822392
      799.000      1.60614     0.822856
      800.000      1.60712     0.823321
      801.000      1.60810     0.823786
      802.000      1.60908     0.824251
      803.000      1.61006     0.824715
      804.000      1.61104     0.825180
      805.000      1.61202     0.825646
      806.000      1.61299     0.826111
      807.000      1.61397     0.826576
      808.000      1.61495     0.827041
      809.000      1.61593     0.827506
      810.000      1.61691     0.827971
      811.000      1.61789     0.828437
      812.000      1.61887     0.828902
      813.000      1.61985     0.829368
      814.000      1.62083     0.829833
      815.000      1.62181     0.830298
      816.000      1.62279     0.830764
      817.000      1.62377     0.831230
      818.000      1.62475     0.831695
      819.000      1.62572     0.832161
      820.000      1.62670     0.832627
      821.000      1.62768     0.833093
      822.000      1.62866     0.833559
      823.000      1.62964     0.834025
      824.000      1.63062     0.834491
      825.000      1.63160     0.834957
      826.000      1.63258     0.835423
      827.000      1.63356     0.835889
      828.000      1.63454     0.836355
      829.000      1.63552     0.836822
      830.000      1.63650     0.837288
      831.000      1.63748     0.837754
      832.000      1.63846     0.838221
      833.000      1.63944     0.838687
      834.000      1.64042     0.839154
      835.000      1.64140     0.839620
      836.000      1.64238     0.840087
      837.000      1.64336     0.840554
      838.000      1.64434     0.841021
      839.000      1.64532     0.841487
      840.000      1.64630     0.841954
      841.000      1.64728     0.842421
      842.000      1.64825     0.842888
      843.000      1.64923     0.843355
      844.000      1.65021     0.843822
      845.000      1.65119     0.844289
      846.000      1.65217     0.844756
      847.000      1.65315     0.845223
      848.000      1.65413     0.845690
      849.000      1.65511     0.846157
      850.000      1.65609     0.846625
      851.000      1.65707     0.847092
      852.000      1.65805     0.847559
      853.000      1.65903     0.848027
      854.000      1.66001     0.848494
      855.000      1.66099     0.848962
      856.000      1.66197     0.849429
      857.000      1.66295     0.849897
      858.000      1.66393     0.850365
      859.000      1.66491     0.850832
      860.000      1.66589     0.851300
      861.000      1.66687     0.851768
      862.000      1.66785     0.852236
      863.000      1.66883     0.852703
      864.000      1.66981     0.853171
      865.000      1.67079     0.853639
      866.000      1.67177     0.854108
      867.000      1.67275     0.854576
      868.000      1.67373     0.855044
      869.000      1.67471     0.855512
      870.000      1.67569     0.855980
      871.000      1.67667     0.856448
      872.000      1.67765     0.856917
      873.000      1.67863     0.857385
      874.000      1.67961     0.857853
      875.000      1.68059     0.858322
      876.000      1.68157     0.858790
      877.000      1.68255     0.859259
      878.000      1.68353     0.859727
      879.000      1.68451     0.860196
      880.000      1.68549     0.860665
      881.000      1.68647     0.861134
      882.000      1.68745     0.861602
      883.000      1.68843     0.862071
      884.000      1.68941     0.862540
      885.000      1.69039     0.863009
      886.000      1.69137     0.863478
      887.000      1.69235     0.863947
      888.000      1.69334     0.864416
      889.000      1.69432     0.864885
      890.000      1.69530     0.865354
      891.000      1.69628     0.865823
      892.000      1.69726     0.866292
      893.000      1.69824     0.866762
      894.000      1.69922     0.867231
      895.000      1.70020     0.867700
      896.000      1.70118     0.868169
      897.000      1.70216     0.868639
      898.000      1.70314     0.869108
      899.000      1.70412     0.869578
      900.000      1.70510     0.870047
      901.000      1.70608     0.870517
      902.000      1.70706     0.870987
      903.000      1.70804     0.871457
      904.000      1.70902     0.871926
      905.000      1.71000     0.872396
      906.000      1.71098     0.872866
      907.000      1.71196     0.873336
      908.000      1.71294     0.873805
      909.000      1.71392     0.874276
      910.000      1.71490     0.874746
      911.000      1.71588     0.875216
      912.000      1.71686     0.875686
      913.000      1.71785     0.876156
      914.000      1.71883     0.876626
      915.000      1.71981     0.877096
      916.000      1.72079     0.877566
      917.000      1.72177     0.878037
      918.000      1.72275     0.878507
      919.000      1.72373     0.878977
      920.000      1.72471     0.879448
      921.000      1.72569     0.879918
      922.000      1.72667     0.880388
      923.000      1.72765     0.880859
      924.000      1.72863     0.881329
      925.000      1.72961     0.881800
      926.000      1.73059     0.882271
      927.000      1.73157     0.882741
      928.000      1.73255     0.883212
      929.000      1.73354     0.883683
      930.000      1.73452     0.884153
      931.000      1.73550     0.884624
      932.000      1.73648     0.885095
      933.000      1.73746     0.885566
      934.000      1.73844     0.886037
      935.000      1.73942     0.886508
      936.000      1.74040     0.886979
      937.000      1.74138     0.887450
      938.000      1.74236     0.887921
      939.000      1.74334     0.888392
      940.000      1.74432     0.888863
      941.000      1.74530     0.889334
      942.000      1.74628     0.889805
      943.000      1.74726     0.890277
      944.000      1.74825     0.890748
      945.000      1.74923     0.891220
      946.000      1.75021     0.891691
      947.000      1.75119     0.892162
      948.000      1.75217     0.892634
      949.000      1.75315     0.893105
      950.000      1.75413     0.893577
      951.000      1.75511     0.894048
      952.000      1.75609     0.894520
      953.000      1.75707     0.894992
      954.000      1.75805     0.895463
      955.000      1.75904     0.895935
      956.000      1.76002     0.896406
      957.000      1.76100     0.896878
      958.000      1.76198     0.897350
      959.000      1.76296     0.897822
      960.000      1.76394     0.898294
      961.000      1.76492     0.898765
      962.000      1.76590     0.899237
      963.000      1.76688     0.899709
      964.000      1.76786     0.900181
      965.000      1.76884     0.900653
      966.000      1.76983     0.901126
      967.000      1.77081     0.901597
      968.000      1.77179     0.902069
      969.000      1.77277     0.902542
      970.000      1.77375     0.903014
      971.000      1.77473     0.903486
      972.000      1.77571     0.903958
      973.000      1.77669     0.904431
      974.000      1.77767     0.904903
      975.000      1.77865     0.905376
      976.000      1.77963     0.905848
      977.000      1.78062     0.906320
      978.000      1.78160     0.906793
      979.000      1.78258     0.907265
      980.000      1.78356     0.907738
      981.000      1.78454     0.908210
      982.000      1.78552     0.908683
      983.000      1.78650     0.909156
      984.000      1.78748     0.909629
      985.000      1.78846     0.910101
      986.000      1.78944     0.910574
      987.000      1.79043     0.911047
      988.000      1.79141     0.911520
      989.000      1.79239     0.911992
      990.000      1.79337     0.912465
      991.000      1.79435     0.912938
      992.000      1.79533     0.913411
      993.000      1.79631     0.913884
      994.000      1.79729     0.914357
      995.000      1.79827     0.914830
      996.000      1.79926     0.915303
      997.000      1.80024     0.915776
      998.000      1.80122     0.916249
      999.000      1.80220     0.916723
      1000.00      1.80318     0.917196
      1001.00      1.80416     0.917669
      1002.00      1.80514     0.918142
      1003.00      1.80612     0.918616
      1004.00      1.80710     0.919089
      1005.00      1.80809     0.919563
      1006.00      1.80907     0.920036
      1007.00      1.81005     0.920509
      1008.00      1.81103     0.920983
      1009.00      1.81201     0.921456
      1010.00      1.81299     0.921930
      1011.00      1.81397     0.922403
      1012.00      1.81495     0.922877
      1013.00      1.81593     0.923351
      1014.00      1.81692     0.923824
      1015.00      1.81790     0.924298
      1016.00      1.81888     0.924772
      1017.00      1.81986     0.925245
      1018.00      1.82084     0.925719
      1019.00      1.82182     0.926193
      1020.00      1.82280     0.926667
      1021.00      1.82378     0.927141
      1022.00      1.82477     0.927615
      1023.00      1.82575     0.928089
      1024.00      1.82673     0.928563
      1025.00      1.82771     0.929036
      1026.00      1.82869     0.929510
      1027.00      1.82967     0.929984
      1028.00      1.83065     0.930459
      1029.00      1.83163     0.930933
      1030.00      1.83261     0.931407
      1031.00      1.83360     0.931881
      1032.00      1.83458     0.932355
      1033.00      1.83556     0.932829
      1034.00      1.83654     0.933303
      1035.00      1.83752     0.933778
      1036.00      1.83850     0.934252
      1037.00      1.83948     0.934726
      1038.00      1.84046     0.935201
      1039.00      1.84145     0.935675
      1040.00      1.84243     0.936149
      1041.00      1.84341     0.936624
      1042.00      1.84439     0.937098
      1043.00      1.84537     0.937573
      1044.00      1.84635     0.938047
      1045.00      1.84733     0.938522
      1046.00      1.84831     0.938997
      1047.00      1.84930     0.939471
      1048.00      1.85028     0.939946
      1049.00      1.85126     0.940421
      1050.00      1.85224     0.940895
      1051.00      1.85322     0.941370
      1052.00      1.85420     0.941845
      1053.00      1.85518     0.942319
      1054.00      1.85616     0.942794
      1055.00      1.85715     0.943269
      1056.00      1.85813     0.943744
      1057.00      1.85911     0.944219
      1058.00      1.86009     0.944694
      1059.00      1.86107     0.945169
      1060.00      1.86205     0.945643
      1061.00      1.86303     0.946118
      1062.00      1.86401     0.946593
      1063.00      1.86500     0.947068
      1064.00      1.86598     0.947544
      1065.00      1.86696     0.948018
      1066.00      1.86794     0.948494
      1067.00      1.86892     0.948969
      1068.00      1.86990     0.949444
      1069.00      1.87088     0.949919
      1070.00      1.87186     0.950394
      1071.00      1.87285     0.950869
      1072.00      1.87383     0.951345
      1073.00      1.87481     0.951820
      1074.00      1.87579     0.952295
      1075.00      1.87677     0.952770
      1076.00      1.87775     0.953246
      1077.00      1.87873     0.953721
      1078.00      1.87971     0.954197
      1079.00      1.88070     0.954672
      1080.00      1.88168     0.955148
      1081.00      1.88266     0.955623
      1082.00      1.88364     0.956099
      1083.00      1.88462     0.956574
      1084.00      1.88560     0.957050
      1085.00      1.88658     0.957525
      1086.00      1.88756     0.958001
      1087.00      1.88855     0.958477
      1088.00      1.88953     0.958952
      1089.00      1.89051     0.959428
      1090.00      1.89149     0.959903
      1091.00      1.89247     0.960379
      1092.00      1.89345     0.960855
      1093.00      1.89443     0.961331
      1094.00      1.89542     0.961807
      1095.00      1.89640     0.962283
      1096.00      1.89738     0.962758
      1097.00      1.89836     0.963234
      1098.00      1.89934     0.963710
      1099.00      1.90032     0.964186
      1100.00      1.90130     0.964662
      1101.00      1.90228     0.965138
      1102.00      1.90326     0.965614
      1103.00      1.90425     0.966090
      1104.00      1.90523     0.966566
      1105.00      1.90621     0.967042
      1106.00      1.90719     0.967518
      1107.00      1.90817     0.967994
      1108.00      1.90915     0.968470
      1109.00      1.91013     0.968947
      1110.00      1.91111     0.969423
      1111.00      1.91210     0.969899
      1112.00      1.91308     0.970375
      1113.00      1.91406     0.970851
      1114.00      1.91504     0.971328
      1115.00      1.91602     0.971804
      1116.00      1.91700     0.972281
      1117.00      1.91798     0.972757
      1118.00      1.91897     0.973233
      1119.00      1.91995     0.973710
      1120.00      1.92093     0.974186
      1121.00      1.92191     0.974663
      1122.00      1.92289     0.975139
      1123.00      1.92387     0.975616
      1124.00      1.92485     0.976092
      1125.00      1.92583     0.976568
      1126.00      1.92682     0.977045
      1127.00      1.92780     0.977521
      1128.00      1.92878     0.977998
      1129.00      1.92976     0.978475
      1130.00      1.93074     0.978951
      1131.00      1.93172     0.979428
      1132.00      1.93270     0.979905
      1133.00      1.93368     0.980381
      1134.00      1.93466     0.980858
      1135.00      1.93565     0.981335
      1136.00      1.93663     0.981812
      1137.00      1.93761     0.982288
      1138.00      1.93859     0.982765
      1139.00      1.93957     0.983242
      1140.00      1.94055     0.983719
      1141.00      1.94153     0.984196
      1142.00      1.94251     0.984672
      1143.00      1.94350     0.985149
      1144.00      1.94448     0.985626
      1145.00      1.94546     0.986103
      1146.00      1.94644     0.986580
      1147.00      1.94742     0.987057
      1148.00      1.94840     0.987534
      1149.00      1.94938     0.988011
      1150.00      1.95036     0.988488
      1151.00      1.95135     0.988965
      1152.00      1.95233     0.989442
      1153.00      1.95331     0.989919
      1154.00      1.95429     0.990397
      1155.00      1.95527     0.990874
      1156.00      1.95625     0.991351
      1157.00      1.95723     0.991828
      1158.00      1.95821     0.992305
      1159.00      1.95919     0.992782
      1160.00      1.96018     0.993260
      1161.00      1.96116     0.993737
      1162.00      1.96214     0.994214
      1163.00      1.96312     0.994692
      1164.00      1.96410     0.995169
      1165.00      1.96508     0.995646
      1166.00      1.96606     0.996124
      1167.00      1.96704     0.996601
      1168.00      1.96802     0.997078
      1169.00      1.96901     0.997556
      1170.00      1.96999     0.998033
      1171.00      1.97097     0.998511
      1172.00      1.97195     0.998988
      1173.00      1.97293     0.999466
      1174.00      1.97391     0.999943
      1175.00      1.97489      1.00042
      1176.00      1.97587      1.00090
      1177.00      1.97685      1.00138
      1178.00      1.97784      1.00185
      1179.00      1.97882      1.00233
      1180.00      1.97980      1.00281
      1181.00      1.98078      1.00329
      1182.00      1.98176      1.00376
      1183.00      1.98274      1.00424
      1184.00      1.98372      1.00472
      1185.00      1.98470      1.00520
      1186.00      1.98568      1.00567
      1187.00      1.98666      1.00615
      1188.00      1.98765      1.00663
      1189.00      1.98863      1.00711
      1190.00      1.98961      1.00759
      1191.00      1.99059      1.00806
      1192.00      1.99157      1.00854
      1193.00      1.99255      1.00902
      1194.00      1.99353      1.00950
      1195.00      1.99451      1.00997
      1196.00      1.99549      1.01045
      1197.00      1.99647      1.01093
      1198.00      1.99746      1.01141
      1199.00      1.99844      1.01189
      1200.00      1.99942      1.01236
      1201.00      2.00040      1.01284
      1202.00      2.00138      1.01332
      1203.00      2.00236      1.01380
      1204.00      2.00334      1.01428
      1205.00      2.00432      1.01475
      1206.00      2.00530      1.01523
      1207.00      2.00628      1.01571
      1208.00      2.00727      1.01619
      1209.00      2.00825      1.01667
      1210.00      2.00923      1.01714
      1211.00      2.01021      1.01762
      1212.00      2.01119      1.01810
      1213.00      2.01217      1.01858
      1214.00      2.01315      1.01906
      1215.00      2.01413      1.01954
      1216.00      2.01511      1.02001
      1217.00      2.01609      1.02049
      1218.00      2.01707      1.02097
      1219.00      2.01805      1.02145
      1220.00      2.01904      1.02193
      1221.00      2.02002      1.02241
      1222.00      2.02100      1.02288
      1223.00      2.02198      1.02336
      1224.00      2.02296      1.02384
      1225.00      2.02394      1.02432
      1226.00      2.02492      1.02480
      1227.00      2.02590      1.02528
      1228.00      2.02688      1.02575
      1229.00      2.02786      1.02623
      1230.00      2.02884      1.02671
      1231.00      2.02983      1.02719
      1232.00      2.03081      1.02767
      1233.00      2.03179      1.02815
      1234.00      2.03277      1.02862
      1235.00      2.03375      1.02910
      1236.00      2.03473      1.02958
      1237.00      2.03571      1.03006
      1238.00      2.03669      1.03054
      1239.00      2.03767      1.03102
      1240.00      2.03865      1.03150
      1241.00      2.03963      1.03198
      1242.00      2.04061      1.03245
      1243.00      2.04159      1.03293
      1244.00      2.04258      1.03341
      1245.00      2.04356      1.03389
      1246.00      2.04454      1.03437
      1247.00      2.04552      1.03485
      1248.00      2.04650      1.03533
      1249.00      2.04748      1.03580
      1250.00      2.04846      1.03628
      1251.00      2.04944      1.03676
      1252.00      2.05042      1.03724
      1253.00      2.05140      1.03772
      1254.00      2.05238      1.03820
      1255.00      2.05336      1.03868
      1256.00      2.05434      1.03916
      1257.00      2.05532      1.03963
      1258.00      2.05630      1.04011
      1259.00      2.05729      1.04059
      1260.00      2.05827      1.04107
      1261.00      2.05925      1.04155
      1262.00      2.06023      1.04203
      1263.00      2.06121      1.04251
      1264.00      2.06219      1.04299
      1265.00      2.06317      1.04347
      1266.00      2.06415      1.04394
      1267.00      2.06513      1.04442
      1268.00      2.06611      1.04490
      1269.00      2.06709      1.04538
      1270.00      2.06807      1.04586
      1271.00      2.06905      1.04634
      1272.00      2.07003      1.04682
      1273.00      2.07101      1.04730
      1274.00      2.07199      1.04778
      1275.00      2.07297      1.04826
      1276.00      2.07395      1.04874
      1277.00      2.07493      1.04921
      1278.00      2.07591      1.04969
      1279.00      2.07689      1.05017
      1280.00      2.07788      1.05065
      1281.00      2.07886      1.05113
      1282.00      2.07984      1.05161
      1283.00      2.08082      1.05209
      1284.00      2.08180      1.05257
      1285.00      2.08278      1.05305
      1286.00      2.08376      1.05353
      1287.00      2.08474      1.05401
      1288.00      2.08572      1.05449
      1289.00      2.08670      1.05496
      1290.00      2.08768      1.05544
      1291.00      2.08866      1.05592
      1292.00      2.08964      1.05640
      1293.00      2.09062      1.05688
      1294.00      2.09160      1.05736
      1295.00      2.09258      1.05784
      1296.00      2.09356      1.05832
      1297.00      2.09454      1.05880
      1298.00      2.09552      1.05928
      1299.00      2.09650      1.05976
      1300.00      2.09748      1.06024
      1301.00      2.09846      1.06072
      1302.00      2.09944      1.06120
      1303.00      2.10042      1.06167
      1304.00      2.10140      1.06215
      1305.00      2.10238      1.06263
      1306.00      2.10336      1.06311
      1307.00      2.10434      1.06359
      1308.00      2.10532      1.06407
      1309.00      2.10630      1.06455
      1310.00      2.10729      1.06503
      1311.00      2.10827      1.06551
      1312.00      2.10925      1.06599
      1313.00      2.11023      1.06647
      1314.00      2.11121      1.06695
      1315.00      2.11219      1.06743
      1316.00      2.11317      1.06791
      1317.00      2.11415      1.06839
      1318.00      2.11513      1.06887
      1319.00      2.11611      1.06935
      1320.00      2.11709      1.06983
      1321.00      2.11807      1.07031
      1322.00      2.11905      1.07079
      1323.00      2.12003      1.07127
      1324.00      2.12101      1.07175
      1325.00      2.12199      1.07223
      1326.00      2.12297      1.07270
      1327.00      2.12395      1.07318
      1328.00      2.12493      1.07366
      1329.00      2.12591      1.07414
      1330.00      2.12689      1.07462
      1331.00      2.12787      1.07510
      1332.00      2.12885      1.07558
      1333.00      2.12983      1.07606
      1334.00      2.13081      1.07654
      1335.00      2.13179      1.07702
      1336.00      2.13277      1.07750
      1337.00      2.13375      1.07798
      1338.00      2.13473      1.07846
      1339.00      2.13571      1.07894
      1340.00      2.13669      1.07942
      1341.00      2.13767      1.07990
      1342.00      2.13865      1.08038
      1343.00      2.13963      1.08086
      1344.00      2.14061      1.08134
      1345.00      2.14159      1.08182
      1346.00      2.14257      1.08230
      1347.00      2.14355      1.08278
      1348.00      2.14453      1.08326
      1349.00      2.14550      1.08374
      1350.00      2.14648      1.08422
      1351.00      2.14746      1.08470
      1352.00      2.14844      1.08518
      1353.00      2.14942      1.08566
      1354.00      2.15040      1.08614
      1355.00      2.15138      1.08662
      1356.00      2.15236      1.08710
      1357.00      2.15334      1.08758
      1358.00      2.15432      1.08806
      1359.00      2.15530      1.08854
      1360.00      2.15628      1.08902
      1361.00      2.15726      1.08950
      1362.00      2.15824      1.08998
      1363.00      2.15922      1.09046
      1364.00      2.16020      1.09094
      1365.00      2.16118      1.09142
      1366.00      2.16216      1.09190
      1367.00      2.16314      1.09238
      1368.00      2.16412      1.09286
      1369.00      2.16510      1.09334
      1370.00      2.16608      1.09382
      1371.00      2.16706      1.09430
      1372.00      2.16804      1.09478
      1373.00      2.16902      1.09526
      1374.00      2.17000      1.09574
      1375.00      2.17097      1.09622
      1376.00      2.17195      1.09670
      1377.00      2.17293      1.09718
      1378.00      2.17391      1.09766
      1379.00      2.17489      1.09814
      1380.00      2.17587      1.09862
      1381.00      2.17685      1.09910
      1382.00      2.17783      1.09958
      1383.00      2.17881      1.10006
      1384.00      2.17979      1.10054
      1385.00      2.18077      1.10102
      1386.00      2.18175      1.10150
      1387.00      2.18273      1.10198
      1388.00      2.18371      1.10246
      1389.00      2.18469      1.10294
      1390.00      2.18567      1.10342
      1391.00      2.18664      1.10390
      1392.00      2.18762      1.10438
      1393.00      2.18860      1.10486
      1394.00      2.18958      1.10534
      1395.00      2.19056      1.10582
      1396.00      2.19154      1.10630
      1397.00      2.19252      1.10678
      1398.00      2.19350      1.10726
      1399.00      2.19448      1.10774
      1400.00      2.19546      1.10823
      1401.00      2.19644      1.10871
      1402.00      2.19742      1.10919
      1403.00      2.19840      1.10967
      1404.00      2.19937      1.11015
      1405.00      2.20035      1.11063
      1406.00      2.20133      1.11111
      1407.00      2.20231      1.11159
      1408.00      2.20329      1.11207
      1409.00      2.20427      1.11255
      1410.00      2.20525      1.11303
      1411.00      2.20623      1.11351
      1412.00      2.20721      1.11399
      1413.00      2.20819      1.11447
      1414.00      2.20916      1.11495
      1415.00      2.21014      1.11543
      1416.00      2.21112      1.11591
      1417.00      2.21210      1.11639
      1418.00      2.21308      1.11687
      1419.00      2.21406      1.11735
      1420.00      2.21504      1.11783
      1421.00      2.21602      1.11831
      1422.00      2.21700      1.11879
      1423.00      2.21798      1.11927
      1424.00      2.21895      1.11975
      1425.00      2.21993      1.12023
      1426.00      2.22091      1.12072
      1427.00      2.22189      1.12120
      1428.00      2.22287      1.12168
      1429.00      2.22385      1.12216
      1430.00      2.22483      1.12264
      1431.00      2.22581      1.12312
      1432.00      2.22678      1.12360
      1433.00      2.22776      1.12408
      1434.00      2.22874      1.12456
      1435.00      2.22972      1.12504
      1436.00      2.23070      1.12552
      1437.00      2.23168      1.12600
      1438.00      2.23266      1.12648
      1439.00      2.23363      1.12696
      1440.00      2.23461      1.12744
      1441.00      2.23559      1.12792
      1442.00      2.23657      1.12840
      1443.00      2.23755      1.12888
      1444.00      2.23853      1.12936
      1445.00      2.23951      1.12984
      1446.00      2.24049      1.13033
      1447.00      2.24146      1.13081
      1448.00      2.24244      1.13129
      1449.00      2.24342      1.13177
      1450.00      2.24440      1.13225
      1451.00      2.24538      1.13273
      1452.00      2.24636      1.13321
      1453.00      2.24733      1.13369
      1454.00      2.24831      1.13417
      1455.00      2.24929      1.13465
      1456.00      2.25027      1.13513
      1457.00      2.25125      1.13561
      1458.00      2.25223      1.13609
      1459.00      2.25320      1.13657
      1460.00      2.25418      1.13705
      1461.00      2.25516      1.13753
      1462.00      2.25614      1.13801
      1463.00      2.25712      1.13850
      1464.00      2.25810      1.13898
      1465.00      2.25907      1.13946
      1466.00      2.26005      1.13994
      1467.00      2.26103      1.14042
      1468.00      2.26201      1.14090
      1469.00      2.26299      1.14138
      1470.00      2.26397      1.14186
      1471.00      2.26494      1.14234
      1472.00      2.26592      1.14282
      1473.00      2.26690      1.14330
      1474.00      2.26788      1.14378
      1475.00      2.26886      1.14426
      1476.00      2.26983      1.14474
      1477.00      2.27081      1.14523
      1478.00      2.27179      1.14571
      1479.00      2.27277      1.14619
      1480.00      2.27375      1.14667
      1481.00      2.27472      1.14715
      1482.00      2.27570      1.14763
      1483.00      2.27668      1.14811
      1484.00      2.27766      1.14859
      1485.00      2.27864      1.14907
      1486.00      2.27961      1.14955
      1487.00      2.28059      1.15003
      1488.00      2.28157      1.15051
      1489.00      2.28255      1.15099
      1490.00      2.28353      1.15147
      1491.00      2.28450      1.15196
      1492.00      2.28548      1.15244
      1493.00      2.28646      1.15292
      1494.00      2.28744      1.15340
      1495.00      2.28841      1.15388
      1496.00      2.28939      1.15436
      1497.00      2.29037      1.15484
      1498.00      2.29135      1.15532
      1499.00      2.29233      1.15580
      1500.00      2.29330      1.15628
      1501.00      2.29428      1.15676
      1502.00      2.29526      1.15724
      1503.00      2.29624      1.15772
      1504.00      2.29721      1.15820
      1505.00      2.29819      1.15869
      1506.00      2.29917      1.15917
      1507.00      2.30015      1.15965
      1508.00      2.30112      1.16013
      1509.00      2.30210      1.16061
      1510.00      2.30308      1.16109
      1511.00      2.30406      1.16157
      1512.00      2.30503      1.16205
      1513.00      2.30601      1.16253
      1514.00      2.30699      1.16301
      1515.00      2.30797      1.16349
      1516.00      2.30894      1.16397
      1517.00      2.30992      1.16446
      1518.00      2.31090      1.16494
      1519.00      2.31188      1.16542
      1520.00      2.31285      1.16590
      1521.00      2.31383      1.16638
      1522.00      2.31481      1.16686
      1523.00      2.31579      1.16734
      1524.00      2.31676      1.16782
      1525.00      2.31774      1.16830
      1526.00      2.31872      1.16878
      1527.00      2.31969      1.16926
      1528.00      2.32067      1.16974
      1529.00      2.32165      1.17023
      1530.00      2.32263      1.17071
      1531.00      2.32360      1.17119
      1532.00      2.32458      1.17167
      1533.00      2.32556      1.17215
      1534.00      2.32653      1.17263
      1535.00      2.32751      1.17311
      1536.00      2.32849      1.17359
      1537.00      2.32947      1.17407
      1538.00      2.33044      1.17455
      1539.00      2.33142      1.17503
      1540.00      2.33240      1.17551
      1541.00      2.33337      1.17600
      1542.00      2.33435      1.17648
      1543.00      2.33533      1.17696
      1544.00      2.33630      1.17744
      1545.00      2.33728      1.17792
      1546.00      2.33826      1.17840
      1547.00      2.33923      1.17888
      1548.00      2.34021      1.17936
      1549.00      2.34119      1.17984
      1550.00      2.34216      1.18032
      1551.00      2.34314      1.18080
      1552.00      2.34412      1.18128
      1553.00      2.34510      1.18177
      1554.00      2.34607      1.18225
      1555.00      2.34705      1.18273
      1556.00      2.34803      1.18321
      1557.00      2.34900      1.18369
      1558.00      2.34998      1.18417
      1559.00      2.35096      1.18465
      1560.00      2.35193      1.18513
      1561.00      2.35291      1.18561
      1562.00      2.35389      1.18609
      1563.00      2.35486      1.18657
      1564.00      2.35584      1.18705
      1565.00      2.35681      1.18754
      1566.00      2.35779      1.18802
      1567.00      2.35877      1.18850
      1568.00      2.35974      1.18898
      1569.00      2.36072      1.18946
      1570.00      2.36170      1.18994
      1571.00      2.36267      1.19042
      1572.00      2.36365      1.19090
      1573.00      2.36463      1.19138
      1574.00      2.36560      1.19186
      1575.00      2.36658      1.19234
      1576.00      2.36756      1.19282
      1577.00      2.36853      1.19331
      1578.00      2.36951      1.19379
      1579.00      2.37048      1.19427
      1580.00      2.37146      1.19475
      1581.00      2.37244      1.19523
      1582.00      2.37341      1.19571
      1583.00      2.37439      1.19619
      1584.00      2.37536      1.19667
      1585.00      2.37634      1.19715
      1586.00      2.37732      1.19763
      1587.00      2.37829      1.19811
      1588.00      2.37927      1.19860
      1589.00      2.38024      1.19908
      1590.00      2.38122      1.19956
      1591.00      2.38220      1.20004
      1592.00      2.38317      1.20052
      1593.00      2.38415      1.20100
      1594.00      2.38512      1.20148
      1595.00      2.38610      1.20196
      1596.00      2.38708      1.20244
      1597.00      2.38805      1.20292
      1598.00      2.38903      1.20340
      1599.00      2.39000      1.20388
      1600.00      2.39098      1.20437
      1601.00      2.39196      1.20485
      1602.00      2.39293      1.20533
      1603.00      2.39391      1.20581
      1604.00      2.39488      1.20629
      1605.00      2.39586      1.20677
      1606.00      2.39683      1.20725
      1607.00      2.39781      1.20773
      1608.00      2.39879      1.20821
      1609.00      2.39976      1.20869
      1610.00      2.40074      1.20917
      1611.00      2.40171      1.20965
      1612.00      2.40269      1.21014
      1613.00      2.40366      1.21062
      1614.00      2.40464      1.21110
      1615.00      2.40561      1.21158
      1616.00      2.40659      1.21206
      1617.00      2.40756      1.21254
      1618.00      2.40854      1.21302
      1619.00      2.40952      1.21350
      1620.00      2.41049      1.21398
      1621.00      2.41147      1.21446
      1622.00      2.41244      1.21494
      1623.00      2.41342      1.21542
      1624.00      2.41439      1.21591
      1625.00      2.41537      1.21639
      1626.00      2.41634      1.21687
      1627.00      2.41732      1.21735
      1628.00      2.41829      1.21783
      1629.00      2.41927      1.21831
      1630.00      2.42024      1.21879
      1631.00      2.42122      1.21927
      1632.00      2.42219      1.21975
      1633.00      2.42317      1.22023
      1634.00      2.42414      1.22071
      1635.00      2.42512      1.22119
      1636.00      2.42609      1.22167
      1637.00      2.42707      1.22216
      1638.00      2.42804      1.22264
      1639.00      2.42902      1.22312
      1640.00      2.42999      1.22360
      1641.00      2.43097      1.22408
      1642.00      2.43194      1.22456
      1643.00      2.43292      1.22504
      1644.00      2.43389      1.22552
      1645.00      2.43487      1.22600
      1646.00      2.43584      1.22648
      1647.00      2.43682      1.22696
      1648.00      2.43779      1.22744
      1649.00      2.43877      1.22792
      1650.00      2.43974      1.22841
      1651.00      2.44072      1.22889
      1652.00      2.44169      1.22937
      1653.00      2.44267      1.22985
      1654.00      2.44364      1.23033
      1655.00      2.44461      1.23081
      1656.00      2.44559      1.23129
      1657.00      2.44656      1.23177
      1658.00      2.44754      1.23225
      1659.00      2.44851      1.23273
      1660.00      2.44949      1.23321
      1661.00      2.45046      1.23369
      1662.00      2.45144      1.23417
      1663.00      2.45241      1.23465
      1664.00      2.45338      1.23514
      1665.00      2.45436      1.23562
      1666.00      2.45533      1.23610
      1667.00      2.45631      1.23658
      1668.00      2.45728      1.23706
      1669.00      2.45826      1.23754
      1670.00      2.45923      1.23802
      1671.00      2.46020      1.23850
      1672.00      2.46118      1.23898
      1673.00      2.46215      1.23946
      1674.00      2.46313      1.23994
      1675.00      2.46410      1.24042
      1676.00      2.46508      1.24090
      1677.00      2.46605      1.24138
      1678.00      2.46702      1.24186
      1679.00      2.46800      1.24235
      1680.00      2.46897      1.24283
      1681.00      2.46995      1.24331
      1682.00      2.47092      1.24379
      1683.00      2.47189      1.24427
      1684.00      2.47287      1.24475
      1685.00      2.47384      1.24523
      1686.00      2.47481      1.24571
      1687.00      2.47579      1.24619
      1688.00      2.47676      1.24667
      1689.00      2.47774      1.24715
      1690.00      2.47871      1.24763
      1691.00      2.47968      1.24811
      1692.00      2.48066      1.24859
      1693.00      2.48163      1.24907
      1694.00      2.48260      1.24955
      1695.00      2.48358      1.25003
      1696.00      2.48455      1.25052
      1697.00      2.48552      1.25100
      1698.00      2.48650      1.25148
      1699.00      2.48747      1.25196
      1700.00      2.48845      1.25244
      1701.00      2.48942      1.25292
      1702.00      2.49039      1.25340
      1703.00      2.49137      1.25388
      1704.00      2.49234      1.25436
      1705.00      2.49331      1.25484
      1706.00      2.49429      1.25532
      1707.00      2.49526      1.25580
      1708.00      2.49623      1.25628
      1709.00      2.49721      1.25676
      1710.00      2.49818      1.25724
      1711.00      2.49915      1.25772
      1712.00      2.50012      1.25820
      1713.00      2.50110      1.25868
      1714.00      2.50207      1.25916
      1715.00      2.50304      1.25964
      1716.00      2.50402      1.26013
      1717.00      2.50499      1.26061
      1718.00      2.50596      1.26109
      1719.00      2.50694      1.26157
      1720.00      2.50791      1.26205
      1721.00      2.50888      1.26253
      1722.00      2.50986      1.26301
      1723.00      2.51083      1.26349
      1724.00      2.51180      1.26397
      1725.00      2.51277      1.26445
      1726.00      2.51375      1.26493
      1727.00      2.51472      1.26541
      1728.00      2.51569      1.26589
      1729.00      2.51666      1.26637
      1730.00      2.51764      1.26685
      1731.00      2.51861      1.26733
      1732.00      2.51958      1.26781
      1733.00      2.52055      1.26829
      1734.00      2.52153      1.26877
      1735.00      2.52250      1.26925
      1736.00      2.52347      1.26973
      1737.00      2.52445      1.27021
      1738.00      2.52542      1.27069
      1739.00      2.52639      1.27117
      1740.00      2.52736      1.27165
      1741.00      2.52833      1.27213
      1742.00      2.52931      1.27262
      1743.00      2.53028      1.27310
      1744.00      2.53125      1.27358
      1745.00      2.53222      1.27406
      1746.00      2.53320      1.27454
      1747.00      2.53417      1.27502
      1748.00      2.53514      1.27550
      1749.00      2.53611      1.27598
      1750.00      2.53708      1.27646
      1751.00      2.53806      1.27694
      1752.00      2.53903      1.27742
      1753.00      2.54000      1.27790
      1754.00      2.54097      1.27838
      1755.00      2.54194      1.27886
      1756.00      2.54292      1.27934
      1757.00      2.54389      1.27982
      1758.00      2.54486      1.28030
      1759.00      2.54583      1.28078
      1760.00      2.54680      1.28126
      1761.00      2.54778      1.28174
      1762.00      2.54875      1.28222
      1763.00      2.54972      1.28270
      1764.00      2.55069      1.28318
      1765.00      2.55166      1.28366
      1766.00      2.55263      1.28414
      1767.00      2.55361      1.28462
      1768.00      2.55458      1.28510
      1769.00      2.55555      1.28558
      1770.00      2.55652      1.28606
      1771.00      2.55749      1.28654
      1772.00      2.55846      1.28702
      1773.00      2.55944      1.28750
      1774.00      2.56041      1.28798
      1775.00      2.56138      1.28846
      1776.00      2.56235      1.28894
      1777.00      2.56332      1.28942
      1778.00      2.56429      1.28990
      1779.00      2.56526      1.29038
      1780.00      2.56624      1.29086
      1781.00      2.56721      1.29134
      1782.00      2.56818      1.29182
      1783.00      2.56915      1.29230
      1784.00      2.57012      1.29278
      1785.00      2.57109      1.29326
      1786.00      2.57206      1.29374
      1787.00      2.57303      1.29422
      1788.00      2.57400      1.29470
      1789.00      2.57497      1.29518
      1790.00      2.57595      1.29566
      1791.00      2.57692      1.29614
      1792.00      2.57789      1.29662
      1793.00      2.57886      1.29710
      1794.00      2.57983      1.29758
      1795.00      2.58080      1.29806
      1796.00      2.58177      1.29854
      1797.00      2.58274      1.29902
      1798.00      2.58371      1.29950
      1799.00      2.58468      1.29998
      1800.00      2.58565      1.30046
      1801.00      2.58663      1.30094
      1802.00      2.58760      1.30142
      1803.00      2.58857      1.30190
      1804.00      2.58954      1.30238
      1805.00      2.59051      1.30286
      1806.00      2.59148      1.30334
      1807.00      2.59245      1.30382
      1808.00      2.59342      1.30430
      1809.00      2.59439      1.30478
      1810.00      2.59536      1.30526
      1811.00      2.59633      1.30574
      1812.00      2.59730      1.30622
      1813.00      2.59827      1.30670
      1814.00      2.59924      1.30718
      1815.00      2.60021      1.30766
      1816.00      2.60118      1.30814
      1817.00      2.60215      1.30862
      1818.00      2.60312      1.30910
      1819.00      2.60409      1.30958
      1820.00      2.60506      1.31006
      1821.00      2.60603      1.31054
      1822.00      2.60700      1.31102
      1823.00      2.60797      1.31149
      1824.00      2.60894      1.31197
      1825.00      2.60991      1.31245
      1826.00      2.61088      1.31293
      1827.00      2.61185      1.31341
      1828.00      2.61282      1.31389
      1829.00      2.61379      1.31437
      1830.00      2.61476      1.31485
      1831.00      2.61573      1.31533
      1832.00      2.61670      1.31581
      1833.00      2.61767      1.31629
      1834.00      2.61864      1.31677
      1835.00      2.61961      1.31725
      1836.00      2.62058      1.31773
      1837.00      2.62155      1.31821
      1838.00      2.62252      1.31869
      1839.00      2.62349      1.31917
      1840.00      2.62446      1.31965
      1841.00      2.62543      1.32013
      1842.00      2.62640      1.32061
      1843.00      2.62737      1.32109
      1844.00      2.62834      1.32157
      1845.00      2.62931      1.32205
      1846.00      2.63028      1.32252
      1847.00      2.63125      1.32300
      1848.00      2.63221      1.32348
      1849.00      2.63318      1.32396
      1850.00      2.63415      1.32444
      1851.00      2.63512      1.32492
      1852.00      2.63609      1.32540
      1853.00      2.63706      1.32588
      1854.00      2.63803      1.32636
      1855.00      2.63900      1.32684
      1856.00      2.63997      1.32732
      1857.00      2.64094      1.32780
      1858.00      2.64191      1.32828
      1859.00      2.64288      1.32876
      1860.00      2.64384      1.32924
      1861.00      2.64481      1.32971
      1862.00      2.64578      1.33019
      1863.00      2.64675      1.33067
      1864.00      2.64772      1.33115
      1865.00      2.64869      1.33163
      1866.00      2.64966      1.33211
      1867.00      2.65063      1.33259
      1868.00      2.65160      1.33307
      1869.00      2.65256      1.33355
      1870.00      2.65353      1.33403
      1871.00      2.65450      1.33451
      1872.00      2.65547      1.33499
      1873.00      2.65644      1.33547
      1874.00      2.65741      1.33594
      1875.00      2.65838      1.33642
      1876.00      2.65934      1.33690
      1877.00      2.66031      1.33738
      1878.00      2.66128      1.33786
      1879.00      2.66225      1.33834
      1880.00      2.66322      1.33882
      1881.00      2.66419      1.33930
      1882.00      2.66515      1.33978
      1883.00      2.66612      1.34026
      1884.00      2.66709      1.34074
      1885.00      2.66806      1.34121
      1886.00      2.66903      1.34169
      1887.00      2.67000      1.34217
      1888.00      2.67097      1.34265
      1889.00      2.67193      1.34313
      1890.00      2.67290      1.34361
      1891.00      2.67387      1.34409
      1892.00      2.67484      1.34457
      1893.00      2.67581      1.34505
      1894.00      2.67677      1.34552
      1895.00      2.67774      1.34600
      1896.00      2.67871      1.34648
      1897.00      2.67968      1.34696
      1898.00      2.68065      1.34744
      1899.00      2.68161      1.34792
      1900.00      2.68258      1.34840
      1901.00      2.68355      1.34888
      1902.00      2.68452      1.34936
      1903.00      2.68549      1.34983
      1904.00      2.68645      1.35031
      1905.00      2.68742      1.35079
      1906.00      2.68839      1.35127
      1907.00      2.68936      1.35175
      1908.00      2.69032      1.35223
      1909.00      2.69129      1.35271
      1910.00      2.69226      1.35319
      1911.00      2.69323      1.35366
      1912.00      2.69419      1.35414
      1913.00      2.69516      1.35462
      1914.00      2.69613      1.35510
      1915.00      2.69710      1.35558
      1916.00      2.69806      1.35606
      1917.00      2.69903      1.35654
      1918.00      2.70000      1.35701
      1919.00      2.70097      1.35749
      1920.00      2.70193      1.35797
      1921.00      2.70290      1.35845
      1922.00      2.70387      1.35893
      1923.00      2.70483      1.35941
      1924.00      2.70580      1.35989
      1925.00      2.70677      1.36036
      1926.00      2.70774      1.36084
      1927.00      2.70870      1.36132
      1928.00      2.70967      1.36180
      1929.00      2.71064      1.36228
      1930.00      2.71160      1.36276
      1931.00      2.71257      1.36323
      1932.00      2.71354      1.36371
      1933.00      2.71450      1.36419
      1934.00      2.71547      1.36467
      1935.00      2.71644      1.36515
      1936.00      2.71741      1.36563
      1937.00      2.71837      1.36611
      1938.00      2.71934      1.36658
      1939.00      2.72031      1.36706
      1940.00      2.72127      1.36754
      1941.00      2.72224      1.36802
      1942.00      2.72321      1.36850
      1943.00      2.72417      1.36897
      1944.00      2.72514      1.36945
      1945.00      2.72611      1.36993
      1946.00      2.72707      1.37041
      1947.00      2.72804      1.37089
      1948.00      2.72901      1.37137
      1949.00      2.72997      1.37184
      1950.00      2.73094      1.37232
      1951.00      2.73191      1.37280
      1952.00      2.73287      1.37328
      1953.00      2.73384      1.37376
      1954.00      2.73480      1.37423
      1955.00      2.73577      1.37471
      1956.00      2.73674      1.37519
      1957.00      2.73770      1.37567
      1958.00      2.73867      1.37615
      1959.00      2.73964      1.37663
      1960.00      2.74060      1.37710
      1961.00      2.74157      1.37758
      1962.00      2.74253      1.37806
      1963.00      2.74350      1.37854
      1964.00      2.74447      1.37901
      1965.00      2.74543      1.37949
      1966.00      2.74640      1.37997
      1967.00      2.74736      1.38045
      1968.00      2.74833      1.38093
      1969.00      2.74930      1.38140
      1970.00      2.75026      1.38188
      1971.00      2.75123      1.38236
      1972.00      2.75219      1.38284
      1973.00      2.75316      1.38332
      1974.00      2.75413      1.38379
      1975.00      2.75509      1.38427
      1976.00      2.75606      1.38475
      1977.00      2.75702      1.38523
      1978.00      2.75799      1.38570
      1979.00      2.75895      1.38618
      1980.00      2.75992      1.38666
      1981.00      2.76089      1.38714
      1982.00      2.76185      1.38762
      1983.00      2.76282      1.38809
      1984.00      2.76378      1.38857
      1985.00      2.76475      1.38905
      1986.00      2.76571      1.38953
      1987.00      2.76668      1.39000
      1988.00      2.76764      1.39048
      1989.00      2.76861      1.39096
      1990.00      2.76957      1.39144
      1991.00      2.77054      1.39191
      1992.00      2.77150      1.39239
      1993.00      2.77247      1.39287
      1994.00      2.77344      1.39335
      1995.00      2.77440      1.39382
      1996.00      2.77537      1.39430
      1997.00      2.77633      1.39478
      1998.00      2.77730      1.39526
      1999.00      2.77826      1.39573
      2000.00      2.77923      1.39621
      2001.00      2.78019      1.39669
      2002.00      2.78116      1.39717
      2003.00      2.78212      1.39764
      2004.00      2.78309      1.39812
      2005.00      2.78405      1.39860
      2006.00      2.78502      1.39908
      2007.00      2.78598      1.39955
      2008.00      2.78694      1.40003
      2009.00      2.78791      1.40051
      2010.00      2.78887      1.40098
      2011.00      2.78984      1.40146
      2012.00      2.79080      1.40194
      2013.00      2.79177      1.40242
      2014.00      2.79273      1.40289
      2015.00      2.79370      1.40337
      2016.00      2.79466      1.40385
      2017.00      2.79563      1.40432
      2018.00      2.79659      1.40480
      2019.00      2.79756      1.40528
      2020.00      2.79852      1.40576
      2021.00      2.79949      1.40623
      2022.00      2.80045      1.40671
      2023.00      2.80141      1.40719
      2024.00      2.80238      1.40766
      2025.00      2.80334      1.40814
      2026.00      2.80431      1.40862
      2027.00      2.80527      1.40909
      2028.00      2.80624      1.40957
      2029.00      2.80720      1.41005
      2030.00      2.80817      1.41053
      2031.00      2.80913      1.41100
      2032.00      2.81009      1.41148
      2033.00      2.81106      1.41196
      2034.00      2.81202      1.41243
      2035.00      2.81299      1.41291
      2036.00      2.81395      1.41339
      2037.00      2.81491      1.41386
      2038.00      2.81588      1.41434
      2039.00      2.81684      1.41482
      2040.00      2.81781      1.41529
      2041.00      2.81877      1.41577
      2042.00      2.81973      1.41625
      2043.00      2.82070      1.41672
      2044.00      2.82166      1.41720
      2045.00      2.82262      1.41768
      2046.00      2.82359      1.41815
      2047.00      2.82455      1.41863
