#Kreidberg et al. 2014
#wl [um]			(Rp/Rstar)^2		(Rp/Rstar)^2 err
1.147000000000000020e+00 2.553000000000000061e-02 5.399999999999999798e-05
1.169999999999999929e+00 2.542000000000000162e-02 5.199999999999999680e-05
1.193000000000000060e+00 2.540999999999999856e-02 4.899999999999999842e-05
1.215999999999999970e+00 2.529999999999999957e-02 5.199999999999999680e-05
1.239000000000000101e+00 2.548999999999999877e-02 4.899999999999999842e-05
1.262000000000000011e+00 2.542000000000000162e-02 5.199999999999999680e-05
1.284999999999999920e+00 2.540999999999999856e-02 4.899999999999999842e-05
1.308000000000000052e+00 2.542000000000000162e-02 5.000000000000000240e-05
1.330999999999999961e+00 2.544000000000000081e-02 4.500000000000000283e-05
1.354000000000000092e+00 2.559000000000000163e-02 5.000000000000000240e-05
1.377000000000000002e+00 2.555999999999999939e-02 4.600000000000000004e-05
1.399999999999999911e+00 2.554999999999999979e-02 4.899999999999999842e-05
1.423000000000000043e+00 2.546999999999999958e-02 4.600000000000000004e-05
1.447000000000000064e+00 2.539999999999999897e-02 5.099999999999999960e-05
1.469999999999999973e+00 2.535000000000000100e-02 4.600000000000000004e-05
1.493000000000000105e+00 2.538999999999999937e-02 5.099999999999999960e-05
1.516000000000000014e+00 2.544000000000000081e-02 4.699999999999999724e-05
1.538999999999999924e+00 2.544000000000000081e-02 4.800000000000000122e-05
1.562000000000000055e+00 2.542000000000000162e-02 4.899999999999999842e-05
1.584999999999999964e+00 2.537999999999999978e-02 4.899999999999999842e-05
1.608000000000000096e+00 2.536000000000000060e-02 5.300000000000000078e-05
1.631000000000000005e+00 2.536000000000000060e-02 5.099999999999999960e-05
