1.142500000000000071e+00 3.669999999999999760e-04 4.500000000000000283e-05
1.177499999999999991e+00 4.310000000000000137e-04 3.899999999999999929e-05
1.212499999999999911e+00 4.139999999999999800e-04 3.800000000000000209e-05
1.247500000000000053e+00 4.820000000000000066e-04 3.600000000000000091e-05
1.282499999999999973e+00 4.600000000000000139e-04 3.699999999999999811e-05
1.317499999999999893e+00 4.730000000000000046e-04 3.300000000000000253e-05
1.352500000000000036e+00 3.530000000000000152e-04 3.399999999999999973e-05
1.387499999999999956e+00 3.130000000000000187e-04 3.000000000000000076e-05
1.422500000000000098e+00 3.200000000000000262e-04 3.600000000000000091e-05
1.457500000000000018e+00 3.939999999999999817e-04 3.600000000000000091e-05
1.492499999999999938e+00 4.389999999999999914e-04 3.300000000000000253e-05
1.527500000000000080e+00 4.580000000000000195e-04 3.499999999999999693e-05
1.562500000000000000e+00 5.950000000000000427e-04 3.600000000000000091e-05
1.597499999999999920e+00 6.139999999999999625e-04 3.699999999999999811e-05
1.632500000000000062e+00 7.320000000000000118e-04 4.199999999999999768e-05
