6.000000000000000000e+00 2.925631925786927902e-05
6.006012024048096087e+00 2.929794165966447355e-05
6.012024048096192175e+00 2.933958495076619476e-05
6.018036072144288262e+00 2.938124913443378140e-05
6.024048096192384349e+00 2.942289194127672424e-05
6.030060120240481325e+00 2.945775217477826212e-05
6.036072144288577412e+00 2.949261707325280451e-05
6.042084168336673500e+00 2.952750606715988496e-05
6.048096192384769587e+00 2.956243635035541079e-05
6.054108216432865675e+00 2.959717577764098948e-05
6.060120240480961762e+00 2.963182909308683969e-05
6.066132264529057849e+00 2.966650476090812346e-05
6.072144288577153937e+00 2.970118446914788243e-05
6.078156312625250912e+00 2.973586821780613352e-05
6.084168336673347000e+00 2.977058192564654323e-05
6.090180360721443087e+00 2.980531114186577479e-05
6.096192384769539174e+00 2.984004440310009557e-05
6.102204408817635262e+00 2.987482794064221187e-05
6.108216432865731349e+00 2.990969551020609342e-05
6.114228456913827436e+00 2.994456732496715920e-05
6.120240480961923524e+00 2.997944488080524523e-05
6.126252505010019611e+00 3.001436258546212704e-05
6.132264529058116587e+00 3.004928454013481445e-05
6.138276553106212674e+00 3.008421074482329729e-05
6.144288577154308761e+00 3.011916788292576269e-05
6.150300601202404849e+00 3.015410885095395262e-05
6.156312625250500936e+00 3.018846135777318205e-05
6.162324649298597024e+00 3.022283122026166107e-05
6.168336673346693111e+00 3.025722692080421797e-05
6.174348697394789198e+00 3.029162551420838093e-05
6.180360721442886174e+00 3.032602924550526272e-05
6.186372745490982261e+00 3.036047104355187859e-05
6.192384769539078349e+00 3.039491573773258181e-05
6.198396793587174436e+00 3.042936332804736899e-05
6.204408817635270523e+00 3.496666179505012714e-05
6.210420841683366611e+00 4.115345136965285999e-05
6.216432865731462698e+00 4.735419438299806133e-05
6.222444889779558785e+00 6.731034783033444505e-05
6.228456913827654873e+00 1.073833905934313626e-04
6.234468937875751848e+00 1.475470699705098705e-04
6.240480961923847936e+00 1.960990445762014615e-04
6.246492985971944023e+00 3.402913546936609424e-04
6.252505010020040110e+00 4.848050700541852082e-04
6.258517034068136198e+00 6.296345710354680526e-04
6.264529058116232285e+00 6.248019983432605154e-04
6.270541082164328373e+00 5.707940187789122466e-04
6.276553106212424460e+00 5.166653998554857725e-04
6.282565130260521435e+00 4.501907188730240399e-04
6.288577154308617523e+00 3.671224802814964305e-04
6.294589178356713610e+00 2.838704842415847962e-04
6.300601202404809698e+00 2.053779265207894751e-04
6.306613226452905785e+00 1.712492062403900544e-04
6.312625250501001872e+00 1.370434594880661351e-04
6.318637274549097960e+00 1.027606749434746032e-04
6.324649298597194047e+00 9.629358802463178885e-05
6.330661322645291023e+00 9.799639946438004645e-05
6.336673346693387110e+00 9.970278755190426748e-05
6.342685370741483197e+00 1.030283591394686967e-04
6.348697394789579285e+00 1.083760558843236381e-04
6.354709418837675372e+00 1.137343321605844030e-04
6.360721442885771459e+00 1.194137920337888455e-04
6.366733466933867547e+00 1.273784213710513452e-04
6.372745490981963634e+00 1.353617142421446970e-04
6.378757515030059722e+00 1.433636771862675677e-04
6.384769539078156697e+00 1.668154742607870630e-04
6.390781563126252784e+00 1.943473140714950358e-04
6.396793587174348872e+00 2.219441169140021490e-04
6.402805611222444959e+00 2.540505148408573059e-04
6.408817635270541047e+00 2.913186094288204423e-04
6.414829659318637134e+00 3.286751090979918234e-04
6.420841683366733221e+00 3.757750371667521651e-04
6.426853707414829309e+00 4.823664900260848367e-04
6.432865731462925396e+00 5.892111008990663038e-04
6.438877755511022372e+00 6.963089643904529953e-04
6.444889779559118459e+00 9.022879091550903936e-04
6.450901803607214546e+00 1.131418237958366907e-03
6.456913827655310634e+00 1.361094028353679840e-03
6.462925851703406721e+00 1.794711777324830421e-03
6.468937875751502808e+00 2.444156997625534979e-03
6.474949899799598896e+00 3.095142335844265537e-03
6.480961923847694983e+00 3.973155671255974332e-03
6.486973947895791959e+00 6.038461849488272436e-03
6.492985971943888046e+00 8.108661272470178011e-03
6.498997995991984133e+00 1.018375580044433848e-02
6.505010020040080221e+00 1.563766575918482116e-02
6.511022044088176308e+00 2.176695222812952482e-02
6.517034068136272396e+00 2.789544370205305351e-02
6.523046092184368483e+00 3.820227151473879618e-02
6.529058116232464570e+00 5.257752890756127451e-02
6.535070140280561546e+00 6.695122246664776677e-02
6.541082164328657633e+00 8.154333694649312791e-02
6.547094188376753721e+00 9.713629648937367744e-02
6.553106212424849808e+00 1.127278119906948289e-01
6.559118236472945895e+00 1.283177770404009266e-01
6.565130260521041983e+00 1.359265705340136354e-01
6.571142284569138070e+00 1.421634477194622936e-01
6.577154308617234157e+00 1.484000219082355354e-01
6.583166332665330245e+00 1.537774460075992111e-01
6.589178356713427220e+00 1.583827519539404427e-01
6.595190380761523308e+00 1.629878333954142555e-01
6.601202404809619395e+00 1.685312978348659230e-01
6.607214428857715482e+00 1.778287572520749205e-01
6.613226452905811570e+00 1.871256403110363731e-01
6.619238476953907657e+00 1.964219467900375771e-01
6.625250501002003745e+00 2.074763996905103491e-01
6.631262525050099832e+00 2.187852284645666057e-01
6.637274549098195919e+00 2.300933421192568329e-01
6.643286573146292895e+00 2.359933522894977209e-01
6.649298597194388982e+00 2.374089552000215042e-01
6.655310621242485070e+00 2.388209000412867822e-01
6.661322645290581157e+00 2.395546003861687423e-01
6.667334669338677244e+00 2.378858087797690035e-01
6.673346693386773332e+00 2.362171763528742308e-01
6.679358717434869419e+00 2.345487031374826337e-01
6.685370741482966395e+00 2.306438750969945217e-01
6.691382765531062482e+00 2.264723898584017348e-01
6.697394789579158569e+00 2.223013069130202191e-01
6.703406813627254657e+00 2.198923818384415363e-01
6.709418837675350744e+00 2.188307999890334032e-01
6.715430861723446831e+00 2.177692584995147285e-01
6.721442885771542919e+00 2.171980041534750383e-01
6.727454909819639006e+00 2.181791867587422606e-01
6.733466933867735094e+00 2.191603266665585470e-01
6.739478957915832069e+00 2.201414238496726961e-01
6.745490981963928157e+00 2.247463277198717968e-01
6.751503006012024244e+00 2.296943456479673684e-01
6.757515030060120331e+00 2.346404200321991762e-01
6.763527054108216419e+00 2.409508222579158088e-01
6.769539078156312506e+00 2.482222502845767287e-01
6.775551102204408593e+00 2.554932326446427426e-01
6.781563126252504681e+00 2.620571397154797810e-01
6.787575150300600768e+00 2.666095290851521749e-01
6.793587174348697744e+00 2.711616380613383614e-01
6.799599198396793831e+00 2.757134665309515786e-01
6.805611222444889918e+00 2.781690583403581551e-01
6.811623246492986006e+00 2.804748825570506088e-01
6.817635270541082093e+00 2.827806577894628193e-01
6.823647294589178181e+00 2.833050019801376940e-01
6.829659318637274268e+00 2.826743846129418092e-01
6.835671342685370355e+00 2.820437797650478529e-01
6.841683366733466443e+00 2.817254518281179787e-01
6.847695390781563418e+00 2.822038111280376627e-01
6.853707414829659506e+00 2.826814660658789613e-01
6.859719438877755593e+00 2.831586647307977600e-01
6.865731462925851680e+00 2.792729828545030824e-01
6.871743486973947768e+00 2.751740611725629337e-01
6.877755511022043855e+00 2.710754741254902678e-01
6.883767535070139942e+00 2.687598766501778647e-01
6.889779559118236918e+00 2.675064290352276442e-01
6.895791583166333005e+00 2.662530801622627896e-01
6.901803607214429093e+00 2.652130203202929803e-01
6.907815631262525180e+00 2.646704599392855073e-01
6.913827655310621267e+00 2.641279317448256281e-01
6.919839679358717355e+00 2.635854357652311353e-01
6.925851703406813442e+00 2.641331457980942155e-01
6.931863727454909530e+00 2.647106792086060811e-01
6.937875751503005617e+00 2.652881671547829834e-01
6.943887775551102592e+00 2.668639424059924825e-01
6.949899799599198680e+00 2.689850646094211761e-01
6.955911823647294767e+00 2.711074073157752062e-01
6.961923847695390855e+00 2.726350765867096015e-01
6.967935871743486942e+00 2.728992358932561535e-01
6.973947895791583029e+00 2.731633735774219307e-01
6.979959919839679117e+00 2.734274896233631624e-01
6.985971943887775204e+00 2.745133584246063352e-01
6.991983967935871291e+00 2.756046708224622610e-01
6.997995991983968267e+00 2.766959113226939992e-01
7.004008016032064354e+00 2.780051983235284907e-01
7.010020040080160442e+00 2.794240393947382550e-01
7.016032064128256529e+00 2.808434887770802635e-01
7.022044088176352616e+00 2.825644016203469056e-01
7.028056112224448704e+00 2.848701995772287554e-01
7.034068136272544791e+00 2.871770000797551625e-01
7.040080160320641767e+00 2.894656031546006258e-01
7.046092184368736966e+00 2.903340732407218017e-01
7.052104208416833941e+00 2.912017554312214540e-01
7.058116232464930029e+00 2.920676483713895433e-01
7.064128256513026116e+00 2.927866741098548720e-01
7.070140280561122204e+00 2.934387953160976781e-01
7.076152304609218291e+00 2.940911728255110602e-01
7.082164328657314378e+00 2.947788287683384967e-01
7.088176352705410466e+00 2.955290299497218554e-01
7.094188376753507441e+00 2.962795278118701692e-01
7.100200400801602640e+00 2.970158727413712008e-01
7.106212424849699616e+00 2.973333808668494060e-01
7.112224448897795703e+00 2.976510070369391414e-01
7.118236472945891791e+00 2.979687512730321841e-01
7.124248496993987878e+00 2.977809080335580005e-01
7.130260521042083965e+00 2.973829932578305746e-01
7.136272545090180053e+00 2.969848753121180907e-01
7.142284569138276140e+00 2.965919474789999732e-01
7.148296593186373116e+00 2.962076148918700857e-01
7.154308617234469203e+00 2.958241516474317545e-01
7.160320641282565290e+00 2.953979676858012327e-01
7.166332665330661378e+00 2.942092383965249636e-01
7.172344689378757465e+00 2.930199123381052595e-01
7.178356713426853553e+00 2.918299893866602157e-01
7.184368737474949640e+00 2.915107660153178348e-01
7.190380761523046615e+00 2.915191791047433978e-01
7.196392785571141815e+00 2.915275720845909579e-01
7.202404809619238790e+00 2.917208571400826123e-01
7.208416833667334878e+00 2.921916515789463320e-01
7.214428857715430965e+00 2.926626565998463603e-01
7.220440881763527052e+00 2.931619122198726446e-01
7.226452905811623140e+00 2.940124016274262009e-01
7.232464929859719227e+00 2.948525646691064206e-01
7.238476953907815314e+00 2.956930501809915124e-01
7.244488977955912290e+00 2.968858085984020234e-01
7.250501002004007489e+00 2.981985274105872219e-01
7.256513026052104465e+00 2.995123977589457809e-01
7.262525050100200552e+00 3.006243398342784423e-01
7.268537074148296639e+00 3.014570888316482344e-01
7.274549098196392727e+00 3.022901609762054242e-01
7.280561122244488814e+00 3.029735323419807114e-01
7.286573146292584902e+00 3.021994886178828166e-01
7.292585170340680989e+00 3.014251047552377050e-01
7.298597194388777964e+00 3.006503807082206992e-01
7.304609218436874052e+00 2.996887710437013408e-01
7.310621242484970139e+00 2.986699040467660771e-01
7.316633266533066227e+00 2.976505351264115973e-01
7.322645290581162314e+00 2.967094935075711981e-01
7.328657314629258401e+00 2.958683383720411286e-01
7.334669338677354489e+00 2.950267649080247079e-01
7.340681362725450576e+00 2.940854540802026462e-01
7.346693386773546663e+00 2.923664717410971448e-01
7.352705410821643639e+00 2.906473978169534789e-01
7.358717434869739726e+00 2.889283816038675234e-01
7.364729458917835814e+00 2.882044727674863416e-01
7.370741482965931901e+00 2.877503459717714596e-01
7.376753507014027988e+00 2.872959760266303730e-01
7.382765531062124076e+00 2.872504782896563857e-01
7.388777555110220163e+00 2.876853147413301337e-01
7.394789579158317139e+00 2.881203347126080061e-01
7.400801603206412338e+00 2.886641208288343030e-01
7.406813627254509314e+00 2.899141194700436963e-01
7.412825651302605401e+00 2.911647277637466891e-01
7.418837675350701488e+00 2.924159458240406240e-01
7.424849699398797576e+00 2.940409330020417045e-01
7.430861723446893663e+00 2.957561038321667168e-01
7.436873747494989750e+00 2.974720384379669902e-01
7.442885771543085838e+00 2.993296509016195039e-01
7.448897795591182813e+00 3.013407838400660732e-01
7.454909819639278012e+00 3.033550423797060080e-01
7.460921843687374988e+00 3.051391514471696320e-01
7.466933867735471075e+00 3.056450528362569252e-01
7.472945891783567163e+00 3.061511692732201140e-01
7.478957915831663250e+00 3.066575007948169063e-01
7.484969939879759337e+00 3.061860640875901374e-01
7.490981963927855425e+00 3.055092660043137731e-01
7.496993987975951512e+00 3.048321185950221834e-01
7.503006012024048488e+00 3.039893800747953678e-01
7.509018036072144575e+00 3.029791855092108244e-01
7.515030060120240663e+00 3.019661543021031624e-01
7.521042084168336750e+00 3.008632684457664963e-01
7.527054108216432837e+00 2.993419001034520743e-01
7.533066132264528925e+00 2.978166029698223194e-01
7.539078156312625012e+00 2.962873759171545385e-01
7.545090180360721099e+00 2.949732691931657436e-01
7.551102204408817187e+00 2.936962585071311582e-01
7.557114228456914162e+00 2.924196159955606000e-01
7.563126252505010250e+00 2.914457195804403544e-01
7.569138276553106337e+00 2.907519924127349720e-01
7.575150300601202424e+00 2.900561248355526534e-01
7.581162324649298512e+00 2.894743953225822342e-01
7.587174348697394599e+00 2.893764691467958783e-01
7.593186372745490686e+00 2.892777085166024498e-01
7.599198396793587662e+00 2.891781131433586727e-01
7.605210420841682861e+00 2.898003402719887545e-01
7.611222444889779837e+00 2.905346090175910945e-01
7.617234468937875924e+00 2.912698629838091913e-01
7.623246492985972012e+00 2.922797106613119755e-01
7.629258517034068099e+00 2.935244722083738544e-01
7.635270541082164186e+00 2.947713298324865505e-01
7.641282565130260274e+00 2.960718480611759240e-01
7.647294589178356361e+00 2.975649274647979570e-01
7.653306613226453337e+00 2.990593392737896372e-01
7.659318637274548536e+00 3.005553022326165613e-01
7.665330661322645511e+00 3.019598599258452309e-01
7.671342685370741599e+00 3.033547939591418885e-01
7.677354709418837686e+00 3.047521088435018455e-01
7.683366733466933773e+00 3.059466123614454913e-01
7.689378757515029861e+00 3.069887651599870204e-01
7.695390781563125948e+00 3.080324091034330469e-01
7.701402805611222036e+00 3.089501768777810353e-01
7.707414829659319011e+00 3.094502699214137231e-01
7.713426853707415098e+00 3.099507625798108568e-01
7.719438877755511186e+00 3.104516548677342391e-01
7.725450901803607273e+00 3.106819148992168156e-01
7.731462925851703361e+00 3.108841107963876138e-01
7.737474949899799448e+00 3.110861152885530667e-01
7.743486973947895535e+00 3.112637592781682949e-01
7.749498997995992511e+00 3.114236462624124790e-01
7.755511022044087710e+00 3.115759332001056814e-01
7.761523046092184686e+00 3.117082055845595834e-01
7.767535070140280773e+00 3.117839019116864785e-01
7.773547094188376860e+00 3.118591744110717490e-01
7.779559118236472948e+00 3.119340230641928779e-01
7.785571142284569035e+00 3.121298199883539293e-01
7.791583166332665122e+00 3.123350383889886839e-01
7.797595190380761210e+00 3.125400824107605890e-01
7.803607214428858185e+00 3.128418473548771339e-01
7.809619238476953385e+00 3.132082778652026112e-01
7.815631262525050360e+00 3.135748383733145128e-01
7.821643286573146447e+00 3.139345921559712482e-01
7.827655310621242535e+00 3.142760042233982420e-01
7.833667334669338622e+00 3.146174988152355412e-01
7.839679358717434710e+00 3.149590759166000509e-01
7.845691382765530797e+00 3.151957054925809687e-01
7.851703406813626884e+00 3.154249713180662940e-01
7.857715430861723860e+00 3.156507477134329887e-01
7.863727454909819947e+00 3.156407662539415515e-01
7.869739478957916035e+00 3.154856802341674538e-01
7.875751503006012122e+00 3.153297767643242211e-01
7.881763527054108209e+00 3.150919177120063419e-01
7.887775551102204297e+00 3.146574476643723139e-01
7.893787575150300384e+00 3.142216588231601659e-01
7.899799599198396471e+00 3.137845513176897860e-01
7.905811623246492559e+00 3.131973504540747077e-01
7.911823647294589534e+00 3.126035007128655230e-01
7.917835671342685622e+00 3.120081294360659840e-01
7.923847695390781709e+00 3.115236020951205886e-01
7.929859719438877796e+00 3.111010039001930738e-01
7.935871743486973884e+00 3.106771834508010866e-01
7.941883767535069971e+00 3.103514773861996701e-01
7.947895791583166059e+00 3.102425988543913715e-01
7.953907815631263034e+00 3.101323673865246100e-01
7.959919839679358233e+00 3.100210937249405774e-01
7.965931863727455209e+00 3.103502287506353929e-01
7.971943887775551296e+00 3.106853971961122673e-01
7.977955911823647384e+00 3.110206434220006977e-01
7.983967935871743471e+00 3.116587006136021243e-01
7.989979959919839558e+00 3.124534340138354627e-01
7.995991983967935646e+00 3.132490220573133644e-01
8.002004008016031733e+00 3.140584607642144532e-01
8.008016032064128709e+00 3.148943775050760951e-01
8.014028056112223908e+00 3.157305952716273345e-01
8.020040080160320883e+00 3.165668983738879616e-01
8.026052104208417859e+00 3.173713960916200727e-01
8.032064128256513058e+00 3.181762019382210482e-01
8.038076152304608257e+00 3.189813157259637766e-01
8.044088176352705233e+00 3.196124034957844029e-01
8.050100200400802208e+00 3.201616600164925441e-01
8.056112224448897408e+00 3.207110393581144581e-01
8.062124248496994383e+00 3.211202916202841595e-01
8.068136272545089582e+00 3.212728039628528487e-01
8.074148296593186558e+00 3.214325102760219321e-01
8.080160320641283533e+00 3.215868536405874778e-01
8.086172344689378733e+00 3.213060527225023999e-01
8.092184368737473932e+00 3.210250319248262874e-01
8.098196392785570907e+00 3.207437913159452703e-01
8.104208416833667883e+00 3.202482099371489754e-01
8.110220440881763082e+00 3.196604807150024707e-01
8.116232464929860058e+00 3.190723406634560222e-01
8.122244488977955257e+00 3.184460294056153384e-01
8.128256513026052232e+00 3.177558829068815038e-01
8.134268537074149208e+00 3.170652662479376827e-01
8.140280561122244407e+00 3.163810873556919256e-01
8.146292585170339606e+00 3.158375998218765912e-01
8.152304609218436582e+00 3.152984276854841617e-01
8.158316633266533557e+00 3.147664012347861640e-01
8.164328657314628757e+00 3.144412371582920862e-01
8.170340681362725732e+00 3.141964222176419352e-01
8.176352705410820931e+00 3.139513708014979865e-01
8.182364729458917907e+00 3.138459338666192977e-01
8.188376753507014882e+00 3.139561254923890488e-01
8.194388777555110082e+00 3.140663142387177253e-01
8.200400801603205281e+00 3.141914082860029489e-01
8.206412825651302256e+00 3.145252944138824391e-01
8.212424849699399232e+00 3.148593344115564463e-01
8.218436873747494431e+00 3.151935282720252918e-01
8.224448897795591407e+00 3.155802825041238435e-01
8.230460921843686606e+00 3.159856469967336490e-01
8.236472945891783581e+00 3.163912151126989092e-01
8.242484969939880557e+00 3.167378042613788192e-01
8.248496993987975756e+00 3.170005250510060657e-01
8.254509018036072732e+00 3.172710461777925040e-01
8.260521042084167931e+00 3.175154648296683590e-01
8.266533066132264906e+00 3.174565063527153841e-01
8.272545090180360106e+00 3.173974131020687595e-01
8.278557114228457081e+00 3.173381850699876772e-01
8.284569138276552280e+00 3.169796841252991437e-01
8.290581162324649256e+00 3.165263185769418008e-01
8.296593186372746231e+00 3.160725169203303375e-01
8.302605210420841431e+00 3.154983374672626351e-01
8.308617234468938406e+00 3.147667651337224815e-01
8.314629258517033605e+00 3.140346034590646984e-01
8.320641282565130581e+00 3.132839732755224316e-01
8.326653306613225780e+00 3.123829663301849746e-01
8.332665330661322756e+00 3.114812805359948311e-01
8.338677354709417955e+00 3.105789158741740774e-01
8.344689378757514930e+00 3.097711449372019810e-01
8.350701402805611906e+00 3.089897428336378926e-01
8.356713426853707105e+00 3.082085247099788927e-01
8.362725450901804081e+00 3.075344016610329634e-01
8.368737474949899280e+00 3.069896642554141297e-01
8.374749498997996255e+00 3.064444866363792985e-01
8.380761523046093231e+00 3.059364146587298938e-01
8.386773547094188430e+00 3.056868847517578147e-01
8.392785571142283629e+00 3.054371159240075739e-01
8.398797595190380605e+00 3.051871081663713459e-01
8.404809619238477580e+00 3.052431310335946280e-01
8.410821643286572780e+00 3.053779510867806191e-01
8.416833667334669755e+00 3.055179362976753188e-01
8.422845691382764954e+00 3.057777661869653385e-01
8.428857715430861930e+00 3.061710717812397009e-01
8.434869739478958905e+00 3.065645829110631437e-01
8.440881763527054105e+00 3.069676861924153788e-01
8.446893787575149304e+00 3.074256339674947824e-01
8.452905811623246279e+00 3.078855108176671851e-01
8.458917835671343255e+00 3.083474397290662528e-01
8.464929859719438454e+00 3.087736483801252763e-01
8.470941883767535430e+00 3.091921906312594670e-01
8.476953907815630629e+00 3.096109619490226006e-01
8.482965931863727604e+00 3.099431631466619264e-01
8.488977955911824580e+00 3.101863535512974224e-01
8.494989979959919779e+00 3.104296461527685236e-01
8.501002004008014978e+00 3.106090577760811655e-01
8.507014028056111954e+00 3.104685873349666836e-01
8.513026052104208929e+00 3.103281019235049065e-01
8.519038076152304129e+00 3.101876015415812593e-01
8.525050100200401104e+00 3.098058989015797238e-01
8.531062124248496303e+00 3.093782157558466750e-01
8.537074148296593279e+00 3.089504903572832806e-01
8.543086172344690254e+00 3.083872028255768005e-01
8.549098196392785454e+00 3.076953734877649893e-01
8.555110220440880653e+00 3.070059118685917743e-01
8.561122244488977628e+00 3.062783093035614246e-01
8.567134268537074604e+00 3.053829022501906576e-01
8.573146292585169803e+00 3.044873901169631303e-01
8.579158316633266779e+00 3.035917729020405909e-01
8.585170340681361978e+00 3.023792498284049723e-01
8.591182364729458953e+00 3.011149910962561682e-01
8.597194388777555929e+00 2.998505645288836452e-01
8.603206412825651128e+00 2.980461720346743171e-01
8.609218436873748104e+00 2.957691157267734461e-01
8.615230460921843303e+00 2.934916668658673622e-01
8.621242484969940278e+00 2.904882108982461131e-01
8.627254509018035478e+00 2.846985774359908627e-01
8.633266533066132453e+00 2.789079524836568513e-01
8.639278557114227652e+00 2.731163360258511696e-01
8.645290581162324628e+00 2.625055446859725361e-01
8.651302605210421603e+00 2.512361100428391891e-01
8.657314629258516803e+00 2.399655936757220664e-01
8.663326653306613778e+00 2.257276365510651195e-01
8.669338677354708977e+00 2.090931227323773733e-01
8.675350701402805953e+00 1.924555991268492583e-01
8.681362725450901152e+00 1.754734911994675906e-01
8.687374749498998128e+00 1.573228462466758626e-01
8.693386773547093327e+00 1.391689379134475046e-01
8.699398797595190302e+00 1.210117661204006545e-01
8.705410821643287278e+00 1.060931724014276822e-01
8.711422845691382477e+00 9.153267076323592932e-02
8.717434869739479453e+00 7.697011711851967086e-02
8.723446893787574652e+00 6.525272407662639773e-02
8.729458917835671627e+00 5.565268513643976261e-02
8.735470941883768603e+00 4.605129366363366200e-02
8.741482965931863802e+00 3.754132499377314802e-02
8.747494989979959001e+00 3.236778749038141806e-02
8.753507014028055977e+00 2.719386241195711693e-02
8.759519038076152952e+00 2.201927607766870909e-02
8.765531062124248152e+00 1.904521081972381305e-02
8.771543086172345127e+00 1.626204870304432532e-02
8.777555110220440326e+00 1.347837491812784588e-02
8.783567134268537302e+00 1.143028631048914438e-02
8.789579158316634278e+00 9.886382123480164444e-03
8.795591182364729477e+00 8.342192539302437787e-03
8.801603206412824676e+00 6.984456852202810054e-03
8.807615230460921651e+00 6.140056107742395373e-03
8.813627254509018627e+00 5.295507754785867133e-03
8.819639278557113826e+00 4.450811790536145923e-03
8.825651302605210802e+00 3.957451631253027131e-03
8.831663326653306001e+00 3.486441837531227810e-03
8.837675350701402976e+00 3.015349240366600389e-03
8.843687374749499952e+00 2.657547143811444211e-03
8.849699398797595151e+00 2.371162907682147335e-03
8.855711422845690350e+00 2.084750338202394707e-03
8.861723446893787326e+00 1.830761098769563902e-03
8.867735470941884302e+00 1.657548705685778483e-03
8.873747494989979501e+00 1.484302016215462410e-03
8.879759519038076476e+00 1.311021029044952529e-03
8.885771543086171675e+00 1.198619234768197447e-03
8.891783567134268651e+00 1.088741237000296833e-03
8.897795591182365627e+00 9.788552473595849013e-04
8.903807615230460826e+00 8.892621890195053815e-04
8.909819639278556025e+00 8.114162446497484018e-04
8.915831663326653000e+00 7.335657872165299602e-04
8.921843687374749976e+00 6.647719612556205479e-04
8.927855711422845175e+00 6.164608396809233065e-04
8.933867735470942151e+00 5.681469676136535404e-04
8.939879759519037350e+00 5.198303450549158350e-04
8.945891783567134325e+00 4.858445775962556335e-04
8.951903807615231301e+00 4.521460612680244036e-04
8.957915831663326500e+00 4.184394753037488836e-04
8.963927855711423476e+00 3.924217842459062824e-04
8.969939879759518675e+00 3.704838434751418471e-04
8.975951903807615651e+00 3.485456454864637767e-04
8.981963927855710850e+00 3.300760668686838779e-04
8.987975951903807825e+00 3.187564545855843534e-04
8.993987975951903024e+00 3.074367212691333563e-04
9.000000000000000000e+00 2.961168669644567361e-04
