1.250000000000000000e+01 1.061255687895854431e-05
1.251102204408817720e+01 1.051878616247265579e-05
1.252204408817635262e+01 1.042510179586242543e-05
1.253306613226452981e+01 1.033149717209967757e-05
1.254408817635270523e+01 1.023797718119504308e-05
1.255511022044088243e+01 1.014453924319070542e-05
1.256613226452905785e+01 1.005119577710587725e-05
1.257715430861723505e+01 9.957945487079186068e-06
1.258817635270541047e+01 9.864776235737617740e-06
1.259919839679358766e+01 9.771693095271849312e-06
1.261022044088176308e+01 9.678617083887336675e-06
1.262124248496994028e+01 9.585623958031905243e-06
1.263226452905811570e+01 9.492712644727107794e-06
1.264328657314629289e+01 9.399891990550055941e-06
1.265430861723446831e+01 9.307162001571436512e-06
1.266533066132264551e+01 9.214522683861866876e-06
1.267635270541082093e+01 9.121974043492033860e-06
1.268737474949899813e+01 9.029516086532554835e-06
1.269839679358717355e+01 8.937148819054123404e-06
1.270941883767535074e+01 8.844930753067421146e-06
1.272044088176352616e+01 8.752812372362122533e-06
1.273146292585170336e+01 8.660791864318001868e-06
1.274248496993988056e+01 8.568856450391595635e-06
1.275350701402805598e+01 8.476996610514959282e-06
1.276452905811623317e+01 9.256806404299620941e-06
1.277555110220440859e+01 1.125350990606840221e-05
1.278657314629258579e+01 1.799166526984485284e-05
1.279759519038076121e+01 2.778112218519905547e-05
1.280861723446893841e+01 3.502610507109547356e-05
1.281963927855711383e+01 4.145911226961392478e-05
1.283066132264529102e+01 4.595196399155356161e-05
1.284168336673346644e+01 5.025611548514096914e-05
1.285270541082164364e+01 5.437140461642128524e-05
1.286372745490981906e+01 5.892231291029576061e-05
1.287474949899799626e+01 6.440649853958546134e-05
1.288577154308617168e+01 7.138458240531140285e-05
1.289679358717434887e+01 7.964953164675349947e-05
1.290781563126252429e+01 8.996655933635593094e-05
1.291883767535070149e+01 1.009227218331587366e-04
1.292985971943887691e+01 1.130129726877046950e-04
1.294088176352705410e+01 1.249644992986466766e-04
1.295190380761523130e+01 1.372469723556940296e-04
1.296292585170340672e+01 1.499477816299334858e-04
1.297394789579158392e+01 1.634301692469202968e-04
1.298496993987975934e+01 1.783828327933577535e-04
1.299599198396793653e+01 1.951334861758250252e-04
1.300701402805611195e+01 2.148162479134177385e-04
1.301803607214428915e+01 2.359401073744901256e-04
1.302905811623246457e+01 2.612928963211688617e-04
1.304008016032064177e+01 2.871469567437131220e-04
1.305110220440881719e+01 3.173008119849231616e-04
1.306212424849699438e+01 3.476281695029338238e-04
1.307314629258516980e+01 3.807168284331588970e-04
1.308416833667334700e+01 4.155301195297753472e-04
1.309519038076152242e+01 4.535637687846851441e-04
1.310621242484969962e+01 4.953815991421474949e-04
1.311723446893787504e+01 5.398002260183842405e-04
1.312825651302605223e+01 5.937640886962808860e-04
1.313927855711422765e+01 6.499768290220353994e-04
1.315030060120240485e+01 7.183609017803531090e-04
1.316132264529058205e+01 7.882375202434157386e-04
1.317234468937875747e+01 8.722124088379677427e-04
1.318336673346693466e+01 9.606870815145073829e-04
1.319438877755511008e+01 1.061669070448587179e-03
1.320541082164328728e+01 1.172896242153097365e-03
1.321643286573146270e+01 1.294407124843278750e-03
1.322745490981963989e+01 1.438680687023408556e-03
1.323847695390781531e+01 1.595320344493254350e-03
1.324949899799599251e+01 1.785936710790353779e-03
1.326052104208416793e+01 1.981383621186691250e-03
1.327154308617234513e+01 2.226931689695498331e-03
1.328256513026052055e+01 2.482500337239857465e-03
1.329358717434869774e+01 2.781670212313590296e-03
1.330460921843687316e+01 3.107868883143799586e-03
1.331563126252505036e+01 3.473015874837451049e-03
1.332665330661322578e+01 3.886699341271547883e-03
1.333767535070140298e+01 4.328231112903175616e-03
1.334869739478957840e+01 4.845631425988492294e-03
1.335971943887775559e+01 5.374599784301593158e-03
1.337074148296593279e+01 6.012256204953689981e-03
1.338176352705410821e+01 6.661280594567000994e-03
1.339278557114228541e+01 7.410621628837116975e-03
1.340380761523046083e+01 8.194119087290670927e-03
1.341482965931863802e+01 9.055144781491891379e-03
1.342585170340681344e+01 9.972076267944265590e-03
1.343687374749499064e+01 1.093389020246595539e-02
1.344789579158316606e+01 1.196243932745637457e-02
1.345891783567134325e+01 1.300162312278163590e-02
1.346993987975951867e+01 1.410206726193181416e-02
1.348096192384769587e+01 1.517422308427909122e-02
1.349198396793587129e+01 1.626967397318104802e-02
1.350300601202404849e+01 1.734792395779275950e-02
1.351402805611222391e+01 1.843461476860554227e-02
1.352505010020040110e+01 1.947760467958800645e-02
1.353607214428857652e+01 2.047420728995234807e-02
1.354709418837675372e+01 2.139242111624073753e-02
1.355811623246492914e+01 2.225695291245708557e-02
1.356913827655310634e+01 2.300215854305461688e-02
1.358016032064128353e+01 2.370359895356561816e-02
1.359118236472945895e+01 2.425264783451627423e-02
1.360220440881763437e+01 2.475489974253614403e-02
1.361322645290581157e+01 2.512955570939080438e-02
1.362424849699398877e+01 2.543833155240034227e-02
1.363527054108216419e+01 2.565374606328362991e-02
1.364629258517034138e+01 2.579093984811854645e-02
1.365731462925851680e+01 2.586815925632018898e-02
1.366833667334669400e+01 2.586393557423549705e-02
1.367935871743486942e+01 2.582829345374957827e-02
1.369038076152304662e+01 2.571261728191689619e-02
1.370140280561122204e+01 2.557862876719806111e-02
1.371242484969939923e+01 2.538825244710684464e-02
1.372344689378757465e+01 2.517950021847194589e-02
1.373446893787575185e+01 2.493701011297220702e-02
1.374549098196392727e+01 2.467593015372685633e-02
1.375651302605210446e+01 2.439676530671586532e-02
1.376753507014027988e+01 2.410134013013135595e-02
1.377855711422845708e+01 2.379726013019376613e-02
1.378957915831663428e+01 2.347968828501639793e-02
1.380060120240480970e+01 2.315791889293554104e-02
1.381162324649298512e+01 2.282626743570187466e-02
1.382264529058116231e+01 2.249102494642279265e-02
1.383366733466933951e+01 2.214844620105574022e-02
1.384468937875751493e+01 2.180215428924146132e-02
1.385571142284569213e+01 2.145151277358639530e-02
1.386673346693386755e+01 2.109809336098268651e-02
1.387775551102204474e+01 2.074245733520681603e-02
1.388877755511022016e+01 2.048360797780683640e-02
1.389979959919839736e+01 2.023652480631649500e-02
1.391082164328657278e+01 1.999263282184347151e-02
1.392184368737474998e+01 1.974829845978305284e-02
1.393286573146292540e+01 1.950589646534678021e-02
1.394388777555110259e+01 1.926251048687217804e-02
1.395490981963927801e+01 1.901835218319605780e-02
1.396593186372745521e+01 1.877244641968148914e-02
1.397695390781563063e+01 1.852487562330582330e-02
1.398797595190380783e+01 1.827553987818972964e-02
1.399899799599198502e+01 1.802476495278812485e-02
1.401002004008016044e+01 1.779666187524863233e-02
1.402104208416833586e+01 1.756905927285304717e-02
1.403206412825651306e+01 1.734065974500646062e-02
1.404308617234469025e+01 1.711045374500944072e-02
1.405410821643286567e+01 1.687889687368567676e-02
1.406513026052104287e+01 1.664525167670915379e-02
1.407615230460921829e+01 1.640951955018852756e-02
1.408717434869739549e+01 1.617110259476135098e-02
1.409819639278557091e+01 1.593025522095158422e-02
1.410921843687374810e+01 1.568623622593846162e-02
1.412024048096192352e+01 1.543987948401852675e-02
1.413126252505010072e+01 1.519069986592384326e-02
1.414228456913827614e+01 1.493953109295548427e-02
1.415330661322645334e+01 1.468668128647570084e-02
1.416432865731462876e+01 1.443244258419225379e-02
1.417535070140280595e+01 1.417716741950807678e-02
1.418637274549098137e+01 1.392096241024351998e-02
1.419739478957915857e+01 1.366340734938980075e-02
1.420841683366733399e+01 1.340528576586350225e-02
1.421943887775551119e+01 1.307598767165398836e-02
1.423046092184368661e+01 1.263959844577002695e-02
1.424148296593186380e+01 1.219880827270904654e-02
1.425250501002004100e+01 1.175052963614791821e-02
1.426352705410821642e+01 1.129652707761829612e-02
1.427454909819639362e+01 1.083458852368679795e-02
1.428557114228456904e+01 1.036600994040371045e-02
1.429659318637274623e+01 9.891385094435302394e-03
1.430761523046092165e+01 9.410672423547247756e-03
1.431863727454909885e+01 8.926537007661786149e-03
1.432965931863727427e+01 8.439055142238131857e-03
1.434068136272545146e+01 7.950067566295489566e-03
1.435170340681362688e+01 7.460989007442961514e-03
1.436272545090180408e+01 6.971276463433310165e-03
1.437374749498997950e+01 6.482367921222857710e-03
1.438476953907815670e+01 6.146377357296018036e-03
1.439579158316633212e+01 5.850144602498349652e-03
1.440681362725450931e+01 5.543658291323125265e-03
1.441783567134268473e+01 5.231547456864307256e-03
1.442885771543086193e+01 4.918970400253738946e-03
1.443987975951903735e+01 4.606416158602341659e-03
1.445090180360721455e+01 4.292123994449757035e-03
1.446192384769539174e+01 3.977933066699674766e-03
1.447294589178356716e+01 3.662840079579866674e-03
1.448396793587174436e+01 3.348393360339950876e-03
1.449498997995991978e+01 3.034556141183781131e-03
1.450601202404809698e+01 2.722031502168552157e-03
1.451703406813627240e+01 2.410555253186445323e-03
1.452805611222444959e+01 2.101138287551645046e-03
1.453907815631262501e+01 1.792297733419927208e-03
1.455010020040080221e+01 1.484763753071805924e-03
1.456112224448897763e+01 1.176769191019106384e-03
1.457214428857715482e+01 8.685252675906994730e-04
1.458316633266533024e+01 5.592357411758268164e-04
1.459418837675350744e+01 2.488920217198075540e-04
1.460521042084168286e+01 0.000000000000000000e+00
1.461623246492986006e+01 0.000000000000000000e+00
1.462725450901803725e+01 0.000000000000000000e+00
1.463827655310621267e+01 0.000000000000000000e+00
1.464929859719438809e+01 0.000000000000000000e+00
1.466032064128256529e+01 0.000000000000000000e+00
1.467134268537074249e+01 0.000000000000000000e+00
1.468236472945891791e+01 0.000000000000000000e+00
1.469338677354709333e+01 0.000000000000000000e+00
1.470440881763527052e+01 0.000000000000000000e+00
1.471543086172344772e+01 0.000000000000000000e+00
1.472645290581162314e+01 0.000000000000000000e+00
1.473747494989980034e+01 0.000000000000000000e+00
1.474849699398797576e+01 0.000000000000000000e+00
1.475951903807615295e+01 0.000000000000000000e+00
1.477054108216432837e+01 0.000000000000000000e+00
1.478156312625250557e+01 0.000000000000000000e+00
1.479258517034068099e+01 0.000000000000000000e+00
1.480360721442885819e+01 0.000000000000000000e+00
1.481462925851703361e+01 0.000000000000000000e+00
1.482565130260521080e+01 0.000000000000000000e+00
1.483667334669338800e+01 0.000000000000000000e+00
1.484769539078156342e+01 0.000000000000000000e+00
1.485871743486973884e+01 0.000000000000000000e+00
1.486973947895791603e+01 0.000000000000000000e+00
1.488076152304609323e+01 0.000000000000000000e+00
1.489178356713426865e+01 0.000000000000000000e+00
1.490280561122244407e+01 0.000000000000000000e+00
1.491382765531062127e+01 0.000000000000000000e+00
1.492484969939879846e+01 0.000000000000000000e+00
1.493587174348697388e+01 0.000000000000000000e+00
1.494689378757515108e+01 0.000000000000000000e+00
1.495791583166332650e+01 0.000000000000000000e+00
1.496893787575150370e+01 0.000000000000000000e+00
1.497995991983967912e+01 0.000000000000000000e+00
1.499098196392785631e+01 0.000000000000000000e+00
1.500200400801603173e+01 0.000000000000000000e+00
1.501302605210420893e+01 0.000000000000000000e+00
1.502404809619238435e+01 0.000000000000000000e+00
1.503507014028056155e+01 0.000000000000000000e+00
1.504609218436873697e+01 0.000000000000000000e+00
1.505711422845691416e+01 0.000000000000000000e+00
1.506813627254508958e+01 0.000000000000000000e+00
1.507915831663326678e+01 0.000000000000000000e+00
1.509018036072144398e+01 0.000000000000000000e+00
1.510120240480961940e+01 0.000000000000000000e+00
1.511222444889779482e+01 0.000000000000000000e+00
1.512324649298597201e+01 0.000000000000000000e+00
1.513426853707414921e+01 0.000000000000000000e+00
1.514529058116232463e+01 0.000000000000000000e+00
1.515631262525050005e+01 0.000000000000000000e+00
1.516733466933867724e+01 0.000000000000000000e+00
1.517835671342685444e+01 0.000000000000000000e+00
1.518937875751502986e+01 0.000000000000000000e+00
1.520040080160320706e+01 0.000000000000000000e+00
1.521142284569138248e+01 0.000000000000000000e+00
1.522244488977955967e+01 0.000000000000000000e+00
1.523346693386773509e+01 0.000000000000000000e+00
1.524448897795591229e+01 0.000000000000000000e+00
1.525551102204408771e+01 0.000000000000000000e+00
1.526653306613226491e+01 0.000000000000000000e+00
1.527755511022044033e+01 0.000000000000000000e+00
1.528857715430861752e+01 0.000000000000000000e+00
1.529959919839679472e+01 0.000000000000000000e+00
1.531062124248497014e+01 0.000000000000000000e+00
1.532164328657314556e+01 0.000000000000000000e+00
1.533266533066132276e+01 0.000000000000000000e+00
1.534368737474949995e+01 0.000000000000000000e+00
1.535470941883767537e+01 0.000000000000000000e+00
1.536573146292585079e+01 0.000000000000000000e+00
1.537675350701402799e+01 0.000000000000000000e+00
1.538777555110220518e+01 0.000000000000000000e+00
1.539879759519038060e+01 0.000000000000000000e+00
1.540981963927855780e+01 0.000000000000000000e+00
1.542084168336673322e+01 0.000000000000000000e+00
1.543186372745491042e+01 0.000000000000000000e+00
1.544288577154308584e+01 0.000000000000000000e+00
1.545390781563126303e+01 0.000000000000000000e+00
1.546492985971943845e+01 0.000000000000000000e+00
1.547595190380761565e+01 0.000000000000000000e+00
1.548697394789579107e+01 0.000000000000000000e+00
1.549799599198396827e+01 0.000000000000000000e+00
1.550901803607214546e+01 0.000000000000000000e+00
1.552004008016032088e+01 0.000000000000000000e+00
1.553106212424849630e+01 0.000000000000000000e+00
1.554208416833667350e+01 0.000000000000000000e+00
1.555310621242485070e+01 0.000000000000000000e+00
1.556412825651302612e+01 0.000000000000000000e+00
1.557515030060120154e+01 0.000000000000000000e+00
1.558617234468937873e+01 0.000000000000000000e+00
1.559719438877755593e+01 0.000000000000000000e+00
1.560821643286573135e+01 0.000000000000000000e+00
1.561923847695390855e+01 0.000000000000000000e+00
1.563026052104208397e+01 0.000000000000000000e+00
1.564128256513026116e+01 0.000000000000000000e+00
1.565230460921843658e+01 0.000000000000000000e+00
1.566332665330661378e+01 0.000000000000000000e+00
1.567434869739478920e+01 0.000000000000000000e+00
1.568537074148296639e+01 0.000000000000000000e+00
1.569639278557114181e+01 0.000000000000000000e+00
1.570741482965931901e+01 0.000000000000000000e+00
1.571843687374749621e+01 0.000000000000000000e+00
1.572945891783567163e+01 0.000000000000000000e+00
1.574048096192384705e+01 0.000000000000000000e+00
1.575150300601202424e+01 0.000000000000000000e+00
1.576252505010020144e+01 0.000000000000000000e+00
1.577354709418837686e+01 0.000000000000000000e+00
1.578456913827655228e+01 0.000000000000000000e+00
1.579559118236472948e+01 0.000000000000000000e+00
1.580661322645290667e+01 0.000000000000000000e+00
1.581763527054108209e+01 0.000000000000000000e+00
1.582865731462925929e+01 0.000000000000000000e+00
1.583967935871743471e+01 0.000000000000000000e+00
1.585070140280561191e+01 0.000000000000000000e+00
1.586172344689378733e+01 0.000000000000000000e+00
1.587274549098196452e+01 0.000000000000000000e+00
1.588376753507013994e+01 0.000000000000000000e+00
1.589478957915831714e+01 0.000000000000000000e+00
1.590581162324649256e+01 0.000000000000000000e+00
1.591683366733466976e+01 0.000000000000000000e+00
1.592785571142284695e+01 0.000000000000000000e+00
1.593887775551102237e+01 0.000000000000000000e+00
1.594989979959919779e+01 0.000000000000000000e+00
1.596092184368737499e+01 0.000000000000000000e+00
1.597194388777555218e+01 0.000000000000000000e+00
1.598296593186372760e+01 0.000000000000000000e+00
1.599398797595190302e+01 0.000000000000000000e+00
1.600501002004008200e+01 0.000000000000000000e+00
1.601603206412825742e+01 0.000000000000000000e+00
1.602705410821643284e+01 0.000000000000000000e+00
1.603807615230460826e+01 0.000000000000000000e+00
1.604909819639278723e+01 0.000000000000000000e+00
1.606012024048096265e+01 0.000000000000000000e+00
1.607114228456913807e+01 0.000000000000000000e+00
1.608216432865731349e+01 0.000000000000000000e+00
1.609318637274549246e+01 0.000000000000000000e+00
1.610420841683366788e+01 0.000000000000000000e+00
1.611523046092184330e+01 0.000000000000000000e+00
1.612625250501001872e+01 0.000000000000000000e+00
1.613727454909819770e+01 0.000000000000000000e+00
1.614829659318637312e+01 0.000000000000000000e+00
1.615931863727454854e+01 0.000000000000000000e+00
1.617034068136272396e+01 0.000000000000000000e+00
1.618136272545090293e+01 0.000000000000000000e+00
1.619238476953907835e+01 0.000000000000000000e+00
1.620340681362725377e+01 0.000000000000000000e+00
1.621442885771543274e+01 0.000000000000000000e+00
1.622545090180360816e+01 0.000000000000000000e+00
1.623647294589178358e+01 0.000000000000000000e+00
1.624749498997995900e+01 0.000000000000000000e+00
1.625851703406813797e+01 0.000000000000000000e+00
1.626953907815631339e+01 0.000000000000000000e+00
1.628056112224448881e+01 0.000000000000000000e+00
1.629158316633266423e+01 0.000000000000000000e+00
1.630260521042084321e+01 0.000000000000000000e+00
1.631362725450901863e+01 0.000000000000000000e+00
1.632464929859719405e+01 0.000000000000000000e+00
1.633567134268536947e+01 0.000000000000000000e+00
1.634669338677354844e+01 0.000000000000000000e+00
1.635771543086172386e+01 0.000000000000000000e+00
1.636873747494989928e+01 0.000000000000000000e+00
1.637975951903807470e+01 0.000000000000000000e+00
1.639078156312625367e+01 0.000000000000000000e+00
1.640180360721442909e+01 0.000000000000000000e+00
1.641282565130260451e+01 0.000000000000000000e+00
1.642384769539078349e+01 0.000000000000000000e+00
1.643486973947895891e+01 0.000000000000000000e+00
1.644589178356713433e+01 0.000000000000000000e+00
1.645691382765530975e+01 0.000000000000000000e+00
1.646793587174348872e+01 0.000000000000000000e+00
1.647895791583166414e+01 0.000000000000000000e+00
1.648997995991983956e+01 0.000000000000000000e+00
1.650100200400801498e+01 0.000000000000000000e+00
1.651202404809619395e+01 0.000000000000000000e+00
1.652304609218436937e+01 0.000000000000000000e+00
1.653406813627254479e+01 0.000000000000000000e+00
1.654509018036072376e+01 0.000000000000000000e+00
1.655611222444889918e+01 0.000000000000000000e+00
1.656713426853707460e+01 0.000000000000000000e+00
1.657815631262525002e+01 0.000000000000000000e+00
1.658917835671342544e+01 0.000000000000000000e+00
1.660020040080160442e+01 0.000000000000000000e+00
1.661122244488977984e+01 0.000000000000000000e+00
1.662224448897795526e+01 0.000000000000000000e+00
1.663326653306613423e+01 0.000000000000000000e+00
1.664428857715430965e+01 0.000000000000000000e+00
1.665531062124248507e+01 0.000000000000000000e+00
1.666633266533066049e+01 0.000000000000000000e+00
1.667735470941883591e+01 0.000000000000000000e+00
1.668837675350701488e+01 0.000000000000000000e+00
1.669939879759519030e+01 0.000000000000000000e+00
1.671042084168336572e+01 0.000000000000000000e+00
1.672144288577154470e+01 0.000000000000000000e+00
1.673246492985972012e+01 0.000000000000000000e+00
1.674348697394789554e+01 0.000000000000000000e+00
1.675450901803607451e+01 0.000000000000000000e+00
1.676553106212424993e+01 0.000000000000000000e+00
1.677655310621242535e+01 0.000000000000000000e+00
1.678757515030060077e+01 0.000000000000000000e+00
1.679859719438877619e+01 0.000000000000000000e+00
1.680961923847695516e+01 0.000000000000000000e+00
1.682064128256513058e+01 0.000000000000000000e+00
1.683166332665330600e+01 0.000000000000000000e+00
1.684268537074148497e+01 0.000000000000000000e+00
1.685370741482966039e+01 0.000000000000000000e+00
1.686472945891783581e+01 0.000000000000000000e+00
1.687575150300601123e+01 0.000000000000000000e+00
1.688677354709418665e+01 0.000000000000000000e+00
1.689779559118236563e+01 0.000000000000000000e+00
1.690881763527054105e+01 0.000000000000000000e+00
1.691983967935871647e+01 0.000000000000000000e+00
1.693086172344689544e+01 0.000000000000000000e+00
1.694188376753507086e+01 0.000000000000000000e+00
1.695290581162324628e+01 0.000000000000000000e+00
1.696392785571142525e+01 0.000000000000000000e+00
1.697494989979960067e+01 0.000000000000000000e+00
1.698597194388777609e+01 0.000000000000000000e+00
1.699699398797595151e+01 0.000000000000000000e+00
1.700801603206412693e+01 0.000000000000000000e+00
1.701903807615230590e+01 0.000000000000000000e+00
1.703006012024048133e+01 0.000000000000000000e+00
1.704108216432865675e+01 0.000000000000000000e+00
1.705210420841683572e+01 0.000000000000000000e+00
1.706312625250501114e+01 0.000000000000000000e+00
1.707414829659318656e+01 0.000000000000000000e+00
1.708517034068136198e+01 0.000000000000000000e+00
1.709619238476953740e+01 0.000000000000000000e+00
1.710721442885771637e+01 0.000000000000000000e+00
1.711823647294589179e+01 0.000000000000000000e+00
1.712925851703406721e+01 0.000000000000000000e+00
1.714028056112224618e+01 0.000000000000000000e+00
1.715130260521042160e+01 0.000000000000000000e+00
1.716232464929859702e+01 0.000000000000000000e+00
1.717334669338677600e+01 0.000000000000000000e+00
1.718436873747495142e+01 0.000000000000000000e+00
1.719539078156312684e+01 0.000000000000000000e+00
1.720641282565130226e+01 0.000000000000000000e+00
1.721743486973947768e+01 0.000000000000000000e+00
1.722845691382765665e+01 0.000000000000000000e+00
1.723947895791583207e+01 0.000000000000000000e+00
1.725050100200400749e+01 0.000000000000000000e+00
1.726152304609218646e+01 0.000000000000000000e+00
1.727254509018036188e+01 0.000000000000000000e+00
1.728356713426853730e+01 0.000000000000000000e+00
1.729458917835671272e+01 0.000000000000000000e+00
1.730561122244488814e+01 0.000000000000000000e+00
1.731663326653306711e+01 0.000000000000000000e+00
1.732765531062124253e+01 0.000000000000000000e+00
1.733867735470941795e+01 0.000000000000000000e+00
1.734969939879759693e+01 0.000000000000000000e+00
1.736072144288577235e+01 0.000000000000000000e+00
1.737174348697394777e+01 0.000000000000000000e+00
1.738276553106212319e+01 0.000000000000000000e+00
1.739378757515030216e+01 0.000000000000000000e+00
1.740480961923847758e+01 0.000000000000000000e+00
1.741583166332665300e+01 0.000000000000000000e+00
1.742685370741482842e+01 0.000000000000000000e+00
1.743787575150300739e+01 0.000000000000000000e+00
1.744889779559118281e+01 0.000000000000000000e+00
1.745991983967935823e+01 0.000000000000000000e+00
1.747094188376753721e+01 0.000000000000000000e+00
1.748196392785571263e+01 0.000000000000000000e+00
1.749298597194388805e+01 0.000000000000000000e+00
1.750400801603206347e+01 0.000000000000000000e+00
1.751503006012023889e+01 0.000000000000000000e+00
1.752605210420841786e+01 0.000000000000000000e+00
1.753707414829659328e+01 0.000000000000000000e+00
1.754809619238476870e+01 0.000000000000000000e+00
1.755911823647294767e+01 0.000000000000000000e+00
1.757014028056112309e+01 0.000000000000000000e+00
1.758116232464929851e+01 0.000000000000000000e+00
1.759218436873747393e+01 0.000000000000000000e+00
1.760320641282565290e+01 0.000000000000000000e+00
1.761422845691382832e+01 0.000000000000000000e+00
1.762525050100200374e+01 0.000000000000000000e+00
1.763627254509017916e+01 0.000000000000000000e+00
1.764729458917835814e+01 0.000000000000000000e+00
1.765831663326653356e+01 0.000000000000000000e+00
1.766933867735470898e+01 0.000000000000000000e+00
1.768036072144288795e+01 0.000000000000000000e+00
1.769138276553106337e+01 0.000000000000000000e+00
1.770240480961923879e+01 0.000000000000000000e+00
1.771342685370741421e+01 0.000000000000000000e+00
1.772444889779558963e+01 0.000000000000000000e+00
1.773547094188376860e+01 0.000000000000000000e+00
1.774649298597194402e+01 0.000000000000000000e+00
1.775751503006011944e+01 0.000000000000000000e+00
1.776853707414829842e+01 0.000000000000000000e+00
1.777955911823647384e+01 0.000000000000000000e+00
1.779058116232464926e+01 0.000000000000000000e+00
1.780160320641282468e+01 0.000000000000000000e+00
1.781262525050100010e+01 0.000000000000000000e+00
1.782364729458917907e+01 0.000000000000000000e+00
1.783466933867735449e+01 0.000000000000000000e+00
1.784569138276552991e+01 0.000000000000000000e+00
1.785671342685370888e+01 0.000000000000000000e+00
1.786773547094188430e+01 0.000000000000000000e+00
1.787875751503005972e+01 0.000000000000000000e+00
1.788977955911823869e+01 0.000000000000000000e+00
1.790080160320641411e+01 0.000000000000000000e+00
1.791182364729458953e+01 0.000000000000000000e+00
1.792284569138276495e+01 0.000000000000000000e+00
1.793386773547094037e+01 0.000000000000000000e+00
1.794488977955911935e+01 0.000000000000000000e+00
1.795591182364729477e+01 0.000000000000000000e+00
1.796693386773547019e+01 0.000000000000000000e+00
1.797795591182364916e+01 0.000000000000000000e+00
1.798897795591182458e+01 0.000000000000000000e+00
1.800000000000000000e+01 0.000000000000000000e+00
