1.050000000000000000e+01 4.257917515814621219e-04
1.050400801603206347e+01 4.480032373756916261e-04
1.050801603206412871e+01 4.701405906654692484e-04
1.051202404809619217e+01 4.922038528579903696e-04
1.051603206412825564e+01 5.141930653602155323e-04
1.052004008016032088e+01 5.361596426787793631e-04
1.052404809619238435e+01 5.631297107619037548e-04
1.052805611222444959e+01 5.900090690969282204e-04
1.053206412825651306e+01 6.167977685237804051e-04
1.053607214428857652e+01 6.433561835047265894e-04
1.054008016032064177e+01 6.695793860050143096e-04
1.054408817635270523e+01 7.037890522903717059e-04
1.054809619238476870e+01 7.378227546946624065e-04
1.055210420841683394e+01 7.716805968960283296e-04
1.055611222444889741e+01 8.053626825719069869e-04
1.056012024048096265e+01 8.392290247199237375e-04
1.056412825651302612e+01 8.845261814174680244e-04
1.056813627254508958e+01 9.295882964496348776e-04
1.057214428857715482e+01 9.744155087583905193e-04
1.057615230460921829e+01 1.019007957284756181e-03
1.058016032064128176e+01 1.063974700329990263e-03
1.058416833667334700e+01 1.123281260847597057e-03
1.058817635270541047e+01 1.182277041250093860e-03
1.059218436873747571e+01 1.240962225870890319e-03
1.059619238476953917e+01 1.299336999042118457e-03
1.060020040080160264e+01 1.358371070632538591e-03
1.060420841683366788e+01 1.435464464815260728e-03
1.060821643286573135e+01 1.512149714312753437e-03
1.061222444889779482e+01 1.588427061168207546e-03
1.061623246492986006e+01 1.664643301398574873e-03
1.062024048096192352e+01 1.742848868994868435e-03
1.062424849699398877e+01 1.844921990844382688e-03
1.062825651302605223e+01 1.946598738652469606e-03
1.063226452905811570e+01 2.047879340157307115e-03
1.063627254509018094e+01 2.148764023096018643e-03
1.064028056112224441e+01 2.251686703325035070e-03
1.064428857715430787e+01 2.386476526963124834e-03
1.064829659318637312e+01 2.520739058445660777e-03
1.065230460921843658e+01 2.654474601734994714e-03
1.065631262525050182e+01 2.787683460792304922e-03
1.066032064128256529e+01 2.924185213589308718e-03
1.066432865731462876e+01 3.103980642627890245e-03
1.066833667334669400e+01 3.283061692402757838e-03
1.067234468937875747e+01 3.461428802698876886e-03
1.067635270541082093e+01 3.639082413299409968e-03
1.068036072144288617e+01 3.821441777042492924e-03
1.068436873747494964e+01 4.057749993138556020e-03
1.068837675350701488e+01 4.293109901061672139e-03
1.069238476953907835e+01 4.527522095352182717e-03
1.069639278557114181e+01 4.760987170547996243e-03
1.070040080160320706e+01 5.001016864468786106e-03
1.070440881763527052e+01 5.307538186108892719e-03
1.070841683366733399e+01 5.612818423078912503e-03
1.071242484969939923e+01 5.916858359846095296e-03
1.071643286573146270e+01 6.219658780869274928e-03
1.072044088176352616e+01 6.531164262133808476e-03
1.072444889779559141e+01 6.921687233616872527e-03
1.072845691382765487e+01 7.310614867082975733e-03
1.073246492985972012e+01 7.697948174432112448e-03
1.073647294589178358e+01 8.083688167553252854e-03
1.074048096192384705e+01 8.481002954271031624e-03
1.074448897795591229e+01 8.973039821262004945e-03
1.074849699398797576e+01 9.463048511291311318e-03
1.075250501002003922e+01 9.951030313606392189e-03
1.075651302605210446e+01 1.043698651744150684e-02
1.076052104208416793e+01 1.093838877327700000e-02
1.076452905811623317e+01 1.155437921740019164e-02
1.076853707414829664e+01 1.216780689339184984e-02
1.077254509018036011e+01 1.277867343605735943e-02
1.077655310621242535e+01 1.338698048018541024e-02
1.078056112224448881e+01 1.401563380020372056e-02
1.078456913827655228e+01 1.478204939302928990e-02
1.078857715430861752e+01 1.554524691046770164e-02
1.079258517034068099e+01 1.630704790453400485e-02
1.079659318637274623e+01 1.706686048718101742e-02
1.080060120240480970e+01 1.785929678108094665e-02
1.080460921843687316e+01 1.884982421397385366e-02
1.080861723446893841e+01 1.983655249419462654e-02
1.081262525050100187e+01 2.081948390867344179e-02
1.081663326653306534e+01 2.179862074442667080e-02
1.082064128256513058e+01 2.281915608284729169e-02
1.082464929859719405e+01 2.407253888806092090e-02
1.082865731462925929e+01 2.532107547366507436e-02
1.083266533066132276e+01 2.656476876731812473e-02
1.083667334669338622e+01 2.780362169678874534e-02
1.084068136272545146e+01 2.909460109516339224e-02
1.084468937875751493e+01 3.065812329667390312e-02
1.084869739478957840e+01 3.221554852729791724e-02
1.085270541082164364e+01 3.376688048365505956e-02
1.085671342685370711e+01 3.531212286249996862e-02
1.086072144288577235e+01 3.692294505308250929e-02
1.086472945891783581e+01 3.885326950638755966e-02
1.086873747494989928e+01 4.077600325812531790e-02
1.087274549098196452e+01 4.269115091459289857e-02
1.087675350701402799e+01 4.459871708225568443e-02
1.088076152304609145e+01 4.658421195905555756e-02
1.088476953907815670e+01 4.892563033010150636e-02
1.088877755511022016e+01 5.125775396431261205e-02
1.089278557114228363e+01 5.358058853086136719e-02
1.089679358717434887e+01 5.589413969913031854e-02
1.090080160320641234e+01 5.829400342443404742e-02
1.090480961923847758e+01 6.106584497521132943e-02
1.090881763527054105e+01 6.382656882485431005e-02
1.091282565130260451e+01 6.657618180473851011e-02
1.091683366733466976e+01 6.931469074644987238e-02
1.092084168336673322e+01 7.214470985820772841e-02
1.092484969939879846e+01 7.534848518202687251e-02
1.092885771543086193e+01 7.853927272199051624e-02
1.093286573146292540e+01 8.171708048925267753e-02
1.093687374749499064e+01 8.488191649521427407e-02
1.094088176352705410e+01 8.811621601158486916e-02
1.094488977955911757e+01 9.162888503730268197e-02
1.094889779559118281e+01 9.512710408717713062e-02
1.095290581162324628e+01 9.861088224611540276e-02
1.095691382765530975e+01 1.020802285993089170e-01
1.096092184368737499e+01 1.055454685042198498e-01
1.096492985971943845e+01 1.090306823631854161e-01
1.096893787575150370e+01 1.125012489269104354e-01
1.097294589178356716e+01 1.159571777337756876e-01
1.097695390781563063e+01 1.193984783224598389e-01
1.098096192384769587e+01 1.227792654726088950e-01
1.098496993987975934e+01 1.260005843177204876e-01
1.098897795591182280e+01 1.292080681033710154e-01
1.099298597194388805e+01 1.324017258853834034e-01
1.099699398797595151e+01 1.355917987730065333e-01
1.100100200400801675e+01 1.386789064927825277e-01
1.100501002004008022e+01 1.414743869658478537e-01
1.100901803607214369e+01 1.442586160888605917e-01
1.101302605210420893e+01 1.470315993837799096e-01
1.101703406813627240e+01 1.497933423726824087e-01
1.102104208416833586e+01 1.524106894592279215e-01
1.102505010020040110e+01 1.546390157499211715e-01
1.102905811623246457e+01 1.568580310831910185e-01
1.103306613226452981e+01 1.590677400483566095e-01
1.103707414829659328e+01 1.612681472348340417e-01
1.104108216432865675e+01 1.632921053992633931e-01
1.104509018036072199e+01 1.648563220929611106e-01
1.104909819639278545e+01 1.664135808733464283e-01
1.105310621242484892e+01 1.679638851914377340e-01
1.105711422845691416e+01 1.695072384983293823e-01
1.106112224448897763e+01 1.708915473770887816e-01
1.106513026052104109e+01 1.718791245302292159e-01
1.106913827655310634e+01 1.728618205996935997e-01
1.107314629258516980e+01 1.738396380331565794e-01
1.107715430861723505e+01 1.748125792783481736e-01
1.108116232464929851e+01 1.756820047181863464e-01
1.108517034068136198e+01 1.763058956535681898e-01
1.108917835671342722e+01 1.769262192295736891e-01
1.109318637274549069e+01 1.775429772512716886e-01
1.109719438877755593e+01 1.781561715237715837e-01
1.110120240480961940e+01 1.786917726382350469e-01
1.110521042084168286e+01 1.790517043099921768e-01
1.110921843687374810e+01 1.794090456527328847e-01
1.111322645290581157e+01 1.797637979052822133e-01
1.111723446893787504e+01 1.801159623065638760e-01
1.112124248496994028e+01 1.804100385487566460e-01
1.112525050100200374e+01 1.805784463765702785e-01
1.112925851703406721e+01 1.808424103497524860e-01
1.113326653306613245e+01 1.811274797912458545e-01
1.113727454909819592e+01 1.814113008880699207e-01
1.114128256513026116e+01 1.816494761492663257e-01
1.114529058116232463e+01 1.817922925677880608e-01
1.114929859719438809e+01 1.819342171565027366e-01
1.115330661322645334e+01 1.820752503348120055e-01
1.115731462925851680e+01 1.822153925221506043e-01
1.116132264529058205e+01 1.823099109326074829e-01
1.116533066132264551e+01 1.823129485705756447e-01
1.116933867735470898e+01 1.823154442419448185e-01
1.117334669338677422e+01 1.823173982159330686e-01
1.117735470941883769e+01 1.823188107617798315e-01
1.118136272545090115e+01 1.822858259372202860e-01
1.118537074148296639e+01 1.821867515651588443e-01
1.118937875751502986e+01 1.820873935351994544e-01
1.119338677354709333e+01 1.819877520047431252e-01
1.119739478957915857e+01 1.818878271312031336e-01
1.120140280561122204e+01 1.817561239434379305e-01
1.120541082164328728e+01 1.815658041679806267e-01
1.120941883767535074e+01 1.813754344528002715e-01
1.121342685370741421e+01 1.811850148552699991e-01
1.121743486973947945e+01 1.809945454327660241e-01
1.122144288577154292e+01 1.807783017446965568e-01
1.122545090180360638e+01 1.805164030881157289e-01
1.122945891783567163e+01 1.802546417456322436e-01
1.123346693386773509e+01 1.799930176904520618e-01
1.123747494989980034e+01 1.797315308957788405e-01
1.124148296593186380e+01 1.794541232561280841e-01
1.124549098196392727e+01 1.791495883330390393e-01
1.124949899799599251e+01 1.788453038999660849e-01
1.125350701402805598e+01 1.785412698814194399e-01
1.125751503006011944e+01 1.782374862019042716e-01
1.126152304609218469e+01 1.779307784900543976e-01
1.126553106212424815e+01 1.776191568188465741e-01
1.126953907815631339e+01 1.773078069445079008e-01
1.127354709418837686e+01 1.769967287828985991e-01
1.127755511022044033e+01 1.766859222498737003e-01
1.128156312625250557e+01 1.763787438743310287e-01
1.128557114228456904e+01 1.760770713091016071e-01
1.128957915831663250e+01 1.757756474843812644e-01
1.129358717434869774e+01 1.754744723255632632e-01
1.129759519038076121e+01 1.751735457580368138e-01
1.130160320641282468e+01 1.748829034560940021e-01
1.130561122244488992e+01 1.745860605800023391e-01
1.130961923847695338e+01 1.742870612877810421e-01
1.131362725450901863e+01 1.739882640841133588e-01
1.131763527054108209e+01 1.736896689154961704e-01
1.132164328657314556e+01 1.734086756247456007e-01
1.132565130260521080e+01 1.731528351286407419e-01
1.132965931863727427e+01 1.728970717162680304e-01
1.133366733466933951e+01 1.726413853889873784e-01
1.133767535070140298e+01 1.723857761481592810e-01
1.134168336673346644e+01 1.721629058790526967e-01
1.134569138276553169e+01 1.719850537720423456e-01
1.134969939879759515e+01 1.718070486496136862e-01
1.135370741482965862e+01 1.716288906147514504e-01
1.135771543086172386e+01 1.714505797704443113e-01
1.136172344689378733e+01 1.712964879363076676e-01
1.136573146292585079e+01 1.711744295345788425e-01
1.136973947895791603e+01 1.710520499399769134e-01
1.137374749498997950e+01 1.709293493300756694e-01
1.137775551102204474e+01 1.708063278824558107e-01
1.138176352705410821e+01 1.706985897363283433e-01
1.138577154308617168e+01 1.706103142146875029e-01
1.138977955911823692e+01 1.705216122034370618e-01
1.139378757515030038e+01 1.704324839272018111e-01
1.139779559118236385e+01 1.703429296106157287e-01
1.140180360721442909e+01 1.702644634388661149e-01
1.140581162324649256e+01 1.701995900093312974e-01
1.140981963927855780e+01 1.701342166928753175e-01
1.141382765531062127e+01 1.700683437366814488e-01
1.141783567134268473e+01 1.700019713879514782e-01
1.142184368737474998e+01 1.699410107803195902e-01
1.142585170340681344e+01 1.698864617028311708e-01
1.142985971943887691e+01 1.698313750318544146e-01
1.143386773547094215e+01 1.697757510318587681e-01
1.143787575150300562e+01 1.697195899673333008e-01
1.144188376753507086e+01 1.696498633931496913e-01
1.144589178356713433e+01 1.695649702242830459e-01
1.144989979959919779e+01 1.694796249589116122e-01
1.145390781563126303e+01 1.693938278256403862e-01
1.145791583166332650e+01 1.693075790530913782e-01
1.146192384769538997e+01 1.691924483338233809e-01
1.146593186372745521e+01 1.690462005723670225e-01
1.146993987975951867e+01 1.688996827226047215e-01
1.147394789579158392e+01 1.687528949362086805e-01
1.147795591182364738e+01 1.686058373648622599e-01
1.148196392785571085e+01 1.684098989559473514e-01
1.148597194388777609e+01 1.681633231230442449e-01
1.148997995991983956e+01 1.679167830764775327e-01
1.149398797595190302e+01 1.676702788367842034e-01
1.149799599198396827e+01 1.674238104245024672e-01
1.150200400801603173e+01 1.671124174117078198e-01
1.150601202404809698e+01 1.667363772178880876e-01
1.151002004008016044e+01 1.663607427446541775e-01
1.151402805611222391e+01 1.659855139720944894e-01
1.151803607214428915e+01 1.656106908802970623e-01
1.152204408817635262e+01 1.650162022087536262e-01
1.152605210420841608e+01 1.642115988133271420e-01
1.153006012024048133e+01 1.634086203650543523e-01
1.153406813627254479e+01 1.625947523505416048e-01
1.153807615230460826e+01 1.617482745350599105e-01
1.154208416833667350e+01 1.606524722901400692e-01
1.154609218436873697e+01 1.593279325811572389e-01
1.155010020040080221e+01 1.580070031028228961e-01
1.155410821643286567e+01 1.566896836737793341e-01
1.155811623246492914e+01 1.553759741126646832e-01
1.156212424849699438e+01 1.537794785871857417e-01
1.156613226452905785e+01 1.519340472495804839e-01
1.157014028056112309e+01 1.500940920642230836e-01
1.157414829659318656e+01 1.482596127556541910e-01
1.157815631262525002e+01 1.464306090484082945e-01
1.158216432865731527e+01 1.442616827969631366e-01
1.158617234468937873e+01 1.418057198826374043e-01
1.159018036072144220e+01 1.393574603519500688e-01
1.159418837675350744e+01 1.369169038170719999e-01
1.159819639278557091e+01 1.344840498901721804e-01
1.160220440881763437e+01 1.316399990155348032e-01
1.160621242484969962e+01 1.284629504886877771e-01
1.161022044088176308e+01 1.252962306165855133e-01
1.161422845691382832e+01 1.221398391387271548e-01
1.161823647294589179e+01 1.189937757945898067e-01
1.162224448897795526e+01 1.157063811083570010e-01
1.162625250501002050e+01 1.123108985119662950e-01
1.163026052104208397e+01 1.089266987459879821e-01
1.163426853707414743e+01 1.055537815256367973e-01
1.163827655310621267e+01 1.021921465660971529e-01
1.164228456913827614e+01 9.877413577429522418e-02
1.164629258517033961e+01 9.531670014761606247e-02
1.165030060120240485e+01 9.187097084310962003e-02
1.165430861723446831e+01 8.843694755215708581e-02
1.165831663326653356e+01 8.501462996610169298e-02
1.166232464929859702e+01 8.166138879921562566e-02
1.166633266533066049e+01 7.836111472201882922e-02
1.167034068136272573e+01 7.507218780745446296e-02
1.167434869739478920e+01 7.179460776873734795e-02
1.167835671342685444e+01 6.852837431904618137e-02
1.168236472945891791e+01 6.553000359831538668e-02
1.168637274549098137e+01 6.271463028002796647e-02
1.169038076152304662e+01 5.991018567942985040e-02
1.169438877755511008e+01 5.711666951957772992e-02
1.169839679358717355e+01 5.433408152349534365e-02
1.170240480961923879e+01 5.178714380085232966e-02
1.170641282565130226e+01 4.939976188197749141e-02
1.171042084168336572e+01 4.702182356096846344e-02
1.171442885771543096e+01 4.465332826022454932e-02
1.171843687374749443e+01 4.229427540214895226e-02
1.172244488977955967e+01 4.017172068048222716e-02
1.172645290581162314e+01 3.820252279838841358e-02
1.173046092184368661e+01 3.624121096844137857e-02
1.173446893787575185e+01 3.428778471688996576e-02
1.173847695390781531e+01 3.234224356998634947e-02
1.174248496993988056e+01 3.069295836506501229e-02
1.174649298597194402e+01 2.922671286011849570e-02
1.175050100200400749e+01 2.776639044524225122e-02
1.175450901803607273e+01 2.631199076454395283e-02
1.175851703406813620e+01 2.486351346213365801e-02
1.176252505010019966e+01 2.362055052431005428e-02
1.176653306613226491e+01 2.249963097880218477e-02
1.177054108216432837e+01 2.138328413134378200e-02
1.177454909819639184e+01 2.027150970208454681e-02
1.177855711422845708e+01 1.916430741117456163e-02
1.178256513026052055e+01 1.819417761824450655e-02
1.178657314629258579e+01 1.730241959721535300e-02
1.179058116232464926e+01 1.641434095534049717e-02
1.179458917835671272e+01 1.552994147145313718e-02
1.179859719438877796e+01 1.464922092438677818e-02
1.180260521042084143e+01 1.388948844932735502e-02
1.180661322645290667e+01 1.319595624931498533e-02
1.181062124248497014e+01 1.250532077576272695e-02
1.181462925851703361e+01 1.181758183128503795e-02
1.181863727454909885e+01 1.113273921849824294e-02
1.182264529058116231e+01 1.058050939928020101e-02
1.182665330661322578e+01 1.009729333056243877e-02
1.183066132264529102e+01 9.616122461476592567e-03
1.183466933867735449e+01 9.136996556401754191e-03
1.183867735470941795e+01 8.659915379718722411e-03
1.184268537074148320e+01 8.240128586714886086e-03
1.184669338677354666e+01 7.849290699135019062e-03
1.185070140280561191e+01 7.460128022310177041e-03
1.185470941883767537e+01 7.072640357713129780e-03
1.185871743486973884e+01 6.686827506818117210e-03
1.186272545090180408e+01 6.351844483187900001e-03
1.186673346693386755e+01 6.041392410716049308e-03
1.187074148296593101e+01 5.732286817299174150e-03
1.187474949899799626e+01 5.423486973714124887e-03
1.187875751503005972e+01 5.116078590349638563e-03
1.188276553106212319e+01 4.862175912149042760e-03
1.188677354709418843e+01 4.632801124072103045e-03
1.189078156312625190e+01 4.404515910510218776e-03
1.189478957915831714e+01 4.177320142068291151e-03
1.189879759519038060e+01 3.951213689352916190e-03
1.190280561122244407e+01 3.759656019008684492e-03
1.190681362725450931e+01 3.583322072783785839e-03
1.191082164328657278e+01 3.407835710774570828e-03
1.191482965931863802e+01 3.233196828297833347e-03
1.191883767535070149e+01 3.059405320672402111e-03
1.192284569138276495e+01 2.907501425539410836e-03
1.192685370741483020e+01 2.764908829541133650e-03
1.193086172344689366e+01 2.623011487244941188e-03
1.193486973947895713e+01 2.481809311990225940e-03
1.193887775551102237e+01 2.341302217117811977e-03
1.194288577154308584e+01 2.221909642382966909e-03
1.194689378757514930e+01 2.111026273348440892e-03
1.195090180360721455e+01 2.000690499168975966e-03
1.195490981963927801e+01 1.890902251564094286e-03
1.195891783567134325e+01 1.781661462254251725e-03
1.196292585170340672e+01 1.693746037717263654e-03
1.196693386773547019e+01 1.613933487551208511e-03
1.197094188376753543e+01 1.534518552668426338e-03
1.197494989979959890e+01 1.455501183474564638e-03
1.197895791583166414e+01 1.376881330375950060e-03
1.198296593186372760e+01 1.308123905105553018e-03
1.198697394789579107e+01 1.243030160837796643e-03
1.199098196392785631e+01 1.178265673428064353e-03
1.199498997995991978e+01 1.113830401791868771e-03
1.199899799599198325e+01 1.049724304845314499e-03
1.200300601202404849e+01 9.946024702253192153e-04
1.200701402805611195e+01 9.426293613482376313e-04
1.201102204408817542e+01 8.909106485165130263e-04
1.201503006012024066e+01 8.394463981390904751e-04
1.201903807615230413e+01 7.882366766262323583e-04
1.202304609218436937e+01 7.475546527657287235e-04
1.202705410821643284e+01 7.103093777368014788e-04
1.203106212424849630e+01 6.732483022441801933e-04
1.203507014028056155e+01 6.363714745595655227e-04
1.203907815631262501e+01 5.996789429556147145e-04
1.204308617234468848e+01 5.678062848790213241e-04
1.204709418837675372e+01 5.374745077379542444e-04
1.205110220440881719e+01 5.072953554304013117e-04
1.205511022044088065e+01 4.772688677332944914e-04
1.205911823647294590e+01 4.473950844243144986e-04
1.206312625250500936e+01 4.215455493319418090e-04
1.206713426853707460e+01 3.969170520592518693e-04
1.207114228456913807e+01 3.724147331245871904e-04
1.207515030060120154e+01 3.480386255327399224e-04
1.207915831663326678e+01 3.237887622891235176e-04
1.208316633266533024e+01 3.038686029715501296e-04
1.208717434869739549e+01 2.851662129673143567e-04
1.209118236472945895e+01 2.665612122601630166e-04
1.209519038076152242e+01 2.480536263020992989e-04
1.209919839679358766e+01 2.296434805456052579e-04
1.210320641282565113e+01 2.142616741005458781e-04
1.210721442885771459e+01 1.996916546555624491e-04
1.211122244488977984e+01 1.851986790145696395e-04
1.211523046092184330e+01 1.707827694022950686e-04
1.211923847695390677e+01 1.564439480445197123e-04
1.212324649298597201e+01 1.445488850201862995e-04
1.212725450901803548e+01 1.332713933679472026e-04
1.213126252505010072e+01 1.220548075078849344e-04
1.213527054108216419e+01 1.108991443371780297e-04
1.213927855711422765e+01 9.980442075379993331e-05
1.214328657314629289e+01 9.248918269284952479e-05
1.214729458917835636e+01 8.603971461441696511e-05
1.215130260521042160e+01 7.961782665967885423e-05
1.215531062124248507e+01 7.322352600107844131e-05
1.215931863727454854e+01 6.685681981138977910e-05
1.216332665330661378e+01 6.233420759464139080e-05
1.216733466933867724e+01 5.820231714418920896e-05
1.217134268537074071e+01 5.408827013137435587e-05
1.217535070140280595e+01 4.999207119360898313e-05
1.217935871743486942e+01 4.591372496852996358e-05
1.218336673346693289e+01 4.271261162069658738e-05
1.218737474949899813e+01 3.968879789754398542e-05
1.219138276553106159e+01 3.667822690453626753e-05
1.219539078156312684e+01 3.368090208075458653e-05
1.219939879759519030e+01 3.069682686544811950e-05
1.220340681362725377e+01 2.827992538275197470e-05
1.220741482965931901e+01 2.597127206229792810e-05
1.221142284569138248e+01 2.367289520838622367e-05
1.221543086172344772e+01 2.138479750123567415e-05
1.221943887775551119e+01 1.910698162119906578e-05
1.222344689378757465e+01 1.802750183730375658e-05
1.222745490981963989e+01 1.714576430381749354e-05
1.223146292585170336e+01 1.626791861599761593e-05
1.223547094188376683e+01 1.539396578885539348e-05
1.223947895791583207e+01 1.452390683745130350e-05
1.224348697394789554e+01 1.413256108364598838e-05
1.224749498997995900e+01 1.381366857479509640e-05
1.225150300601202424e+01 1.349611350198188906e-05
1.225551102204408771e+01 1.317989621450640441e-05
1.225951903807615295e+01 1.286501706168502648e-05
1.226352705410821642e+01 1.280058660869051440e-05
1.226753507014027988e+01 1.277020107277142066e-05
1.227154308617234513e+01 1.273981024445884016e-05
1.227555110220440859e+01 1.270941412356034735e-05
1.227955911823647206e+01 1.267901270988347433e-05
1.228356713426853730e+01 1.264860179464920486e-05
1.228757515030060077e+01 1.261818508820125234e-05
1.229158316633266423e+01 1.258776311179746343e-05
1.229559118236472948e+01 1.255733586524639173e-05
1.229959919839679294e+01 1.252690334835663999e-05
1.230360721442885819e+01 1.249635699927567183e-05
1.230761523046092165e+01 1.246579387236271131e-05
1.231162324649298512e+01 1.243522606591074419e-05
1.231563126252505036e+01 1.240465357985512493e-05
1.231963927855711383e+01 1.237407641413123338e-05
1.232364729458917907e+01 1.234349876511777245e-05
1.232765531062124253e+01 1.231291682890357318e-05
1.233166332665330600e+01 1.228233018933358132e-05
1.233567134268537124e+01 1.225173884634280910e-05
1.233967935871743471e+01 1.222114279986628231e-05
1.234368737474949818e+01 1.219053786131640198e-05
1.234769539078156342e+01 1.215992787748604576e-05
1.235170340681362688e+01 1.212931321346971919e-05
1.235571142284569035e+01 1.209869386920276824e-05
1.235971943887775559e+01 1.206548525040149997e-05
1.236372745490981906e+01 1.202046060237454819e-05
1.236773547094188430e+01 1.197542941337650828e-05
1.237174348697394777e+01 1.193039136797763174e-05
1.237575150300601123e+01 1.188534646608321860e-05
1.237975951903807648e+01 1.184029470759858582e-05
1.238376753507013994e+01 1.179523609242909271e-05
1.238777555110220518e+01 1.175017062048003422e-05
1.239178356713426865e+01 1.170509829165677305e-05
1.239579158316633212e+01 1.166001910586462446e-05
1.239979959919839736e+01 1.161493306300889357e-05
1.240380761523046083e+01 1.156996413612178354e-05
1.240781563126252429e+01 1.152499387067408383e-05
1.241182364729458953e+01 1.148001572911377005e-05
1.241583166332665300e+01 1.143502971112923911e-05
1.241983967935871647e+01 1.139003581640882692e-05
1.242384769539078171e+01 1.134516808501199778e-05
1.242785571142284518e+01 1.130029695653676860e-05
1.243186372745491042e+01 1.125541682305612736e-05
1.243587174348697388e+01 1.121052768420346633e-05
1.243987975951903735e+01 1.116562953961213036e-05
1.244388777555110259e+01 1.112073445280567501e-05
1.244789579158316606e+01 1.107583063167804284e-05
1.245190380761522952e+01 1.103091770121016186e-05
1.245591182364729477e+01 1.098599566103037944e-05
1.245991983967935823e+01 1.094106451076709375e-05
1.246392785571142170e+01 1.089612822909096242e-05
1.246793587174348694e+01 1.086134682219867105e-05
1.247194388777555041e+01 1.083027041105160274e-05
1.247595190380761565e+01 1.079918761992380967e-05
1.247995991983967912e+01 1.076809844855453612e-05
1.248396793587174258e+01 1.073700289668299251e-05
1.248797595190380783e+01 1.070590096404838926e-05
1.249198396793587129e+01 1.067479265038997405e-05
1.249599198396793653e+01 1.064367795544694373e-05
1.250000000000000000e+01 1.061255687895854431e-05
