2.383999999999999986e+01 4.863280000000000207e-03
2.389029999999999987e+01 4.863280000000000207e-03
2.394059999999999988e+01 4.863280000000000207e-03
2.399089999999999989e+01 4.863280000000000207e-03
2.404119999999999990e+01 4.863280000000000207e-03
2.409149999999999991e+01 4.863280000000000207e-03
2.414179999999999993e+01 4.863280000000000207e-03
2.419209999999999994e+01 4.863280000000000207e-03
2.424239999999999995e+01 4.863280000000000207e-03
2.429269999999999996e+01 4.863280000000000207e-03
2.434299999999999997e+01 4.863280000000000207e-03
2.439329999999999998e+01 4.863280000000000207e-03
2.444359999999999999e+01 4.863280000000000207e-03
2.449390000000000001e+01 4.863280000000000207e-03
2.454420000000000002e+01 4.863280000000000207e-03
2.459450000000000003e+01 4.863280000000000207e-03
2.464480000000000004e+01 4.863280000000000207e-03
2.469519999999999982e+01 4.863280000000000207e-03
2.474549999999999983e+01 4.863280000000000207e-03
2.479579999999999984e+01 4.863280000000000207e-03
2.484609999999999985e+01 4.863280000000000207e-03
2.489639999999999986e+01 4.863280000000000207e-03
2.494669999999999987e+01 4.863280000000000207e-03
2.499699999999999989e+01 4.863280000000000207e-03
2.504729999999999990e+01 4.863280000000000207e-03
2.509759999999999991e+01 4.863280000000000207e-03
2.514789999999999992e+01 4.863280000000000207e-03
2.519819999999999993e+01 4.863280000000000207e-03
2.524849999999999994e+01 4.863280000000000207e-03
2.529879999999999995e+01 4.863280000000000207e-03
2.534909999999999997e+01 4.863280000000000207e-03
2.539939999999999998e+01 4.863280000000000207e-03
2.544969999999999999e+01 4.863280000000000207e-03
2.550000000000000000e+01 4.863280000000000207e-03
2.555030000000000001e+01 4.863280000000000207e-03
2.560060000000000002e+01 4.863280000000000207e-03
2.565090000000000003e+01 4.863280000000000207e-03
2.570120000000000005e+01 4.863280000000000207e-03
2.575150000000000006e+01 4.863280000000000207e-03
2.580180000000000007e+01 4.863280000000000207e-03
2.585210000000000008e+01 4.863280000000000207e-03
2.590240000000000009e+01 4.863280000000000207e-03
2.595270000000000010e+01 4.863280000000000207e-03
2.600300000000000011e+01 4.863280000000000207e-03
2.605330000000000013e+01 4.863280000000000207e-03
2.610360000000000014e+01 4.863280000000000207e-03
2.615390000000000015e+01 4.863280000000000207e-03
2.620420000000000016e+01 4.863280000000000207e-03
2.625450000000000017e+01 4.863280000000000207e-03
2.630480000000000018e+01 4.863280000000000207e-03
2.635519999999999996e+01 4.863280000000000207e-03
2.640549999999999997e+01 4.863280000000000207e-03
2.645579999999999998e+01 4.863280000000000207e-03
2.650609999999999999e+01 4.863280000000000207e-03
2.655640000000000001e+01 4.863280000000000207e-03
2.660670000000000002e+01 4.863280000000000207e-03
2.665700000000000003e+01 4.863280000000000207e-03
2.670730000000000004e+01 4.863280000000000207e-03
2.675760000000000005e+01 4.863280000000000207e-03
2.680790000000000006e+01 4.863280000000000207e-03
2.685820000000000007e+01 4.863280000000000207e-03
2.690850000000000009e+01 4.863280000000000207e-03
2.695880000000000010e+01 4.863280000000000207e-03
2.700910000000000011e+01 4.863280000000000207e-03
2.705940000000000012e+01 4.863280000000000207e-03
2.710970000000000013e+01 4.863280000000000207e-03
2.716000000000000014e+01 4.863280000000000207e-03
2.721030000000000015e+01 4.863280000000000207e-03
2.726060000000000016e+01 4.863280000000000207e-03
2.731090000000000018e+01 4.863280000000000207e-03
2.736120000000000019e+01 4.863280000000000207e-03
2.741150000000000020e+01 4.863280000000000207e-03
2.746180000000000021e+01 4.863280000000000207e-03
2.751210000000000022e+01 4.863280000000000207e-03
2.756240000000000023e+01 4.863280000000000207e-03
2.761270000000000024e+01 4.863280000000000207e-03
2.766300000000000026e+01 4.863280000000000207e-03
2.771330000000000027e+01 4.863280000000000207e-03
2.776360000000000028e+01 4.863280000000000207e-03
2.781390000000000029e+01 4.863280000000000207e-03
2.786420000000000030e+01 4.863280000000000207e-03
2.791450000000000031e+01 4.863280000000000207e-03
2.796480000000000032e+01 4.863280000000000207e-03
2.801520000000000010e+01 4.863280000000000207e-03
2.806550000000000011e+01 4.863280000000000207e-03
2.811580000000000013e+01 4.863280000000000207e-03
2.816610000000000014e+01 4.863280000000000207e-03
2.821640000000000015e+01 4.863280000000000207e-03
2.826670000000000016e+01 4.863280000000000207e-03
2.831700000000000017e+01 4.863280000000000207e-03
2.836730000000000018e+01 4.863280000000000207e-03
2.841760000000000019e+01 4.863280000000000207e-03
2.846790000000000020e+01 4.863280000000000207e-03
2.851820000000000022e+01 4.863280000000000207e-03
2.856850000000000023e+01 4.863280000000000207e-03
2.861880000000000024e+01 4.863280000000000207e-03
2.866910000000000025e+01 4.863280000000000207e-03
2.871940000000000026e+01 4.863280000000000207e-03
2.876970000000000027e+01 4.863280000000000207e-03
2.882000000000000028e+01 4.863280000000000207e-03
