1.100000000000000000e+01 2.373329853690024613e-05
1.100801603206412871e+01 2.364535450196024550e-05
1.101603206412825564e+01 2.355746756342023713e-05
1.102404809619238435e+01 2.346963772316427302e-05
1.103206412825651306e+01 2.338186498307648310e-05
1.104008016032064177e+01 2.329414934504094986e-05
1.104809619238476870e+01 2.320649081094181338e-05
1.105611222444889741e+01 2.311888938266311549e-05
1.106412825651302612e+01 2.318935808674975381e-05
1.107214428857715482e+01 2.340692620599489480e-05
1.108016032064128176e+01 2.390046003966779284e-05
1.108817635270541047e+01 3.797114833183855141e-05
1.109619238476953917e+01 5.193327768460654969e-05
1.110420841683366788e+01 7.452424553434778393e-05
1.111222444889779482e+01 1.048152189687068600e-04
1.112024048096192352e+01 1.354216074274776371e-04
1.112825651302605223e+01 1.835892228846743740e-04
1.113627254509018094e+01 2.316377753967686622e-04
1.114428857715430787e+01 2.913351891648180750e-04
1.115230460921843658e+01 3.610379507261178198e-04
1.116032064128256529e+01 4.314309752567556779e-04
1.116833667334669400e+01 5.266120359611855054e-04
1.117635270541082093e+01 6.212982990395904534e-04
1.118436873747494964e+01 7.266562087931279727e-04
1.119238476953907835e+01 8.407605057293427017e-04
1.120040080160320706e+01 9.551060672930294926e-04
1.120841683366733399e+01 1.084775843719192664e-03
1.121643286573146270e+01 1.213757679598436107e-03
1.122444889779559141e+01 1.348048002643000964e-03
1.123246492985972012e+01 1.486415243127082965e-03
1.124048096192384705e+01 1.624104554669753182e-03
1.124849699398797576e+01 1.762062631844705466e-03
1.125651302605210446e+01 1.899280096505998657e-03
1.126452905811623317e+01 2.033701639956783051e-03
1.127254509018036011e+01 2.165816846500366859e-03
1.128056112224448881e+01 2.297396113110659454e-03
1.128857715430861752e+01 2.430674499118682438e-03
1.129659318637274623e+01 2.563221989758273679e-03
1.130460921843687316e+01 2.701245769544737517e-03
1.131262525050100187e+01 2.842705430161979012e-03
1.132064128256513058e+01 2.985013816419201677e-03
1.132865731462925929e+01 3.146167287450473207e-03
1.133667334669338622e+01 3.306324275433176942e-03
1.134468937875751493e+01 3.495531346674848189e-03
1.135270541082164364e+01 3.704816841382941282e-03
1.136072144288577235e+01 3.920353921056056630e-03
1.136873747494989928e+01 4.210657694077834731e-03
1.137675350701402799e+01 4.499166679338968515e-03
1.138476953907815670e+01 4.848791415731461274e-03
1.139278557114228363e+01 5.238939427780129644e-03
1.140080160320641234e+01 5.640704880170903900e-03
1.140881763527054105e+01 6.165959298684106464e-03
1.141683366733466976e+01 6.687963969684021341e-03
1.142484969939879846e+01 7.334698011382849263e-03
1.143286573146292540e+01 8.060716247220343911e-03
1.144088176352705410e+01 8.828872432276937965e-03
1.144889779559118281e+01 9.968584595901783599e-03
1.145691382765530975e+01 1.110121087814865300e-02
1.146492985971943845e+01 1.253922435461905793e-02
1.147294589178356716e+01 1.416326155989880084e-02
1.148096192384769587e+01 1.585702213314676631e-02
1.148897795591182280e+01 1.812425374876003997e-02
1.149699398797595151e+01 2.037723793979940787e-02
1.150501002004008022e+01 2.317480940012026785e-02
1.151302605210420893e+01 2.629045325346537551e-02
1.152104208416833586e+01 2.961616704854272419e-02
1.152905811623246457e+01 3.444408365934899935e-02
1.153707414829659328e+01 3.923265096964258930e-02
1.154509018036072199e+01 4.488487259260864198e-02
1.155310621242484892e+01 5.101690470652524290e-02
1.156112224448897763e+01 5.728400484877648607e-02
1.156913827655310634e+01 6.459827149608290964e-02
1.157715430861723505e+01 7.186049133303228087e-02
1.158517034068136198e+01 7.981142780469900611e-02
1.159318637274549069e+01 8.811144097410010534e-02
1.160120240480961940e+01 9.634246705986357351e-02
1.160921843687374810e+01 1.044631821190816906e-01
1.161723446893787504e+01 1.125245667520882592e-01
1.162525050100200374e+01 1.196814348332982531e-01
1.163326653306613245e+01 1.263413469585782101e-01
1.164128256513026116e+01 1.326972846416712981e-01
1.164929859719438809e+01 1.376772698066215939e-01
1.165731462925851680e+01 1.426183321717251762e-01
1.166533066132264551e+01 1.460348073776094602e-01
1.167334669338677422e+01 1.486773272692669123e-01
1.168136272545090115e+01 1.509565234060109284e-01
1.168937875751502986e+01 1.515094504523572250e-01
1.169739478957915857e+01 1.520528812234284710e-01
1.170541082164328728e+01 1.520977412095903258e-01
1.171342685370741421e+01 1.519026000283065225e-01
1.172144288577154292e+01 1.516217732315002786e-01
1.172945891783567163e+01 1.509654872205392628e-01
1.173747494989980034e+01 1.503094528569867139e-01
1.174549098196392727e+01 1.495628050348470628e-01
1.175350701402805598e+01 1.487755678122176795e-01
1.176152304609218469e+01 1.480006774503994926e-01
1.176953907815631339e+01 1.472736554296067146e-01
1.177755511022044033e+01 1.465475129727049908e-01
1.178557114228456904e+01 1.458566231632441867e-01
1.179358717434869774e+01 1.451813358170340462e-01
1.180160320641282468e+01 1.445167716525057877e-01
1.180961923847695338e+01 1.438934739440631272e-01
1.181763527054108209e+01 1.432701822599010966e-01
1.182565130260521080e+01 1.426514007870990641e-01
1.183366733466933951e+01 1.420344608056305080e-01
1.184168336673346644e+01 1.414193391066981276e-01
1.184969939879759515e+01 1.408111521509111952e-01
1.185771543086172386e+01 1.402028335872655407e-01
1.186573146292585079e+01 1.396008894199098627e-01
1.187374749498997950e+01 1.389818085768348421e-01
1.188176352705410821e+01 1.383276985752445454e-01
1.188977955911823692e+01 1.376826543203425457e-01
1.189779559118236385e+01 1.370372570210711682e-01
1.190581162324649256e+01 1.363893262570264331e-01
1.191382765531062127e+01 1.357402416782907406e-01
1.192184368737474998e+01 1.350901376416053512e-01
1.192985971943887691e+01 1.344373969442687056e-01
1.193787575150300562e+01 1.337843649372770227e-01
1.194589178356713433e+01 1.331281848650407162e-01
1.195390781563126303e+01 1.324707187348691806e-01
1.196192384769538997e+01 1.318167839402422936e-01
1.196993987975951867e+01 1.311744720697633204e-01
1.197795591182364738e+01 1.305317442227556246e-01
1.198597194388777609e+01 1.298977897008528892e-01
1.199398797595190302e+01 1.292664499032918635e-01
1.200200400801603173e+01 1.286456456896351852e-01
1.201002004008016044e+01 1.280572705906209141e-01
1.201803607214428915e+01 1.274679127374827581e-01
1.202605210420841608e+01 1.268818651397477237e-01
1.203406813627254479e+01 1.262961751369088559e-01
1.204208416833667350e+01 1.257075655111639101e-01
1.205010020040080221e+01 1.251126199034922615e-01
1.205811623246492914e+01 1.245167063241799793e-01
1.206613226452905785e+01 1.239132927477427509e-01
1.207414829659318656e+01 1.233069850289562203e-01
1.208216432865731527e+01 1.226934100823750817e-01
1.209018036072144220e+01 1.220618443448768242e-01
1.209819639278557091e+01 1.214296581211116721e-01
1.210621242484969962e+01 1.207799750300234815e-01
1.211422845691382832e+01 1.201249858228522066e-01
1.212224448897795526e+01 1.194638966934740143e-01
1.213026052104208397e+01 1.187878647620051742e-01
1.213827655310621267e+01 1.181116814874761112e-01
1.214629258517033961e+01 1.175089505607995882e-01
1.215430861723446831e+01 1.169503597514998106e-01
1.216232464929859702e+01 1.163865923456777335e-01
1.217034068136272573e+01 1.158100128763146497e-01
1.217835671342685444e+01 1.152337671847334377e-01
1.218637274549098137e+01 1.146479611220671962e-01
1.219438877755511008e+01 1.140600390961700877e-01
1.220240480961923879e+01 1.134674739902119811e-01
1.221042084168336572e+01 1.128635797050920597e-01
1.221843687374749443e+01 1.122602883850071093e-01
1.222645290581162314e+01 1.116484415798070645e-01
1.223446893787575185e+01 1.110350752009041236e-01
1.224248496993988056e+01 1.104206633996272918e-01
1.225050100200400749e+01 1.098030898591164928e-01
1.225851703406813620e+01 1.091862800709256925e-01
1.226653306613226491e+01 1.085656676534820231e-01
1.227454909819639184e+01 1.079448315210921466e-01
1.228256513026052055e+01 1.073285864483530527e-01
1.229058116232464926e+01 1.067211025461440588e-01
1.229859719438877796e+01 1.061143248040586073e-01
1.230661322645290667e+01 1.055130486671825157e-01
1.231462925851703361e+01 1.049134478722768132e-01
1.232264529058116231e+01 1.043186925017010741e-01
1.233066132264529102e+01 1.037330176322905084e-01
1.233867735470941795e+01 1.031478714882746867e-01
1.234669338677354666e+01 1.025835917207180564e-01
1.235470941883767537e+01 1.020236352587156892e-01
1.236272545090180408e+01 1.013581288782945816e-01
1.237074148296593101e+01 1.005763707220481834e-01
1.237875751503005972e+01 9.979472889692336812e-02
1.238677354709418843e+01 9.905100538139113842e-02
1.239478957915831714e+01 9.831369993607722013e-02
1.240280561122244407e+01 9.759035615003780473e-02
1.241082164328657278e+01 9.689299392977847314e-02
1.241883767535070149e+01 9.619441778163798085e-02
1.242685370741483020e+01 9.551787886660520477e-02
1.243486973947895713e+01 9.484366991371515065e-02
1.244288577154308584e+01 9.418070912133601202e-02
1.245090180360721455e+01 9.353863109829323175e-02
1.245891783567134325e+01 9.289432826073831806e-02
1.246693386773547019e+01 9.231473767911030359e-02
1.247494989979959890e+01 9.191360897813789788e-02
1.248296593186372760e+01 9.151415073041382908e-02
1.249098196392785631e+01 9.111864165072225408e-02
1.249899799599198325e+01 9.072135025487126914e-02
1.250701402805611195e+01 9.027992918620091067e-02
1.251503006012024066e+01 8.983108418594130951e-02
1.252304609218436937e+01 8.937850456659153509e-02
1.253106212424849630e+01 8.892073971953744216e-02
1.253907815631262501e+01 8.846171497117512328e-02
1.254709418837675372e+01 8.799431012869067537e-02
1.255511022044088065e+01 8.752482412668546874e-02
1.256312625250500936e+01 8.704361509427775700e-02
1.257114228456913807e+01 8.654497314592460300e-02
1.257915831663326678e+01 8.604555159853650992e-02
1.258717434869739549e+01 8.553257973160191541e-02
1.259519038076152242e+01 8.501751767965559647e-02
1.260320641282565113e+01 8.449151954061030756e-02
1.261122244488977984e+01 8.394965976643557759e-02
1.261923847695390677e+01 8.340758030885168928e-02
1.262725450901803548e+01 8.284018567109988074e-02
1.263527054108216419e+01 8.227031244355509365e-02
1.264328657314629289e+01 8.169451252775873640e-02
1.265130260521042160e+01 8.111025807906518947e-02
1.265931863727454854e+01 8.052639233408774577e-02
1.266733466933867724e+01 7.991994452977221886e-02
1.267535070140280595e+01 7.931210342702803284e-02
1.268336673346693289e+01 7.870083791119802941e-02
1.269138276553106159e+01 7.808465995350903632e-02
1.269939879759519030e+01 7.746938468705931446e-02
1.270741482965931901e+01 7.684581847191251924e-02
1.271543086172344772e+01 7.622255281871952171e-02
1.272344689378757465e+01 7.559318766887412888e-02
1.273146292585170336e+01 7.495557662656344988e-02
1.273947895791583207e+01 7.431926997517250555e-02
1.274749498997995900e+01 7.368122305719802811e-02
1.275551102204408771e+01 7.304431651253584512e-02
1.276352705410821642e+01 7.240788371764730891e-02
1.277154308617234513e+01 7.177170681499343841e-02
1.277955911823647206e+01 7.113691228488322471e-02
1.278757515030060077e+01 7.051468312933899252e-02
1.279559118236472948e+01 6.989429833484665788e-02
1.280360721442885819e+01 6.927803548799921218e-02
1.281162324649298512e+01 6.866646866635442437e-02
1.281963927855711383e+01 6.805598116478112081e-02
1.282765531062124253e+01 6.747666157331280723e-02
1.283567134268537124e+01 6.689931733293777438e-02
1.284368737474949818e+01 6.632659897058307275e-02
1.285170340681362688e+01 6.575910485100282254e-02
1.285971943887775559e+01 6.519200377038558702e-02
1.286773547094188430e+01 6.464099249649249423e-02
1.287575150300601123e+01 6.409066277038791282e-02
1.288376753507013994e+01 6.354584723751982578e-02
1.289178356713426865e+01 6.300708542581101579e-02
1.289979959919839736e+01 6.246822662476651800e-02
1.290781563126252429e+01 6.193417585466425707e-02
1.291583166332665300e+01 6.140006349006760233e-02
1.292384769539078171e+01 6.087259348826986466e-02
1.293186372745491042e+01 6.035213932047660962e-02
1.293987975951903735e+01 5.983123356806989424e-02
1.294789579158316606e+01 5.933333891152978157e-02
1.295591182364729477e+01 5.899482401374894075e-02
1.296392785571142170e+01 5.865929521063365654e-02
1.297194388777555041e+01 5.832682245970886165e-02
1.297995991983967912e+01 5.799390389945055513e-02
1.298797595190380783e+01 5.765400149833987964e-02
1.299599198396793653e+01 5.731371024929097363e-02
1.300400801603206347e+01 5.696600984794376876e-02
1.301202404809619217e+01 5.661102569688407360e-02
1.302004008016032088e+01 5.625571700891026511e-02
1.302805611222444782e+01 5.587306828700026873e-02
1.303607214428857652e+01 5.549062340997527876e-02
1.304408817635270523e+01 5.510296255033773904e-02
1.305210420841683394e+01 5.471041443431044760e-02
1.306012024048096265e+01 5.431782399095507613e-02
1.306813627254508958e+01 5.389949124954241527e-02
1.307615230460921829e+01 5.348190654846084191e-02
1.308416833667334700e+01 5.306083530549138283e-02
1.309218436873747393e+01 5.263669484863250925e-02
1.310020040080160264e+01 5.221324728849160990e-02
1.310821643286573135e+01 5.178390649350747554e-02
1.311623246492986006e+01 5.135553767594844971e-02
1.312424849699398877e+01 5.092660517079801441e-02
1.313226452905811570e+01 5.049731594925382927e-02
1.314028056112224441e+01 5.006901543669665944e-02
1.314829659318637312e+01 4.964104017087558884e-02
1.315631262525050005e+01 4.921408806294380600e-02
1.316432865731462876e+01 4.878766913291395640e-02
1.317234468937875747e+01 4.836186595787024534e-02
1.318036072144288617e+01 4.793731331859562433e-02
1.318837675350701488e+01 4.751833550854884375e-02
1.319639278557114181e+01 4.710031303199458536e-02
1.320440881763527052e+01 4.668766170000206855e-02
1.321242484969939923e+01 4.627947511447451368e-02
1.322044088176352616e+01 4.587249062002363847e-02
1.322845691382765487e+01 4.548779925304592686e-02
1.323647294589178358e+01 4.517116172494067133e-02
1.324448897795591229e+01 4.485737770390191975e-02
1.325250501002004100e+01 4.454590906239130205e-02
1.326052104208416793e+01 4.423533097026971506e-02
1.326853707414829664e+01 4.393097644308381622e-02
1.327655310621242535e+01 4.362702666672722135e-02
1.328456913827655228e+01 4.332508138511438622e-02
1.329258517034068099e+01 4.302471770311885185e-02
1.330060120240480970e+01 4.272565141528058413e-02
1.330861723446893663e+01 4.243834116345741869e-02
1.331663326653306534e+01 4.215122594379338422e-02
1.332464929859719405e+01 4.186557901199301074e-02
1.333266533066132276e+01 4.158102492258308053e-02
1.334068136272545146e+01 4.129701495748154538e-02
1.334869739478957840e+01 4.101721957279579750e-02
1.335671342685370711e+01 4.073752592146112628e-02
1.336472945891783581e+01 4.045735942939655133e-02
1.337274549098196275e+01 4.017690706194026323e-02
1.338076152304609145e+01 3.989649799380119710e-02
1.338877755511022016e+01 3.961551136593682160e-02
1.339679358717434887e+01 3.933465361862602261e-02
1.340480961923847758e+01 3.904864391698675830e-02
1.341282565130260451e+01 3.875934851342889564e-02
1.342084168336673322e+01 3.847004346316252460e-02
1.342885771543086193e+01 3.817871017413412837e-02
1.343687374749498886e+01 3.788767793143723445e-02
1.344488977955911757e+01 3.758926080032787276e-02
1.345290581162324628e+01 3.728638812260441637e-02
1.346092184368737499e+01 3.698372996993717909e-02
1.346893787575150370e+01 3.667942080903059676e-02
1.347695390781563063e+01 3.635157669791427848e-02
1.348496993987975934e+01 3.601387729706061885e-02
1.349298597194388805e+01 3.567277557551779693e-02
1.350100200400801498e+01 3.533918902965833830e-02
1.350901803607214369e+01 3.505298476377532307e-02
1.351703406813627240e+01 3.476657815953977659e-02
1.352505010020040110e+01 3.447675900236453483e-02
1.353306613226452981e+01 3.418491702588281889e-02
1.354108216432865675e+01 3.389285346059829618e-02
1.354909819639278545e+01 3.360003137983553351e-02
1.355711422845691416e+01 3.330710331454784373e-02
1.356513026052104109e+01 3.301361750542924217e-02
1.357314629258516980e+01 3.271978306469294079e-02
1.358116232464929851e+01 3.242637537621807092e-02
1.358917835671342722e+01 3.213589283743994995e-02
1.359719438877755593e+01 3.184526580020066722e-02
1.360521042084168286e+01 3.155607745868631991e-02
1.361322645290581157e+01 3.126756610452760543e-02
1.362124248496994028e+01 3.098017213474419523e-02
1.362925851703406721e+01 3.069959171259312863e-02
1.363727454909819592e+01 3.041868982598747856e-02
1.364529058116232463e+01 3.013880481019284505e-02
1.365330661322645334e+01 2.985925933350895567e-02
1.366132264529058205e+01 2.958048782796036252e-02
1.366933867735470898e+01 2.930700245333545118e-02
1.367735470941883769e+01 2.903303984826214809e-02
1.368537074148296639e+01 2.875921833109430087e-02
1.369338677354709333e+01 2.848521019510479035e-02
1.370140280561122204e+01 2.821187009781348995e-02
1.370941883767535074e+01 2.794343815248378354e-02
1.371743486973947768e+01 2.767438587937438160e-02
1.372545090180360638e+01 2.740383815409532658e-02
1.373346693386773509e+01 2.713227949485172083e-02
1.374148296593186380e+01 2.685911460101912326e-02
1.374949899799599251e+01 2.658096602154580435e-02
1.375751503006011944e+01 2.630233343736481169e-02
1.376553106212424815e+01 2.601696722242710993e-02
1.377354709418837686e+01 2.572847099853387345e-02
1.378156312625250379e+01 2.543553526653561866e-02
1.378957915831663250e+01 2.512546028850692545e-02
1.379759519038076121e+01 2.481555666553781833e-02
1.380561122244488992e+01 2.448890502916739251e-02
1.381362725450901863e+01 2.415564077688664782e-02
1.382164328657314556e+01 2.381568031917032438e-02
1.382965931863727427e+01 2.344817277965898644e-02
1.383767535070140298e+01 2.308223831153560432e-02
1.384569138276552991e+01 2.269668564052395796e-02
1.385370741482965862e+01 2.230467690301337833e-02
1.386172344689378733e+01 2.190817062810470478e-02
1.386973947895791603e+01 2.148959117344203737e-02
1.387775551102204474e+01 2.107413421997738484e-02
1.388577154308617168e+01 2.072088576298940221e-02
1.389378757515030038e+01 2.037936656723457474e-02
1.390180360721442909e+01 2.003828893081442339e-02
1.390981963927855602e+01 1.969296735250113117e-02
1.391783567134268473e+01 1.935023121524438727e-02
1.392585170340681344e+01 1.903207669814790254e-02
1.393386773547094215e+01 1.872415624031961712e-02
1.394188376753507086e+01 1.842249690337918397e-02
1.394989979959919779e+01 1.813642587140283299e-02
1.395791583166332650e+01 1.785204572245100915e-02
1.396593186372745521e+01 1.760721922082056703e-02
1.397394789579158214e+01 1.737648572496119925e-02
1.398196392785571085e+01 1.715229568310029998e-02
1.398997995991983956e+01 1.694658646522297779e-02
1.399799599198396827e+01 1.674103778362077619e-02
1.400601202404809698e+01 1.650657541506848208e-02
1.401402805611222391e+01 1.626314964174670891e-02
1.402204408817635262e+01 1.601508019809809100e-02
1.403006012024048133e+01 1.575215339297189945e-02
1.403807615230460826e+01 1.549050828938498651e-02
1.404609218436873697e+01 1.501486985608426437e-02
1.405410821643286567e+01 1.447786387125019406e-02
1.406212424849699438e+01 1.392412686639080133e-02
1.407014028056112309e+01 1.331218827644008000e-02
1.407815631262525002e+01 1.270977159107107568e-02
1.408617234468937873e+01 1.190170409338731083e-02
1.409418837675350744e+01 1.104470583222398432e-02
1.410220440881763437e+01 1.018205590494979974e-02
1.411022044088176308e+01 9.279296381199016175e-03
1.411823647294589179e+01 8.394894840751952400e-03
1.412625250501001872e+01 7.550875547250965325e-03
1.413426853707414743e+01 6.731023636778036591e-03
1.414228456913827614e+01 5.931333021884811242e-03
1.415030060120240485e+01 5.155004721253266670e-03
1.415831663326653356e+01 4.396771268245583571e-03
1.416633266533066049e+01 3.819851080194459989e-03
1.417434869739478920e+01 3.299579619855727477e-03
1.418236472945891791e+01 2.808321963634295530e-03
1.419038076152304484e+01 2.367715693261438978e-03
1.419839679358717355e+01 1.938526641368430465e-03
1.420641282565130226e+01 1.649038722113527417e-03
1.421442885771543096e+01 1.398825686956962477e-03
1.422244488977955967e+01 1.158926051117120529e-03
1.423046092184368661e+01 9.591108515353563308e-04
1.423847695390781531e+01 7.681025656958951828e-04
1.424649298597194402e+01 6.432312180818901878e-04
1.425450901803607096e+01 5.371422211277488172e-04
1.426252505010019966e+01 4.430956414462868865e-04
1.427054108216432837e+01 3.685134226850965053e-04
1.427855711422845708e+01 2.976613596682273926e-04
1.428657314629258579e+01 2.503515656009831520e-04
1.429458917835671272e+01 2.097073204642584045e-04
1.430260521042084143e+01 1.741836499020823006e-04
1.431062124248497014e+01 1.465216379666297621e-04
1.431863727454909707e+01 1.204310216238676942e-04
1.432665330661322578e+01 1.021103918972611534e-04
1.433466933867735449e+01 8.609429172863988138e-05
1.434268537074148320e+01 7.221257866303040828e-05
1.435070140280561191e+01 6.139435809387455549e-05
1.435871743486973884e+01 5.127456583938901996e-05
1.436673346693386755e+01 4.370944147319251395e-05
1.437474949899799626e+01 3.699296763634059580e-05
1.438276553106212319e+01 3.180126923743286776e-05
1.439078156312625190e+01 2.781305166825137244e-05
1.439879759519038060e+01 2.402844847179091739e-05
1.440681362725450931e+01 2.096626362467733041e-05
1.441482965931863802e+01 1.816490923703483918e-05
1.442284569138276495e+01 1.571156326382848535e-05
1.443086172344689366e+01 1.372343378733812246e-05
1.443887775551102237e+01 1.185588613131678783e-05
1.444689378757514930e+01 1.027239704843420136e-05
1.445490981963927801e+01 8.817725048832798237e-06
1.446292585170340672e+01 7.537868960312117584e-06
1.447094188376753543e+01 6.471656234745257353e-06
1.447895791583166414e+01 5.482790030770211174e-06
1.448697394789579107e+01 4.635554842255875540e-06
1.449498997995991978e+01 3.865599243283571171e-06
1.450300601202404849e+01 3.204531713466750447e-06
1.451102204408817542e+01 2.667947699286080960e-06
1.451903807615230413e+01 2.180302841455316358e-06
1.452705410821643284e+01 1.764389121007085457e-06
1.453507014028055977e+01 1.395254868473050305e-06
1.454308617234468848e+01 1.092340114936966607e-06
1.455110220440881719e+01 8.582329255796557731e-07
1.455911823647294590e+01 6.513528588302802340e-07
1.456713426853707460e+01 4.728258063927062979e-07
1.457515030060120154e+01 3.210593556282511468e-07
1.458316633266533024e+01 1.976388984685409742e-07
1.459118236472945895e+01 1.009304858145094797e-07
1.459919839679358589e+01 2.705818118708998176e-08
1.460721442885771459e+01 0.000000000000000000e+00
1.461523046092184330e+01 0.000000000000000000e+00
1.462324649298597201e+01 0.000000000000000000e+00
1.463126252505010072e+01 0.000000000000000000e+00
1.463927855711422765e+01 0.000000000000000000e+00
1.464729458917835636e+01 0.000000000000000000e+00
1.465531062124248507e+01 0.000000000000000000e+00
1.466332665330661200e+01 0.000000000000000000e+00
1.467134268537074071e+01 0.000000000000000000e+00
1.467935871743486942e+01 0.000000000000000000e+00
1.468737474949899813e+01 0.000000000000000000e+00
1.469539078156312684e+01 0.000000000000000000e+00
1.470340681362725377e+01 0.000000000000000000e+00
1.471142284569138248e+01 0.000000000000000000e+00
1.471943887775551119e+01 0.000000000000000000e+00
1.472745490981963812e+01 0.000000000000000000e+00
1.473547094188376683e+01 0.000000000000000000e+00
1.474348697394789554e+01 0.000000000000000000e+00
1.475150300601202424e+01 0.000000000000000000e+00
1.475951903807615295e+01 0.000000000000000000e+00
1.476753507014027988e+01 0.000000000000000000e+00
1.477555110220440859e+01 0.000000000000000000e+00
1.478356713426853730e+01 0.000000000000000000e+00
1.479158316633266423e+01 0.000000000000000000e+00
1.479959919839679294e+01 0.000000000000000000e+00
1.480761523046092165e+01 0.000000000000000000e+00
1.481563126252505036e+01 0.000000000000000000e+00
1.482364729458917907e+01 0.000000000000000000e+00
1.483166332665330600e+01 0.000000000000000000e+00
1.483967935871743471e+01 0.000000000000000000e+00
1.484769539078156342e+01 0.000000000000000000e+00
1.485571142284569035e+01 0.000000000000000000e+00
1.486372745490981906e+01 0.000000000000000000e+00
1.487174348697394777e+01 0.000000000000000000e+00
1.487975951903807648e+01 0.000000000000000000e+00
1.488777555110220518e+01 0.000000000000000000e+00
1.489579158316633212e+01 0.000000000000000000e+00
1.490380761523046083e+01 0.000000000000000000e+00
1.491182364729458953e+01 0.000000000000000000e+00
1.491983967935871647e+01 0.000000000000000000e+00
1.492785571142284518e+01 0.000000000000000000e+00
1.493587174348697388e+01 0.000000000000000000e+00
1.494388777555110082e+01 0.000000000000000000e+00
1.495190380761522952e+01 0.000000000000000000e+00
1.495991983967935823e+01 0.000000000000000000e+00
1.496793587174348694e+01 0.000000000000000000e+00
1.497595190380761565e+01 0.000000000000000000e+00
1.498396793587174258e+01 0.000000000000000000e+00
1.499198396793587129e+01 0.000000000000000000e+00
1.500000000000000000e+01 0.000000000000000000e+00
