1.050000000000000000e+01 1.370735981160149208e-04
1.050400801603206347e+01 1.396080032485538466e-04
1.050801603206412871e+01 1.421413147146350015e-04
1.051202404809619217e+01 1.446735325194845653e-04
1.051603206412825564e+01 1.472046566683318618e-04
1.052004008016032088e+01 1.497865186358564890e-04
1.052404809619238435e+01 1.574974819626389743e-04
1.052805611222444959e+01 1.652051329024261262e-04
1.053206412825651306e+01 1.729094714710457514e-04
1.053607214428857652e+01 1.806104976843357938e-04
1.054008016032064177e+01 1.883714897967187028e-04
1.054408817635270523e+01 1.992291123903624107e-04
1.054809619238476870e+01 2.100820680027845546e-04
1.055210420841683394e+01 2.209303566563002377e-04
1.055611222444889741e+01 2.317739783732103334e-04
1.056012024048096265e+01 2.427461745805146326e-04
1.056412825651302612e+01 2.580208566117197350e-04
1.056813627254508958e+01 2.732889571475665032e-04
1.057214428857715482e+01 2.885504762195251248e-04
1.057615230460921829e+01 3.038054138590457029e-04
1.058016032064128176e+01 3.193402554483759821e-04
1.058416833667334700e+01 3.417425550557677007e-04
1.058817635270541047e+01 3.641351790445090052e-04
1.059218436873747571e+01 3.865181274608762464e-04
1.059619238476953917e+01 4.088914003511060391e-04
1.060020040080160264e+01 4.316289767442286107e-04
1.060420841683366788e+01 4.614608003308482689e-04
1.060821643286573135e+01 4.912797515637821934e-04
1.061222444889779482e+01 5.210858304877589824e-04
1.061623246492986006e+01 5.508790371475076131e-04
1.062024048096192352e+01 5.812109368164296340e-04
1.062424849699398877e+01 6.201690552701267503e-04
1.062825651302605223e+01 6.591103438228231547e-04
1.063226452905811570e+01 6.980348025329998450e-04
1.063627254509018094e+01 7.369424314591381444e-04
1.064028056112224441e+01 7.767740829712363676e-04
1.064428857715430787e+01 8.290856804449293731e-04
1.064829659318637312e+01 8.813746177298239799e-04
1.065230460921843658e+01 9.336408949045919576e-04
1.065631262525050182e+01 9.858845120479992931e-04
1.066032064128256529e+01 1.039369633809415381e-03
1.066432865731462876e+01 1.107365106444693032e-03
1.066833667334669400e+01 1.175328878908057017e-03
1.067234468937875747e+01 1.243260951309613054e-03
1.067635270541082093e+01 1.311161323759556198e-03
1.068036072144288617e+01 1.381270372684853661e-03
1.068436873747494964e+01 1.473993668459937841e-03
1.068837675350701488e+01 1.566672884298206782e-03
1.069238476953907835e+01 1.659308020352782574e-03
1.069639278557114181e+01 1.751899076776909821e-03
1.070040080160320706e+01 1.848147835105070887e-03
1.070440881763527052e+01 1.977658690645854936e-03
1.070841683366733399e+01 2.107107545178207256e-03
1.071242484969939923e+01 2.236494399177745875e-03
1.071643286573146270e+01 2.365819253119916428e-03
1.072044088176352616e+01 2.500772790146597955e-03
1.072444889779559141e+01 2.681693339310605839e-03
1.072845691382765487e+01 2.862527052365928994e-03
1.073246492985972012e+01 3.043273929978805754e-03
1.073647294589178358e+01 3.223933972815155261e-03
1.074048096192384705e+01 3.412789164566203820e-03
1.074448897795591229e+01 3.662273557781803128e-03
1.074849699398797576e+01 3.911638069692485557e-03
1.075250501002003922e+01 4.160882701217937310e-03
1.075651302605210446e+01 4.410007453277844588e-03
1.076052104208416793e+01 4.671221279838667570e-03
1.076452905811623317e+01 5.013995719780764762e-03
1.076853707414829664e+01 5.356605010015377810e-03
1.077254509018036011e+01 5.699049151809529659e-03
1.077655310621242535e+01 6.041328146430241519e-03
1.078056112224448881e+01 6.401941065075036907e-03
1.078456913827655228e+01 6.875989777727321665e-03
1.078857715430861752e+01 7.349809829434908459e-03
1.079258517034068099e+01 7.823401221951494303e-03
1.079659318637274623e+01 8.296763957031605408e-03
1.080060120240480970e+01 8.799381536127966891e-03
1.080460921843687316e+01 9.468798118427358690e-03
1.080861723446893841e+01 1.013790684210828796e-02
1.081262525050100187e+01 1.080670769865156242e-02
1.081663326653306534e+01 1.147520067953887273e-02
1.082064128256513058e+01 1.218754255294882301e-02
1.082464929859719405e+01 1.313132575551187106e-02
1.082865731462925929e+01 1.407467371671994663e-02
1.083266533066132276e+01 1.501758642453064445e-02
1.083667334669338622e+01 1.596006386690284468e-02
1.084068136272545146e+01 1.694951809920932848e-02
1.084468937875751493e+01 1.816994388356941298e-02
1.084869739478957840e+01 1.938980512410572177e-02
1.085270541082164364e+01 2.060910180520241636e-02
1.085671342685370711e+01 2.182783391124201028e-02
1.086072144288577235e+01 2.309345072385644154e-02
1.086472945891783581e+01 2.457458970227792763e-02
1.086873747494989928e+01 2.605504348419212732e-02
1.087274549098196452e+01 2.753481205064675988e-02
1.087675350701402799e+01 2.901389538268754967e-02
1.088076152304609145e+01 3.055920799871067808e-02
1.088476953907815670e+01 3.238900430923104257e-02
1.088877755511022016e+01 3.421795016320437061e-02
1.089278557114228363e+01 3.604604553711249909e-02
1.089679358717434887e+01 3.787329040743721981e-02
1.090080160320641234e+01 3.980922818082421183e-02
1.090480961923847758e+01 4.218233378166546393e-02
1.090881763527054105e+01 4.455432985747388719e-02
1.091282565130260451e+01 4.692521638272258155e-02
1.091683366733466976e+01 4.929499333188464005e-02
1.092084168336673322e+01 5.184112745537646644e-02
1.092484969939879846e+01 5.505352531599311955e-02
1.092885771543086193e+01 5.826441724408761708e-02
1.093286573146292540e+01 6.147380320501698997e-02
1.093687374749499064e+01 6.468168316413838714e-02
1.094088176352705410e+01 6.807369623622337718e-02
1.094488977955911757e+01 7.212211599919673977e-02
1.094889779559118281e+01 7.616859947841288225e-02
1.095290581162324628e+01 8.021314662935249973e-02
1.095691382765530975e+01 8.425575740750156084e-02
1.096092184368737499e+01 8.844992092189125910e-02
1.096492985971943845e+01 9.315575605591758235e-02
1.096893787575150370e+01 9.785925319574351189e-02
1.097294589178356716e+01 1.025604122876762475e-01
1.097695390781563063e+01 1.072592332780291507e-01
1.098096192384769587e+01 1.121114847492767630e-01
1.098496993987975934e+01 1.174544637288716803e-01
1.098897795591182280e+01 1.227947792297029161e-01
1.099298597194388805e+01 1.281324311906182067e-01
1.099699398797595151e+01 1.334674195504581828e-01
1.100100200400801675e+01 1.389083249933132924e-01
1.100501002004008022e+01 1.446726683066641705e-01
1.100901803607214369e+01 1.504349228286397111e-01
1.101302605210420893e+01 1.561950885248959697e-01
1.101703406813627240e+01 1.619531653610810917e-01
1.102104208416833586e+01 1.677290243049867902e-01
1.102505010020040110e+01 1.735593328663051771e-01
1.102905811623246457e+01 1.793875248721328586e-01
1.103306613226452981e+01 1.852136002876746401e-01
1.103707414829659328e+01 1.910375590781250021e-01
1.104108216432865675e+01 1.967804369917932616e-01
1.104509018036072199e+01 2.023077694760871126e-01
1.104909819639278545e+01 2.078330909187953435e-01
1.105310621242484892e+01 2.133564012868578441e-01
1.105711422845691416e+01 2.188777005472146153e-01
1.106112224448897763e+01 2.240845745765529251e-01
1.106513026052104109e+01 2.284863431048649307e-01
1.106913827655310634e+01 2.328865007290699674e-01
1.107314629258516980e+01 2.372850474226855799e-01
1.107715430861723505e+01 2.416819831592366130e-01
1.108116232464929851e+01 2.456514157430852441e-01
1.108517034068136198e+01 2.485768808899840032e-01
1.108917835671342722e+01 2.515012700313745686e-01
1.109318637274549069e+01 2.544245831495710042e-01
1.109719438877755593e+01 2.573468202268922589e-01
1.110120240480961940e+01 2.598703857218238600e-01
1.110521042084168286e+01 2.614654913620278465e-01
1.110921843687374810e+01 2.630600410181560544e-01
1.111322645290581157e+01 2.646540346573784119e-01
1.111723446893787504e+01 2.662474722468665123e-01
1.112124248496994028e+01 2.675735682286279338e-01
1.112525050100200374e+01 2.683054855276277850e-01
1.112925851703406721e+01 2.690371373416450829e-01
1.113326653306613245e+01 2.697685236550676491e-01
1.113727454909819592e+01 2.704996444522820842e-01
1.114128256513026116e+01 2.712220875876829029e-01
1.114529058116232463e+01 2.719263956801220017e-01
1.114929859719438809e+01 2.726304477261733972e-01
1.115330661322645334e+01 2.733342437107846856e-01
1.115731462925851680e+01 2.740377836189026306e-01
1.116132264529058205e+01 2.748254852772298307e-01
1.116533066132264551e+01 2.757842664162993285e-01
1.116933867735470898e+01 2.767427038919755833e-01
1.117334669338677422e+01 2.777007976840288328e-01
1.117735470941883769e+01 2.786585477722275939e-01
1.118136272545090115e+01 2.795328562231127467e-01
1.118537074148296639e+01 2.802455689307825626e-01
1.118937875751502986e+01 2.809580210344848616e-01
1.119338677354709333e+01 2.816702125189103900e-01
1.119739478957915857e+01 2.823821433687498939e-01
1.120140280561122204e+01 2.829797096270901258e-01
1.120541082164328728e+01 2.833651801479269983e-01
1.120941883767535074e+01 2.837504967703280423e-01
1.121342685370741421e+01 2.841356594877418873e-01
1.121743486973947945e+01 2.845206682936171627e-01
1.122144288577154292e+01 2.847489025012867603e-01
1.122545090180360638e+01 2.846986498179793768e-01
1.122945891783567163e+01 2.846483958532169400e-01
1.123346693386773509e+01 2.845981406070060005e-01
1.123747494989980034e+01 2.845478840793525532e-01
1.124148296593186380e+01 2.842442195584461428e-01
1.124549098196392727e+01 2.835092325053762963e-01
1.124949899799599251e+01 2.827744705178094620e-01
1.125350701402805598e+01 2.820399336055179340e-01
1.125751503006011944e+01 2.813056217782730073e-01
1.126152304609218469e+01 2.806032578446712167e-01
1.126553106212424815e+01 2.799528565990622719e-01
1.126953907815631339e+01 2.793026505141699700e-01
1.127354709418837686e+01 2.786526395984818549e-01
1.127755511022044033e+01 2.780028238604847490e-01
1.128156312625250557e+01 2.776149446374455709e-01
1.128557114228456904e+01 2.776364992605315218e-01
1.128957915831663250e+01 2.776580309036996153e-01
1.129358717434869774e+01 2.776795395660134891e-01
1.129759519038076121e+01 2.777010252465366702e-01
1.130160320641282468e+01 2.779803269431976309e-01
1.130561122244488992e+01 2.786462135305389776e-01
1.130961923847695338e+01 2.793118621076810526e-01
1.131362725450901863e+01 2.799772726670975986e-01
1.131763527054108209e+01 2.806424452012608040e-01
1.132164328657314556e+01 2.814950843228966049e-01
1.132565130260521080e+01 2.826174894216332278e-01
1.132965931863727427e+01 2.837395039731875901e-01
1.133366733466933951e+01 2.848611279651911410e-01
1.133767535070140298e+01 2.859823613852738311e-01
1.134168336673346644e+01 2.869927353770859169e-01
1.134569138276553169e+01 2.878502283159115049e-01
1.134969939879759515e+01 2.887074176293298322e-01
1.135370741482965862e+01 2.895643033077350825e-01
1.135771543086172386e+01 2.904208853415212732e-01
1.136172344689378733e+01 2.906639211797079070e-01
1.136573146292585079e+01 2.900940915022452993e-01
1.136973947895791603e+01 2.895244351592211052e-01
1.137374749498997950e+01 2.889549521561703971e-01
1.137775551102204474e+01 2.883856424986273037e-01
1.138176352705410821e+01 2.875426531739563862e-01
1.138577154308617168e+01 2.863514470236862008e-01
1.138977955911823692e+01 2.851606226058613913e-01
1.139378757515030038e+01 2.839701799326306841e-01
1.139779559118236385e+01 2.827801190161415845e-01
1.140180360721442909e+01 2.815782494546295034e-01
1.140581162324649256e+01 2.803618569025704277e-01
1.140981963927855780e+01 2.791458392932120725e-01
1.141382765531062127e+01 2.779301966474797547e-01
1.141783567134268473e+01 2.767149289862976813e-01
1.142184368737474998e+01 2.758963644793608894e-01
1.142585170340681344e+01 2.755432274992207775e-01
1.142985971943887691e+01 2.751901884538596743e-01
1.143386773547094215e+01 2.748372473488076562e-01
1.143787575150300562e+01 2.744844041895957432e-01
1.144188376753507086e+01 2.743415252300830942e-01
1.144589178356713433e+01 2.744352959345878751e-01
1.144989979959919779e+01 2.745290204083071228e-01
1.145390781563126303e+01 2.746226986487649291e-01
1.145791583166332650e+01 2.747163306534853300e-01
1.146192384769538997e+01 2.743503374301580755e-01
1.146593186372745521e+01 2.734866501675630723e-01
1.146993987975951867e+01 2.726232267306381019e-01
1.147394789579158392e+01 2.717600671341169338e-01
1.147795591182364738e+01 2.708971713927348923e-01
1.148196392785571085e+01 2.694128848138898635e-01
1.148597194388777609e+01 2.672821391321166806e-01
1.148997995991983956e+01 2.651520672763938435e-01
1.149398797595190302e+01 2.630226692842110303e-01
1.149799599198396827e+01 2.608939451930578635e-01
1.150200400801603173e+01 2.580169499383438425e-01
1.150601202404809698e+01 2.543912703558957600e-01
1.151002004008016044e+01 2.507657138211893955e-01
1.151402805611222391e+01 2.471402803354569300e-01
1.151803607214428915e+01 2.435149698999309609e-01
1.152204408817635262e+01 2.395253211224123158e-01
1.152605210420841608e+01 2.351856473970512507e-01
1.153006012024048133e+01 2.308461242612606101e-01
1.153406813627254479e+01 2.265067517165496591e-01
1.153807615230460826e+01 2.221675297644219726e-01
1.154208416833667350e+01 2.177964614068113869e-01
1.154609218436873697e+01 2.133960070761616312e-01
1.155010020040080221e+01 2.089957021890184174e-01
1.155410821643286567e+01 2.045955467468841271e-01
1.155811623246492914e+01 2.001955407512554241e-01
1.156212424849699438e+01 1.957648899828040023e-01
1.156613226452905785e+01 1.913070820924073490e-01
1.157014028056112309e+01 1.868494256284102539e-01
1.157414829659318656e+01 1.823919205923350828e-01
1.157815631262525002e+01 1.779345669856982337e-01
1.158216432865731527e+01 1.734285795245116557e-01
1.158617234468937873e+01 1.688811880253516529e-01
1.159018036072144220e+01 1.643339510320937225e-01
1.159418837675350744e+01 1.597868685462849603e-01
1.159819639278557091e+01 1.552399405694785406e-01
1.160220440881763437e+01 1.503312490925801659e-01
1.160621242484969962e+01 1.451265470878322639e-01
1.161022044088176308e+01 1.399219344051887692e-01
1.161422845691382832e+01 1.347174110516372036e-01
1.161823647294589179e+01 1.295129770341743591e-01
1.162224448897795526e+01 1.244471468948722820e-01
1.162625250501002050e+01 1.194902356394639542e-01
1.163026052104208397e+01 1.145334094906220318e-01
1.163426853707414743e+01 1.095766684550041059e-01
1.163827655310621267e+01 1.046200125392677815e-01
1.164228456913827614e+01 9.993750843209532608e-02
1.164629258517033961e+01 9.546183766127863679e-02
1.165030060120240485e+01 9.098624711876841797e-02
1.165430861723446831e+01 8.651073681069561261e-02
1.165831663326653356e+01 8.203530674318333660e-02
1.166232464929859702e+01 7.808054413255376136e-02
1.166633266533066049e+01 7.450282387881837498e-02
1.167034068136272573e+01 7.092516509651891621e-02
1.167434869739478920e+01 6.734756779046595365e-02
1.167835671342685444e+01 6.377003196546365826e-02
1.168236472945891791e+01 6.070192486407299109e-02
1.168637274549098137e+01 5.798783451238397751e-02
1.169038076152304662e+01 5.527379080675560996e-02
1.169438877755511008e+01 5.255979375083733030e-02
1.169839679358717355e+01 4.984584334827500685e-02
1.170240480961923879e+01 4.742081656192249223e-02
1.170641282565130226e+01 4.518845733207419585e-02
1.171042084168336572e+01 4.295619002757835453e-02
1.171442885771543096e+01 4.072401464833928786e-02
1.171843687374749443e+01 3.849193119426430609e-02
1.172244488977955967e+01 3.652018522605852968e-02
1.172645290581162314e+01 3.471490245028301114e-02
1.173046092184368661e+01 3.290969266942742055e-02
1.173446893787575185e+01 3.110455588341576663e-02
1.173847695390781531e+01 2.929949209217451098e-02
1.174248496993988056e+01 2.779394047693491479e-02
1.174649298597194402e+01 2.647197327095116709e-02
1.175050100200400749e+01 2.515005952184940982e-02
1.175450901803607273e+01 2.382819922957402081e-02
1.175851703406813620e+01 2.250639239407112649e-02
1.176252505010019966e+01 2.141144566685276168e-02
1.176653306613226491e+01 2.044974501966331099e-02
1.177054108216432837e+01 1.948808398478834789e-02
1.177454909819639184e+01 1.852646256218665535e-02
1.177855711422845708e+01 1.756488075181700595e-02
1.178256513026052055e+01 1.674602534232129403e-02
1.178657314629258579e+01 1.600746287542959348e-02
1.179058116232464926e+01 1.526893027897417363e-02
1.179458917835671272e+01 1.453042755292395342e-02
1.179859719438877796e+01 1.379195469724784663e-02
1.180260521042084143e+01 1.317381304319516395e-02
1.180661322645290667e+01 1.262047518746610246e-02
1.181062124248497014e+01 1.206716270540340516e-02
1.181462925851703361e+01 1.151387559682666775e-02
1.181863727454909885e+01 1.096061386155547726e-02
1.182264529058116231e+01 1.051067164407444923e-02
1.182665330661322578e+01 1.011397158273526220e-02
1.183066132264529102e+01 9.717302494195173210e-03
1.183466933867735449e+01 9.320664378222594942e-03
1.183867735470941795e+01 8.924057234585417928e-03
1.184268537074148320e+01 8.566498280777445212e-03
1.184669338677354666e+01 8.228184568568056717e-03
1.185070140280561191e+01 7.889898036562590852e-03
1.185470941883767537e+01 7.551638684557388480e-03
1.185871743486973884e+01 7.213406512348336831e-03
1.186272545090180408e+01 6.910840303939404586e-03
1.186673346693386755e+01 6.625068926679389056e-03
1.187074148296593101e+01 6.339320513384353109e-03
1.187474949899799626e+01 6.053595063881844415e-03
1.187875751503005972e+01 5.767892577999787947e-03
1.188276553106212319e+01 5.523185943061767467e-03
1.188677354709418843e+01 5.296906343915486898e-03
1.189078156312625190e+01 5.070644931148711107e-03
1.189478957915831714e+01 4.844401704624762099e-03
1.189879759519038060e+01 4.618176664207365202e-03
1.190280561122244407e+01 4.419105116881320156e-03
1.190681362725450931e+01 4.231679030187785774e-03
1.191082164328657278e+01 4.044268607072557323e-03
1.191482965931863802e+01 3.856873847341301103e-03
1.191883767535070149e+01 3.669494750800013014e-03
1.192284569138276495e+01 3.499590322785621922e-03
1.192685370741483020e+01 3.336831046160065959e-03
1.193086172344689366e+01 3.174085497055946416e-03
1.193486973947895713e+01 3.011353675302827580e-03
1.193887775551102237e+01 2.848635580730271132e-03
1.194288577154308584e+01 2.703255938601404826e-03
1.194689378757514930e+01 2.564625669535078485e-03
1.195090180360721455e+01 2.426007095764068974e-03
1.195490981963927801e+01 2.287400217143346903e-03
1.195891783567134325e+01 2.148805033527636556e-03
1.196292585170340672e+01 2.036468116582408269e-03
1.196693386773547019e+01 1.933847904466219191e-03
1.197094188376753543e+01 1.831236351075484197e-03
1.197494989979959890e+01 1.728633456302824554e-03
1.197895791583166414e+01 1.626039220040681119e-03
1.198296593186372760e+01 1.536006896966847718e-03
1.198697394789579107e+01 1.450392588836190528e-03
1.199098196392785631e+01 1.364785506283370999e-03
1.199498997995991978e+01 1.279185649218777653e-03
1.199899799599198325e+01 1.193593017552688424e-03
1.200300601202404849e+01 1.119837518873314369e-03
1.200701402805611195e+01 1.050015915271085547e-03
1.201102204408817542e+01 9.801825279268862497e-04
1.201503006012024066e+01 9.103373566747501684e-04
1.201903807615230413e+01 8.404804013488045627e-04
1.202304609218436937e+01 7.876295700777330433e-04
1.202705410821643284e+01 7.401443195822953944e-04
1.203106212424849630e+01 6.926510219246656075e-04
1.203507014028056155e+01 6.451496769914784194e-04
1.203907815631262501e+01 5.976402846694317756e-04
1.204308617234468848e+01 5.547966176733052767e-04
1.204709418837675372e+01 5.133419015481601854e-04
1.205110220440881719e+01 4.718801958694510720e-04
1.205511022044088065e+01 4.304115005387455523e-04
1.205911823647294590e+01 3.889358154576109169e-04
1.206312625250500936e+01 3.520035641756198339e-04
1.206713426853707460e+01 3.163486261516131851e-04
1.207114228456913807e+01 2.806876535791963021e-04
1.207515030060120154e+01 2.450206463733674094e-04
1.207915831663326678e+01 2.093476044491248398e-04
1.208316633266533024e+01 1.818730562136910761e-04
1.208717434869739549e+01 1.565749951561504465e-04
1.209118236472945895e+01 1.312726549632653580e-04
1.209519038076152242e+01 1.059660355747642121e-04
1.209919839679358766e+01 8.065513693037534273e-05
1.210320641282565113e+01 6.897529432297642787e-05
1.210721442885771459e+01 6.070246759569980651e-05
1.211122244488977984e+01 5.242809625356441809e-05
1.211523046092184330e+01 4.415218024091717577e-05
1.211923847695390677e+01 3.587471950209397448e-05
1.212324649298597201e+01 3.430432504642939737e-05
1.212725450901803548e+01 3.430740871868805336e-05
1.213126252505010072e+01 3.431049246451500382e-05
1.213527054108216419e+01 3.431357628391023520e-05
1.213927855711422765e+01 3.431666017687375427e-05
1.214328657314629289e+01 3.431957539543361208e-05
1.214729458917835636e+01 3.432245364002125968e-05
1.215130260521042160e+01 3.432533195235001487e-05
1.215531062124248507e+01 3.432821033241986410e-05
1.215931863727454854e+01 3.433108878023080060e-05
1.216332665330661378e+01 3.433396729578283791e-05
1.216733466933867724e+01 3.433684587907599636e-05
1.217134268537074071e+01 3.433972453011023530e-05
1.217535070140280595e+01 3.434260324888558182e-05
1.217935871743486942e+01 3.434548203540202917e-05
1.218336673346693289e+01 3.434836088965956377e-05
1.218737474949899813e+01 3.435123981165821275e-05
1.219138276553106159e+01 3.435411880139793543e-05
1.219539078156312684e+01 3.435699785887877926e-05
1.219939879759519030e+01 3.435987698410071034e-05
1.220340681362725377e+01 3.436276858817508581e-05
1.220741482965931901e+01 3.436566245125018701e-05
1.221142284569138248e+01 3.436855638409976277e-05
1.221543086172344772e+01 3.437145038672381308e-05
1.221943887775551119e+01 3.437434445912236505e-05
1.222344689378757465e+01 3.437723860129538481e-05
1.222745490981963989e+01 3.438013281324289267e-05
1.223146292585170336e+01 3.438302709496488186e-05
1.223547094188376683e+01 3.438592144646134561e-05
1.223947895791583207e+01 3.438881586773230424e-05
1.224348697394789554e+01 3.439171035877774420e-05
1.224749498997995900e+01 3.439460491959766549e-05
1.225150300601202424e+01 3.439749955019206812e-05
1.225551102204408771e+01 3.440039425056095885e-05
1.225951903807615295e+01 3.440328902070433092e-05
1.226352705410821642e+01 3.440619518396738634e-05
1.226753507014027988e+01 3.440910296145009109e-05
1.227154308617234513e+01 3.441201080908238403e-05
1.227555110220440859e+01 3.441491872686430580e-05
1.227955911823647206e+01 3.441782671479584285e-05
1.228356713426853730e+01 3.442072332002275268e-05
1.228757515030060077e+01 3.442361857952345192e-05
1.229158316633266423e+01 3.442651390879863927e-05
1.229559118236472948e+01 3.442940930784830117e-05
1.229959919839679294e+01 3.443230477667245118e-05
1.230360721442885819e+01 3.443490116328065811e-05
1.230761523046092165e+01 3.443746431907523606e-05
1.231162324649298512e+01 3.444002749843087568e-05
1.231563126252505036e+01 3.444259070134759733e-05
1.231963927855711383e+01 3.444515392782537388e-05
1.232364729458917907e+01 3.444772888912585193e-05
1.232765531062124253e+01 3.445030503236502540e-05
1.233166332665330600e+01 3.445288119929192924e-05
1.233567134268537124e+01 3.445545738990657701e-05
1.233967935871743471e+01 3.445803360420896194e-05
1.234368737474949818e+01 3.446059800195092819e-05
1.234769539078156342e+01 3.446316139367224245e-05
1.235170340681362688e+01 3.446572480895461840e-05
1.235571142284569035e+01 3.446828824779806281e-05
1.235971943887775559e+01 3.447085171020257568e-05
1.236372745490981906e+01 3.447342716540918500e-05
1.236773547094188430e+01 3.447600354520970542e-05
1.237174348697394777e+01 3.447857994869798332e-05
1.237575150300601123e+01 3.448115637587399160e-05
1.237975951903807648e+01 3.448373282673774382e-05
1.238376753507013994e+01 3.448630930128923996e-05
1.238777555110220518e+01 3.448888579952848004e-05
1.239178356713426865e+01 3.449146232145543694e-05
1.239579158316633212e+01 3.449403886707016489e-05
1.239979959919839736e+01 3.449661543637262321e-05
1.240380761523046083e+01 3.449956169503226567e-05
1.240781563126252429e+01 3.450252744742097425e-05
1.241182364729458953e+01 3.450549327778615360e-05
1.241583166332665300e+01 3.450845918612781049e-05
1.241983967935871647e+01 3.451142517244593815e-05
1.242384769539078171e+01 3.451479902060374530e-05
1.242785571142284518e+01 3.451818995121765506e-05
1.243186372745491042e+01 3.452158097356861435e-05
1.243587174348697388e+01 3.452497208765658253e-05
1.243987975951903735e+01 3.452836329348159348e-05
1.244388777555110259e+01 3.453179205149646417e-05
1.244789579158316606e+01 3.453522206105126286e-05
1.245190380761522952e+01 3.453865216359404324e-05
1.245591182364729477e+01 3.454208235912483241e-05
1.245991983967935823e+01 3.454551264764359647e-05
1.246392785571142170e+01 3.454895564571965766e-05
1.246793587174348694e+01 3.455239899467753837e-05
1.247194388777555041e+01 3.455584243704038492e-05
1.247595190380761565e+01 3.455928597280822441e-05
1.247995991983967912e+01 3.456272960198102296e-05
1.248396793587174258e+01 3.456617332455880090e-05
1.248797595190380783e+01 3.456961714054156501e-05
1.249198396793587129e+01 3.457306104992930172e-05
1.249599198396793653e+01 3.457650505272201106e-05
1.250000000000000000e+01 3.457994914891969978e-05
