1.530000000000000071e+01 2.871090000000000187e-03
1.532970000000000077e+01 2.871090000000000187e-03
1.535940000000000083e+01 2.871090000000000187e-03
1.538909999999999911e+01 2.871090000000000187e-03
1.541879999999999917e+01 2.871090000000000187e-03
1.544849999999999923e+01 2.871090000000000187e-03
1.547819999999999929e+01 2.871090000000000187e-03
1.550789999999999935e+01 2.871090000000000187e-03
1.553759999999999941e+01 2.871090000000000187e-03
1.556729999999999947e+01 2.871090000000000187e-03
1.559699999999999953e+01 2.871090000000000187e-03
1.562669999999999959e+01 2.871090000000000187e-03
1.565639999999999965e+01 2.871090000000000187e-03
1.568609999999999971e+01 2.871090000000000187e-03
1.571579999999999977e+01 2.871090000000000187e-03
1.574549999999999983e+01 2.871090000000000187e-03
1.577519999999999989e+01 2.871090000000000187e-03
1.580480000000000018e+01 2.871090000000000187e-03
1.583450000000000024e+01 2.871090000000000187e-03
1.586420000000000030e+01 2.871090000000000187e-03
1.589390000000000036e+01 2.871090000000000187e-03
1.592360000000000042e+01 2.871090000000000187e-03
1.595330000000000048e+01 2.871090000000000187e-03
1.598300000000000054e+01 2.871090000000000187e-03
1.601269999999999882e+01 2.871090000000000187e-03
1.604240000000000066e+01 2.871090000000000187e-03
1.607209999999999894e+01 2.871090000000000187e-03
1.610180000000000078e+01 2.871090000000000187e-03
1.613149999999999906e+01 2.871090000000000187e-03
1.616120000000000090e+01 2.871090000000000187e-03
1.619089999999999918e+01 2.871090000000000187e-03
1.622060000000000102e+01 2.871090000000000187e-03
1.625029999999999930e+01 2.871090000000000187e-03
1.628000000000000114e+01 2.871090000000000187e-03
1.630969999999999942e+01 2.871090000000000187e-03
1.633940000000000126e+01 2.871090000000000187e-03
1.636909999999999954e+01 2.871090000000000187e-03
1.639880000000000138e+01 2.871090000000000187e-03
1.642849999999999966e+01 2.871090000000000187e-03
1.645820000000000149e+01 2.871090000000000187e-03
1.648789999999999978e+01 2.871090000000000187e-03
1.651760000000000161e+01 2.871090000000000187e-03
1.654729999999999990e+01 2.871090000000000187e-03
1.657700000000000173e+01 2.871090000000000187e-03
1.660670000000000002e+01 2.871090000000000187e-03
1.663639999999999830e+01 2.871090000000000187e-03
1.666610000000000014e+01 2.871090000000000187e-03
1.669579999999999842e+01 2.871090000000000187e-03
1.672550000000000026e+01 2.871090000000000187e-03
1.675519999999999854e+01 2.871090000000000187e-03
1.678480000000000061e+01 2.871090000000000187e-03
1.681449999999999889e+01 2.871090000000000187e-03
1.684420000000000073e+01 2.871090000000000187e-03
1.687389999999999901e+01 2.871090000000000187e-03
1.690360000000000085e+01 2.871090000000000187e-03
1.693329999999999913e+01 2.871090000000000187e-03
1.696300000000000097e+01 2.871090000000000187e-03
1.699269999999999925e+01 2.871090000000000187e-03
1.702240000000000109e+01 2.871090000000000187e-03
1.705209999999999937e+01 2.871090000000000187e-03
1.708180000000000121e+01 2.871090000000000187e-03
1.711149999999999949e+01 2.871090000000000187e-03
1.714120000000000132e+01 2.871090000000000187e-03
1.717089999999999961e+01 2.871090000000000187e-03
1.720060000000000144e+01 2.871090000000000187e-03
1.723029999999999973e+01 2.871090000000000187e-03
1.726000000000000156e+01 2.871090000000000187e-03
1.728969999999999985e+01 2.871090000000000187e-03
1.731940000000000168e+01 2.871090000000000187e-03
1.734909999999999997e+01 2.871090000000000187e-03
1.737879999999999825e+01 2.871090000000000187e-03
1.740850000000000009e+01 2.871090000000000187e-03
1.743819999999999837e+01 2.871090000000000187e-03
1.746790000000000020e+01 2.871090000000000187e-03
1.749759999999999849e+01 2.871090000000000187e-03
1.752730000000000032e+01 2.871090000000000187e-03
1.755699999999999861e+01 2.871090000000000187e-03
1.758670000000000044e+01 2.871090000000000187e-03
1.761639999999999873e+01 2.871090000000000187e-03
1.764610000000000056e+01 2.871090000000000187e-03
1.767579999999999885e+01 2.871090000000000187e-03
1.770550000000000068e+01 2.871090000000000187e-03
1.773519999999999897e+01 2.871090000000000187e-03
1.776480000000000103e+01 2.871090000000000187e-03
1.779449999999999932e+01 2.871090000000000187e-03
1.782420000000000115e+01 2.871090000000000187e-03
1.785389999999999944e+01 2.871090000000000187e-03
1.788360000000000127e+01 2.871090000000000187e-03
1.791329999999999956e+01 2.871090000000000187e-03
1.794300000000000139e+01 2.871090000000000187e-03
1.797269999999999968e+01 2.871090000000000187e-03
1.800240000000000151e+01 2.871090000000000187e-03
1.803209999999999980e+01 2.871090000000000187e-03
1.806180000000000163e+01 2.871090000000000187e-03
1.809149999999999991e+01 2.871090000000000187e-03
1.812120000000000175e+01 2.871090000000000187e-03
1.815090000000000003e+01 2.871090000000000187e-03
1.818059999999999832e+01 2.871090000000000187e-03
1.821030000000000015e+01 2.871090000000000187e-03
1.823999999999999844e+01 2.871090000000000187e-03
