4.019999999999999574e+00 0.000000000000000000e+00
4.040000000000000036e+00 0.000000000000000000e+00
4.059999999999999609e+00 0.000000000000000000e+00
4.080000000000000071e+00 0.000000000000000000e+00
4.099999999999999645e+00 0.000000000000000000e+00
4.120000000000000107e+00 0.000000000000000000e+00
4.139999999999999680e+00 0.000000000000000000e+00
4.160000000000000142e+00 0.000000000000000000e+00
4.179999999999999716e+00 0.000000000000000000e+00
4.200000000000000178e+00 0.000000000000000000e+00
4.219999999999999751e+00 0.000000000000000000e+00
4.240000000000000213e+00 0.000000000000000000e+00
4.259999999999999787e+00 0.000000000000000000e+00
4.280000000000000249e+00 0.000000000000000000e+00
4.299999999999999822e+00 0.000000000000000000e+00
4.320000000000000284e+00 0.000000000000000000e+00
4.339999999999999858e+00 0.000000000000000000e+00
4.360000000000000320e+00 0.000000000000000000e+00
4.379999999999999893e+00 0.000000000000000000e+00
4.400000000000000355e+00 0.000000000000000000e+00
4.419999999999999929e+00 0.000000000000000000e+00
4.440000000000000391e+00 0.000000000000000000e+00
4.459999999999999964e+00 0.000000000000000000e+00
4.480000000000000426e+00 0.000000000000000000e+00
4.500000000000000000e+00 0.000000000000000000e+00
4.519999999999999574e+00 0.000000000000000000e+00
4.540000000000000036e+00 0.000000000000000000e+00
4.559999999999999609e+00 0.000000000000000000e+00
4.580000000000000071e+00 0.000000000000000000e+00
4.599999999999999645e+00 0.000000000000000000e+00
4.620000000000000107e+00 0.000000000000000000e+00
4.639999999999999680e+00 0.000000000000000000e+00
4.660000000000000142e+00 0.000000000000000000e+00
4.679999999999999716e+00 0.000000000000000000e+00
4.700000000000000178e+00 0.000000000000000000e+00
4.719999999999999751e+00 0.000000000000000000e+00
4.740000000000000213e+00 0.000000000000000000e+00
4.759999999999999787e+00 0.000000000000000000e+00
4.780000000000000249e+00 0.000000000000000000e+00
4.799999999999999822e+00 0.000000000000000000e+00
4.820000000000000284e+00 0.000000000000000000e+00
4.839999999999999858e+00 0.000000000000000000e+00
4.860000000000000320e+00 0.000000000000000000e+00
4.879999999999999893e+00 0.000000000000000000e+00
4.900000000000000355e+00 0.000000000000000000e+00
4.919999999999999929e+00 0.000000000000000000e+00
4.940000000000000391e+00 0.000000000000000000e+00
4.959999999999999964e+00 0.000000000000000000e+00
4.980000000000000426e+00 0.000000000000000000e+00
5.000000000000000000e+00 0.000000000000000000e+00
5.019999999999999574e+00 0.000000000000000000e+00
5.040000000000000036e+00 0.000000000000000000e+00
5.059999999999999609e+00 0.000000000000000000e+00
5.080000000000000071e+00 0.000000000000000000e+00
5.099999999999999645e+00 0.000000000000000000e+00
5.120000000000000107e+00 0.000000000000000000e+00
5.139999999999999680e+00 0.000000000000000000e+00
5.160000000000000142e+00 0.000000000000000000e+00
5.179999999999999716e+00 0.000000000000000000e+00
5.200000000000000178e+00 0.000000000000000000e+00
5.219999999999999751e+00 0.000000000000000000e+00
5.240000000000000213e+00 0.000000000000000000e+00
5.259999999999999787e+00 0.000000000000000000e+00
5.280000000000000249e+00 0.000000000000000000e+00
5.299999999999999822e+00 0.000000000000000000e+00
5.320000000000000284e+00 0.000000000000000000e+00
5.339999999999999858e+00 0.000000000000000000e+00
5.360000000000000320e+00 0.000000000000000000e+00
5.379999999999999893e+00 0.000000000000000000e+00
5.400000000000000355e+00 0.000000000000000000e+00
5.419999999999999929e+00 0.000000000000000000e+00
5.440000000000000391e+00 0.000000000000000000e+00
5.459999999999999964e+00 0.000000000000000000e+00
5.480000000000000426e+00 0.000000000000000000e+00
5.500000000000000000e+00 0.000000000000000000e+00
5.519999999999999574e+00 0.000000000000000000e+00
5.540000000000000036e+00 0.000000000000000000e+00
5.559999999999999609e+00 0.000000000000000000e+00
5.580000000000000071e+00 0.000000000000000000e+00
5.599999999999999645e+00 0.000000000000000000e+00
5.620000000000000107e+00 0.000000000000000000e+00
5.639999999999999680e+00 0.000000000000000000e+00
5.660000000000000142e+00 0.000000000000000000e+00
5.679999999999999716e+00 0.000000000000000000e+00
5.700000000000000178e+00 0.000000000000000000e+00
5.719999999999999751e+00 0.000000000000000000e+00
5.740000000000000213e+00 0.000000000000000000e+00
5.759999999999999787e+00 0.000000000000000000e+00
5.780000000000000249e+00 0.000000000000000000e+00
5.799999999999999822e+00 0.000000000000000000e+00
5.820000000000000284e+00 0.000000000000000000e+00
5.839999999999999858e+00 0.000000000000000000e+00
5.860000000000000320e+00 0.000000000000000000e+00
5.879999999999999893e+00 0.000000000000000000e+00
5.900000000000000355e+00 0.000000000000000000e+00
5.919999999999999929e+00 0.000000000000000000e+00
5.940000000000000391e+00 0.000000000000000000e+00
5.959999999999999964e+00 0.000000000000000000e+00
5.980000000000000426e+00 0.000000000000000000e+00
6.000000000000000000e+00 0.000000000000000000e+00
6.019999999999999574e+00 0.000000000000000000e+00
6.040000000000000036e+00 0.000000000000000000e+00
6.059999999999999609e+00 0.000000000000000000e+00
6.080000000000000071e+00 0.000000000000000000e+00
6.099999999999999645e+00 0.000000000000000000e+00
6.120000000000000107e+00 0.000000000000000000e+00
6.139999999999999680e+00 0.000000000000000000e+00
6.160000000000000142e+00 0.000000000000000000e+00
6.179999999999999716e+00 0.000000000000000000e+00
6.200000000000000178e+00 0.000000000000000000e+00
6.219999999999999751e+00 0.000000000000000000e+00
6.240000000000000213e+00 0.000000000000000000e+00
6.259999999999999787e+00 0.000000000000000000e+00
6.280000000000000249e+00 0.000000000000000000e+00
6.299999999999999822e+00 0.000000000000000000e+00
6.320000000000000284e+00 0.000000000000000000e+00
6.339999999999999858e+00 0.000000000000000000e+00
6.360000000000000320e+00 0.000000000000000000e+00
6.379999999999999893e+00 0.000000000000000000e+00
6.400000000000000355e+00 0.000000000000000000e+00
6.419999999999999929e+00 0.000000000000000000e+00
6.440000000000000391e+00 0.000000000000000000e+00
6.459999999999999964e+00 0.000000000000000000e+00
6.480000000000000426e+00 0.000000000000000000e+00
6.500000000000000000e+00 0.000000000000000000e+00
6.519999999999999574e+00 0.000000000000000000e+00
6.540000000000000036e+00 0.000000000000000000e+00
6.559999999999999609e+00 0.000000000000000000e+00
6.580000000000000071e+00 0.000000000000000000e+00
6.599999999999999645e+00 0.000000000000000000e+00
6.620000000000000107e+00 0.000000000000000000e+00
6.639999999999999680e+00 0.000000000000000000e+00
6.660000000000000142e+00 0.000000000000000000e+00
6.679999999999999716e+00 0.000000000000000000e+00
6.700000000000000178e+00 0.000000000000000000e+00
6.719999999999999751e+00 0.000000000000000000e+00
6.740000000000000213e+00 0.000000000000000000e+00
6.759999999999999787e+00 0.000000000000000000e+00
6.780000000000000249e+00 0.000000000000000000e+00
6.799999999999999822e+00 0.000000000000000000e+00
6.820000000000000284e+00 0.000000000000000000e+00
6.839999999999999858e+00 0.000000000000000000e+00
6.860000000000000320e+00 0.000000000000000000e+00
6.879999999999999893e+00 0.000000000000000000e+00
6.900000000000000355e+00 0.000000000000000000e+00
6.919999999999999929e+00 0.000000000000000000e+00
6.940000000000000391e+00 0.000000000000000000e+00
6.959999999999999964e+00 0.000000000000000000e+00
6.980000000000000426e+00 0.000000000000000000e+00
7.000000000000000000e+00 0.000000000000000000e+00
7.019999999999999574e+00 0.000000000000000000e+00
7.040000000000000036e+00 0.000000000000000000e+00
7.059999999999999609e+00 0.000000000000000000e+00
7.080000000000000071e+00 0.000000000000000000e+00
7.099999999999999645e+00 0.000000000000000000e+00
7.120000000000000107e+00 0.000000000000000000e+00
7.139999999999999680e+00 0.000000000000000000e+00
7.160000000000000142e+00 0.000000000000000000e+00
7.179999999999999716e+00 0.000000000000000000e+00
7.200000000000000178e+00 0.000000000000000000e+00
7.219999999999999751e+00 0.000000000000000000e+00
7.240000000000000213e+00 0.000000000000000000e+00
7.259999999999999787e+00 0.000000000000000000e+00
7.280000000000000249e+00 0.000000000000000000e+00
7.299999999999999822e+00 0.000000000000000000e+00
7.320000000000000284e+00 0.000000000000000000e+00
7.339999999999999858e+00 0.000000000000000000e+00
7.360000000000000320e+00 0.000000000000000000e+00
7.379999999999999893e+00 0.000000000000000000e+00
7.400000000000000355e+00 0.000000000000000000e+00
7.419999999999999929e+00 0.000000000000000000e+00
7.440000000000000391e+00 0.000000000000000000e+00
7.459999999999999964e+00 0.000000000000000000e+00
7.480000000000000426e+00 0.000000000000000000e+00
7.500000000000000000e+00 0.000000000000000000e+00
7.519999999999999574e+00 0.000000000000000000e+00
7.540000000000000036e+00 0.000000000000000000e+00
7.559999999999999609e+00 0.000000000000000000e+00
7.580000000000000071e+00 0.000000000000000000e+00
7.599999999999999645e+00 0.000000000000000000e+00
7.620000000000000107e+00 0.000000000000000000e+00
7.639999999999999680e+00 0.000000000000000000e+00
7.660000000000000142e+00 0.000000000000000000e+00
7.679999999999999716e+00 0.000000000000000000e+00
7.700000000000000178e+00 0.000000000000000000e+00
7.719999999999999751e+00 0.000000000000000000e+00
7.740000000000000213e+00 0.000000000000000000e+00
7.759999999999999787e+00 0.000000000000000000e+00
7.780000000000000249e+00 0.000000000000000000e+00
7.799999999999999822e+00 0.000000000000000000e+00
7.820000000000000284e+00 0.000000000000000000e+00
7.839999999999999858e+00 0.000000000000000000e+00
7.860000000000000320e+00 0.000000000000000000e+00
7.879999999999999893e+00 0.000000000000000000e+00
7.900000000000000355e+00 0.000000000000000000e+00
7.919999999999999929e+00 0.000000000000000000e+00
7.940000000000000391e+00 0.000000000000000000e+00
7.959999999999999964e+00 0.000000000000000000e+00
7.980000000000000426e+00 0.000000000000000000e+00
8.000000000000000000e+00 0.000000000000000000e+00
8.019999999999999574e+00 0.000000000000000000e+00
8.039999999999999147e+00 0.000000000000000000e+00
8.060000000000000497e+00 0.000000000000000000e+00
8.080000000000000071e+00 0.000000000000000000e+00
8.099999999999999645e+00 0.000000000000000000e+00
8.119999999999999218e+00 0.000000000000000000e+00
8.140000000000000568e+00 0.000000000000000000e+00
8.160000000000000142e+00 0.000000000000000000e+00
8.179999999999999716e+00 0.000000000000000000e+00
8.199999999999999289e+00 0.000000000000000000e+00
8.220000000000000639e+00 0.000000000000000000e+00
8.240000000000000213e+00 0.000000000000000000e+00
8.259999999999999787e+00 0.000000000000000000e+00
8.279999999999999361e+00 0.000000000000000000e+00
8.300000000000000711e+00 0.000000000000000000e+00
8.320000000000000284e+00 0.000000000000000000e+00
8.339999999999999858e+00 0.000000000000000000e+00
8.359999999999999432e+00 0.000000000000000000e+00
8.380000000000000782e+00 0.000000000000000000e+00
8.400000000000000355e+00 0.000000000000000000e+00
8.419999999999999929e+00 0.000000000000000000e+00
8.439999999999999503e+00 0.000000000000000000e+00
8.460000000000000853e+00 0.000000000000000000e+00
8.480000000000000426e+00 0.000000000000000000e+00
8.500000000000000000e+00 0.000000000000000000e+00
8.519999999999999574e+00 0.000000000000000000e+00
8.539999999999999147e+00 0.000000000000000000e+00
8.560000000000000497e+00 0.000000000000000000e+00
8.580000000000000071e+00 0.000000000000000000e+00
8.599999999999999645e+00 0.000000000000000000e+00
8.619999999999999218e+00 0.000000000000000000e+00
8.640000000000000568e+00 0.000000000000000000e+00
8.660000000000000142e+00 0.000000000000000000e+00
8.679999999999999716e+00 0.000000000000000000e+00
8.699999999999999289e+00 0.000000000000000000e+00
8.720000000000000639e+00 0.000000000000000000e+00
8.740000000000000213e+00 0.000000000000000000e+00
8.759999999999999787e+00 0.000000000000000000e+00
8.779999999999999361e+00 0.000000000000000000e+00
8.800000000000000711e+00 0.000000000000000000e+00
8.820000000000000284e+00 0.000000000000000000e+00
8.839999999999999858e+00 0.000000000000000000e+00
8.859999999999999432e+00 0.000000000000000000e+00
8.880000000000000782e+00 0.000000000000000000e+00
8.900000000000000355e+00 0.000000000000000000e+00
8.919999999999999929e+00 0.000000000000000000e+00
8.939999999999999503e+00 0.000000000000000000e+00
8.960000000000000853e+00 0.000000000000000000e+00
8.980000000000000426e+00 0.000000000000000000e+00
9.000000000000000000e+00 0.000000000000000000e+00
9.019999999999999574e+00 0.000000000000000000e+00
9.039999999999999147e+00 0.000000000000000000e+00
9.060000000000000497e+00 0.000000000000000000e+00
9.080000000000000071e+00 0.000000000000000000e+00
9.099999999999999645e+00 0.000000000000000000e+00
9.119999999999999218e+00 0.000000000000000000e+00
9.140000000000000568e+00 0.000000000000000000e+00
9.160000000000000142e+00 0.000000000000000000e+00
9.179999999999999716e+00 0.000000000000000000e+00
9.199999999999999289e+00 0.000000000000000000e+00
9.220000000000000639e+00 0.000000000000000000e+00
9.240000000000000213e+00 0.000000000000000000e+00
9.259999999999999787e+00 0.000000000000000000e+00
9.279999999999999361e+00 0.000000000000000000e+00
9.300000000000000711e+00 0.000000000000000000e+00
9.320000000000000284e+00 0.000000000000000000e+00
9.339999999999999858e+00 0.000000000000000000e+00
9.359999999999999432e+00 0.000000000000000000e+00
9.380000000000000782e+00 0.000000000000000000e+00
9.400000000000000355e+00 0.000000000000000000e+00
9.419999999999999929e+00 0.000000000000000000e+00
9.439999999999999503e+00 0.000000000000000000e+00
9.460000000000000853e+00 0.000000000000000000e+00
9.480000000000000426e+00 0.000000000000000000e+00
9.500000000000000000e+00 0.000000000000000000e+00
9.519999999999999574e+00 0.000000000000000000e+00
9.539999999999999147e+00 0.000000000000000000e+00
9.560000000000000497e+00 0.000000000000000000e+00
9.580000000000000071e+00 0.000000000000000000e+00
9.599999999999999645e+00 0.000000000000000000e+00
9.619999999999999218e+00 0.000000000000000000e+00
9.640000000000000568e+00 0.000000000000000000e+00
9.660000000000000142e+00 0.000000000000000000e+00
9.679999999999999716e+00 0.000000000000000000e+00
9.699999999999999289e+00 0.000000000000000000e+00
9.720000000000000639e+00 0.000000000000000000e+00
9.740000000000000213e+00 0.000000000000000000e+00
9.759999999999999787e+00 0.000000000000000000e+00
9.779999999999999361e+00 0.000000000000000000e+00
9.800000000000000711e+00 0.000000000000000000e+00
9.820000000000000284e+00 0.000000000000000000e+00
9.839999999999999858e+00 0.000000000000000000e+00
9.859999999999999432e+00 0.000000000000000000e+00
9.880000000000000782e+00 0.000000000000000000e+00
9.900000000000000355e+00 0.000000000000000000e+00
9.919999999999999929e+00 0.000000000000000000e+00
9.939999999999999503e+00 0.000000000000000000e+00
9.960000000000000853e+00 0.000000000000000000e+00
9.980000000000000426e+00 0.000000000000000000e+00
1.000000000000000000e+01 0.000000000000000000e+00
1.001999999999999957e+01 0.000000000000000000e+00
1.003999999999999915e+01 0.000000000000000000e+00
1.006000000000000050e+01 0.000000000000000000e+00
1.008000000000000007e+01 0.000000000000000000e+00
1.009999999999999964e+01 0.000000000000000000e+00
1.011999999999999922e+01 0.000000000000000000e+00
1.014000000000000057e+01 0.000000000000000000e+00
1.016000000000000014e+01 0.000000000000000000e+00
1.017999999999999972e+01 0.000000000000000000e+00
1.019999999999999929e+01 0.000000000000000000e+00
1.022000000000000064e+01 0.000000000000000000e+00
1.024000000000000021e+01 0.000000000000000000e+00
1.025999999999999979e+01 0.000000000000000000e+00
1.027999999999999936e+01 0.000000000000000000e+00
1.030000000000000071e+01 0.000000000000000000e+00
1.032000000000000028e+01 0.000000000000000000e+00
1.033999999999999986e+01 0.000000000000000000e+00
1.035999999999999943e+01 0.000000000000000000e+00
1.038000000000000078e+01 0.000000000000000000e+00
1.040000000000000036e+01 0.000000000000000000e+00
1.041999999999999993e+01 0.000000000000000000e+00
1.043999999999999950e+01 0.000000000000000000e+00
1.046000000000000085e+01 0.000000000000000000e+00
1.048000000000000043e+01 0.000000000000000000e+00
1.050000000000000000e+01 0.000000000000000000e+00
1.051999999999999957e+01 0.000000000000000000e+00
1.053999999999999915e+01 0.000000000000000000e+00
1.056000000000000050e+01 0.000000000000000000e+00
1.058000000000000007e+01 0.000000000000000000e+00
1.059999999999999964e+01 0.000000000000000000e+00
1.061999999999999922e+01 0.000000000000000000e+00
1.064000000000000057e+01 0.000000000000000000e+00
1.066000000000000014e+01 0.000000000000000000e+00
1.067999999999999972e+01 0.000000000000000000e+00
1.069999999999999929e+01 0.000000000000000000e+00
1.072000000000000064e+01 0.000000000000000000e+00
1.074000000000000021e+01 0.000000000000000000e+00
1.075999999999999979e+01 0.000000000000000000e+00
1.077999999999999936e+01 0.000000000000000000e+00
1.080000000000000071e+01 0.000000000000000000e+00
1.082000000000000028e+01 0.000000000000000000e+00
1.083999999999999986e+01 0.000000000000000000e+00
1.085999999999999943e+01 0.000000000000000000e+00
1.088000000000000078e+01 0.000000000000000000e+00
1.090000000000000036e+01 0.000000000000000000e+00
1.091999999999999993e+01 0.000000000000000000e+00
1.093999999999999950e+01 0.000000000000000000e+00
1.096000000000000085e+01 0.000000000000000000e+00
1.098000000000000043e+01 0.000000000000000000e+00
1.100000000000000000e+01 0.000000000000000000e+00
1.101999999999999957e+01 0.000000000000000000e+00
1.103999999999999915e+01 0.000000000000000000e+00
1.106000000000000050e+01 0.000000000000000000e+00
1.108000000000000007e+01 0.000000000000000000e+00
1.109999999999999964e+01 0.000000000000000000e+00
1.111999999999999922e+01 0.000000000000000000e+00
1.114000000000000057e+01 0.000000000000000000e+00
1.116000000000000014e+01 0.000000000000000000e+00
1.117999999999999972e+01 0.000000000000000000e+00
1.119999999999999929e+01 0.000000000000000000e+00
1.122000000000000064e+01 0.000000000000000000e+00
1.124000000000000021e+01 0.000000000000000000e+00
1.125999999999999979e+01 0.000000000000000000e+00
1.127999999999999936e+01 0.000000000000000000e+00
1.130000000000000071e+01 0.000000000000000000e+00
1.132000000000000028e+01 0.000000000000000000e+00
1.133999999999999986e+01 0.000000000000000000e+00
1.135999999999999943e+01 0.000000000000000000e+00
1.138000000000000078e+01 0.000000000000000000e+00
1.140000000000000036e+01 0.000000000000000000e+00
1.141999999999999993e+01 0.000000000000000000e+00
1.143999999999999950e+01 0.000000000000000000e+00
1.146000000000000085e+01 0.000000000000000000e+00
1.148000000000000043e+01 0.000000000000000000e+00
1.150000000000000000e+01 0.000000000000000000e+00
1.151999999999999957e+01 0.000000000000000000e+00
1.153999999999999915e+01 0.000000000000000000e+00
1.156000000000000050e+01 0.000000000000000000e+00
1.158000000000000007e+01 0.000000000000000000e+00
1.159999999999999964e+01 0.000000000000000000e+00
1.161999999999999922e+01 0.000000000000000000e+00
1.164000000000000057e+01 0.000000000000000000e+00
1.166000000000000014e+01 0.000000000000000000e+00
1.167999999999999972e+01 0.000000000000000000e+00
1.169999999999999929e+01 0.000000000000000000e+00
1.172000000000000064e+01 0.000000000000000000e+00
1.174000000000000021e+01 0.000000000000000000e+00
1.175999999999999979e+01 0.000000000000000000e+00
1.177999999999999936e+01 0.000000000000000000e+00
1.180000000000000071e+01 0.000000000000000000e+00
1.182000000000000028e+01 0.000000000000000000e+00
1.183999999999999986e+01 0.000000000000000000e+00
1.185999999999999943e+01 0.000000000000000000e+00
1.188000000000000078e+01 0.000000000000000000e+00
1.190000000000000036e+01 0.000000000000000000e+00
1.191999999999999993e+01 0.000000000000000000e+00
1.193999999999999950e+01 0.000000000000000000e+00
1.196000000000000085e+01 0.000000000000000000e+00
1.198000000000000043e+01 0.000000000000000000e+00
1.200000000000000000e+01 0.000000000000000000e+00
1.201999999999999957e+01 0.000000000000000000e+00
1.203999999999999915e+01 0.000000000000000000e+00
1.206000000000000050e+01 0.000000000000000000e+00
1.208000000000000007e+01 0.000000000000000000e+00
1.209999999999999964e+01 0.000000000000000000e+00
1.211999999999999922e+01 0.000000000000000000e+00
1.214000000000000057e+01 0.000000000000000000e+00
1.216000000000000014e+01 0.000000000000000000e+00
1.217999999999999972e+01 0.000000000000000000e+00
1.219999999999999929e+01 0.000000000000000000e+00
1.222000000000000064e+01 0.000000000000000000e+00
1.224000000000000021e+01 0.000000000000000000e+00
1.225999999999999979e+01 0.000000000000000000e+00
1.227999999999999936e+01 0.000000000000000000e+00
1.230000000000000071e+01 0.000000000000000000e+00
1.232000000000000028e+01 0.000000000000000000e+00
1.233999999999999986e+01 0.000000000000000000e+00
1.235999999999999943e+01 0.000000000000000000e+00
1.238000000000000078e+01 0.000000000000000000e+00
1.240000000000000036e+01 0.000000000000000000e+00
1.241999999999999993e+01 0.000000000000000000e+00
1.243999999999999950e+01 0.000000000000000000e+00
1.246000000000000085e+01 0.000000000000000000e+00
1.248000000000000043e+01 0.000000000000000000e+00
1.250000000000000000e+01 0.000000000000000000e+00
1.251999999999999957e+01 0.000000000000000000e+00
1.253999999999999915e+01 0.000000000000000000e+00
1.256000000000000050e+01 0.000000000000000000e+00
1.258000000000000007e+01 0.000000000000000000e+00
1.259999999999999964e+01 0.000000000000000000e+00
1.261999999999999922e+01 0.000000000000000000e+00
1.264000000000000057e+01 0.000000000000000000e+00
1.266000000000000014e+01 0.000000000000000000e+00
1.267999999999999972e+01 0.000000000000000000e+00
1.269999999999999929e+01 0.000000000000000000e+00
1.272000000000000064e+01 0.000000000000000000e+00
1.274000000000000021e+01 0.000000000000000000e+00
1.275999999999999979e+01 0.000000000000000000e+00
1.277999999999999936e+01 0.000000000000000000e+00
1.280000000000000071e+01 0.000000000000000000e+00
1.282000000000000028e+01 0.000000000000000000e+00
1.283999999999999986e+01 0.000000000000000000e+00
1.285999999999999943e+01 0.000000000000000000e+00
1.288000000000000078e+01 0.000000000000000000e+00
1.290000000000000036e+01 0.000000000000000000e+00
1.291999999999999993e+01 0.000000000000000000e+00
1.293999999999999950e+01 0.000000000000000000e+00
1.296000000000000085e+01 0.000000000000000000e+00
1.298000000000000043e+01 0.000000000000000000e+00
1.300000000000000000e+01 0.000000000000000000e+00
1.301999999999999957e+01 0.000000000000000000e+00
1.303999999999999915e+01 0.000000000000000000e+00
1.306000000000000050e+01 0.000000000000000000e+00
1.308000000000000007e+01 0.000000000000000000e+00
1.309999999999999964e+01 0.000000000000000000e+00
1.311999999999999922e+01 0.000000000000000000e+00
1.314000000000000057e+01 0.000000000000000000e+00
1.316000000000000014e+01 0.000000000000000000e+00
1.317999999999999972e+01 0.000000000000000000e+00
1.319999999999999929e+01 0.000000000000000000e+00
1.322000000000000064e+01 0.000000000000000000e+00
1.324000000000000021e+01 0.000000000000000000e+00
1.325999999999999979e+01 0.000000000000000000e+00
1.327999999999999936e+01 0.000000000000000000e+00
1.330000000000000071e+01 0.000000000000000000e+00
1.332000000000000028e+01 0.000000000000000000e+00
1.333999999999999986e+01 0.000000000000000000e+00
1.335999999999999943e+01 0.000000000000000000e+00
1.338000000000000078e+01 0.000000000000000000e+00
1.340000000000000036e+01 0.000000000000000000e+00
1.341999999999999993e+01 0.000000000000000000e+00
1.343999999999999950e+01 0.000000000000000000e+00
1.346000000000000085e+01 0.000000000000000000e+00
1.348000000000000043e+01 0.000000000000000000e+00
1.350000000000000000e+01 0.000000000000000000e+00
1.351999999999999957e+01 0.000000000000000000e+00
1.353999999999999915e+01 0.000000000000000000e+00
1.356000000000000050e+01 0.000000000000000000e+00
1.358000000000000007e+01 0.000000000000000000e+00
1.359999999999999964e+01 0.000000000000000000e+00
1.361999999999999922e+01 0.000000000000000000e+00
1.364000000000000057e+01 0.000000000000000000e+00
1.366000000000000014e+01 0.000000000000000000e+00
1.367999999999999972e+01 0.000000000000000000e+00
1.369999999999999929e+01 0.000000000000000000e+00
1.372000000000000064e+01 0.000000000000000000e+00
1.374000000000000021e+01 0.000000000000000000e+00
1.375999999999999979e+01 0.000000000000000000e+00
1.377999999999999936e+01 0.000000000000000000e+00
1.380000000000000071e+01 0.000000000000000000e+00
1.382000000000000028e+01 0.000000000000000000e+00
1.383999999999999986e+01 0.000000000000000000e+00
1.385999999999999943e+01 0.000000000000000000e+00
1.388000000000000078e+01 0.000000000000000000e+00
1.390000000000000036e+01 0.000000000000000000e+00
1.391999999999999993e+01 0.000000000000000000e+00
1.393999999999999950e+01 0.000000000000000000e+00
1.396000000000000085e+01 0.000000000000000000e+00
1.398000000000000043e+01 0.000000000000000000e+00
1.400000000000000000e+01 0.000000000000000000e+00
1.401999999999999957e+01 0.000000000000000000e+00
1.403999999999999915e+01 0.000000000000000000e+00
1.406000000000000050e+01 0.000000000000000000e+00
1.408000000000000007e+01 0.000000000000000000e+00
1.409999999999999964e+01 0.000000000000000000e+00
1.411999999999999922e+01 0.000000000000000000e+00
1.414000000000000057e+01 0.000000000000000000e+00
1.416000000000000014e+01 0.000000000000000000e+00
1.417999999999999972e+01 0.000000000000000000e+00
1.419999999999999929e+01 0.000000000000000000e+00
1.422000000000000064e+01 0.000000000000000000e+00
1.424000000000000021e+01 0.000000000000000000e+00
1.425999999999999979e+01 0.000000000000000000e+00
1.427999999999999936e+01 0.000000000000000000e+00
1.430000000000000071e+01 0.000000000000000000e+00
1.432000000000000028e+01 0.000000000000000000e+00
1.433999999999999986e+01 0.000000000000000000e+00
1.435999999999999943e+01 0.000000000000000000e+00
1.438000000000000078e+01 0.000000000000000000e+00
1.440000000000000036e+01 0.000000000000000000e+00
1.441999999999999993e+01 0.000000000000000000e+00
1.443999999999999950e+01 0.000000000000000000e+00
1.446000000000000085e+01 0.000000000000000000e+00
1.448000000000000043e+01 0.000000000000000000e+00
1.450000000000000000e+01 0.000000000000000000e+00
1.451999999999999957e+01 0.000000000000000000e+00
1.453999999999999915e+01 0.000000000000000000e+00
1.456000000000000050e+01 0.000000000000000000e+00
1.458000000000000007e+01 0.000000000000000000e+00
1.459999999999999964e+01 0.000000000000000000e+00
1.461999999999999922e+01 0.000000000000000000e+00
1.464000000000000057e+01 0.000000000000000000e+00
1.466000000000000014e+01 0.000000000000000000e+00
1.467999999999999972e+01 0.000000000000000000e+00
1.469999999999999929e+01 0.000000000000000000e+00
1.472000000000000064e+01 0.000000000000000000e+00
1.474000000000000021e+01 0.000000000000000000e+00
1.475999999999999979e+01 0.000000000000000000e+00
1.477999999999999936e+01 0.000000000000000000e+00
1.480000000000000071e+01 0.000000000000000000e+00
1.482000000000000028e+01 0.000000000000000000e+00
1.483999999999999986e+01 0.000000000000000000e+00
1.485999999999999943e+01 0.000000000000000000e+00
1.488000000000000078e+01 0.000000000000000000e+00
1.490000000000000036e+01 0.000000000000000000e+00
1.491999999999999993e+01 0.000000000000000000e+00
1.493999999999999950e+01 0.000000000000000000e+00
1.496000000000000085e+01 0.000000000000000000e+00
1.498000000000000043e+01 0.000000000000000000e+00
1.500000000000000000e+01 0.000000000000000000e+00
1.501999999999999957e+01 0.000000000000000000e+00
1.503999999999999915e+01 0.000000000000000000e+00
1.506000000000000050e+01 0.000000000000000000e+00
1.508000000000000007e+01 0.000000000000000000e+00
1.509999999999999964e+01 0.000000000000000000e+00
1.511999999999999922e+01 0.000000000000000000e+00
1.514000000000000057e+01 0.000000000000000000e+00
1.516000000000000014e+01 0.000000000000000000e+00
1.517999999999999972e+01 0.000000000000000000e+00
1.519999999999999929e+01 0.000000000000000000e+00
1.522000000000000064e+01 0.000000000000000000e+00
1.524000000000000021e+01 0.000000000000000000e+00
1.525999999999999979e+01 0.000000000000000000e+00
1.527999999999999936e+01 0.000000000000000000e+00
1.530000000000000071e+01 0.000000000000000000e+00
1.532000000000000028e+01 0.000000000000000000e+00
1.533999999999999986e+01 0.000000000000000000e+00
1.535999999999999943e+01 0.000000000000000000e+00
1.538000000000000078e+01 0.000000000000000000e+00
1.540000000000000036e+01 0.000000000000000000e+00
1.541999999999999993e+01 0.000000000000000000e+00
1.543999999999999950e+01 0.000000000000000000e+00
1.546000000000000085e+01 0.000000000000000000e+00
1.548000000000000043e+01 0.000000000000000000e+00
1.550000000000000000e+01 0.000000000000000000e+00
1.551999999999999957e+01 0.000000000000000000e+00
1.553999999999999915e+01 0.000000000000000000e+00
1.556000000000000050e+01 0.000000000000000000e+00
1.558000000000000007e+01 0.000000000000000000e+00
1.559999999999999964e+01 0.000000000000000000e+00
1.561999999999999922e+01 0.000000000000000000e+00
1.564000000000000057e+01 0.000000000000000000e+00
1.566000000000000014e+01 0.000000000000000000e+00
1.567999999999999972e+01 0.000000000000000000e+00
1.569999999999999929e+01 0.000000000000000000e+00
1.572000000000000064e+01 0.000000000000000000e+00
1.574000000000000021e+01 0.000000000000000000e+00
1.575999999999999979e+01 0.000000000000000000e+00
1.577999999999999936e+01 0.000000000000000000e+00
1.580000000000000071e+01 0.000000000000000000e+00
1.582000000000000028e+01 0.000000000000000000e+00
1.583999999999999986e+01 0.000000000000000000e+00
1.585999999999999943e+01 0.000000000000000000e+00
1.588000000000000078e+01 0.000000000000000000e+00
1.590000000000000036e+01 0.000000000000000000e+00
1.591999999999999993e+01 0.000000000000000000e+00
1.593999999999999950e+01 0.000000000000000000e+00
1.596000000000000085e+01 0.000000000000000000e+00
1.598000000000000043e+01 0.000000000000000000e+00
1.600000000000000000e+01 0.000000000000000000e+00
1.601999999999999957e+01 0.000000000000000000e+00
1.603999999999999915e+01 0.000000000000000000e+00
1.605999999999999872e+01 0.000000000000000000e+00
1.607999999999999829e+01 0.000000000000000000e+00
1.610000000000000142e+01 0.000000000000000000e+00
1.612000000000000099e+01 0.000000000000000000e+00
1.614000000000000057e+01 0.000000000000000000e+00
1.616000000000000014e+01 0.000000000000000000e+00
1.617999999999999972e+01 0.000000000000000000e+00
1.619999999999999929e+01 0.000000000000000000e+00
1.621999999999999886e+01 0.000000000000000000e+00
1.623999999999999844e+01 0.000000000000000000e+00
1.626000000000000156e+01 0.000000000000000000e+00
1.628000000000000114e+01 0.000000000000000000e+00
1.630000000000000071e+01 0.000000000000000000e+00
1.632000000000000028e+01 0.000000000000000000e+00
1.633999999999999986e+01 0.000000000000000000e+00
1.635999999999999943e+01 0.000000000000000000e+00
1.637999999999999901e+01 0.000000000000000000e+00
1.639999999999999858e+01 0.000000000000000000e+00
1.642000000000000171e+01 0.000000000000000000e+00
1.644000000000000128e+01 0.000000000000000000e+00
1.646000000000000085e+01 0.000000000000000000e+00
1.648000000000000043e+01 0.000000000000000000e+00
1.650000000000000000e+01 0.000000000000000000e+00
1.651999999999999957e+01 0.000000000000000000e+00
1.653999999999999915e+01 0.000000000000000000e+00
1.655999999999999872e+01 0.000000000000000000e+00
1.657999999999999829e+01 0.000000000000000000e+00
1.660000000000000142e+01 0.000000000000000000e+00
1.662000000000000099e+01 0.000000000000000000e+00
1.664000000000000057e+01 0.000000000000000000e+00
1.666000000000000014e+01 0.000000000000000000e+00
1.667999999999999972e+01 0.000000000000000000e+00
1.669999999999999929e+01 0.000000000000000000e+00
1.671999999999999886e+01 0.000000000000000000e+00
1.673999999999999844e+01 0.000000000000000000e+00
1.676000000000000156e+01 0.000000000000000000e+00
1.678000000000000114e+01 0.000000000000000000e+00
1.680000000000000071e+01 0.000000000000000000e+00
1.682000000000000028e+01 0.000000000000000000e+00
1.683999999999999986e+01 0.000000000000000000e+00
1.685999999999999943e+01 0.000000000000000000e+00
1.687999999999999901e+01 0.000000000000000000e+00
1.689999999999999858e+01 0.000000000000000000e+00
1.692000000000000171e+01 0.000000000000000000e+00
1.694000000000000128e+01 0.000000000000000000e+00
1.696000000000000085e+01 0.000000000000000000e+00
1.698000000000000043e+01 0.000000000000000000e+00
1.700000000000000000e+01 1.000000000000000048e-04
1.701999999999999957e+01 1.000000000000000048e-04
1.703999999999999915e+01 1.000000000000000048e-04
1.705999999999999872e+01 1.000000000000000048e-04
1.707999999999999829e+01 1.000000000000000048e-04
1.710000000000000142e+01 1.000000000000000048e-04
1.712000000000000099e+01 1.000000000000000048e-04
1.714000000000000057e+01 1.175299999999999945e-04
1.716000000000000014e+01 2.040900000000000060e-04
1.717999999999999972e+01 2.969800000000000196e-04
1.719999999999999929e+01 4.096400000000000150e-04
1.721999999999999886e+01 5.356599999999999773e-04
1.723999999999999844e+01 6.668800000000000118e-04
1.726000000000000156e+01 7.748609999999999526e-04
1.728000000000000114e+01 8.377169999999999755e-04
1.730000000000000071e+01 8.467700000000000530e-04
1.732000000000000028e+01 8.027099999999999904e-04
1.733999999999999986e+01 7.362500000000000338e-04
1.735999999999999943e+01 6.642799999999999486e-04
1.737999999999999901e+01 6.145459999999999942e-04
1.739999999999999858e+01 5.867000000000000036e-04
1.742000000000000171e+01 5.813899999999999884e-04
1.744000000000000128e+01 5.810200000000000174e-04
1.746000000000000085e+01 5.948200000000000275e-04
1.748000000000000043e+01 6.283000000000000390e-04
1.750000000000000000e+01 7.101199999999999570e-04
1.751999999999999957e+01 8.583300000000000304e-04
1.753999999999999915e+01 1.094270000000000052e-03
1.755999999999999872e+01 1.404620000000000087e-03
1.757999999999999829e+01 1.771750000000000104e-03
1.760000000000000142e+01 2.174999999999999850e-03
1.762000000000000099e+01 2.556650000000000155e-03
1.764000000000000057e+01 2.901089999999999832e-03
1.766000000000000014e+01 3.188700000000000041e-03
1.767999999999999972e+01 3.418800000000000051e-03
1.769999999999999929e+01 3.593970000000000151e-03
1.771999999999999886e+01 3.761000000000000020e-03
1.773999999999999844e+01 3.943720000000000385e-03
1.776000000000000156e+01 4.162700000000000081e-03
1.778000000000000114e+01 4.477359999999999673e-03
1.780000000000000071e+01 4.899859999999999806e-03
1.782000000000000028e+01 5.449660000000000268e-03
1.783999999999999986e+01 6.138359999999999823e-03
1.785999999999999943e+01 6.969180000000000166e-03
1.787999999999999901e+01 7.936729999999999480e-03
1.789999999999999858e+01 9.032079999999999623e-03
1.792000000000000171e+01 1.024579999999999935e-02
1.794000000000000128e+01 1.159349999999999964e-02
1.796000000000000085e+01 1.308559999999999932e-02
1.798000000000000043e+01 1.473149999999999980e-02
1.800000000000000000e+01 1.661019999999999858e-02
1.801999999999999957e+01 1.875869999999999968e-02
1.803999999999999915e+01 2.124969999999999984e-02
1.805999999999999872e+01 2.415459999999999829e-02
1.807999999999999829e+01 2.758530000000000010e-02
1.810000000000000142e+01 3.163719999999999727e-02
1.812000000000000099e+01 3.635839999999999905e-02
1.814000000000000057e+01 4.195839999999999986e-02
1.816000000000000014e+01 4.851389999999999869e-02
1.817999999999999972e+01 5.611769999999999953e-02
1.819999999999999929e+01 6.499979999999999647e-02
1.821999999999999886e+01 7.523489999999999345e-02
1.823999999999999844e+01 8.701399999999999413e-02
1.826000000000000156e+01 1.004590000000000066e-01
1.828000000000000114e+01 1.157340000000000035e-01
1.830000000000000071e+01 1.331199999999999883e-01
1.832000000000000028e+01 1.527129999999999876e-01
1.833999999999999986e+01 1.748919999999999919e-01
1.835999999999999943e+01 1.997029999999999916e-01
1.837999999999999901e+01 2.273529999999999995e-01
1.839999999999999858e+01 2.576590000000000269e-01
1.842000000000000171e+01 2.905989999999999962e-01
1.844000000000000128e+01 3.256899999999999795e-01
1.846000000000000085e+01 3.627369999999999761e-01
1.848000000000000043e+01 4.011049999999999893e-01
1.850000000000000000e+01 4.402949999999999919e-01
1.851999999999999957e+01 4.798689999999999900e-01
1.853999999999999915e+01 5.188709999999999711e-01
1.855999999999999872e+01 5.570129999999999804e-01
1.857999999999999829e+01 5.932300000000000351e-01
1.860000000000000142e+01 6.272959999999999647e-01
1.862000000000000099e+01 6.584780000000000078e-01
1.864000000000000057e+01 6.866440000000000321e-01
1.866000000000000014e+01 7.115540000000000198e-01
1.867999999999999972e+01 7.333039999999999559e-01
1.869999999999999929e+01 7.519169999999999465e-01
1.871999999999999886e+01 7.676650000000000418e-01
1.873999999999999844e+01 7.806450000000000333e-01
1.876000000000000156e+01 7.911089999999999511e-01
1.878000000000000114e+01 7.992550000000000487e-01
1.880000000000000071e+01 8.052289999999999726e-01
1.882000000000000028e+01 8.094919999999999893e-01
1.883999999999999986e+01 8.121730000000000338e-01
1.885999999999999943e+01 8.139509999999999801e-01
1.887999999999999901e+01 8.149520000000000097e-01
1.889999999999999858e+01 8.158450000000000424e-01
1.892000000000000171e+01 8.166740000000000110e-01
1.894000000000000128e+01 8.177459999999999729e-01
1.896000000000000085e+01 8.189650000000000540e-01
1.898000000000000043e+01 8.203789999999999694e-01
1.900000000000000000e+01 8.216700000000000115e-01
1.901999999999999957e+01 8.227560000000000429e-01
1.903999999999999915e+01 8.234059999999999713e-01
1.905999999999999872e+01 8.235940000000000483e-01
1.907999999999999829e+01 8.231800000000000228e-01
1.910000000000000142e+01 8.222279999999999589e-01
1.912000000000000099e+01 8.209020000000000206e-01
1.914000000000000057e+01 8.193000000000000282e-01
1.916000000000000014e+01 8.175769999999999982e-01
1.917999999999999972e+01 8.159300000000000441e-01
1.919999999999999929e+01 8.145419999999999883e-01
1.921999999999999886e+01 8.134689999999999976e-01
1.923999999999999844e+01 8.127630000000000132e-01
1.926000000000000156e+01 8.123850000000000238e-01
1.928000000000000114e+01 8.123439999999999550e-01
1.930000000000000071e+01 8.124029999999999863e-01
1.932000000000000028e+01 8.125369999999999537e-01
1.933999999999999986e+01 8.125160000000000160e-01
1.935999999999999943e+01 8.123270000000000213e-01
1.937999999999999901e+01 8.118090000000000028e-01
1.939999999999999858e+01 8.109969999999999679e-01
1.942000000000000171e+01 8.098870000000000235e-01
1.944000000000000128e+01 8.085440000000000405e-01
1.946000000000000085e+01 8.070540000000000491e-01
1.948000000000000043e+01 8.054750000000000520e-01
1.950000000000000000e+01 8.038809999999999567e-01
1.951999999999999957e+01 8.023219999999999796e-01
1.953999999999999915e+01 8.008359999999999923e-01
1.955999999999999872e+01 7.994830000000000547e-01
1.957999999999999829e+01 7.982879999999999976e-01
1.960000000000000142e+01 7.972930000000000295e-01
1.962000000000000099e+01 7.965250000000000385e-01
1.964000000000000057e+01 7.959389999999999521e-01
1.966000000000000014e+01 7.955410000000000537e-01
1.967999999999999972e+01 7.952339999999999964e-01
1.969999999999999929e+01 7.949979999999999825e-01
1.971999999999999886e+01 7.948359999999999870e-01
1.973999999999999844e+01 7.947319999999999940e-01
1.976000000000000156e+01 7.948650000000000437e-01
1.978000000000000114e+01 7.952360000000000539e-01
1.980000000000000071e+01 7.960549999999999571e-01
1.982000000000000028e+01 7.973289999999999544e-01
1.983999999999999986e+01 7.990760000000000085e-01
1.985999999999999943e+01 8.012949999999999795e-01
1.987999999999999901e+01 8.037419999999999565e-01
1.989999999999999858e+01 8.064139999999999642e-01
1.992000000000000171e+01 8.089950000000000196e-01
1.994000000000000128e+01 8.114850000000000119e-01
1.996000000000000085e+01 8.137330000000000396e-01
1.998000000000000043e+01 8.157379999999999631e-01
2.000000000000000000e+01 8.175499999999999989e-01
2.001999999999999957e+01 8.191669999999999785e-01
2.003999999999999915e+01 8.206759999999999611e-01
2.005999999999999872e+01 8.220790000000000042e-01
2.007999999999999829e+01 8.233759999999999968e-01
2.010000000000000142e+01 8.245670000000000499e-01
2.012000000000000099e+01 8.256320000000000325e-01
2.014000000000000057e+01 8.265609999999999902e-01
2.016000000000000014e+01 8.274200000000000443e-01
2.017999999999999972e+01 8.282000000000000473e-01
2.019999999999999929e+01 8.290260000000000407e-01
2.021999999999999886e+01 8.299149999999999583e-01
2.023999999999999844e+01 8.309199999999999919e-01
2.026000000000000156e+01 8.320819999999999883e-01
2.028000000000000114e+01 8.333049999999999624e-01
2.030000000000000071e+01 8.345970000000000333e-01
2.032000000000000028e+01 8.358210000000000361e-01
2.033999999999999986e+01 8.369240000000000013e-01
2.035999999999999943e+01 8.378360000000000252e-01
2.037999999999999901e+01 8.384749999999999703e-01
2.039999999999999858e+01 8.388679999999999470e-01
2.042000000000000171e+01 8.389910000000000423e-01
2.044000000000000128e+01 8.388870000000000493e-01
2.046000000000000085e+01 8.386040000000000161e-01
2.048000000000000043e+01 8.381659999999999666e-01
2.050000000000000000e+01 8.376770000000000049e-01
2.051999999999999957e+01 8.371330000000000160e-01
2.053999999999999915e+01 8.366409999999999680e-01
2.055999999999999872e+01 8.361920000000000464e-01
2.057999999999999829e+01 8.358520000000000394e-01
2.060000000000000142e+01 8.356259999999999799e-01
2.062000000000000099e+01 8.354789999999999717e-01
2.064000000000000057e+01 8.354260000000000019e-01
2.066000000000000014e+01 8.353739999999999499e-01
2.067999999999999972e+01 8.353150000000000297e-01
2.069999999999999929e+01 8.351739999999999720e-01
2.071999999999999886e+01 8.348999999999999755e-01
2.073999999999999844e+01 8.344799999999999995e-01
2.076000000000000156e+01 8.338579999999999881e-01
2.078000000000000114e+01 8.330530000000000435e-01
2.080000000000000071e+01 8.320629999999999971e-01
2.082000000000000028e+01 8.308929999999999927e-01
2.083999999999999986e+01 8.295829999999999593e-01
2.085999999999999943e+01 8.281319999999999792e-01
2.087999999999999901e+01 8.265479999999999494e-01
2.089999999999999858e+01 8.248360000000000136e-01
2.092000000000000171e+01 8.229849999999999666e-01
2.094000000000000128e+01 8.209600000000000231e-01
2.096000000000000085e+01 8.188450000000000450e-01
2.098000000000000043e+01 8.166630000000000278e-01
2.100000000000000000e+01 8.144989999999999730e-01
2.101999999999999957e+01 8.126149999999999762e-01
2.103999999999999915e+01 8.109739999999999727e-01
2.105999999999999872e+01 8.098619999999999708e-01
2.107999999999999829e+01 8.092819999999999458e-01
2.110000000000000142e+01 8.091779999999999529e-01
2.112000000000000099e+01 8.096170000000000311e-01
2.114000000000000057e+01 8.103630000000000555e-01
2.116000000000000014e+01 8.112749999999999684e-01
2.117999999999999972e+01 8.123209999999999598e-01
2.119999999999999929e+01 8.132669999999999622e-01
2.121999999999999886e+01 8.141639999999999988e-01
2.123999999999999844e+01 8.150190000000000490e-01
2.126000000000000156e+01 8.158109999999999529e-01
2.128000000000000114e+01 8.166670000000000318e-01
2.130000000000000071e+01 8.176240000000000174e-01
2.132000000000000028e+01 8.186740000000000128e-01
2.133999999999999986e+01 8.198630000000000084e-01
2.135999999999999943e+01 8.211450000000000138e-01
2.137999999999999901e+01 8.224169999999999536e-01
2.139999999999999858e+01 8.236989999999999590e-01
2.142000000000000171e+01 8.248609999999999554e-01
2.144000000000000128e+01 8.258910000000000418e-01
2.146000000000000085e+01 8.267710000000000337e-01
2.148000000000000043e+01 8.274719999999999853e-01
2.150000000000000000e+01 8.280060000000000198e-01
2.151999999999999957e+01 8.283700000000000507e-01
2.153999999999999915e+01 8.285660000000000247e-01
2.155999999999999872e+01 8.285639999999999672e-01
2.157999999999999829e+01 8.283580000000000387e-01
2.160000000000000142e+01 8.279570000000000540e-01
2.162000000000000099e+01 8.273249999999999771e-01
2.164000000000000057e+01 8.265219999999999789e-01
2.166000000000000014e+01 8.256759999999999655e-01
2.167999999999999972e+01 8.247440000000000326e-01
2.169999999999999929e+01 8.240119999999999667e-01
2.171999999999999886e+01 8.235010000000000385e-01
2.173999999999999844e+01 8.232899999999999663e-01
2.176000000000000156e+01 8.235489999999999755e-01
2.178000000000000114e+01 8.241950000000000109e-01
2.180000000000000071e+01 8.251119999999999566e-01
2.182000000000000028e+01 8.263660000000000450e-01
2.183999999999999986e+01 8.276379999999999848e-01
2.185999999999999943e+01 8.288250000000000339e-01
2.187999999999999901e+01 8.298940000000000206e-01
2.189999999999999858e+01 8.306099999999999595e-01
2.192000000000000171e+01 8.310220000000000384e-01
2.194000000000000128e+01 8.311849999999999516e-01
2.196000000000000085e+01 8.310589999999999922e-01
2.198000000000000043e+01 8.307660000000000045e-01
2.200000000000000000e+01 8.304390000000000382e-01
2.201999999999999957e+01 8.300380000000000535e-01
2.203999999999999915e+01 8.296229999999999993e-01
2.205999999999999872e+01 8.292199999999999571e-01
2.207999999999999829e+01 8.287489999999999579e-01
2.210000000000000142e+01 8.281690000000000440e-01
2.212000000000000099e+01 8.274850000000000261e-01
2.214000000000000057e+01 8.266210000000000502e-01
2.216000000000000014e+01 8.255670000000000508e-01
2.217999999999999972e+01 8.243920000000000137e-01
2.219999999999999929e+01 8.231009999999999716e-01
2.221999999999999886e+01 8.217250000000000387e-01
2.223999999999999844e+01 8.204040000000000221e-01
2.226000000000000156e+01 8.191119999999999512e-01
2.228000000000000114e+01 8.179070000000000507e-01
2.230000000000000071e+01 8.168339999999999490e-01
2.232000000000000028e+01 8.158659999999999801e-01
2.233999999999999986e+01 8.149920000000000497e-01
2.235999999999999943e+01 8.142179999999999973e-01
2.237999999999999901e+01 8.135210000000000496e-01
2.239999999999999858e+01 8.128720000000000390e-01
2.242000000000000171e+01 8.122939999999999605e-01
2.244000000000000128e+01 8.118260000000000476e-01
2.246000000000000085e+01 8.114590000000000414e-01
2.248000000000000043e+01 8.112099999999999866e-01
2.250000000000000000e+01 8.111089999999999689e-01
2.251999999999999957e+01 8.111340000000000217e-01
2.253999999999999915e+01 8.112209999999999699e-01
2.255999999999999872e+01 8.114400000000000501e-01
2.257999999999999829e+01 8.115980000000000416e-01
2.260000000000000142e+01 8.115529999999999688e-01
2.262000000000000099e+01 8.113599999999999701e-01
2.264000000000000057e+01 8.106670000000000265e-01
2.266000000000000014e+01 8.095090000000000341e-01
2.267999999999999972e+01 8.077379999999999560e-01
2.269999999999999929e+01 8.050420000000000353e-01
2.271999999999999886e+01 8.015299999999999647e-01
2.273999999999999844e+01 7.969889999999999475e-01
2.276000000000000156e+01 7.913320000000000354e-01
2.278000000000000114e+01 7.845959999999999601e-01
2.280000000000000071e+01 7.766560000000000130e-01
2.282000000000000028e+01 7.675250000000000128e-01
2.283999999999999986e+01 7.572179999999999467e-01
2.285999999999999943e+01 7.457310000000000327e-01
2.287999999999999901e+01 7.330699999999999994e-01
2.289999999999999858e+01 7.192499999999999449e-01
2.292000000000000171e+01 7.042770000000000419e-01
2.294000000000000128e+01 6.881559999999999899e-01
2.296000000000000085e+01 6.708749999999999991e-01
2.298000000000000043e+01 6.524309999999999832e-01
2.300000000000000000e+01 6.328890000000000349e-01
2.301999999999999957e+01 6.122389999999999777e-01
2.303999999999999915e+01 5.904960000000000209e-01
2.305999999999999872e+01 5.680009999999999781e-01
2.307999999999999829e+01 5.446590000000000042e-01
2.310000000000000142e+01 5.207089999999999774e-01
2.312000000000000099e+01 4.966909999999999936e-01
2.314000000000000057e+01 4.723959999999999826e-01
2.316000000000000014e+01 4.482570000000000165e-01
2.317999999999999972e+01 4.246610000000000107e-01
2.319999999999999929e+01 4.014340000000000130e-01
2.321999999999999886e+01 3.788670000000000093e-01
2.323999999999999844e+01 3.570690000000000253e-01
2.326000000000000156e+01 3.359679999999999889e-01
2.328000000000000114e+01 3.156280000000000197e-01
2.330000000000000071e+01 2.960430000000000006e-01
2.332000000000000028e+01 2.772020000000000040e-01
2.333999999999999986e+01 2.590919999999999890e-01
2.335999999999999943e+01 2.416989999999999972e-01
2.337999999999999901e+01 2.250790000000000013e-01
2.339999999999999858e+01 2.092479999999999896e-01
2.342000000000000171e+01 1.941930000000000045e-01
2.344000000000000128e+01 1.800410000000000066e-01
2.346000000000000085e+01 1.667970000000000008e-01
2.348000000000000043e+01 1.544659999999999922e-01
2.350000000000000000e+01 1.431550000000000045e-01
2.351999999999999957e+01 1.328989999999999894e-01
2.353999999999999915e+01 1.235959999999999975e-01
2.355999999999999872e+01 1.151719999999999966e-01
2.357999999999999829e+01 1.077329999999999954e-01
2.360000000000000142e+01 1.009530000000000011e-01
2.362000000000000099e+01 9.460179999999999978e-02
2.364000000000000057e+01 8.881450000000000455e-02
2.366000000000000014e+01 8.323350000000000193e-02
2.367999999999999972e+01 7.764680000000000193e-02
2.369999999999999929e+01 7.218199999999999616e-02
2.371999999999999886e+01 6.680640000000000189e-02
2.373999999999999844e+01 6.142910000000000037e-02
2.376000000000000156e+01 5.616009999999999752e-02
2.378000000000000114e+01 5.124709999999999682e-02
2.380000000000000071e+01 4.665500000000000203e-02
2.382000000000000028e+01 4.242970000000000075e-02
2.383999999999999986e+01 3.873820000000000041e-02
2.385999999999999943e+01 3.560510000000000064e-02
2.387999999999999901e+01 3.291260000000000019e-02
2.389999999999999858e+01 3.057429999999999870e-02
2.392000000000000171e+01 2.866039999999999907e-02
2.394000000000000128e+01 2.701260000000000119e-02
2.396000000000000085e+01 2.548150000000000068e-02
2.398000000000000043e+01 2.414140000000000036e-02
2.400000000000000000e+01 2.289679999999999840e-02
2.401999999999999957e+01 2.165800000000000017e-02
2.403999999999999915e+01 2.046330000000000024e-02
2.405999999999999872e+01 1.932969999999999827e-02
2.407999999999999829e+01 1.826180000000000164e-02
2.410000000000000142e+01 1.725550000000000000e-02
2.412000000000000099e+01 1.632319999999999952e-02
2.414000000000000057e+01 1.546830000000000080e-02
2.416000000000000014e+01 1.468739999999999976e-02
2.417999999999999972e+01 1.399459999999999940e-02
2.419999999999999929e+01 1.340719999999999933e-02
2.421999999999999886e+01 1.291119999999999941e-02
2.423999999999999844e+01 1.246809999999999932e-02
2.426000000000000156e+01 1.206920000000000041e-02
2.428000000000000114e+01 1.172109999999999992e-02
2.430000000000000071e+01 1.140060000000000032e-02
2.432000000000000028e+01 1.111050000000000058e-02
2.433999999999999986e+01 1.084740000000000010e-02
2.435999999999999943e+01 1.057800000000000060e-02
2.437999999999999901e+01 1.028979999999999999e-02
2.439999999999999858e+01 9.995290000000000424e-03
2.442000000000000171e+01 9.699410000000000323e-03
2.444000000000000128e+01 9.407079999999999956e-03
2.446000000000000085e+01 9.113170000000000298e-03
2.448000000000000043e+01 8.807689999999999964e-03
2.450000000000000000e+01 8.486600000000000393e-03
2.451999999999999957e+01 8.154069999999999374e-03
2.453999999999999915e+01 7.812279999999999572e-03
2.455999999999999872e+01 7.463639999999999684e-03
2.457999999999999829e+01 7.106059999999999981e-03
2.460000000000000142e+01 6.734839999999999750e-03
2.462000000000000099e+01 6.346150000000000055e-03
2.464000000000000057e+01 5.943190000000000105e-03
2.466000000000000014e+01 5.532129999999999687e-03
2.467999999999999972e+01 5.117449999999999950e-03
2.469999999999999929e+01 4.696159999999999571e-03
2.471999999999999886e+01 4.263209999999999916e-03
2.473999999999999844e+01 3.811479999999999903e-03
2.476000000000000156e+01 3.343749999999999934e-03
2.478000000000000114e+01 2.877789999999999862e-03
2.480000000000000071e+01 2.416269999999999876e-03
2.482000000000000028e+01 1.949559999999999921e-03
2.483999999999999986e+01 1.519670000000000092e-03
2.485999999999999943e+01 1.153329999999999937e-03
2.487999999999999901e+01 8.267500000000000109e-04
2.489999999999999858e+01 5.776200000000000431e-04
2.492000000000000171e+01 4.456199999999999788e-04
2.494000000000000128e+01 4.241380000000000107e-04
2.496000000000000085e+01 4.889300000000000503e-04
2.498000000000000043e+01 6.240899999999999963e-04
2.500000000000000000e+01 8.616700000000000357e-04
2.501999999999999957e+01 1.146459999999999970e-03
2.503999999999999915e+01 1.403799999999999970e-03
2.505999999999999872e+01 1.655680000000000086e-03
2.507999999999999829e+01 1.889099999999999894e-03
2.510000000000000142e+01 2.051460000000000176e-03
2.512000000000000099e+01 2.123569999999999972e-03
2.514000000000000057e+01 2.130949999999999945e-03
2.516000000000000014e+01 2.093980000000000060e-03
2.517999999999999972e+01 2.008530000000000124e-03
2.519999999999999929e+01 1.872030000000000005e-03
2.521999999999999886e+01 1.731230000000000052e-03
2.523999999999999844e+01 1.616239999999999908e-03
2.526000000000000156e+01 1.506259999999999934e-03
2.528000000000000114e+01 1.413119999999999914e-03
2.530000000000000071e+01 1.351690000000000010e-03
2.532000000000000028e+01 1.324279999999999945e-03
2.533999999999999986e+01 1.312680000000000097e-03
2.535999999999999943e+01 1.298480000000000077e-03
2.537999999999999901e+01 1.291830000000000105e-03
2.539999999999999858e+01 1.284070000000000003e-03
2.542000000000000171e+01 1.253500000000000057e-03
2.544000000000000128e+01 1.194449999999999895e-03
2.546000000000000085e+01 1.114600000000000096e-03
2.548000000000000043e+01 1.011720000000000024e-03
2.550000000000000000e+01 8.813300000000000474e-04
2.551999999999999957e+01 7.232900000000000223e-04
2.553999999999999915e+01 5.506800000000000063e-04
2.555999999999999872e+01 3.737999999999999786e-04
2.557999999999999829e+01 1.832600000000000038e-04
2.560000000000000142e+01 1.000000000000000048e-04
2.562000000000000099e+01 1.000000000000000048e-04
2.564000000000000057e+01 1.000000000000000048e-04
2.566000000000000014e+01 1.000000000000000048e-04
2.567999999999999972e+01 1.000000000000000048e-04
2.569999999999999929e+01 1.000000000000000048e-04
2.571999999999999886e+01 1.000000000000000048e-04
2.573999999999999844e+01 1.000000000000000048e-04
2.576000000000000156e+01 1.000000000000000048e-04
2.578000000000000114e+01 1.000000000000000048e-04
2.580000000000000071e+01 1.000000000000000048e-04
2.582000000000000028e+01 1.000000000000000048e-04
2.583999999999999986e+01 1.000000000000000048e-04
2.585999999999999943e+01 1.000000000000000048e-04
2.587999999999999901e+01 1.000000000000000048e-04
2.589999999999999858e+01 1.000000000000000048e-04
2.592000000000000171e+01 1.000000000000000048e-04
2.594000000000000128e+01 1.000000000000000048e-04
2.596000000000000085e+01 1.000000000000000048e-04
2.598000000000000043e+01 1.000000000000000048e-04
2.600000000000000000e+01 1.000000000000000048e-04
2.601999999999999957e+01 0.000000000000000000e+00
2.603999999999999915e+01 0.000000000000000000e+00
2.605999999999999872e+01 0.000000000000000000e+00
2.607999999999999829e+01 0.000000000000000000e+00
2.610000000000000142e+01 0.000000000000000000e+00
2.612000000000000099e+01 0.000000000000000000e+00
2.614000000000000057e+01 0.000000000000000000e+00
2.616000000000000014e+01 0.000000000000000000e+00
2.617999999999999972e+01 0.000000000000000000e+00
2.619999999999999929e+01 0.000000000000000000e+00
2.621999999999999886e+01 0.000000000000000000e+00
2.623999999999999844e+01 0.000000000000000000e+00
2.626000000000000156e+01 0.000000000000000000e+00
2.628000000000000114e+01 0.000000000000000000e+00
2.630000000000000071e+01 0.000000000000000000e+00
2.632000000000000028e+01 0.000000000000000000e+00
2.633999999999999986e+01 0.000000000000000000e+00
2.635999999999999943e+01 0.000000000000000000e+00
2.637999999999999901e+01 0.000000000000000000e+00
2.639999999999999858e+01 0.000000000000000000e+00
2.642000000000000171e+01 0.000000000000000000e+00
2.644000000000000128e+01 0.000000000000000000e+00
2.646000000000000085e+01 0.000000000000000000e+00
2.648000000000000043e+01 0.000000000000000000e+00
2.650000000000000000e+01 0.000000000000000000e+00
2.651999999999999957e+01 0.000000000000000000e+00
2.653999999999999915e+01 0.000000000000000000e+00
2.655999999999999872e+01 0.000000000000000000e+00
2.657999999999999829e+01 0.000000000000000000e+00
2.660000000000000142e+01 0.000000000000000000e+00
2.662000000000000099e+01 0.000000000000000000e+00
2.664000000000000057e+01 0.000000000000000000e+00
2.666000000000000014e+01 0.000000000000000000e+00
2.667999999999999972e+01 0.000000000000000000e+00
2.669999999999999929e+01 0.000000000000000000e+00
2.671999999999999886e+01 0.000000000000000000e+00
2.673999999999999844e+01 0.000000000000000000e+00
2.676000000000000156e+01 0.000000000000000000e+00
2.678000000000000114e+01 0.000000000000000000e+00
2.680000000000000071e+01 0.000000000000000000e+00
2.682000000000000028e+01 0.000000000000000000e+00
2.683999999999999986e+01 0.000000000000000000e+00
2.685999999999999943e+01 0.000000000000000000e+00
2.687999999999999901e+01 0.000000000000000000e+00
2.689999999999999858e+01 0.000000000000000000e+00
2.692000000000000171e+01 0.000000000000000000e+00
2.694000000000000128e+01 0.000000000000000000e+00
2.696000000000000085e+01 0.000000000000000000e+00
2.698000000000000043e+01 0.000000000000000000e+00
2.700000000000000000e+01 0.000000000000000000e+00
2.701999999999999957e+01 0.000000000000000000e+00
2.703999999999999915e+01 0.000000000000000000e+00
2.705999999999999872e+01 0.000000000000000000e+00
2.707999999999999829e+01 0.000000000000000000e+00
2.710000000000000142e+01 0.000000000000000000e+00
2.712000000000000099e+01 0.000000000000000000e+00
2.714000000000000057e+01 0.000000000000000000e+00
2.716000000000000014e+01 0.000000000000000000e+00
2.717999999999999972e+01 0.000000000000000000e+00
2.719999999999999929e+01 0.000000000000000000e+00
2.721999999999999886e+01 0.000000000000000000e+00
2.723999999999999844e+01 0.000000000000000000e+00
2.726000000000000156e+01 0.000000000000000000e+00
2.728000000000000114e+01 0.000000000000000000e+00
2.730000000000000071e+01 0.000000000000000000e+00
2.732000000000000028e+01 0.000000000000000000e+00
2.733999999999999986e+01 0.000000000000000000e+00
2.735999999999999943e+01 0.000000000000000000e+00
2.737999999999999901e+01 0.000000000000000000e+00
2.739999999999999858e+01 0.000000000000000000e+00
2.742000000000000171e+01 0.000000000000000000e+00
2.744000000000000128e+01 0.000000000000000000e+00
2.746000000000000085e+01 0.000000000000000000e+00
2.748000000000000043e+01 0.000000000000000000e+00
2.750000000000000000e+01 0.000000000000000000e+00
2.751999999999999957e+01 0.000000000000000000e+00
2.753999999999999915e+01 0.000000000000000000e+00
2.755999999999999872e+01 0.000000000000000000e+00
2.757999999999999829e+01 0.000000000000000000e+00
2.760000000000000142e+01 0.000000000000000000e+00
2.762000000000000099e+01 0.000000000000000000e+00
2.764000000000000057e+01 0.000000000000000000e+00
2.766000000000000014e+01 0.000000000000000000e+00
2.767999999999999972e+01 0.000000000000000000e+00
2.769999999999999929e+01 0.000000000000000000e+00
2.771999999999999886e+01 0.000000000000000000e+00
2.773999999999999844e+01 0.000000000000000000e+00
2.776000000000000156e+01 0.000000000000000000e+00
2.778000000000000114e+01 0.000000000000000000e+00
2.780000000000000071e+01 0.000000000000000000e+00
2.782000000000000028e+01 0.000000000000000000e+00
2.783999999999999986e+01 0.000000000000000000e+00
2.785999999999999943e+01 0.000000000000000000e+00
2.787999999999999901e+01 0.000000000000000000e+00
2.789999999999999858e+01 0.000000000000000000e+00
2.792000000000000171e+01 0.000000000000000000e+00
2.794000000000000128e+01 0.000000000000000000e+00
2.796000000000000085e+01 0.000000000000000000e+00
2.798000000000000043e+01 0.000000000000000000e+00
2.800000000000000000e+01 0.000000000000000000e+00
2.801999999999999957e+01 0.000000000000000000e+00
2.803999999999999915e+01 0.000000000000000000e+00
2.805999999999999872e+01 0.000000000000000000e+00
2.807999999999999829e+01 0.000000000000000000e+00
2.810000000000000142e+01 0.000000000000000000e+00
2.812000000000000099e+01 0.000000000000000000e+00
2.814000000000000057e+01 0.000000000000000000e+00
2.816000000000000014e+01 0.000000000000000000e+00
2.817999999999999972e+01 0.000000000000000000e+00
2.819999999999999929e+01 0.000000000000000000e+00
2.821999999999999886e+01 0.000000000000000000e+00
2.823999999999999844e+01 0.000000000000000000e+00
2.826000000000000156e+01 0.000000000000000000e+00
2.828000000000000114e+01 0.000000000000000000e+00
2.830000000000000071e+01 0.000000000000000000e+00
2.832000000000000028e+01 0.000000000000000000e+00
2.833999999999999986e+01 0.000000000000000000e+00
2.835999999999999943e+01 0.000000000000000000e+00
2.837999999999999901e+01 0.000000000000000000e+00
2.839999999999999858e+01 0.000000000000000000e+00
2.842000000000000171e+01 0.000000000000000000e+00
2.844000000000000128e+01 0.000000000000000000e+00
2.846000000000000085e+01 0.000000000000000000e+00
2.848000000000000043e+01 0.000000000000000000e+00
2.850000000000000000e+01 0.000000000000000000e+00
2.851999999999999957e+01 0.000000000000000000e+00
2.853999999999999915e+01 0.000000000000000000e+00
2.855999999999999872e+01 0.000000000000000000e+00
2.857999999999999829e+01 0.000000000000000000e+00
2.860000000000000142e+01 0.000000000000000000e+00
2.862000000000000099e+01 0.000000000000000000e+00
2.864000000000000057e+01 0.000000000000000000e+00
2.866000000000000014e+01 0.000000000000000000e+00
2.867999999999999972e+01 0.000000000000000000e+00
2.869999999999999929e+01 0.000000000000000000e+00
2.871999999999999886e+01 0.000000000000000000e+00
2.873999999999999844e+01 0.000000000000000000e+00
2.876000000000000156e+01 0.000000000000000000e+00
2.878000000000000114e+01 0.000000000000000000e+00
2.880000000000000071e+01 0.000000000000000000e+00
2.882000000000000028e+01 0.000000000000000000e+00
2.883999999999999986e+01 0.000000000000000000e+00
2.885999999999999943e+01 0.000000000000000000e+00
2.887999999999999901e+01 0.000000000000000000e+00
2.889999999999999858e+01 0.000000000000000000e+00
2.892000000000000171e+01 0.000000000000000000e+00
2.894000000000000128e+01 0.000000000000000000e+00
2.896000000000000085e+01 0.000000000000000000e+00
2.898000000000000043e+01 0.000000000000000000e+00
2.900000000000000000e+01 0.000000000000000000e+00
2.901999999999999957e+01 0.000000000000000000e+00
2.903999999999999915e+01 0.000000000000000000e+00
2.905999999999999872e+01 0.000000000000000000e+00
2.907999999999999829e+01 0.000000000000000000e+00
2.910000000000000142e+01 0.000000000000000000e+00
2.912000000000000099e+01 0.000000000000000000e+00
2.914000000000000057e+01 0.000000000000000000e+00
2.916000000000000014e+01 0.000000000000000000e+00
2.917999999999999972e+01 0.000000000000000000e+00
2.919999999999999929e+01 0.000000000000000000e+00
2.921999999999999886e+01 0.000000000000000000e+00
2.923999999999999844e+01 0.000000000000000000e+00
2.926000000000000156e+01 0.000000000000000000e+00
2.928000000000000114e+01 0.000000000000000000e+00
2.930000000000000071e+01 0.000000000000000000e+00
2.932000000000000028e+01 0.000000000000000000e+00
2.933999999999999986e+01 0.000000000000000000e+00
2.935999999999999943e+01 0.000000000000000000e+00
2.937999999999999901e+01 0.000000000000000000e+00
2.939999999999999858e+01 0.000000000000000000e+00
2.942000000000000171e+01 0.000000000000000000e+00
2.944000000000000128e+01 0.000000000000000000e+00
2.946000000000000085e+01 0.000000000000000000e+00
2.948000000000000043e+01 0.000000000000000000e+00
2.950000000000000000e+01 0.000000000000000000e+00
2.951999999999999957e+01 0.000000000000000000e+00
2.953999999999999915e+01 0.000000000000000000e+00
2.955999999999999872e+01 0.000000000000000000e+00
2.957999999999999829e+01 0.000000000000000000e+00
2.960000000000000142e+01 0.000000000000000000e+00
2.962000000000000099e+01 0.000000000000000000e+00
2.964000000000000057e+01 0.000000000000000000e+00
2.966000000000000014e+01 0.000000000000000000e+00
2.967999999999999972e+01 0.000000000000000000e+00
2.969999999999999929e+01 0.000000000000000000e+00
2.971999999999999886e+01 0.000000000000000000e+00
2.973999999999999844e+01 0.000000000000000000e+00
2.976000000000000156e+01 0.000000000000000000e+00
2.978000000000000114e+01 0.000000000000000000e+00
2.980000000000000071e+01 0.000000000000000000e+00
2.982000000000000028e+01 0.000000000000000000e+00
2.983999999999999986e+01 0.000000000000000000e+00
2.985999999999999943e+01 0.000000000000000000e+00
2.987999999999999901e+01 0.000000000000000000e+00
2.989999999999999858e+01 0.000000000000000000e+00
2.992000000000000171e+01 0.000000000000000000e+00
2.994000000000000128e+01 0.000000000000000000e+00
2.996000000000000085e+01 0.000000000000000000e+00
2.998000000000000043e+01 0.000000000000000000e+00
3.000000000000000000e+01 0.000000000000000000e+00
3.001999999999999957e+01 0.000000000000000000e+00
3.003999999999999915e+01 0.000000000000000000e+00
3.005999999999999872e+01 0.000000000000000000e+00
3.007999999999999829e+01 0.000000000000000000e+00
3.010000000000000142e+01 0.000000000000000000e+00
3.012000000000000099e+01 0.000000000000000000e+00
3.014000000000000057e+01 0.000000000000000000e+00
3.016000000000000014e+01 0.000000000000000000e+00
3.017999999999999972e+01 0.000000000000000000e+00
3.019999999999999929e+01 0.000000000000000000e+00
3.021999999999999886e+01 0.000000000000000000e+00
3.023999999999999844e+01 0.000000000000000000e+00
3.026000000000000156e+01 0.000000000000000000e+00
3.028000000000000114e+01 0.000000000000000000e+00
3.030000000000000071e+01 0.000000000000000000e+00
3.032000000000000028e+01 0.000000000000000000e+00
3.033999999999999986e+01 0.000000000000000000e+00
3.035999999999999943e+01 0.000000000000000000e+00
3.037999999999999901e+01 0.000000000000000000e+00
3.039999999999999858e+01 0.000000000000000000e+00
3.042000000000000171e+01 0.000000000000000000e+00
3.044000000000000128e+01 0.000000000000000000e+00
3.046000000000000085e+01 0.000000000000000000e+00
3.048000000000000043e+01 0.000000000000000000e+00
3.050000000000000000e+01 0.000000000000000000e+00
3.051999999999999957e+01 0.000000000000000000e+00
3.053999999999999915e+01 0.000000000000000000e+00
3.055999999999999872e+01 0.000000000000000000e+00
3.057999999999999829e+01 0.000000000000000000e+00
3.060000000000000142e+01 0.000000000000000000e+00
3.062000000000000099e+01 0.000000000000000000e+00
3.064000000000000057e+01 0.000000000000000000e+00
3.066000000000000014e+01 0.000000000000000000e+00
3.067999999999999972e+01 0.000000000000000000e+00
3.069999999999999929e+01 0.000000000000000000e+00
3.071999999999999886e+01 0.000000000000000000e+00
3.073999999999999844e+01 0.000000000000000000e+00
3.076000000000000156e+01 0.000000000000000000e+00
3.078000000000000114e+01 0.000000000000000000e+00
3.080000000000000071e+01 0.000000000000000000e+00
3.082000000000000028e+01 0.000000000000000000e+00
3.083999999999999986e+01 0.000000000000000000e+00
3.085999999999999943e+01 0.000000000000000000e+00
3.087999999999999901e+01 0.000000000000000000e+00
3.089999999999999858e+01 0.000000000000000000e+00
3.092000000000000171e+01 0.000000000000000000e+00
3.094000000000000128e+01 0.000000000000000000e+00
3.096000000000000085e+01 0.000000000000000000e+00
3.098000000000000043e+01 0.000000000000000000e+00
3.100000000000000000e+01 0.000000000000000000e+00
3.101999999999999957e+01 0.000000000000000000e+00
3.103999999999999915e+01 0.000000000000000000e+00
3.105999999999999872e+01 0.000000000000000000e+00
3.107999999999999829e+01 0.000000000000000000e+00
3.110000000000000142e+01 0.000000000000000000e+00
3.112000000000000099e+01 0.000000000000000000e+00
3.114000000000000057e+01 0.000000000000000000e+00
3.116000000000000014e+01 0.000000000000000000e+00
3.117999999999999972e+01 0.000000000000000000e+00
3.119999999999999929e+01 0.000000000000000000e+00
3.121999999999999886e+01 0.000000000000000000e+00
3.123999999999999844e+01 0.000000000000000000e+00
3.126000000000000156e+01 0.000000000000000000e+00
3.128000000000000114e+01 0.000000000000000000e+00
3.130000000000000071e+01 0.000000000000000000e+00
3.132000000000000028e+01 0.000000000000000000e+00
3.133999999999999986e+01 0.000000000000000000e+00
3.135999999999999943e+01 0.000000000000000000e+00
3.137999999999999901e+01 0.000000000000000000e+00
3.139999999999999858e+01 0.000000000000000000e+00
3.142000000000000171e+01 0.000000000000000000e+00
3.144000000000000128e+01 0.000000000000000000e+00
3.146000000000000085e+01 0.000000000000000000e+00
3.148000000000000043e+01 0.000000000000000000e+00
3.150000000000000000e+01 0.000000000000000000e+00
3.151999999999999957e+01 0.000000000000000000e+00
3.153999999999999915e+01 0.000000000000000000e+00
3.155999999999999872e+01 0.000000000000000000e+00
3.157999999999999829e+01 0.000000000000000000e+00
3.160000000000000142e+01 0.000000000000000000e+00
3.162000000000000099e+01 0.000000000000000000e+00
3.164000000000000057e+01 0.000000000000000000e+00
3.166000000000000014e+01 0.000000000000000000e+00
3.167999999999999972e+01 0.000000000000000000e+00
3.169999999999999929e+01 0.000000000000000000e+00
3.171999999999999886e+01 0.000000000000000000e+00
3.173999999999999844e+01 0.000000000000000000e+00
3.176000000000000156e+01 0.000000000000000000e+00
3.178000000000000114e+01 0.000000000000000000e+00
3.180000000000000071e+01 0.000000000000000000e+00
3.182000000000000028e+01 0.000000000000000000e+00
3.183999999999999986e+01 0.000000000000000000e+00
3.185999999999999943e+01 0.000000000000000000e+00
3.187999999999999901e+01 0.000000000000000000e+00
3.189999999999999858e+01 0.000000000000000000e+00
3.192000000000000171e+01 0.000000000000000000e+00
3.194000000000000128e+01 0.000000000000000000e+00
3.196000000000000085e+01 0.000000000000000000e+00
3.198000000000000043e+01 0.000000000000000000e+00
3.200000000000000000e+01 0.000000000000000000e+00
3.202000000000000313e+01 0.000000000000000000e+00
3.203999999999999915e+01 0.000000000000000000e+00
3.206000000000000227e+01 0.000000000000000000e+00
3.207999999999999829e+01 0.000000000000000000e+00
3.210000000000000142e+01 0.000000000000000000e+00
3.211999999999999744e+01 0.000000000000000000e+00
3.214000000000000057e+01 0.000000000000000000e+00
3.215999999999999659e+01 0.000000000000000000e+00
3.217999999999999972e+01 0.000000000000000000e+00
3.220000000000000284e+01 0.000000000000000000e+00
3.221999999999999886e+01 0.000000000000000000e+00
3.224000000000000199e+01 0.000000000000000000e+00
3.225999999999999801e+01 0.000000000000000000e+00
3.228000000000000114e+01 0.000000000000000000e+00
3.229999999999999716e+01 0.000000000000000000e+00
3.232000000000000028e+01 0.000000000000000000e+00
3.234000000000000341e+01 0.000000000000000000e+00
3.235999999999999943e+01 0.000000000000000000e+00
3.238000000000000256e+01 0.000000000000000000e+00
3.239999999999999858e+01 0.000000000000000000e+00
3.242000000000000171e+01 0.000000000000000000e+00
3.243999999999999773e+01 0.000000000000000000e+00
3.246000000000000085e+01 0.000000000000000000e+00
3.247999999999999687e+01 0.000000000000000000e+00
3.250000000000000000e+01 0.000000000000000000e+00
3.252000000000000313e+01 0.000000000000000000e+00
3.253999999999999915e+01 0.000000000000000000e+00
3.256000000000000227e+01 0.000000000000000000e+00
3.257999999999999829e+01 0.000000000000000000e+00
3.260000000000000142e+01 0.000000000000000000e+00
3.261999999999999744e+01 0.000000000000000000e+00
3.264000000000000057e+01 0.000000000000000000e+00
3.265999999999999659e+01 0.000000000000000000e+00
3.267999999999999972e+01 0.000000000000000000e+00
3.270000000000000284e+01 0.000000000000000000e+00
3.271999999999999886e+01 0.000000000000000000e+00
3.274000000000000199e+01 0.000000000000000000e+00
3.275999999999999801e+01 0.000000000000000000e+00
3.278000000000000114e+01 0.000000000000000000e+00
3.279999999999999716e+01 0.000000000000000000e+00
3.282000000000000028e+01 0.000000000000000000e+00
3.284000000000000341e+01 0.000000000000000000e+00
3.285999999999999943e+01 0.000000000000000000e+00
3.288000000000000256e+01 0.000000000000000000e+00
3.289999999999999858e+01 0.000000000000000000e+00
3.292000000000000171e+01 0.000000000000000000e+00
3.293999999999999773e+01 0.000000000000000000e+00
3.296000000000000085e+01 0.000000000000000000e+00
3.297999999999999687e+01 0.000000000000000000e+00
3.300000000000000000e+01 0.000000000000000000e+00
3.302000000000000313e+01 0.000000000000000000e+00
3.303999999999999915e+01 0.000000000000000000e+00
3.306000000000000227e+01 0.000000000000000000e+00
3.307999999999999829e+01 0.000000000000000000e+00
3.310000000000000142e+01 0.000000000000000000e+00
3.311999999999999744e+01 0.000000000000000000e+00
3.314000000000000057e+01 0.000000000000000000e+00
3.315999999999999659e+01 0.000000000000000000e+00
3.317999999999999972e+01 0.000000000000000000e+00
3.320000000000000284e+01 0.000000000000000000e+00
3.321999999999999886e+01 0.000000000000000000e+00
3.324000000000000199e+01 0.000000000000000000e+00
3.325999999999999801e+01 0.000000000000000000e+00
3.328000000000000114e+01 0.000000000000000000e+00
3.329999999999999716e+01 0.000000000000000000e+00
3.332000000000000028e+01 0.000000000000000000e+00
3.334000000000000341e+01 0.000000000000000000e+00
3.335999999999999943e+01 0.000000000000000000e+00
3.338000000000000256e+01 0.000000000000000000e+00
3.339999999999999858e+01 0.000000000000000000e+00
3.342000000000000171e+01 0.000000000000000000e+00
3.343999999999999773e+01 0.000000000000000000e+00
3.346000000000000085e+01 0.000000000000000000e+00
3.347999999999999687e+01 0.000000000000000000e+00
3.350000000000000000e+01 0.000000000000000000e+00
3.352000000000000313e+01 0.000000000000000000e+00
3.353999999999999915e+01 0.000000000000000000e+00
3.356000000000000227e+01 0.000000000000000000e+00
3.357999999999999829e+01 0.000000000000000000e+00
3.360000000000000142e+01 0.000000000000000000e+00
3.361999999999999744e+01 0.000000000000000000e+00
3.364000000000000057e+01 0.000000000000000000e+00
3.365999999999999659e+01 0.000000000000000000e+00
3.367999999999999972e+01 0.000000000000000000e+00
3.370000000000000284e+01 0.000000000000000000e+00
3.371999999999999886e+01 0.000000000000000000e+00
3.374000000000000199e+01 0.000000000000000000e+00
3.375999999999999801e+01 0.000000000000000000e+00
3.378000000000000114e+01 0.000000000000000000e+00
3.379999999999999716e+01 0.000000000000000000e+00
3.382000000000000028e+01 0.000000000000000000e+00
3.384000000000000341e+01 0.000000000000000000e+00
3.385999999999999943e+01 0.000000000000000000e+00
3.388000000000000256e+01 0.000000000000000000e+00
3.389999999999999858e+01 0.000000000000000000e+00
3.392000000000000171e+01 0.000000000000000000e+00
3.393999999999999773e+01 0.000000000000000000e+00
3.396000000000000085e+01 0.000000000000000000e+00
3.397999999999999687e+01 0.000000000000000000e+00
3.400000000000000000e+01 0.000000000000000000e+00
3.402000000000000313e+01 0.000000000000000000e+00
3.403999999999999915e+01 0.000000000000000000e+00
3.406000000000000227e+01 0.000000000000000000e+00
3.407999999999999829e+01 0.000000000000000000e+00
3.410000000000000142e+01 0.000000000000000000e+00
3.411999999999999744e+01 0.000000000000000000e+00
3.414000000000000057e+01 0.000000000000000000e+00
3.415999999999999659e+01 0.000000000000000000e+00
3.417999999999999972e+01 0.000000000000000000e+00
3.420000000000000284e+01 0.000000000000000000e+00
3.421999999999999886e+01 0.000000000000000000e+00
3.424000000000000199e+01 0.000000000000000000e+00
3.425999999999999801e+01 0.000000000000000000e+00
3.428000000000000114e+01 0.000000000000000000e+00
3.429999999999999716e+01 0.000000000000000000e+00
3.432000000000000028e+01 0.000000000000000000e+00
3.434000000000000341e+01 0.000000000000000000e+00
3.435999999999999943e+01 0.000000000000000000e+00
3.438000000000000256e+01 0.000000000000000000e+00
3.439999999999999858e+01 0.000000000000000000e+00
3.442000000000000171e+01 0.000000000000000000e+00
3.443999999999999773e+01 0.000000000000000000e+00
3.446000000000000085e+01 0.000000000000000000e+00
3.447999999999999687e+01 0.000000000000000000e+00
3.450000000000000000e+01 0.000000000000000000e+00
3.452000000000000313e+01 0.000000000000000000e+00
3.453999999999999915e+01 0.000000000000000000e+00
3.456000000000000227e+01 0.000000000000000000e+00
3.457999999999999829e+01 0.000000000000000000e+00
3.460000000000000142e+01 0.000000000000000000e+00
3.461999999999999744e+01 0.000000000000000000e+00
3.464000000000000057e+01 0.000000000000000000e+00
3.465999999999999659e+01 0.000000000000000000e+00
3.467999999999999972e+01 0.000000000000000000e+00
3.470000000000000284e+01 0.000000000000000000e+00
3.471999999999999886e+01 0.000000000000000000e+00
3.474000000000000199e+01 0.000000000000000000e+00
3.475999999999999801e+01 0.000000000000000000e+00
3.478000000000000114e+01 0.000000000000000000e+00
3.479999999999999716e+01 0.000000000000000000e+00
3.482000000000000028e+01 0.000000000000000000e+00
3.484000000000000341e+01 0.000000000000000000e+00
3.485999999999999943e+01 0.000000000000000000e+00
3.488000000000000256e+01 0.000000000000000000e+00
3.489999999999999858e+01 0.000000000000000000e+00
3.492000000000000171e+01 0.000000000000000000e+00
3.493999999999999773e+01 0.000000000000000000e+00
3.496000000000000085e+01 0.000000000000000000e+00
3.497999999999999687e+01 0.000000000000000000e+00
