5.000000000000000000e+00 1.152900277529197437e-01
5.017762045545318905e+00 1.222919924440465517e-01
5.035524091090636922e+00 1.293466337094810459e-01
5.053286136635955828e+00 1.364540788113475789e-01
5.071048182181273845e+00 1.411530942544216016e-01
5.088810227726592750e+00 1.456318781867550760e-01
5.106572273271910767e+00 1.501538423465029748e-01
5.124334318817229672e+00 1.547095578312496778e-01
5.142096364362547689e+00 1.592982411275493948e-01
5.159858409907866594e+00 1.639206521419701856e-01
5.177620455453184611e+00 1.715165135454855549e-01
5.195382500998503517e+00 1.800668062305465777e-01
5.213144546543821534e+00 1.885015623221422409e-01
5.230906592089140439e+00 1.967864111761576107e-01
5.248668637634458456e+00 2.041896971049555753e-01
5.266430683179777361e+00 2.089917050844127822e-01
5.284192728725095378e+00 2.138267641508090344e-01
5.301954774270414283e+00 2.182667406202039584e-01
5.319716819815733189e+00 2.212329160589753263e-01
5.337478865361051206e+00 2.242169955077123189e-01
5.355240910906370111e+00 2.272170097265782673e-01
5.373002956451688128e+00 2.302227908609476847e-01
5.390765001997007033e+00 2.339658828640480970e-01
5.408527047542325050e+00 2.382002857643455707e-01
5.426289093087643955e+00 2.417068066222158029e-01
5.444051138632961973e+00 2.438589277495086249e-01
5.461813184178280878e+00 2.459897872644131178e-01
5.479575229723598895e+00 2.475664980036439700e-01
5.497337275268917800e+00 2.539706669281784346e-01
5.515099320814235817e+00 2.564432365914320888e-01
5.532861366359554722e+00 2.582045755994167857e-01
5.550623411904872739e+00 2.599727141078090331e-01
5.568385457450191645e+00 2.613917463334617941e-01
5.586147502995510550e+00 2.627850078865587302e-01
5.603909548540828567e+00 2.641811074499501588e-01
5.621671594086147472e+00 2.655779077125799414e-01
5.639433639631465489e+00 2.669783816266538823e-01
5.657195685176784394e+00 2.683878419131919824e-01
5.674957730722102411e+00 2.695363817416449592e-01
5.692719776267421317e+00 2.706096240390035712e-01
5.710481821812739334e+00 2.716877977824429524e-01
5.728243867358058239e+00 2.727693955394023817e-01
5.746005912903376256e+00 2.738519876232505812e-01
5.763767958448695161e+00 2.749358112197572424e-01
5.781530003994013178e+00 2.760206662984919235e-01
5.799292049539332083e+00 2.771066842341522451e-01
5.817054095084650100e+00 2.783335516583773650e-01
5.834816140629969006e+00 2.797080548610343942e-01
5.852578186175287911e+00 2.810876033086491810e-01
5.870340231720605928e+00 2.824773926803402779e-01
5.888102277265923945e+00 2.838707821758822969e-01
5.905864322811242850e+00 2.852673218172409042e-01
5.923626368356561755e+00 2.866659514571700540e-01
5.941388413901879773e+00 2.880657490886988636e-01
5.959150459447198678e+00 2.894417951397265654e-01
5.976912504992516695e+00 2.907978055913157389e-01
5.994674550537835600e+00 2.921556284113694946e-01
6.012436596083153617e+00 2.934244329944765695e-01
6.030198641628472522e+00 2.945855543478443916e-01
6.047960687173790539e+00 2.956164900405992557e-01
6.065722732719109445e+00 2.966414256809701833e-01
6.083484778264427462e+00 2.976663352026734932e-01
6.101246823809746367e+00 2.986927468515019335e-01
6.119008869355065272e+00 2.997229839705177201e-01
6.136770914900383289e+00 3.007546350330165263e-01
6.154532960445701306e+00 3.017829211078272289e-01
6.172295005991020211e+00 3.027987472099620270e-01
6.190057051536339117e+00 3.038157919753598502e-01
6.207819097081657134e+00 3.048355070340086348e-01
6.225581142626976039e+00 3.058584783097450521e-01
6.243343188172294056e+00 3.068829691969192641e-01
6.261105233717612961e+00 3.078967837559107856e-01
6.278867279262930978e+00 3.089019553910986038e-01
6.296629324808249883e+00 3.099072900471467884e-01
6.314391370353567901e+00 3.109313732071298797e-01
6.332153415898886806e+00 3.119608516944739618e-01
6.349915461444204823e+00 3.130308419926461916e-01
6.367677506989523728e+00 3.141348813972787979e-01
6.385439552534842633e+00 3.152405118977485987e-01
6.403201598080160650e+00 3.163494750836396974e-01
6.420963643625478667e+00 3.174674532401243199e-01
6.438725689170797573e+00 3.185867794999367453e-01
6.456487734716116478e+00 3.197083676713221023e-01
6.474249780261434495e+00 3.208337714668664797e-01
6.492011825806752512e+00 3.219610990432729691e-01
6.509773871352071417e+00 3.224771680310349331e-01
6.527535916897390322e+00 3.224414453731777597e-01
6.545297962442708339e+00 3.223947833726839018e-01
6.563060007988027245e+00 3.223593209282006322e-01
6.580822053533345262e+00 3.223362914116740807e-01
6.598584099078664167e+00 3.223132378341179161e-01
6.616346144623982184e+00 3.222843182486434532e-01
6.634108190169301089e+00 3.222544284819902072e-01
6.651870235714619994e+00 3.222230782267602178e-01
6.669632281259938011e+00 3.221771844568096510e-01
6.687394326805256028e+00 3.221310179814689811e-01
6.705156372350574934e+00 3.220927126787995198e-01
6.722918417895893839e+00 3.220735542774552651e-01
6.740680463441211856e+00 3.220539263674108699e-01
6.758442508986529873e+00 3.220303927594457827e-01
6.776204554531848778e+00 3.220014533582449268e-01
6.793966600077167683e+00 3.219724419246547398e-01
6.811728645622485701e+00 3.219563140098903875e-01
6.829490691167804606e+00 3.219456071584880785e-01
6.847252736713122623e+00 3.219262673733490066e-01
6.865014782258441528e+00 3.218878010587055694e-01
6.882776827803759545e+00 3.218483276487494882e-01
6.900538873349078450e+00 3.218090085356894448e-01
6.918300918894397356e+00 3.217760883723072007e-01
6.936062964439715373e+00 3.217431178276699000e-01
6.953825009985033390e+00 3.217111514057043320e-01
6.971587055530352295e+00 3.216826110725795607e-01
6.989349101075671200e+00 3.216538237775918851e-01
7.007111146620989217e+00 3.217206656341910498e-01
7.024873192166307234e+00 3.219310122915812755e-01
7.042635237711626139e+00 3.221418462477136369e-01
7.060397283256945045e+00 3.223464693212574339e-01
7.078159328802263062e+00 3.225472460268152264e-01
7.095921374347581079e+00 3.227475926653216032e-01
7.113683419892899984e+00 3.229531227614128031e-01
7.131445465438218889e+00 3.231667630182061823e-01
7.149207510983536906e+00 3.233881317458405791e-01
7.166969556528855811e+00 3.236179903214669862e-01
7.184731602074174717e+00 3.238481579803993982e-01
7.202493647619492734e+00 3.240798698727819782e-01
7.220255693164810751e+00 3.243205660899929343e-01
7.238017738710129656e+00 3.245277093397085921e-01
7.255779784255448561e+00 3.247238636381866161e-01
7.273541829800766578e+00 3.249216292326436162e-01
7.291303875346084595e+00 3.251198034420623717e-01
7.309065920891403501e+00 3.253317507125531027e-01
7.326827966436722406e+00 3.255567331305197487e-01
7.344590011982040423e+00 3.257817896429623383e-01
7.362352057527358440e+00 3.260107680002667929e-01
7.380114103072677345e+00 3.262419643622548326e-01
7.397876148617996250e+00 3.264732397023955568e-01
7.415638194163314267e+00 3.267176586546280403e-01
7.433400239708633173e+00 3.269452779278009258e-01
7.451162285253952078e+00 3.271674673203695538e-01
7.468924330799270095e+00 3.273978544979842531e-01
7.486686376344588112e+00 3.276285344019234658e-01
7.504448421889907017e+00 3.280645575212934872e-01
7.522210467435225922e+00 3.291143925154057515e-01
7.539972512980543939e+00 3.301657988491079054e-01
7.557734558525861956e+00 3.312256170883614015e-01
7.575496604071180862e+00 3.322952664708815895e-01
7.593258649616499767e+00 3.333669256277395077e-01
7.611020695161817784e+00 3.344458209243190150e-01
7.628782740707135801e+00 3.355294651823976237e-01
7.646544786252454706e+00 3.366147489296594242e-01
7.664306831797773611e+00 3.376956360586408357e-01
7.682068877343091629e+00 3.387625447831479342e-01
7.699830922888410534e+00 3.397652526091067271e-01
7.717592968433729439e+00 3.407654481578863415e-01
7.735355013979047456e+00 3.417633354289669745e-01
7.753117059524365473e+00 3.427551874106560814e-01
7.770879105069684378e+00 3.437259468910862648e-01
7.788641150615003284e+00 3.446974451104189985e-01
7.806403196160321301e+00 3.456598307865298425e-01
7.824165241705639318e+00 3.466056864948169891e-01
7.841927287250958223e+00 3.475523548760098280e-01
7.859689332796277128e+00 3.484910571675341462e-01
7.877451378341595145e+00 3.494237342491832155e-01
7.895213423886913162e+00 3.503572066942569618e-01
7.912975469432232067e+00 3.512587266315021495e-01
7.930737514977550973e+00 3.521487679802422499e-01
7.948499560522868990e+00 3.530393807960961472e-01
7.966261606068187007e+00 3.539273756501344348e-01
7.984023651613505912e+00 3.548155018999195054e-01
8.001785697158824817e+00 3.556368297495020592e-01
8.019547742704142834e+00 3.558601685123983782e-01
8.037309788249462628e+00 3.561008404489345303e-01
8.055071833794780645e+00 3.563421163879318398e-01
8.072833879340098662e+00 3.565880968321751276e-01
8.090595924885416679e+00 3.568746751142909956e-01
8.108357970430734696e+00 3.571706753330836648e-01
8.126120015976054489e+00 3.574772676316844700e-01
8.143882061521372506e+00 3.577842012460988319e-01
8.161644107066690523e+00 3.581183924724050671e-01
8.179406152612010317e+00 3.584666659917811748e-01
8.197168198157328334e+00 3.588159551966267347e-01
8.214930243702646351e+00 3.591841550059896027e-01
8.232692289247964368e+00 3.595563171217595611e-01
8.250454334793282385e+00 3.599294901600212371e-01
8.268216380338602178e+00 3.603367066047166722e-01
8.285978425883920195e+00 3.607445642155099330e-01
8.303740471429239989e+00 3.611454421535219561e-01
8.321502516974558006e+00 3.615189032739032915e-01
8.339264562519876023e+00 3.618800152409409887e-01
8.357026608065194040e+00 3.622429011958738232e-01
8.374788653610512057e+00 3.626076903412187025e-01
8.392550699155831850e+00 3.629729009148491836e-01
8.410312744701149867e+00 3.633313629034718439e-01
8.428074790246467884e+00 3.637074666639976694e-01
8.445836835791787678e+00 3.640839939988568807e-01
8.463598881337105695e+00 3.644705128162692986e-01
8.481360926882423712e+00 3.648595876389920667e-01
8.499122972427741729e+00 3.652497785851138712e-01
8.516885017973059746e+00 3.653186404921838770e-01
8.534647063518379539e+00 3.653703461414519738e-01
8.552409109063697557e+00 3.654237140816838925e-01
8.570171154609017350e+00 3.654859649411306144e-01
8.587933200154335367e+00 3.655519930955297148e-01
8.605695245699653384e+00 3.656295760565939079e-01
8.623457291244971401e+00 3.657217269507159751e-01
8.641219336790289418e+00 3.658138806563006606e-01
8.658981382335609212e+00 3.659085559508948315e-01
8.676743427880927229e+00 3.660062290005119401e-01
8.694505473426245246e+00 3.661034787833661319e-01
8.712267518971565039e+00 3.661861530215256288e-01
8.730029564516883056e+00 3.662623414174673853e-01
8.747791610062201073e+00 3.663385264753258874e-01
8.765553655607519090e+00 3.664350949490309817e-01
8.783315701152837107e+00 3.665346680662013301e-01
8.801077746698156901e+00 3.666343761611680629e-01
8.818839792243474918e+00 3.667289972288596545e-01
8.836601837788794711e+00 3.668241487240400667e-01
8.854363883334112728e+00 3.669222997667090924e-01
8.872125928879430745e+00 3.670295435727383149e-01
8.889887974424748762e+00 3.671151382740140967e-01
8.907650019970066779e+00 3.671715239713224110e-01
8.925412065515386573e+00 3.672027866862233592e-01
8.943174111060704590e+00 3.672337580950842395e-01
8.960936156606022607e+00 3.672497484928614608e-01
8.978698202151342400e+00 3.672560962798155360e-01
8.996460247696660417e+00 3.672619173037025564e-01
9.014222293241978434e+00 3.669065715078201340e-01
9.031984338787296451e+00 3.664610467784134018e-01
9.049746384332614468e+00 3.660151188454438542e-01
9.067508429877934262e+00 3.655478730743193516e-01
9.085270475423252279e+00 3.650802903020725632e-01
9.103032520968572072e+00 3.646094263167697913e-01
9.120794566513890089e+00 3.641240402190118464e-01
9.138556612059208106e+00 3.636388298888583170e-01
9.156318657604526123e+00 3.631450420920736555e-01
9.174080703149844140e+00 3.626347241553988243e-01
9.191842748695162157e+00 3.621285303861999094e-01
9.209604794240481951e+00 3.616298875245075317e-01
9.227366839785799968e+00 3.611359522202950978e-01
9.245128885331119761e+00 3.606420981542293736e-01
9.262890930876437778e+00 3.601866362134006905e-01
9.280652976421755795e+00 3.597454316299404931e-01
9.298415021967073812e+00 3.592603146694204330e-01
9.316177067512391829e+00 3.587777033068358934e-01
9.333939113057711623e+00 3.582988726605409457e-01
9.351701158603029640e+00 3.578211583084220937e-01
9.369463204148349433e+00 3.573565519207809738e-01
9.387225249693667450e+00 3.568918999335931597e-01
9.404987295238985467e+00 3.564426741055156111e-01
9.422749340784303484e+00 3.560333449065856137e-01
9.440511386329621502e+00 3.556235798074481314e-01
9.458273431874939519e+00 3.552256046144871005e-01
9.476035477420259312e+00 3.548405906232485751e-01
9.493797522965577329e+00 3.544337184678461039e-01
9.511559568510897122e+00 3.545086041213523220e-01
9.529321614056215139e+00 3.548456223206032378e-01
9.547083659601533157e+00 3.551828780140808273e-01
9.564845705146851174e+00 3.555419898835772141e-01
9.582607750692169191e+00 3.559057834484372629e-01
9.600369796237488984e+00 3.562692534988037840e-01
9.618131841782807001e+00 3.565306528727957280e-01
9.635893887328126795e+00 3.565787105154804015e-01
9.653655932873444812e+00 3.566277907972643102e-01
9.671417978418762829e+00 3.566832830787926012e-01
9.689180023964080846e+00 3.567385217013419041e-01
9.706942069509398863e+00 3.567979997399883252e-01
9.724704115054716880e+00 3.568640763311952124e-01
9.742466160600036673e+00 3.569294815392364817e-01
9.760228206145354690e+00 3.569863980775598855e-01
9.777990251690674484e+00 3.570365130343398086e-01
9.795752297235992501e+00 3.570863739814145732e-01
9.813514342781310518e+00 3.571129726463020959e-01
9.831276388326628535e+00 3.571313800148324669e-01
9.849038433871946552e+00 3.570297987878198742e-01
9.866800479417266345e+00 3.568185352814559064e-01
9.884562524962584362e+00 3.566054304426161670e-01
9.902324570507904156e+00 3.563890404142741053e-01
9.920086616053222173e+00 3.561575974747852036e-01
9.937848661598540190e+00 3.559249805384329668e-01
9.955610707143858207e+00 3.556846649700854401e-01
9.973372752689176224e+00 3.554294794523891188e-01
9.991134798234494241e+00 3.551736281190301936e-01
1.000889684377981403e+01 3.546149826329119681e-01
1.002665888932513205e+01 3.534060080360986733e-01
1.004442093487045184e+01 3.517369506404178225e-01
1.006218298041576986e+01 3.500671765116595835e-01
1.007994502596108788e+01 3.483857409593422716e-01
1.009770707150640590e+01 3.467021817417934026e-01
1.011546911705172391e+01 3.450098356827333568e-01
1.013323116259704371e+01 3.433181709139273008e-01
1.015099320814236172e+01 3.416284928803570153e-01
1.016875525368768152e+01 3.399409312207539169e-01
1.018651729923299953e+01 3.382273930372798887e-01
1.020427934477831755e+01 3.364304094262810518e-01
1.022204139032363557e+01 3.346267606086744117e-01
1.023980343586895358e+01 3.328252849174954675e-01
1.025756548141427160e+01 3.310264453685798913e-01
1.027532752695959140e+01 3.292297981901973758e-01
1.029308957250490941e+01 3.274360975911707605e-01
1.031085161805022921e+01 3.256502247444686415e-01
1.032861366359554722e+01 3.238703793086418758e-01
1.034637570914086524e+01 3.220965939240951759e-01
1.036413775468618326e+01 3.203354381350808633e-01
1.038189980023150127e+01 3.185908249834363271e-01
1.039966184577682107e+01 3.168480466196543777e-01
1.041742389132213908e+01 3.150051112683174281e-01
1.043518593686745888e+01 3.128553288730034354e-01
1.045294798241277689e+01 3.107083882422094212e-01
1.047071002795809491e+01 3.085643610890538291e-01
1.048847207350341293e+01 3.064230170412865495e-01
1.050623411904873095e+01 3.042651410729241279e-01
1.052399616459404896e+01 3.020750413020079073e-01
1.054175821013936876e+01 2.994770350585077567e-01
1.055952025568468677e+01 2.962146209695374344e-01
1.057728230123000657e+01 2.929574165890781456e-01
1.059504434677532458e+01 2.897054809952994692e-01
1.061280639232064260e+01 2.864595579236872136e-01
1.063056843786596062e+01 2.839707196673090794e-01
1.064833048341127864e+01 2.815916562749212204e-01
1.066609252895659665e+01 2.792095355836720083e-01
1.068385457450191645e+01 2.768173767261005169e-01
1.070161662004723624e+01 2.744253068793258143e-01
1.071937866559255426e+01 2.720361022205007862e-01
1.073714071113787227e+01 2.696509308224407930e-01
1.075490275668319029e+01 2.672701996907432265e-01
1.077266480222850831e+01 2.648936215419049889e-01
1.079042684777382632e+01 2.625262148916659433e-01
1.080818889331914612e+01 2.603653986223191108e-01
1.082595093886446413e+01 2.582154462917541360e-01
1.084371298440978393e+01 2.560689500598779533e-01
1.086147502995510195e+01 2.539259861541792729e-01
1.087923707550041996e+01 2.517872204527898394e-01
1.089699912104573798e+01 2.496515054581365523e-01
1.091476116659105600e+01 2.475186036293412495e-01
1.093252321213637401e+01 2.453890756625260461e-01
1.095028525768169381e+01 2.432605574175002727e-01
1.096804730322701182e+01 2.411297247591654147e-01
1.098580934877233162e+01 2.389976797085096027e-01
1.100357139431764963e+01 2.369410965204299113e-01
1.102133343986296765e+01 2.349937520098648314e-01
1.103909548540828567e+01 2.330492109931100175e-01
1.105685753095360369e+01 2.311074736751423109e-01
1.107461957649892348e+01 2.291682331023503771e-01
1.109238162204424150e+01 2.272319939595141003e-01
1.111014366758956129e+01 2.253056089853209820e-01
1.112790571313487931e+01 2.234573082792606358e-01
1.114566775868019732e+01 2.221967005819986962e-01
1.116342980422551534e+01 2.209378832733130682e-01
1.118119184977083336e+01 2.196803887422217605e-01
1.119895389531615137e+01 2.184245103506571584e-01
1.121671594086147117e+01 2.171658028458668677e-01
1.123447798640678919e+01 2.159087759099045378e-01
1.125224003195210898e+01 2.146605269476381805e-01
1.127000207749742700e+01 2.134182228847220919e-01
1.128776412304274501e+01 2.121783881932296778e-01
1.130552616858806303e+01 2.109137156571294081e-01
1.132328821413338105e+01 2.095461697759730957e-01
1.134105025967870084e+01 2.081803782839687644e-01
1.135881230522401886e+01 2.068160409500016117e-01
1.137657435076933865e+01 2.054534827626735005e-01
1.139433639631465667e+01 2.040927039742849447e-01
1.141209844185997468e+01 2.027378584660521899e-01
1.142986048740529270e+01 2.013864829997135120e-01
1.144762253295061072e+01 2.000366604701448725e-01
1.146538457849592874e+01 1.986884406017042359e-01
1.148314662404124853e+01 1.973417547267010408e-01
1.150090866958656655e+01 1.960034831985632275e-01
1.151867071513188634e+01 1.947855598676280775e-01
1.153643276067720436e+01 1.935196040883077895e-01
1.155419480622252237e+01 1.920540724058549809e-01
1.157195685176784039e+01 1.905888234180208307e-01
1.158971889731315841e+01 1.891237926034690653e-01
1.160748094285847820e+01 1.876619270937655015e-01
1.162524298840379622e+01 1.862042526399038389e-01
1.164300503394911601e+01 1.847466350833885940e-01
1.166076707949443403e+01 1.832888873509185002e-01
1.167852912503975205e+01 1.818315421718940395e-01
1.169629117058507006e+01 1.802212323596056875e-01
1.171405321613038808e+01 1.785787978598155079e-01
1.173181526167570610e+01 1.769348557800436150e-01
1.174957730722102589e+01 1.752913049229700981e-01
1.176733935276634391e+01 1.736479266563355772e-01
1.178510139831166370e+01 1.720047568210939237e-01
1.180286344385698172e+01 1.703617552652321732e-01
1.182062548940229973e+01 1.687169299930664224e-01
1.183838753494761775e+01 1.670609184809329906e-01
1.185614958049293577e+01 1.654047206783934854e-01
1.187391162603825556e+01 1.637246468332579641e-01
1.189167367158357358e+01 1.619208329959035964e-01
1.190943571712889337e+01 1.601170517890486145e-01
1.192719776267421139e+01 1.583132866290537510e-01
1.194495980821952941e+01 1.565100276954216052e-01
1.196272185376484742e+01 1.547074334278341068e-01
1.198048389931016544e+01 1.529055037897900649e-01
1.199824594485548346e+01 1.511042387447880386e-01
1.201600799040080325e+01 1.493790975327821402e-01
1.203377003594612127e+01 1.476611913013034794e-01
1.205153208149144106e+01 1.459418553497355553e-01
1.206929412703675908e+01 1.442212365563457221e-01
1.208705617258207710e+01 1.424994053928900217e-01
1.210481821812739511e+01 1.407777346111875327e-01
1.212258026367271313e+01 1.390583474046733492e-01
1.214034230921803292e+01 1.373356797823590547e-01
1.215810435476335094e+01 1.359810646819147595e-01
1.217586640030867073e+01 1.346397578097834891e-01
1.219362844585398875e+01 1.332974220841848523e-01
1.221139049139930677e+01 1.319542166780151293e-01
1.222915253694462479e+01 1.306100670384495177e-01
1.224691458248994280e+01 1.292648829622738416e-01
1.226467662803526082e+01 1.279187201021564912e-01
1.228243867358058061e+01 1.265716469625996210e-01
1.230020071912589863e+01 1.252232955103218803e-01
1.231796276467121842e+01 1.238686711268243146e-01
1.233572481021653644e+01 1.225133072147743946e-01
1.235348685576185446e+01 1.211568908610500123e-01
1.237124890130717247e+01 1.193594939415798806e-01
1.238901094685249049e+01 1.173627865172286733e-01
1.240677299239781028e+01 1.153669312135986447e-01
1.242453503794312830e+01 1.133747368664760891e-01
1.244229708348844810e+01 1.113855325171316524e-01
1.246005912903376611e+01 1.093950292859132561e-01
1.247782117457908413e+01 1.078468895106693692e-01
1.249558322012440215e+01 1.064685152896316100e-01
1.251334526566972016e+01 1.049903248346688855e-01
1.253110731121503818e+01 1.034812597627206704e-01
1.254886935676035797e+01 1.019743445341008137e-01
1.256663140230567599e+01 1.004697098516977027e-01
1.258439344785099578e+01 9.896744004565055652e-02
1.260215549339631380e+01 9.746717649456716759e-02
1.261991753894163182e+01 9.596798739696105196e-02
1.263767958448694984e+01 9.447099158183143441e-02
1.265544163003226785e+01 9.297634946650278065e-02
1.267320367557758765e+01 9.148406204450733326e-02
1.269096572112290566e+01 8.999412956990048007e-02
1.270872776666822546e+01 8.850709478841708999e-02
1.272648981221354347e+01 8.702300214349609209e-02
1.274425185775886149e+01 8.554124845024817236e-02
1.276201390330417951e+01 8.406161327245467718e-02
1.277977594884949752e+01 8.258442386306619198e-02
1.279753799439481554e+01 8.110941984699861218e-02
1.281530003994013533e+01 7.963481449406097090e-02
1.283306208548545335e+01 7.816230135442391036e-02
1.285082413103077315e+01 7.669211751553983714e-02
1.286858617657609116e+01 7.522429508373856821e-02
1.288634822212140918e+01 7.375888541748744365e-02
1.290411026766672720e+01 7.229554897562159854e-02
1.292187231321204521e+01 7.083352146221444379e-02
1.293963435875736323e+01 6.937386227985353759e-02
1.295739640430268302e+01 6.818671355995156724e-02
1.297515844984800282e+01 6.719270604476175468e-02
1.299292049539332083e+01 6.620027545065400310e-02
1.301068254093863885e+01 6.519328169321365885e-02
1.302844458648395687e+01 6.417777639245156318e-02
1.304620663202927489e+01 6.316464059944756904e-02
1.306396867757459468e+01 6.215393250586994517e-02
1.308173072311991270e+01 6.114565241910845106e-02
1.309949276866523071e+01 6.013980064655254781e-02
1.311725481421054873e+01 5.913542908679679522e-02
1.313501685975586852e+01 5.813349094233965370e-02
1.315277890530118654e+01 5.713401477907167902e-02
1.317054095084650456e+01 5.613700079312045066e-02
1.318830299639182257e+01 5.514240495482804205e-02
1.320606504193714237e+01 5.415017345502590174e-02
1.322382708748246039e+01 5.316029521390577828e-02
1.324158913302777840e+01 5.234716773906721715e-02
1.325935117857309820e+01 5.157391031279112692e-02
1.327711322411841621e+01 5.080246898458761623e-02
1.329487526966373423e+01 5.003408739594409488e-02
1.331263731520905225e+01 4.926986874014867290e-02
1.333039936075437204e+01 4.850823013416760698e-02
1.334816140629969006e+01 4.774837416191337475e-02
1.336592345184500807e+01 4.699031424040029520e-02
1.338368549739032609e+01 4.623396291330316571e-02
1.340144754293564588e+01 4.547923690231331362e-02
1.341920958848096390e+01 4.472526450992760083e-02
1.343697163402628192e+01 4.397318749287245504e-02
1.345473367957159994e+01 4.322280807665008356e-02
1.347249572511691973e+01 4.246423416038120485e-02
1.349025777066223775e+01 4.164612312312367809e-02
1.350801981620755576e+01 4.089521625107739311e-02
1.352578186175287556e+01 4.022164176529737650e-02
1.354354390729819357e+01 3.954469323583475332e-02
1.356130595284351159e+01 3.886438109586237699e-02
1.357906799838882961e+01 3.818081852475112281e-02
1.359683004393414940e+01 3.749381629371533603e-02
1.361459208947946742e+01 3.680458702265234500e-02
1.363235413502478544e+01 3.611223566881505836e-02
1.365011618057010345e+01 3.541648098465103450e-02
1.366787822611542325e+01 3.471730316638736713e-02
1.368564027166074126e+01 3.401472036171773738e-02
1.370340231720605928e+01 3.330891274123410489e-02
1.372116436275137730e+01 3.260033629035598984e-02
1.373892640829669709e+01 3.188829639146050637e-02
1.375668845384201511e+01 3.117279239205541022e-02
1.377445049938733312e+01 3.045386572238445097e-02
1.379221254493265114e+01 2.973151551767003534e-02
1.380997459047797093e+01 2.900533664117873126e-02
1.382773663602328895e+01 2.827544126490475623e-02
1.384549868156860697e+01 2.754214646489765161e-02
1.386326072711392676e+01 2.680543175945335893e-02
