9.910000000000000142e+00 1.914059999999999980e-03
9.929800000000000182e+00 1.914059999999999980e-03
9.949600000000000222e+00 1.914059999999999980e-03
9.969390000000000640e+00 1.914059999999999980e-03
9.989190000000000680e+00 1.914059999999999980e-03
1.000900000000000034e+01 1.914059999999999980e-03
1.002880000000000038e+01 1.914059999999999980e-03
1.004860000000000042e+01 1.914059999999999980e-03
1.006840000000000046e+01 1.914059999999999980e-03
1.008820000000000050e+01 1.914059999999999980e-03
1.010800000000000054e+01 1.914059999999999980e-03
1.012780000000000058e+01 1.914059999999999980e-03
1.014760000000000062e+01 1.914059999999999980e-03
1.016740000000000066e+01 1.914059999999999980e-03
1.018720000000000070e+01 1.914059999999999980e-03
1.020700000000000074e+01 1.914059999999999980e-03
1.022680000000000078e+01 1.914059999999999980e-03
1.024660000000000082e+01 1.914059999999999980e-03
1.026640000000000086e+01 1.914059999999999980e-03
1.028619999999999912e+01 1.914059999999999980e-03
1.030599999999999916e+01 1.914059999999999980e-03
1.032579999999999920e+01 1.914059999999999980e-03
1.034559999999999924e+01 1.914059999999999980e-03
1.036539999999999928e+01 1.914059999999999980e-03
1.038519999999999932e+01 1.914059999999999980e-03
1.040489999999999959e+01 1.914059999999999980e-03
1.042469999999999963e+01 1.914059999999999980e-03
1.044449999999999967e+01 1.914059999999999980e-03
1.046429999999999971e+01 1.914059999999999980e-03
1.048409999999999975e+01 1.914059999999999980e-03
1.050389999999999979e+01 1.914059999999999980e-03
1.052369999999999983e+01 1.914059999999999980e-03
1.054349999999999987e+01 1.914059999999999980e-03
1.056329999999999991e+01 1.914059999999999980e-03
1.058309999999999995e+01 1.914059999999999980e-03
1.060289999999999999e+01 1.914059999999999980e-03
1.062270000000000003e+01 1.914059999999999980e-03
1.064250000000000007e+01 1.914059999999999980e-03
1.066230000000000011e+01 1.914059999999999980e-03
1.068210000000000015e+01 1.914059999999999980e-03
1.070190000000000019e+01 1.914059999999999980e-03
1.072170000000000023e+01 1.914059999999999980e-03
1.074150000000000027e+01 1.914059999999999980e-03
1.076130000000000031e+01 1.914059999999999980e-03
1.078110000000000035e+01 1.914059999999999980e-03
1.080090000000000039e+01 1.914059999999999980e-03
1.082070000000000043e+01 1.914059999999999980e-03
1.084050000000000047e+01 1.914059999999999980e-03
1.086030000000000051e+01 1.914059999999999980e-03
1.088010000000000055e+01 1.914059999999999980e-03
1.089990000000000059e+01 1.914059999999999980e-03
1.091970000000000063e+01 1.914059999999999980e-03
1.093950000000000067e+01 1.914059999999999980e-03
1.095930000000000071e+01 1.914059999999999980e-03
1.097910000000000075e+01 1.914059999999999980e-03
1.099890000000000079e+01 1.914059999999999980e-03
1.101870000000000083e+01 1.914059999999999980e-03
1.103850000000000087e+01 1.914059999999999980e-03
1.105829999999999913e+01 1.914059999999999980e-03
1.107809999999999917e+01 1.914059999999999980e-03
1.109789999999999921e+01 1.914059999999999980e-03
1.111769999999999925e+01 1.914059999999999980e-03
1.113749999999999929e+01 1.914059999999999980e-03
1.115729999999999933e+01 1.914059999999999980e-03
1.117709999999999937e+01 1.914059999999999980e-03
1.119689999999999941e+01 1.914059999999999980e-03
1.121669999999999945e+01 1.914059999999999980e-03
1.123649999999999949e+01 1.914059999999999980e-03
1.125629999999999953e+01 1.914059999999999980e-03
1.127609999999999957e+01 1.914059999999999980e-03
1.129589999999999961e+01 1.914059999999999980e-03
1.131569999999999965e+01 1.914059999999999980e-03
1.133549999999999969e+01 1.914059999999999980e-03
1.135529999999999973e+01 1.914059999999999980e-03
1.137509999999999977e+01 1.914059999999999980e-03
1.139480000000000004e+01 1.914059999999999980e-03
1.141460000000000008e+01 1.914059999999999980e-03
1.143440000000000012e+01 1.914059999999999980e-03
1.145420000000000016e+01 1.914059999999999980e-03
1.147400000000000020e+01 1.914059999999999980e-03
1.149380000000000024e+01 1.914059999999999980e-03
1.151360000000000028e+01 1.914059999999999980e-03
1.153340000000000032e+01 1.914059999999999980e-03
1.155320000000000036e+01 1.914059999999999980e-03
1.157300000000000040e+01 1.914059999999999980e-03
1.159280000000000044e+01 1.914059999999999980e-03
1.161260000000000048e+01 1.914059999999999980e-03
1.163240000000000052e+01 1.914059999999999980e-03
1.165220000000000056e+01 1.914059999999999980e-03
1.167200000000000060e+01 1.914059999999999980e-03
1.169180000000000064e+01 1.914059999999999980e-03
1.171160000000000068e+01 1.914059999999999980e-03
1.173140000000000072e+01 1.914059999999999980e-03
1.175120000000000076e+01 1.914059999999999980e-03
1.177100000000000080e+01 1.914059999999999980e-03
1.179080000000000084e+01 1.914059999999999980e-03
1.181060000000000088e+01 1.914059999999999980e-03
1.183039999999999914e+01 1.914059999999999980e-03
1.185019999999999918e+01 1.914059999999999980e-03
1.186999999999999922e+01 1.914059999999999980e-03
