4.019999999999999574e+00 0.000000000000000000e+00
4.040000000000000036e+00 0.000000000000000000e+00
4.059999999999999609e+00 0.000000000000000000e+00
4.080000000000000071e+00 0.000000000000000000e+00
4.099999999999999645e+00 0.000000000000000000e+00
4.120000000000000107e+00 0.000000000000000000e+00
4.139999999999999680e+00 0.000000000000000000e+00
4.160000000000000142e+00 0.000000000000000000e+00
4.179999999999999716e+00 0.000000000000000000e+00
4.200000000000000178e+00 0.000000000000000000e+00
4.219999999999999751e+00 0.000000000000000000e+00
4.240000000000000213e+00 0.000000000000000000e+00
4.259999999999999787e+00 0.000000000000000000e+00
4.280000000000000249e+00 0.000000000000000000e+00
4.299999999999999822e+00 0.000000000000000000e+00
4.320000000000000284e+00 0.000000000000000000e+00
4.339999999999999858e+00 0.000000000000000000e+00
4.360000000000000320e+00 0.000000000000000000e+00
4.379999999999999893e+00 0.000000000000000000e+00
4.400000000000000355e+00 0.000000000000000000e+00
4.419999999999999929e+00 0.000000000000000000e+00
4.440000000000000391e+00 0.000000000000000000e+00
4.459999999999999964e+00 0.000000000000000000e+00
4.480000000000000426e+00 0.000000000000000000e+00
4.500000000000000000e+00 0.000000000000000000e+00
4.519999999999999574e+00 0.000000000000000000e+00
4.540000000000000036e+00 0.000000000000000000e+00
4.559999999999999609e+00 0.000000000000000000e+00
4.580000000000000071e+00 0.000000000000000000e+00
4.599999999999999645e+00 0.000000000000000000e+00
4.620000000000000107e+00 0.000000000000000000e+00
4.639999999999999680e+00 0.000000000000000000e+00
4.660000000000000142e+00 0.000000000000000000e+00
4.679999999999999716e+00 0.000000000000000000e+00
4.700000000000000178e+00 0.000000000000000000e+00
4.719999999999999751e+00 0.000000000000000000e+00
4.740000000000000213e+00 0.000000000000000000e+00
4.759999999999999787e+00 0.000000000000000000e+00
4.780000000000000249e+00 0.000000000000000000e+00
4.799999999999999822e+00 0.000000000000000000e+00
4.820000000000000284e+00 0.000000000000000000e+00
4.839999999999999858e+00 0.000000000000000000e+00
4.860000000000000320e+00 0.000000000000000000e+00
4.879999999999999893e+00 0.000000000000000000e+00
4.900000000000000355e+00 0.000000000000000000e+00
4.919999999999999929e+00 0.000000000000000000e+00
4.940000000000000391e+00 0.000000000000000000e+00
4.959999999999999964e+00 0.000000000000000000e+00
4.980000000000000426e+00 0.000000000000000000e+00
5.000000000000000000e+00 0.000000000000000000e+00
5.019999999999999574e+00 0.000000000000000000e+00
5.040000000000000036e+00 0.000000000000000000e+00
5.059999999999999609e+00 0.000000000000000000e+00
5.080000000000000071e+00 0.000000000000000000e+00
5.099999999999999645e+00 0.000000000000000000e+00
5.120000000000000107e+00 0.000000000000000000e+00
5.139999999999999680e+00 0.000000000000000000e+00
5.160000000000000142e+00 0.000000000000000000e+00
5.179999999999999716e+00 0.000000000000000000e+00
5.200000000000000178e+00 0.000000000000000000e+00
5.219999999999999751e+00 0.000000000000000000e+00
5.240000000000000213e+00 0.000000000000000000e+00
5.259999999999999787e+00 0.000000000000000000e+00
5.280000000000000249e+00 0.000000000000000000e+00
5.299999999999999822e+00 0.000000000000000000e+00
5.320000000000000284e+00 0.000000000000000000e+00
5.339999999999999858e+00 0.000000000000000000e+00
5.360000000000000320e+00 0.000000000000000000e+00
5.379999999999999893e+00 0.000000000000000000e+00
5.400000000000000355e+00 0.000000000000000000e+00
5.419999999999999929e+00 0.000000000000000000e+00
5.440000000000000391e+00 0.000000000000000000e+00
5.459999999999999964e+00 0.000000000000000000e+00
5.480000000000000426e+00 0.000000000000000000e+00
5.500000000000000000e+00 0.000000000000000000e+00
5.519999999999999574e+00 0.000000000000000000e+00
5.540000000000000036e+00 0.000000000000000000e+00
5.559999999999999609e+00 0.000000000000000000e+00
5.580000000000000071e+00 0.000000000000000000e+00
5.599999999999999645e+00 0.000000000000000000e+00
5.620000000000000107e+00 0.000000000000000000e+00
5.639999999999999680e+00 0.000000000000000000e+00
5.660000000000000142e+00 0.000000000000000000e+00
5.679999999999999716e+00 0.000000000000000000e+00
5.700000000000000178e+00 0.000000000000000000e+00
5.719999999999999751e+00 0.000000000000000000e+00
5.740000000000000213e+00 0.000000000000000000e+00
5.759999999999999787e+00 0.000000000000000000e+00
5.780000000000000249e+00 0.000000000000000000e+00
5.799999999999999822e+00 0.000000000000000000e+00
5.820000000000000284e+00 0.000000000000000000e+00
5.839999999999999858e+00 0.000000000000000000e+00
5.860000000000000320e+00 0.000000000000000000e+00
5.879999999999999893e+00 0.000000000000000000e+00
5.900000000000000355e+00 0.000000000000000000e+00
5.919999999999999929e+00 0.000000000000000000e+00
5.940000000000000391e+00 0.000000000000000000e+00
5.959999999999999964e+00 0.000000000000000000e+00
5.980000000000000426e+00 0.000000000000000000e+00
6.000000000000000000e+00 0.000000000000000000e+00
6.019999999999999574e+00 0.000000000000000000e+00
6.040000000000000036e+00 0.000000000000000000e+00
6.059999999999999609e+00 0.000000000000000000e+00
6.080000000000000071e+00 0.000000000000000000e+00
6.099999999999999645e+00 0.000000000000000000e+00
6.120000000000000107e+00 0.000000000000000000e+00
6.139999999999999680e+00 0.000000000000000000e+00
6.160000000000000142e+00 0.000000000000000000e+00
6.179999999999999716e+00 0.000000000000000000e+00
6.200000000000000178e+00 0.000000000000000000e+00
6.219999999999999751e+00 0.000000000000000000e+00
6.240000000000000213e+00 0.000000000000000000e+00
6.259999999999999787e+00 0.000000000000000000e+00
6.280000000000000249e+00 0.000000000000000000e+00
6.299999999999999822e+00 0.000000000000000000e+00
6.320000000000000284e+00 0.000000000000000000e+00
6.339999999999999858e+00 0.000000000000000000e+00
6.360000000000000320e+00 0.000000000000000000e+00
6.379999999999999893e+00 0.000000000000000000e+00
6.400000000000000355e+00 0.000000000000000000e+00
6.419999999999999929e+00 0.000000000000000000e+00
6.440000000000000391e+00 0.000000000000000000e+00
6.459999999999999964e+00 0.000000000000000000e+00
6.480000000000000426e+00 0.000000000000000000e+00
6.500000000000000000e+00 0.000000000000000000e+00
6.519999999999999574e+00 0.000000000000000000e+00
6.540000000000000036e+00 0.000000000000000000e+00
6.559999999999999609e+00 0.000000000000000000e+00
6.580000000000000071e+00 0.000000000000000000e+00
6.599999999999999645e+00 0.000000000000000000e+00
6.620000000000000107e+00 0.000000000000000000e+00
6.639999999999999680e+00 0.000000000000000000e+00
6.660000000000000142e+00 0.000000000000000000e+00
6.679999999999999716e+00 0.000000000000000000e+00
6.700000000000000178e+00 0.000000000000000000e+00
6.719999999999999751e+00 0.000000000000000000e+00
6.740000000000000213e+00 0.000000000000000000e+00
6.759999999999999787e+00 0.000000000000000000e+00
6.780000000000000249e+00 0.000000000000000000e+00
6.799999999999999822e+00 0.000000000000000000e+00
6.820000000000000284e+00 0.000000000000000000e+00
6.839999999999999858e+00 0.000000000000000000e+00
6.860000000000000320e+00 0.000000000000000000e+00
6.879999999999999893e+00 0.000000000000000000e+00
6.900000000000000355e+00 0.000000000000000000e+00
6.919999999999999929e+00 0.000000000000000000e+00
6.940000000000000391e+00 0.000000000000000000e+00
6.959999999999999964e+00 0.000000000000000000e+00
6.980000000000000426e+00 0.000000000000000000e+00
7.000000000000000000e+00 0.000000000000000000e+00
7.019999999999999574e+00 0.000000000000000000e+00
7.040000000000000036e+00 0.000000000000000000e+00
7.059999999999999609e+00 0.000000000000000000e+00
7.080000000000000071e+00 0.000000000000000000e+00
7.099999999999999645e+00 0.000000000000000000e+00
7.120000000000000107e+00 0.000000000000000000e+00
7.139999999999999680e+00 0.000000000000000000e+00
7.160000000000000142e+00 0.000000000000000000e+00
7.179999999999999716e+00 0.000000000000000000e+00
7.200000000000000178e+00 0.000000000000000000e+00
7.219999999999999751e+00 0.000000000000000000e+00
7.240000000000000213e+00 0.000000000000000000e+00
7.259999999999999787e+00 0.000000000000000000e+00
7.280000000000000249e+00 0.000000000000000000e+00
7.299999999999999822e+00 0.000000000000000000e+00
7.320000000000000284e+00 0.000000000000000000e+00
7.339999999999999858e+00 0.000000000000000000e+00
7.360000000000000320e+00 0.000000000000000000e+00
7.379999999999999893e+00 0.000000000000000000e+00
7.400000000000000355e+00 0.000000000000000000e+00
7.419999999999999929e+00 0.000000000000000000e+00
7.440000000000000391e+00 0.000000000000000000e+00
7.459999999999999964e+00 0.000000000000000000e+00
7.480000000000000426e+00 0.000000000000000000e+00
7.500000000000000000e+00 0.000000000000000000e+00
7.519999999999999574e+00 0.000000000000000000e+00
7.540000000000000036e+00 0.000000000000000000e+00
7.559999999999999609e+00 0.000000000000000000e+00
7.580000000000000071e+00 0.000000000000000000e+00
7.599999999999999645e+00 0.000000000000000000e+00
7.620000000000000107e+00 0.000000000000000000e+00
7.639999999999999680e+00 0.000000000000000000e+00
7.660000000000000142e+00 0.000000000000000000e+00
7.679999999999999716e+00 0.000000000000000000e+00
7.700000000000000178e+00 0.000000000000000000e+00
7.719999999999999751e+00 0.000000000000000000e+00
7.740000000000000213e+00 0.000000000000000000e+00
7.759999999999999787e+00 0.000000000000000000e+00
7.780000000000000249e+00 0.000000000000000000e+00
7.799999999999999822e+00 0.000000000000000000e+00
7.820000000000000284e+00 0.000000000000000000e+00
7.839999999999999858e+00 0.000000000000000000e+00
7.860000000000000320e+00 0.000000000000000000e+00
7.879999999999999893e+00 0.000000000000000000e+00
7.900000000000000355e+00 0.000000000000000000e+00
7.919999999999999929e+00 0.000000000000000000e+00
7.940000000000000391e+00 0.000000000000000000e+00
7.959999999999999964e+00 0.000000000000000000e+00
7.980000000000000426e+00 0.000000000000000000e+00
8.000000000000000000e+00 0.000000000000000000e+00
8.019999999999999574e+00 0.000000000000000000e+00
8.039999999999999147e+00 0.000000000000000000e+00
8.060000000000000497e+00 0.000000000000000000e+00
8.080000000000000071e+00 0.000000000000000000e+00
8.099999999999999645e+00 0.000000000000000000e+00
8.119999999999999218e+00 0.000000000000000000e+00
8.140000000000000568e+00 0.000000000000000000e+00
8.160000000000000142e+00 0.000000000000000000e+00
8.179999999999999716e+00 0.000000000000000000e+00
8.199999999999999289e+00 0.000000000000000000e+00
8.220000000000000639e+00 0.000000000000000000e+00
8.240000000000000213e+00 0.000000000000000000e+00
8.259999999999999787e+00 0.000000000000000000e+00
8.279999999999999361e+00 0.000000000000000000e+00
8.300000000000000711e+00 0.000000000000000000e+00
8.320000000000000284e+00 0.000000000000000000e+00
8.339999999999999858e+00 0.000000000000000000e+00
8.359999999999999432e+00 0.000000000000000000e+00
8.380000000000000782e+00 0.000000000000000000e+00
8.400000000000000355e+00 0.000000000000000000e+00
8.419999999999999929e+00 0.000000000000000000e+00
8.439999999999999503e+00 0.000000000000000000e+00
8.460000000000000853e+00 0.000000000000000000e+00
8.480000000000000426e+00 0.000000000000000000e+00
8.500000000000000000e+00 0.000000000000000000e+00
8.519999999999999574e+00 0.000000000000000000e+00
8.539999999999999147e+00 0.000000000000000000e+00
8.560000000000000497e+00 0.000000000000000000e+00
8.580000000000000071e+00 0.000000000000000000e+00
8.599999999999999645e+00 0.000000000000000000e+00
8.619999999999999218e+00 0.000000000000000000e+00
8.640000000000000568e+00 0.000000000000000000e+00
8.660000000000000142e+00 0.000000000000000000e+00
8.679999999999999716e+00 0.000000000000000000e+00
8.699999999999999289e+00 0.000000000000000000e+00
8.720000000000000639e+00 0.000000000000000000e+00
8.740000000000000213e+00 0.000000000000000000e+00
8.759999999999999787e+00 0.000000000000000000e+00
8.779999999999999361e+00 0.000000000000000000e+00
8.800000000000000711e+00 0.000000000000000000e+00
8.820000000000000284e+00 0.000000000000000000e+00
8.839999999999999858e+00 0.000000000000000000e+00
8.859999999999999432e+00 0.000000000000000000e+00
8.880000000000000782e+00 0.000000000000000000e+00
8.900000000000000355e+00 0.000000000000000000e+00
8.919999999999999929e+00 0.000000000000000000e+00
8.939999999999999503e+00 0.000000000000000000e+00
8.960000000000000853e+00 0.000000000000000000e+00
8.980000000000000426e+00 0.000000000000000000e+00
9.000000000000000000e+00 0.000000000000000000e+00
9.019999999999999574e+00 0.000000000000000000e+00
9.039999999999999147e+00 0.000000000000000000e+00
9.060000000000000497e+00 0.000000000000000000e+00
9.080000000000000071e+00 0.000000000000000000e+00
9.099999999999999645e+00 0.000000000000000000e+00
9.119999999999999218e+00 0.000000000000000000e+00
9.140000000000000568e+00 0.000000000000000000e+00
9.160000000000000142e+00 0.000000000000000000e+00
9.179999999999999716e+00 0.000000000000000000e+00
9.199999999999999289e+00 0.000000000000000000e+00
9.220000000000000639e+00 0.000000000000000000e+00
9.240000000000000213e+00 0.000000000000000000e+00
9.259999999999999787e+00 0.000000000000000000e+00
9.279999999999999361e+00 0.000000000000000000e+00
9.300000000000000711e+00 0.000000000000000000e+00
9.320000000000000284e+00 0.000000000000000000e+00
9.339999999999999858e+00 0.000000000000000000e+00
9.359999999999999432e+00 0.000000000000000000e+00
9.380000000000000782e+00 0.000000000000000000e+00
9.400000000000000355e+00 0.000000000000000000e+00
9.419999999999999929e+00 0.000000000000000000e+00
9.439999999999999503e+00 0.000000000000000000e+00
9.460000000000000853e+00 0.000000000000000000e+00
9.480000000000000426e+00 0.000000000000000000e+00
9.500000000000000000e+00 0.000000000000000000e+00
9.519999999999999574e+00 0.000000000000000000e+00
9.539999999999999147e+00 0.000000000000000000e+00
9.560000000000000497e+00 0.000000000000000000e+00
9.580000000000000071e+00 0.000000000000000000e+00
9.599999999999999645e+00 0.000000000000000000e+00
9.619999999999999218e+00 0.000000000000000000e+00
9.640000000000000568e+00 0.000000000000000000e+00
9.660000000000000142e+00 0.000000000000000000e+00
9.679999999999999716e+00 0.000000000000000000e+00
9.699999999999999289e+00 0.000000000000000000e+00
9.720000000000000639e+00 0.000000000000000000e+00
9.740000000000000213e+00 0.000000000000000000e+00
9.759999999999999787e+00 0.000000000000000000e+00
9.779999999999999361e+00 0.000000000000000000e+00
9.800000000000000711e+00 0.000000000000000000e+00
9.820000000000000284e+00 0.000000000000000000e+00
9.839999999999999858e+00 0.000000000000000000e+00
9.859999999999999432e+00 0.000000000000000000e+00
9.880000000000000782e+00 0.000000000000000000e+00
9.900000000000000355e+00 0.000000000000000000e+00
9.919999999999999929e+00 0.000000000000000000e+00
9.939999999999999503e+00 0.000000000000000000e+00
9.960000000000000853e+00 0.000000000000000000e+00
9.980000000000000426e+00 0.000000000000000000e+00
1.000000000000000000e+01 0.000000000000000000e+00
1.001999999999999957e+01 0.000000000000000000e+00
1.003999999999999915e+01 0.000000000000000000e+00
1.006000000000000050e+01 0.000000000000000000e+00
1.008000000000000007e+01 0.000000000000000000e+00
1.009999999999999964e+01 0.000000000000000000e+00
1.011999999999999922e+01 0.000000000000000000e+00
1.014000000000000057e+01 0.000000000000000000e+00
1.016000000000000014e+01 0.000000000000000000e+00
1.017999999999999972e+01 0.000000000000000000e+00
1.019999999999999929e+01 0.000000000000000000e+00
1.022000000000000064e+01 0.000000000000000000e+00
1.024000000000000021e+01 0.000000000000000000e+00
1.025999999999999979e+01 0.000000000000000000e+00
1.027999999999999936e+01 0.000000000000000000e+00
1.030000000000000071e+01 0.000000000000000000e+00
1.032000000000000028e+01 0.000000000000000000e+00
1.033999999999999986e+01 0.000000000000000000e+00
1.035999999999999943e+01 0.000000000000000000e+00
1.038000000000000078e+01 0.000000000000000000e+00
1.040000000000000036e+01 0.000000000000000000e+00
1.041999999999999993e+01 0.000000000000000000e+00
1.043999999999999950e+01 0.000000000000000000e+00
1.046000000000000085e+01 0.000000000000000000e+00
1.048000000000000043e+01 0.000000000000000000e+00
1.050000000000000000e+01 0.000000000000000000e+00
1.051999999999999957e+01 0.000000000000000000e+00
1.053999999999999915e+01 0.000000000000000000e+00
1.056000000000000050e+01 0.000000000000000000e+00
1.058000000000000007e+01 0.000000000000000000e+00
1.059999999999999964e+01 0.000000000000000000e+00
1.061999999999999922e+01 0.000000000000000000e+00
1.064000000000000057e+01 0.000000000000000000e+00
1.066000000000000014e+01 0.000000000000000000e+00
1.067999999999999972e+01 0.000000000000000000e+00
1.069999999999999929e+01 0.000000000000000000e+00
1.072000000000000064e+01 0.000000000000000000e+00
1.074000000000000021e+01 0.000000000000000000e+00
1.075999999999999979e+01 0.000000000000000000e+00
1.077999999999999936e+01 0.000000000000000000e+00
1.080000000000000071e+01 0.000000000000000000e+00
1.082000000000000028e+01 0.000000000000000000e+00
1.083999999999999986e+01 0.000000000000000000e+00
1.085999999999999943e+01 0.000000000000000000e+00
1.088000000000000078e+01 0.000000000000000000e+00
1.090000000000000036e+01 0.000000000000000000e+00
1.091999999999999993e+01 0.000000000000000000e+00
1.093999999999999950e+01 0.000000000000000000e+00
1.096000000000000085e+01 0.000000000000000000e+00
1.098000000000000043e+01 0.000000000000000000e+00
1.100000000000000000e+01 0.000000000000000000e+00
1.101999999999999957e+01 0.000000000000000000e+00
1.103999999999999915e+01 0.000000000000000000e+00
1.106000000000000050e+01 0.000000000000000000e+00
1.108000000000000007e+01 0.000000000000000000e+00
1.109999999999999964e+01 0.000000000000000000e+00
1.111999999999999922e+01 0.000000000000000000e+00
1.114000000000000057e+01 0.000000000000000000e+00
1.116000000000000014e+01 0.000000000000000000e+00
1.117999999999999972e+01 0.000000000000000000e+00
1.119999999999999929e+01 0.000000000000000000e+00
1.122000000000000064e+01 0.000000000000000000e+00
1.124000000000000021e+01 0.000000000000000000e+00
1.125999999999999979e+01 0.000000000000000000e+00
1.127999999999999936e+01 0.000000000000000000e+00
1.130000000000000071e+01 0.000000000000000000e+00
1.132000000000000028e+01 0.000000000000000000e+00
1.133999999999999986e+01 0.000000000000000000e+00
1.135999999999999943e+01 0.000000000000000000e+00
1.138000000000000078e+01 0.000000000000000000e+00
1.140000000000000036e+01 0.000000000000000000e+00
1.141999999999999993e+01 0.000000000000000000e+00
1.143999999999999950e+01 0.000000000000000000e+00
1.146000000000000085e+01 0.000000000000000000e+00
1.148000000000000043e+01 0.000000000000000000e+00
1.150000000000000000e+01 0.000000000000000000e+00
1.151999999999999957e+01 0.000000000000000000e+00
1.153999999999999915e+01 0.000000000000000000e+00
1.156000000000000050e+01 0.000000000000000000e+00
1.158000000000000007e+01 0.000000000000000000e+00
1.159999999999999964e+01 0.000000000000000000e+00
1.161999999999999922e+01 0.000000000000000000e+00
1.164000000000000057e+01 0.000000000000000000e+00
1.166000000000000014e+01 0.000000000000000000e+00
1.167999999999999972e+01 0.000000000000000000e+00
1.169999999999999929e+01 0.000000000000000000e+00
1.172000000000000064e+01 0.000000000000000000e+00
1.174000000000000021e+01 0.000000000000000000e+00
1.175999999999999979e+01 0.000000000000000000e+00
1.177999999999999936e+01 0.000000000000000000e+00
1.180000000000000071e+01 0.000000000000000000e+00
1.182000000000000028e+01 0.000000000000000000e+00
1.183999999999999986e+01 0.000000000000000000e+00
1.185999999999999943e+01 0.000000000000000000e+00
1.188000000000000078e+01 0.000000000000000000e+00
1.190000000000000036e+01 0.000000000000000000e+00
1.191999999999999993e+01 0.000000000000000000e+00
1.193999999999999950e+01 0.000000000000000000e+00
1.196000000000000085e+01 0.000000000000000000e+00
1.198000000000000043e+01 0.000000000000000000e+00
1.200000000000000000e+01 0.000000000000000000e+00
1.201999999999999957e+01 0.000000000000000000e+00
1.203999999999999915e+01 0.000000000000000000e+00
1.206000000000000050e+01 0.000000000000000000e+00
1.208000000000000007e+01 0.000000000000000000e+00
1.209999999999999964e+01 0.000000000000000000e+00
1.211999999999999922e+01 0.000000000000000000e+00
1.214000000000000057e+01 0.000000000000000000e+00
1.216000000000000014e+01 0.000000000000000000e+00
1.217999999999999972e+01 0.000000000000000000e+00
1.219999999999999929e+01 0.000000000000000000e+00
1.222000000000000064e+01 0.000000000000000000e+00
1.224000000000000021e+01 0.000000000000000000e+00
1.225999999999999979e+01 0.000000000000000000e+00
1.227999999999999936e+01 0.000000000000000000e+00
1.230000000000000071e+01 0.000000000000000000e+00
1.232000000000000028e+01 0.000000000000000000e+00
1.233999999999999986e+01 0.000000000000000000e+00
1.235999999999999943e+01 0.000000000000000000e+00
1.238000000000000078e+01 0.000000000000000000e+00
1.240000000000000036e+01 0.000000000000000000e+00
1.241999999999999993e+01 0.000000000000000000e+00
1.243999999999999950e+01 0.000000000000000000e+00
1.246000000000000085e+01 0.000000000000000000e+00
1.248000000000000043e+01 0.000000000000000000e+00
1.250000000000000000e+01 0.000000000000000000e+00
1.251999999999999957e+01 0.000000000000000000e+00
1.253999999999999915e+01 0.000000000000000000e+00
1.256000000000000050e+01 0.000000000000000000e+00
1.258000000000000007e+01 0.000000000000000000e+00
1.259999999999999964e+01 0.000000000000000000e+00
1.261999999999999922e+01 0.000000000000000000e+00
1.264000000000000057e+01 0.000000000000000000e+00
1.266000000000000014e+01 0.000000000000000000e+00
1.267999999999999972e+01 0.000000000000000000e+00
1.269999999999999929e+01 0.000000000000000000e+00
1.272000000000000064e+01 0.000000000000000000e+00
1.274000000000000021e+01 0.000000000000000000e+00
1.275999999999999979e+01 0.000000000000000000e+00
1.277999999999999936e+01 0.000000000000000000e+00
1.280000000000000071e+01 0.000000000000000000e+00
1.282000000000000028e+01 0.000000000000000000e+00
1.283999999999999986e+01 0.000000000000000000e+00
1.285999999999999943e+01 0.000000000000000000e+00
1.288000000000000078e+01 0.000000000000000000e+00
1.290000000000000036e+01 0.000000000000000000e+00
1.291999999999999993e+01 0.000000000000000000e+00
1.293999999999999950e+01 0.000000000000000000e+00
1.296000000000000085e+01 0.000000000000000000e+00
1.298000000000000043e+01 0.000000000000000000e+00
1.300000000000000000e+01 0.000000000000000000e+00
1.301999999999999957e+01 0.000000000000000000e+00
1.303999999999999915e+01 0.000000000000000000e+00
1.306000000000000050e+01 0.000000000000000000e+00
1.308000000000000007e+01 0.000000000000000000e+00
1.309999999999999964e+01 0.000000000000000000e+00
1.311999999999999922e+01 0.000000000000000000e+00
1.314000000000000057e+01 0.000000000000000000e+00
1.316000000000000014e+01 0.000000000000000000e+00
1.317999999999999972e+01 0.000000000000000000e+00
1.319999999999999929e+01 0.000000000000000000e+00
1.322000000000000064e+01 0.000000000000000000e+00
1.324000000000000021e+01 0.000000000000000000e+00
1.325999999999999979e+01 0.000000000000000000e+00
1.327999999999999936e+01 0.000000000000000000e+00
1.330000000000000071e+01 0.000000000000000000e+00
1.332000000000000028e+01 0.000000000000000000e+00
1.333999999999999986e+01 0.000000000000000000e+00
1.335999999999999943e+01 0.000000000000000000e+00
1.338000000000000078e+01 0.000000000000000000e+00
1.340000000000000036e+01 0.000000000000000000e+00
1.341999999999999993e+01 0.000000000000000000e+00
1.343999999999999950e+01 0.000000000000000000e+00
1.346000000000000085e+01 0.000000000000000000e+00
1.348000000000000043e+01 0.000000000000000000e+00
1.350000000000000000e+01 0.000000000000000000e+00
1.351999999999999957e+01 0.000000000000000000e+00
1.353999999999999915e+01 0.000000000000000000e+00
1.356000000000000050e+01 0.000000000000000000e+00
1.358000000000000007e+01 0.000000000000000000e+00
1.359999999999999964e+01 0.000000000000000000e+00
1.361999999999999922e+01 0.000000000000000000e+00
1.364000000000000057e+01 0.000000000000000000e+00
1.366000000000000014e+01 0.000000000000000000e+00
1.367999999999999972e+01 0.000000000000000000e+00
1.369999999999999929e+01 0.000000000000000000e+00
1.372000000000000064e+01 0.000000000000000000e+00
1.374000000000000021e+01 0.000000000000000000e+00
1.375999999999999979e+01 0.000000000000000000e+00
1.377999999999999936e+01 0.000000000000000000e+00
1.380000000000000071e+01 0.000000000000000000e+00
1.382000000000000028e+01 0.000000000000000000e+00
1.383999999999999986e+01 0.000000000000000000e+00
1.385999999999999943e+01 0.000000000000000000e+00
1.388000000000000078e+01 0.000000000000000000e+00
1.390000000000000036e+01 0.000000000000000000e+00
1.391999999999999993e+01 0.000000000000000000e+00
1.393999999999999950e+01 0.000000000000000000e+00
1.396000000000000085e+01 0.000000000000000000e+00
1.398000000000000043e+01 0.000000000000000000e+00
1.400000000000000000e+01 0.000000000000000000e+00
1.401999999999999957e+01 0.000000000000000000e+00
1.403999999999999915e+01 0.000000000000000000e+00
1.406000000000000050e+01 0.000000000000000000e+00
1.408000000000000007e+01 0.000000000000000000e+00
1.409999999999999964e+01 0.000000000000000000e+00
1.411999999999999922e+01 0.000000000000000000e+00
1.414000000000000057e+01 0.000000000000000000e+00
1.416000000000000014e+01 0.000000000000000000e+00
1.417999999999999972e+01 0.000000000000000000e+00
1.419999999999999929e+01 0.000000000000000000e+00
1.422000000000000064e+01 0.000000000000000000e+00
1.424000000000000021e+01 0.000000000000000000e+00
1.425999999999999979e+01 0.000000000000000000e+00
1.427999999999999936e+01 0.000000000000000000e+00
1.430000000000000071e+01 0.000000000000000000e+00
1.432000000000000028e+01 0.000000000000000000e+00
1.433999999999999986e+01 0.000000000000000000e+00
1.435999999999999943e+01 0.000000000000000000e+00
1.438000000000000078e+01 0.000000000000000000e+00
1.440000000000000036e+01 0.000000000000000000e+00
1.441999999999999993e+01 0.000000000000000000e+00
1.443999999999999950e+01 0.000000000000000000e+00
1.446000000000000085e+01 0.000000000000000000e+00
1.448000000000000043e+01 0.000000000000000000e+00
1.450000000000000000e+01 0.000000000000000000e+00
1.451999999999999957e+01 0.000000000000000000e+00
1.453999999999999915e+01 0.000000000000000000e+00
1.456000000000000050e+01 0.000000000000000000e+00
1.458000000000000007e+01 0.000000000000000000e+00
1.459999999999999964e+01 0.000000000000000000e+00
1.461999999999999922e+01 0.000000000000000000e+00
1.464000000000000057e+01 0.000000000000000000e+00
1.466000000000000014e+01 0.000000000000000000e+00
1.467999999999999972e+01 0.000000000000000000e+00
1.469999999999999929e+01 0.000000000000000000e+00
1.472000000000000064e+01 0.000000000000000000e+00
1.474000000000000021e+01 0.000000000000000000e+00
1.475999999999999979e+01 0.000000000000000000e+00
1.477999999999999936e+01 0.000000000000000000e+00
1.480000000000000071e+01 0.000000000000000000e+00
1.482000000000000028e+01 0.000000000000000000e+00
1.483999999999999986e+01 0.000000000000000000e+00
1.485999999999999943e+01 0.000000000000000000e+00
1.488000000000000078e+01 0.000000000000000000e+00
1.490000000000000036e+01 0.000000000000000000e+00
1.491999999999999993e+01 0.000000000000000000e+00
1.493999999999999950e+01 0.000000000000000000e+00
1.496000000000000085e+01 0.000000000000000000e+00
1.498000000000000043e+01 0.000000000000000000e+00
1.500000000000000000e+01 0.000000000000000000e+00
1.501999999999999957e+01 0.000000000000000000e+00
1.503999999999999915e+01 0.000000000000000000e+00
1.506000000000000050e+01 0.000000000000000000e+00
1.508000000000000007e+01 0.000000000000000000e+00
1.509999999999999964e+01 0.000000000000000000e+00
1.511999999999999922e+01 0.000000000000000000e+00
1.514000000000000057e+01 0.000000000000000000e+00
1.516000000000000014e+01 0.000000000000000000e+00
1.517999999999999972e+01 0.000000000000000000e+00
1.519999999999999929e+01 0.000000000000000000e+00
1.522000000000000064e+01 0.000000000000000000e+00
1.524000000000000021e+01 0.000000000000000000e+00
1.525999999999999979e+01 0.000000000000000000e+00
1.527999999999999936e+01 0.000000000000000000e+00
1.530000000000000071e+01 0.000000000000000000e+00
1.532000000000000028e+01 0.000000000000000000e+00
1.533999999999999986e+01 0.000000000000000000e+00
1.535999999999999943e+01 0.000000000000000000e+00
1.538000000000000078e+01 0.000000000000000000e+00
1.540000000000000036e+01 0.000000000000000000e+00
1.541999999999999993e+01 0.000000000000000000e+00
1.543999999999999950e+01 0.000000000000000000e+00
1.546000000000000085e+01 0.000000000000000000e+00
1.548000000000000043e+01 0.000000000000000000e+00
1.550000000000000000e+01 0.000000000000000000e+00
1.551999999999999957e+01 0.000000000000000000e+00
1.553999999999999915e+01 0.000000000000000000e+00
1.556000000000000050e+01 0.000000000000000000e+00
1.558000000000000007e+01 0.000000000000000000e+00
1.559999999999999964e+01 0.000000000000000000e+00
1.561999999999999922e+01 0.000000000000000000e+00
1.564000000000000057e+01 0.000000000000000000e+00
1.566000000000000014e+01 0.000000000000000000e+00
1.567999999999999972e+01 0.000000000000000000e+00
1.569999999999999929e+01 0.000000000000000000e+00
1.572000000000000064e+01 0.000000000000000000e+00
1.574000000000000021e+01 0.000000000000000000e+00
1.575999999999999979e+01 0.000000000000000000e+00
1.577999999999999936e+01 0.000000000000000000e+00
1.580000000000000071e+01 0.000000000000000000e+00
1.582000000000000028e+01 0.000000000000000000e+00
1.583999999999999986e+01 0.000000000000000000e+00
1.585999999999999943e+01 0.000000000000000000e+00
1.588000000000000078e+01 0.000000000000000000e+00
1.590000000000000036e+01 0.000000000000000000e+00
1.591999999999999993e+01 0.000000000000000000e+00
1.593999999999999950e+01 0.000000000000000000e+00
1.596000000000000085e+01 0.000000000000000000e+00
1.598000000000000043e+01 0.000000000000000000e+00
1.600000000000000000e+01 0.000000000000000000e+00
1.601999999999999957e+01 0.000000000000000000e+00
1.603999999999999915e+01 0.000000000000000000e+00
1.605999999999999872e+01 0.000000000000000000e+00
1.607999999999999829e+01 0.000000000000000000e+00
1.610000000000000142e+01 0.000000000000000000e+00
1.612000000000000099e+01 0.000000000000000000e+00
1.614000000000000057e+01 0.000000000000000000e+00
1.616000000000000014e+01 0.000000000000000000e+00
1.617999999999999972e+01 0.000000000000000000e+00
1.619999999999999929e+01 0.000000000000000000e+00
1.621999999999999886e+01 0.000000000000000000e+00
1.623999999999999844e+01 0.000000000000000000e+00
1.626000000000000156e+01 0.000000000000000000e+00
1.628000000000000114e+01 0.000000000000000000e+00
1.630000000000000071e+01 0.000000000000000000e+00
1.632000000000000028e+01 0.000000000000000000e+00
1.633999999999999986e+01 0.000000000000000000e+00
1.635999999999999943e+01 0.000000000000000000e+00
1.637999999999999901e+01 0.000000000000000000e+00
1.639999999999999858e+01 0.000000000000000000e+00
1.642000000000000171e+01 0.000000000000000000e+00
1.644000000000000128e+01 0.000000000000000000e+00
1.646000000000000085e+01 0.000000000000000000e+00
1.648000000000000043e+01 0.000000000000000000e+00
1.650000000000000000e+01 0.000000000000000000e+00
1.651999999999999957e+01 0.000000000000000000e+00
1.653999999999999915e+01 0.000000000000000000e+00
1.655999999999999872e+01 0.000000000000000000e+00
1.657999999999999829e+01 0.000000000000000000e+00
1.660000000000000142e+01 0.000000000000000000e+00
1.662000000000000099e+01 0.000000000000000000e+00
1.664000000000000057e+01 0.000000000000000000e+00
1.666000000000000014e+01 0.000000000000000000e+00
1.667999999999999972e+01 0.000000000000000000e+00
1.669999999999999929e+01 0.000000000000000000e+00
1.671999999999999886e+01 0.000000000000000000e+00
1.673999999999999844e+01 0.000000000000000000e+00
1.676000000000000156e+01 0.000000000000000000e+00
1.678000000000000114e+01 0.000000000000000000e+00
1.680000000000000071e+01 0.000000000000000000e+00
1.682000000000000028e+01 0.000000000000000000e+00
1.683999999999999986e+01 0.000000000000000000e+00
1.685999999999999943e+01 0.000000000000000000e+00
1.687999999999999901e+01 0.000000000000000000e+00
1.689999999999999858e+01 0.000000000000000000e+00
1.692000000000000171e+01 0.000000000000000000e+00
1.694000000000000128e+01 0.000000000000000000e+00
1.696000000000000085e+01 0.000000000000000000e+00
1.698000000000000043e+01 0.000000000000000000e+00
1.700000000000000000e+01 0.000000000000000000e+00
1.701999999999999957e+01 0.000000000000000000e+00
1.703999999999999915e+01 0.000000000000000000e+00
1.705999999999999872e+01 0.000000000000000000e+00
1.707999999999999829e+01 0.000000000000000000e+00
1.710000000000000142e+01 0.000000000000000000e+00
1.712000000000000099e+01 0.000000000000000000e+00
1.714000000000000057e+01 0.000000000000000000e+00
1.716000000000000014e+01 0.000000000000000000e+00
1.717999999999999972e+01 0.000000000000000000e+00
1.719999999999999929e+01 0.000000000000000000e+00
1.721999999999999886e+01 0.000000000000000000e+00
1.723999999999999844e+01 0.000000000000000000e+00
1.726000000000000156e+01 0.000000000000000000e+00
1.728000000000000114e+01 0.000000000000000000e+00
1.730000000000000071e+01 0.000000000000000000e+00
1.732000000000000028e+01 0.000000000000000000e+00
1.733999999999999986e+01 0.000000000000000000e+00
1.735999999999999943e+01 0.000000000000000000e+00
1.737999999999999901e+01 0.000000000000000000e+00
1.739999999999999858e+01 0.000000000000000000e+00
1.742000000000000171e+01 0.000000000000000000e+00
1.744000000000000128e+01 0.000000000000000000e+00
1.746000000000000085e+01 0.000000000000000000e+00
1.748000000000000043e+01 0.000000000000000000e+00
1.750000000000000000e+01 0.000000000000000000e+00
1.751999999999999957e+01 0.000000000000000000e+00
1.753999999999999915e+01 0.000000000000000000e+00
1.755999999999999872e+01 0.000000000000000000e+00
1.757999999999999829e+01 0.000000000000000000e+00
1.760000000000000142e+01 0.000000000000000000e+00
1.762000000000000099e+01 0.000000000000000000e+00
1.764000000000000057e+01 0.000000000000000000e+00
1.766000000000000014e+01 0.000000000000000000e+00
1.767999999999999972e+01 0.000000000000000000e+00
1.769999999999999929e+01 0.000000000000000000e+00
1.771999999999999886e+01 0.000000000000000000e+00
1.773999999999999844e+01 0.000000000000000000e+00
1.776000000000000156e+01 0.000000000000000000e+00
1.778000000000000114e+01 0.000000000000000000e+00
1.780000000000000071e+01 0.000000000000000000e+00
1.782000000000000028e+01 0.000000000000000000e+00
1.783999999999999986e+01 0.000000000000000000e+00
1.785999999999999943e+01 0.000000000000000000e+00
1.787999999999999901e+01 0.000000000000000000e+00
1.789999999999999858e+01 0.000000000000000000e+00
1.792000000000000171e+01 0.000000000000000000e+00
1.794000000000000128e+01 0.000000000000000000e+00
1.796000000000000085e+01 0.000000000000000000e+00
1.798000000000000043e+01 0.000000000000000000e+00
1.800000000000000000e+01 0.000000000000000000e+00
1.801999999999999957e+01 0.000000000000000000e+00
1.803999999999999915e+01 0.000000000000000000e+00
1.805999999999999872e+01 0.000000000000000000e+00
1.807999999999999829e+01 0.000000000000000000e+00
1.810000000000000142e+01 0.000000000000000000e+00
1.812000000000000099e+01 0.000000000000000000e+00
1.814000000000000057e+01 0.000000000000000000e+00
1.816000000000000014e+01 0.000000000000000000e+00
1.817999999999999972e+01 0.000000000000000000e+00
1.819999999999999929e+01 0.000000000000000000e+00
1.821999999999999886e+01 0.000000000000000000e+00
1.823999999999999844e+01 0.000000000000000000e+00
1.826000000000000156e+01 0.000000000000000000e+00
1.828000000000000114e+01 0.000000000000000000e+00
1.830000000000000071e+01 0.000000000000000000e+00
1.832000000000000028e+01 0.000000000000000000e+00
1.833999999999999986e+01 0.000000000000000000e+00
1.835999999999999943e+01 0.000000000000000000e+00
1.837999999999999901e+01 0.000000000000000000e+00
1.839999999999999858e+01 0.000000000000000000e+00
1.842000000000000171e+01 0.000000000000000000e+00
1.844000000000000128e+01 0.000000000000000000e+00
1.846000000000000085e+01 0.000000000000000000e+00
1.848000000000000043e+01 0.000000000000000000e+00
1.850000000000000000e+01 0.000000000000000000e+00
1.851999999999999957e+01 0.000000000000000000e+00
1.853999999999999915e+01 0.000000000000000000e+00
1.855999999999999872e+01 0.000000000000000000e+00
1.857999999999999829e+01 0.000000000000000000e+00
1.860000000000000142e+01 0.000000000000000000e+00
1.862000000000000099e+01 0.000000000000000000e+00
1.864000000000000057e+01 0.000000000000000000e+00
1.866000000000000014e+01 0.000000000000000000e+00
1.867999999999999972e+01 0.000000000000000000e+00
1.869999999999999929e+01 0.000000000000000000e+00
1.871999999999999886e+01 0.000000000000000000e+00
1.873999999999999844e+01 0.000000000000000000e+00
1.876000000000000156e+01 0.000000000000000000e+00
1.878000000000000114e+01 0.000000000000000000e+00
1.880000000000000071e+01 0.000000000000000000e+00
1.882000000000000028e+01 0.000000000000000000e+00
1.883999999999999986e+01 0.000000000000000000e+00
1.885999999999999943e+01 0.000000000000000000e+00
1.887999999999999901e+01 0.000000000000000000e+00
1.889999999999999858e+01 0.000000000000000000e+00
1.892000000000000171e+01 0.000000000000000000e+00
1.894000000000000128e+01 0.000000000000000000e+00
1.896000000000000085e+01 0.000000000000000000e+00
1.898000000000000043e+01 0.000000000000000000e+00
1.900000000000000000e+01 0.000000000000000000e+00
1.901999999999999957e+01 0.000000000000000000e+00
1.903999999999999915e+01 0.000000000000000000e+00
1.905999999999999872e+01 0.000000000000000000e+00
1.907999999999999829e+01 0.000000000000000000e+00
1.910000000000000142e+01 0.000000000000000000e+00
1.912000000000000099e+01 0.000000000000000000e+00
1.914000000000000057e+01 0.000000000000000000e+00
1.916000000000000014e+01 0.000000000000000000e+00
1.917999999999999972e+01 0.000000000000000000e+00
1.919999999999999929e+01 0.000000000000000000e+00
1.921999999999999886e+01 0.000000000000000000e+00
1.923999999999999844e+01 0.000000000000000000e+00
1.926000000000000156e+01 0.000000000000000000e+00
1.928000000000000114e+01 0.000000000000000000e+00
1.930000000000000071e+01 0.000000000000000000e+00
1.932000000000000028e+01 0.000000000000000000e+00
1.933999999999999986e+01 0.000000000000000000e+00
1.935999999999999943e+01 0.000000000000000000e+00
1.937999999999999901e+01 0.000000000000000000e+00
1.939999999999999858e+01 0.000000000000000000e+00
1.942000000000000171e+01 0.000000000000000000e+00
1.944000000000000128e+01 0.000000000000000000e+00
1.946000000000000085e+01 0.000000000000000000e+00
1.948000000000000043e+01 0.000000000000000000e+00
1.950000000000000000e+01 0.000000000000000000e+00
1.951999999999999957e+01 0.000000000000000000e+00
1.953999999999999915e+01 0.000000000000000000e+00
1.955999999999999872e+01 0.000000000000000000e+00
1.957999999999999829e+01 0.000000000000000000e+00
1.960000000000000142e+01 0.000000000000000000e+00
1.962000000000000099e+01 0.000000000000000000e+00
1.964000000000000057e+01 0.000000000000000000e+00
1.966000000000000014e+01 0.000000000000000000e+00
1.967999999999999972e+01 0.000000000000000000e+00
1.969999999999999929e+01 0.000000000000000000e+00
1.971999999999999886e+01 0.000000000000000000e+00
1.973999999999999844e+01 0.000000000000000000e+00
1.976000000000000156e+01 0.000000000000000000e+00
1.978000000000000114e+01 0.000000000000000000e+00
1.980000000000000071e+01 0.000000000000000000e+00
1.982000000000000028e+01 0.000000000000000000e+00
1.983999999999999986e+01 0.000000000000000000e+00
1.985999999999999943e+01 0.000000000000000000e+00
1.987999999999999901e+01 0.000000000000000000e+00
1.989999999999999858e+01 0.000000000000000000e+00
1.992000000000000171e+01 0.000000000000000000e+00
1.994000000000000128e+01 0.000000000000000000e+00
1.996000000000000085e+01 0.000000000000000000e+00
1.998000000000000043e+01 0.000000000000000000e+00
2.000000000000000000e+01 0.000000000000000000e+00
2.001999999999999957e+01 0.000000000000000000e+00
2.003999999999999915e+01 0.000000000000000000e+00
2.005999999999999872e+01 0.000000000000000000e+00
2.007999999999999829e+01 0.000000000000000000e+00
2.010000000000000142e+01 0.000000000000000000e+00
2.012000000000000099e+01 0.000000000000000000e+00
2.014000000000000057e+01 0.000000000000000000e+00
2.016000000000000014e+01 0.000000000000000000e+00
2.017999999999999972e+01 0.000000000000000000e+00
2.019999999999999929e+01 0.000000000000000000e+00
2.021999999999999886e+01 0.000000000000000000e+00
2.023999999999999844e+01 0.000000000000000000e+00
2.026000000000000156e+01 0.000000000000000000e+00
2.028000000000000114e+01 0.000000000000000000e+00
2.030000000000000071e+01 0.000000000000000000e+00
2.032000000000000028e+01 0.000000000000000000e+00
2.033999999999999986e+01 0.000000000000000000e+00
2.035999999999999943e+01 0.000000000000000000e+00
2.037999999999999901e+01 0.000000000000000000e+00
2.039999999999999858e+01 0.000000000000000000e+00
2.042000000000000171e+01 0.000000000000000000e+00
2.044000000000000128e+01 0.000000000000000000e+00
2.046000000000000085e+01 0.000000000000000000e+00
2.048000000000000043e+01 0.000000000000000000e+00
2.050000000000000000e+01 0.000000000000000000e+00
2.051999999999999957e+01 0.000000000000000000e+00
2.053999999999999915e+01 0.000000000000000000e+00
2.055999999999999872e+01 0.000000000000000000e+00
2.057999999999999829e+01 0.000000000000000000e+00
2.060000000000000142e+01 0.000000000000000000e+00
2.062000000000000099e+01 0.000000000000000000e+00
2.064000000000000057e+01 0.000000000000000000e+00
2.066000000000000014e+01 0.000000000000000000e+00
2.067999999999999972e+01 0.000000000000000000e+00
2.069999999999999929e+01 0.000000000000000000e+00
2.071999999999999886e+01 0.000000000000000000e+00
2.073999999999999844e+01 0.000000000000000000e+00
2.076000000000000156e+01 0.000000000000000000e+00
2.078000000000000114e+01 0.000000000000000000e+00
2.080000000000000071e+01 0.000000000000000000e+00
2.082000000000000028e+01 0.000000000000000000e+00
2.083999999999999986e+01 0.000000000000000000e+00
2.085999999999999943e+01 0.000000000000000000e+00
2.087999999999999901e+01 0.000000000000000000e+00
2.089999999999999858e+01 0.000000000000000000e+00
2.092000000000000171e+01 0.000000000000000000e+00
2.094000000000000128e+01 0.000000000000000000e+00
2.096000000000000085e+01 0.000000000000000000e+00
2.098000000000000043e+01 0.000000000000000000e+00
2.100000000000000000e+01 0.000000000000000000e+00
2.101999999999999957e+01 0.000000000000000000e+00
2.103999999999999915e+01 0.000000000000000000e+00
2.105999999999999872e+01 0.000000000000000000e+00
2.107999999999999829e+01 0.000000000000000000e+00
2.110000000000000142e+01 0.000000000000000000e+00
2.112000000000000099e+01 0.000000000000000000e+00
2.114000000000000057e+01 0.000000000000000000e+00
2.116000000000000014e+01 0.000000000000000000e+00
2.117999999999999972e+01 0.000000000000000000e+00
2.119999999999999929e+01 0.000000000000000000e+00
2.121999999999999886e+01 0.000000000000000000e+00
2.123999999999999844e+01 0.000000000000000000e+00
2.126000000000000156e+01 0.000000000000000000e+00
2.128000000000000114e+01 0.000000000000000000e+00
2.130000000000000071e+01 0.000000000000000000e+00
2.132000000000000028e+01 0.000000000000000000e+00
2.133999999999999986e+01 0.000000000000000000e+00
2.135999999999999943e+01 0.000000000000000000e+00
2.137999999999999901e+01 0.000000000000000000e+00
2.139999999999999858e+01 0.000000000000000000e+00
2.142000000000000171e+01 0.000000000000000000e+00
2.144000000000000128e+01 0.000000000000000000e+00
2.146000000000000085e+01 0.000000000000000000e+00
2.148000000000000043e+01 0.000000000000000000e+00
2.150000000000000000e+01 9.351900000000000230e-04
2.151999999999999957e+01 1.047149999999999947e-03
2.153999999999999915e+01 1.110150000000000069e-03
2.155999999999999872e+01 1.129079999999999971e-03
2.157999999999999829e+01 1.112380000000000053e-03
2.160000000000000142e+01 1.055909999999999965e-03
2.162000000000000099e+01 9.857970000000000621e-04
2.164000000000000057e+01 9.050100000000000375e-04
2.166000000000000014e+01 8.259100000000000122e-04
2.167999999999999972e+01 7.643800000000000507e-04
2.169999999999999929e+01 7.185229999999999916e-04
2.171999999999999886e+01 7.047299999999999832e-04
2.173999999999999844e+01 7.207099999999999488e-04
2.176000000000000156e+01 7.666700000000000034e-04
2.178000000000000114e+01 8.433909999999999758e-04
2.180000000000000071e+01 9.483900000000000186e-04
2.182000000000000028e+01 1.081080000000000105e-03
2.183999999999999986e+01 1.239890000000000003e-03
2.185999999999999943e+01 1.419689999999999928e-03
2.187999999999999901e+01 1.621330000000000037e-03
2.189999999999999858e+01 1.843379999999999932e-03
2.192000000000000171e+01 2.089609999999999992e-03
2.194000000000000128e+01 2.346759999999999818e-03
2.196000000000000085e+01 2.608259999999999832e-03
2.198000000000000043e+01 2.872060000000000064e-03
2.200000000000000000e+01 3.123369999999999879e-03
2.201999999999999957e+01 3.366500000000000135e-03
2.203999999999999915e+01 3.575769999999999817e-03
2.205999999999999872e+01 3.743540000000000062e-03
2.207999999999999829e+01 3.878219999999999931e-03
2.210000000000000142e+01 3.980430000000000079e-03
2.212000000000000099e+01 4.052179999999999845e-03
2.214000000000000057e+01 4.104820000000000343e-03
2.216000000000000014e+01 4.129960000000000228e-03
2.217999999999999972e+01 4.167670000000000055e-03
2.219999999999999929e+01 4.230620000000000040e-03
2.221999999999999886e+01 4.322870000000000358e-03
2.223999999999999844e+01 4.467959999999999987e-03
2.226000000000000156e+01 4.658520000000000195e-03
2.228000000000000114e+01 4.936209999999999903e-03
2.230000000000000071e+01 5.305859999999999917e-03
2.232000000000000028e+01 5.770240000000000265e-03
2.233999999999999986e+01 6.340450000000000079e-03
2.235999999999999943e+01 7.012649999999999613e-03
2.237999999999999901e+01 7.797649999999999720e-03
2.239999999999999858e+01 8.705869999999999234e-03
2.242000000000000171e+01 9.700310000000000182e-03
2.244000000000000128e+01 1.076200000000000073e-02
2.246000000000000085e+01 1.189130000000000048e-02
2.248000000000000043e+01 1.304620000000000085e-02
2.250000000000000000e+01 1.423300000000000086e-02
2.251999999999999957e+01 1.543390000000000040e-02
2.253999999999999915e+01 1.662109999999999976e-02
2.255999999999999872e+01 1.782009999999999844e-02
2.257999999999999829e+01 1.907379999999999839e-02
2.260000000000000142e+01 2.035729999999999831e-02
2.262000000000000099e+01 2.176600000000000062e-02
2.264000000000000057e+01 2.332909999999999845e-02
2.266000000000000014e+01 2.505840000000000151e-02
2.267999999999999972e+01 2.707330000000000153e-02
2.269999999999999929e+01 2.934579999999999828e-02
2.271999999999999886e+01 3.193839999999999874e-02
2.273999999999999844e+01 3.489040000000000197e-02
2.276000000000000156e+01 3.818529999999999841e-02
2.278000000000000114e+01 4.185439999999999994e-02
2.280000000000000071e+01 4.589150000000000174e-02
2.282000000000000028e+01 5.030479999999999674e-02
2.283999999999999986e+01 5.509959999999999858e-02
2.285999999999999943e+01 6.027289999999999731e-02
2.287999999999999901e+01 6.584629999999999650e-02
2.289999999999999858e+01 7.179629999999999346e-02
2.292000000000000171e+01 7.817599999999999549e-02
2.294000000000000128e+01 8.501499999999999335e-02
2.296000000000000085e+01 9.230030000000000179e-02
2.298000000000000043e+01 1.001819999999999933e-01
2.300000000000000000e+01 1.086239999999999983e-01
2.301999999999999957e+01 1.177269999999999983e-01
2.303999999999999915e+01 1.276670000000000027e-01
2.305999999999999872e+01 1.383810000000000040e-01
2.307999999999999829e+01 1.499999999999999944e-01
2.310000000000000142e+01 1.626070000000000015e-01
2.312000000000000099e+01 1.761399999999999910e-01
2.314000000000000057e+01 1.905870000000000064e-01
2.316000000000000014e+01 2.059950000000000114e-01
2.317999999999999972e+01 2.221960000000000046e-01
2.319999999999999929e+01 2.390780000000000127e-01
2.321999999999999886e+01 2.566899999999999737e-01
2.323999999999999844e+01 2.747470000000000190e-01
2.326000000000000156e+01 2.932379999999999987e-01
2.328000000000000114e+01 3.121059999999999945e-01
2.330000000000000071e+01 3.311390000000000167e-01
2.332000000000000028e+01 3.504050000000000220e-01
2.333999999999999986e+01 3.697529999999999983e-01
2.335999999999999943e+01 3.890859999999999874e-01
2.337999999999999901e+01 4.084499999999999797e-01
2.339999999999999858e+01 4.275920000000000276e-01
2.342000000000000171e+01 4.465540000000000065e-01
2.344000000000000128e+01 4.652189999999999936e-01
2.346000000000000085e+01 4.832980000000000054e-01
2.348000000000000043e+01 5.009050000000000447e-01
2.350000000000000000e+01 5.178009999999999557e-01
2.351999999999999957e+01 5.337749999999999995e-01
2.353999999999999915e+01 5.489270000000000538e-01
2.355999999999999872e+01 5.630730000000000457e-01
2.357999999999999829e+01 5.761330000000000062e-01
2.360000000000000142e+01 5.881729999999999459e-01
2.362000000000000099e+01 5.991889999999999716e-01
2.364000000000000057e+01 6.091429999999999900e-01
2.366000000000000014e+01 6.181470000000000020e-01
2.367999999999999972e+01 6.263140000000000374e-01
2.369999999999999929e+01 6.335819999999999785e-01
2.371999999999999886e+01 6.401329999999999520e-01
2.373999999999999844e+01 6.460660000000000291e-01
2.376000000000000156e+01 6.513349999999999973e-01
2.378000000000000114e+01 6.561019999999999630e-01
2.380000000000000071e+01 6.603930000000000078e-01
2.382000000000000028e+01 6.642069999999999919e-01
2.383999999999999986e+01 6.676509999999999945e-01
2.385999999999999943e+01 6.707039999999999669e-01
2.387999999999999901e+01 6.734050000000000313e-01
2.389999999999999858e+01 6.758229999999999515e-01
2.392000000000000171e+01 6.779199999999999671e-01
2.394000000000000128e+01 6.797800000000000509e-01
2.396000000000000085e+01 6.814660000000000162e-01
2.398000000000000043e+01 6.829429999999999668e-01
2.400000000000000000e+01 6.843050000000000521e-01
2.401999999999999957e+01 6.855980000000000407e-01
2.403999999999999915e+01 6.867950000000000443e-01
2.405999999999999872e+01 6.879469999999999752e-01
2.407999999999999829e+01 6.890720000000000178e-01
2.410000000000000142e+01 6.901530000000000165e-01
2.412000000000000099e+01 6.911890000000000533e-01
2.414000000000000057e+01 6.921840000000000215e-01
2.416000000000000014e+01 6.931319999999999704e-01
2.417999999999999972e+01 6.940190000000000525e-01
2.419999999999999929e+01 6.948389999999999844e-01
2.421999999999999886e+01 6.956120000000000081e-01
2.423999999999999844e+01 6.963519999999999710e-01
2.426000000000000156e+01 6.970480000000000009e-01
2.428000000000000114e+01 6.977259999999999573e-01
2.430000000000000071e+01 6.984050000000000535e-01
2.432000000000000028e+01 6.990730000000000555e-01
2.433999999999999986e+01 6.997579999999999911e-01
2.435999999999999943e+01 7.004850000000000243e-01
2.437999999999999901e+01 7.012429999999999497e-01
2.439999999999999858e+01 7.020309999999999606e-01
2.442000000000000171e+01 7.028520000000000323e-01
2.444000000000000128e+01 7.037029999999999674e-01
2.446000000000000085e+01 7.045810000000000128e-01
2.448000000000000043e+01 7.054869999999999752e-01
2.450000000000000000e+01 7.064209999999999656e-01
2.451999999999999957e+01 7.073530000000000095e-01
2.453999999999999915e+01 7.082749999999999879e-01
2.455999999999999872e+01 7.091939999999999911e-01
2.457999999999999829e+01 7.100859999999999950e-01
2.460000000000000142e+01 7.109480000000000244e-01
2.462000000000000099e+01 7.117809999999999970e-01
2.464000000000000057e+01 7.125620000000000287e-01
2.466000000000000014e+01 7.132819999999999716e-01
2.467999999999999972e+01 7.139489999999999448e-01
2.469999999999999929e+01 7.145590000000000552e-01
2.471999999999999886e+01 7.151089999999999947e-01
2.473999999999999844e+01 7.156019999999999603e-01
2.476000000000000156e+01 7.160410000000000386e-01
2.478000000000000114e+01 7.164230000000000320e-01
2.480000000000000071e+01 7.167510000000000270e-01
2.482000000000000028e+01 7.170349999999999779e-01
2.483999999999999986e+01 7.172760000000000247e-01
2.485999999999999943e+01 7.174739999999999451e-01
2.487999999999999901e+01 7.176280000000000436e-01
2.489999999999999858e+01 7.177390000000000159e-01
2.492000000000000171e+01 7.178080000000000016e-01
2.494000000000000128e+01 7.178379999999999761e-01
2.496000000000000085e+01 7.178290000000000504e-01
2.498000000000000043e+01 7.177810000000000024e-01
2.500000000000000000e+01 7.177090000000000414e-01
2.501999999999999957e+01 7.176120000000000276e-01
2.503999999999999915e+01 7.174880000000000146e-01
2.505999999999999872e+01 7.173690000000000344e-01
2.507999999999999829e+01 7.172690000000000454e-01
2.510000000000000142e+01 7.171750000000000069e-01
2.512000000000000099e+01 7.171070000000000499e-01
2.514000000000000057e+01 7.170779999999999932e-01
2.516000000000000014e+01 7.170830000000000259e-01
2.517999999999999972e+01 7.171119999999999717e-01
2.519999999999999929e+01 7.171659999999999702e-01
2.521999999999999886e+01 7.172530000000000294e-01
2.523999999999999844e+01 7.173429999999999529e-01
2.526000000000000156e+01 7.174099999999999921e-01
2.528000000000000114e+01 7.174660000000000482e-01
2.530000000000000071e+01 7.175049999999999484e-01
2.532000000000000028e+01 7.175139999999999851e-01
2.533999999999999986e+01 7.174880000000000146e-01
2.535999999999999943e+01 7.174439999999999706e-01
2.537999999999999901e+01 7.173979999999999801e-01
2.539999999999999858e+01 7.173359999999999737e-01
2.542000000000000171e+01 7.172730000000000494e-01
2.544000000000000128e+01 7.172399999999999887e-01
2.546000000000000085e+01 7.172389999999999599e-01
2.548000000000000043e+01 7.172640000000000127e-01
2.550000000000000000e+01 7.173209999999999864e-01
2.551999999999999957e+01 7.174160000000000537e-01
2.553999999999999915e+01 7.175449999999999884e-01
2.555999999999999872e+01 7.176919999999999966e-01
2.557999999999999829e+01 7.178489999999999593e-01
2.560000000000000142e+01 7.180250000000000243e-01
2.562000000000000099e+01 7.181999999999999496e-01
2.564000000000000057e+01 7.183559999999999945e-01
2.566000000000000014e+01 7.185040000000000315e-01
2.567999999999999972e+01 7.186360000000000525e-01
2.569999999999999929e+01 7.187430000000000208e-01
2.571999999999999886e+01 7.188269999999999937e-01
2.573999999999999844e+01 7.188879999999999715e-01
2.576000000000000156e+01 7.189149999999999707e-01
2.578000000000000114e+01 7.189170000000000282e-01
2.580000000000000071e+01 7.188890000000000002e-01
2.582000000000000028e+01 7.188080000000000025e-01
2.583999999999999986e+01 7.186669999999999447e-01
2.585999999999999943e+01 7.184810000000000363e-01
2.587999999999999901e+01 7.182129999999999903e-01
2.589999999999999858e+01 7.178309999999999969e-01
2.592000000000000171e+01 7.173589999999999689e-01
2.594000000000000128e+01 7.167750000000000510e-01
2.596000000000000085e+01 7.160469999999999891e-01
2.598000000000000043e+01 7.151779999999999804e-01
2.600000000000000000e+01 7.141729999999999468e-01
2.601999999999999957e+01 7.130210000000000159e-01
2.603999999999999915e+01 7.117109999999999825e-01
2.605999999999999872e+01 7.102490000000000192e-01
2.607999999999999829e+01 7.086590000000000389e-01
2.610000000000000142e+01 7.069530000000000536e-01
2.612000000000000099e+01 7.051039999999999530e-01
2.614000000000000057e+01 7.031589999999999785e-01
2.616000000000000014e+01 7.011760000000000215e-01
2.617999999999999972e+01 6.991209999999999924e-01
2.619999999999999929e+01 6.970169999999999977e-01
2.621999999999999886e+01 6.949440000000000062e-01
2.623999999999999844e+01 6.929279999999999884e-01
2.626000000000000156e+01 6.909309999999999619e-01
2.628000000000000114e+01 6.890159999999999618e-01
2.630000000000000071e+01 6.872390000000000443e-01
2.632000000000000028e+01 6.855689999999999840e-01
2.633999999999999986e+01 6.840169999999999861e-01
2.635999999999999943e+01 6.826100000000000501e-01
2.637999999999999901e+01 6.813569999999999904e-01
2.639999999999999858e+01 6.802439999999999598e-01
2.642000000000000171e+01 6.792599999999999749e-01
2.644000000000000128e+01 6.784059999999999535e-01
2.646000000000000085e+01 6.776940000000000186e-01
2.648000000000000043e+01 6.770909999999999984e-01
2.650000000000000000e+01 6.765619999999999967e-01
2.651999999999999957e+01 6.761390000000000455e-01
2.653999999999999915e+01 6.757969999999999811e-01
2.655999999999999872e+01 6.754710000000000436e-01
2.657999999999999829e+01 6.751380000000000159e-01
2.660000000000000142e+01 6.748429999999999707e-01
2.662000000000000099e+01 6.745060000000000500e-01
2.664000000000000057e+01 6.740429999999999477e-01
2.666000000000000014e+01 6.734980000000000411e-01
2.667999999999999972e+01 6.728539999999999521e-01
2.669999999999999929e+01 6.720380000000000242e-01
2.671999999999999886e+01 6.710059999999999913e-01
2.673999999999999844e+01 6.697910000000000252e-01
2.676000000000000156e+01 6.684090000000000309e-01
2.678000000000000114e+01 6.668690000000000451e-01
2.680000000000000071e+01 6.651120000000000365e-01
2.682000000000000028e+01 6.632040000000000157e-01
2.683999999999999986e+01 6.612670000000000492e-01
2.685999999999999943e+01 6.593379999999999797e-01
2.687999999999999901e+01 6.573320000000000274e-01
2.689999999999999858e+01 6.553930000000000033e-01
2.692000000000000171e+01 6.536739999999999773e-01
2.694000000000000128e+01 6.521350000000000202e-01
2.696000000000000085e+01 6.507619999999999516e-01
2.698000000000000043e+01 6.496269999999999545e-01
2.700000000000000000e+01 6.487920000000000353e-01
2.701999999999999957e+01 6.482350000000000056e-01
2.703999999999999915e+01 6.479110000000000147e-01
2.705999999999999872e+01 6.477739999999999609e-01
2.707999999999999829e+01 6.478540000000000409e-01
2.710000000000000142e+01 6.481459999999999999e-01
2.712000000000000099e+01 6.485600000000000254e-01
2.714000000000000057e+01 6.490270000000000206e-01
2.716000000000000014e+01 6.495990000000000375e-01
2.717999999999999972e+01 6.502489999999999659e-01
2.719999999999999929e+01 6.509220000000000006e-01
2.721999999999999886e+01 6.515999999999999570e-01
2.723999999999999844e+01 6.523120000000000029e-01
2.726000000000000156e+01 6.530289999999999706e-01
2.728000000000000114e+01 6.537199999999999678e-01
2.730000000000000071e+01 6.544020000000000392e-01
2.732000000000000028e+01 6.550709999999999589e-01
2.733999999999999986e+01 6.556980000000000031e-01
2.735999999999999943e+01 6.562620000000000120e-01
2.737999999999999901e+01 6.567790000000000017e-01
2.739999999999999858e+01 6.572449999999999681e-01
2.742000000000000171e+01 6.576469999999999816e-01
2.744000000000000128e+01 6.579730000000000301e-01
2.746000000000000085e+01 6.582270000000000065e-01
2.748000000000000043e+01 6.584330000000000460e-01
2.750000000000000000e+01 6.586189999999999545e-01
2.751999999999999957e+01 6.587640000000000162e-01
2.753999999999999915e+01 6.588739999999999597e-01
2.755999999999999872e+01 6.589920000000000222e-01
2.757999999999999829e+01 6.591529999999999889e-01
2.760000000000000142e+01 6.593290000000000539e-01
2.762000000000000099e+01 6.595330000000000359e-01
2.764000000000000057e+01 6.597899999999999876e-01
2.766000000000000014e+01 6.601209999999999578e-01
2.767999999999999972e+01 6.605109999999999593e-01
2.769999999999999929e+01 6.609580000000000455e-01
2.771999999999999886e+01 6.614609999999999657e-01
2.773999999999999844e+01 6.620279999999999498e-01
2.776000000000000156e+01 6.626579999999999693e-01
2.778000000000000114e+01 6.633320000000000327e-01
2.780000000000000071e+01 6.640289999999999804e-01
2.782000000000000028e+01 6.647610000000000463e-01
2.783999999999999986e+01 6.655280000000000085e-01
2.785999999999999943e+01 6.663050000000000361e-01
2.787999999999999901e+01 6.670709999999999695e-01
2.789999999999999858e+01 6.678370000000000140e-01
2.792000000000000171e+01 6.686039999999999761e-01
2.794000000000000128e+01 6.693590000000000373e-01
2.796000000000000085e+01 6.700930000000000497e-01
2.798000000000000043e+01 6.708070000000000421e-01
2.800000000000000000e+01 6.715090000000000225e-01
2.801999999999999957e+01 6.722029999999999950e-01
2.803999999999999915e+01 6.728899999999999881e-01
2.805999999999999872e+01 6.735630000000000228e-01
2.807999999999999829e+01 6.742320000000000535e-01
2.810000000000000142e+01 6.749089999999999812e-01
2.812000000000000099e+01 6.756010000000000071e-01
2.814000000000000057e+01 6.763010000000000410e-01
2.816000000000000014e+01 6.770080000000000542e-01
2.817999999999999972e+01 6.777229999999999643e-01
2.819999999999999929e+01 6.784499999999999975e-01
2.821999999999999886e+01 6.791880000000000139e-01
2.823999999999999844e+01 6.799300000000000344e-01
2.826000000000000156e+01 6.806699999999999973e-01
2.828000000000000114e+01 6.814149999999999929e-01
2.830000000000000071e+01 6.821669999999999678e-01
2.832000000000000028e+01 6.829060000000000130e-01
2.833999999999999986e+01 6.836160000000000014e-01
2.835999999999999943e+01 6.842989999999999906e-01
2.837999999999999901e+01 6.849629999999999885e-01
2.839999999999999858e+01 6.855940000000000367e-01
2.842000000000000171e+01 6.861770000000000369e-01
2.844000000000000128e+01 6.867159999999999931e-01
2.846000000000000085e+01 6.872160000000000490e-01
2.848000000000000043e+01 6.876679999999999460e-01
2.850000000000000000e+01 6.880629999999999802e-01
2.851999999999999957e+01 6.883920000000000039e-01
2.853999999999999915e+01 6.886649999999999716e-01
2.855999999999999872e+01 6.888950000000000351e-01
2.857999999999999829e+01 6.890960000000000418e-01
2.860000000000000142e+01 6.892570000000000086e-01
2.862000000000000099e+01 6.893780000000000463e-01
2.864000000000000057e+01 6.894820000000000393e-01
2.866000000000000014e+01 6.895890000000000075e-01
2.867999999999999972e+01 6.896919999999999717e-01
2.869999999999999929e+01 6.897849999999999815e-01
2.871999999999999886e+01 6.898859999999999992e-01
2.873999999999999844e+01 6.900119999999999587e-01
2.876000000000000156e+01 6.901709999999999789e-01
2.878000000000000114e+01 6.903519999999999657e-01
2.880000000000000071e+01 6.905449999999999644e-01
2.882000000000000028e+01 6.907410000000000494e-01
2.883999999999999986e+01 6.909469999999999779e-01
2.885999999999999943e+01 6.911659999999999471e-01
2.887999999999999901e+01 6.913799999999999946e-01
2.889999999999999858e+01 6.915679999999999605e-01
2.892000000000000171e+01 6.917330000000000423e-01
2.894000000000000128e+01 6.918900000000000050e-01
2.896000000000000085e+01 6.920140000000000180e-01
2.898000000000000043e+01 6.920770000000000532e-01
2.900000000000000000e+01 6.920730000000000492e-01
2.901999999999999957e+01 6.920290000000000052e-01
2.903999999999999915e+01 6.919170000000000043e-01
2.905999999999999872e+01 6.917100000000000470e-01
2.907999999999999829e+01 6.913939999999999531e-01
2.910000000000000142e+01 6.910079999999999556e-01
2.912000000000000099e+01 6.905179999999999652e-01
2.914000000000000057e+01 6.898809999999999665e-01
2.916000000000000014e+01 6.890650000000000386e-01
2.917999999999999972e+01 6.881169999999999787e-01
2.919999999999999929e+01 6.870150000000000423e-01
2.921999999999999886e+01 6.857180000000000497e-01
2.923999999999999844e+01 6.841899999999999649e-01
2.926000000000000156e+01 6.824500000000000011e-01
2.928000000000000114e+01 6.805060000000000553e-01
2.930000000000000071e+01 6.783439999999999470e-01
2.932000000000000028e+01 6.759509999999999685e-01
2.933999999999999986e+01 6.733059999999999601e-01
2.935999999999999943e+01 6.704219999999999624e-01
2.937999999999999901e+01 6.673400000000000443e-01
2.939999999999999858e+01 6.641000000000000236e-01
2.942000000000000171e+01 6.606929999999999747e-01
2.944000000000000128e+01 6.570740000000000469e-01
2.946000000000000085e+01 6.533200000000000118e-01
2.948000000000000043e+01 6.495149999999999535e-01
2.950000000000000000e+01 6.457110000000000349e-01
2.951999999999999957e+01 6.418089999999999629e-01
2.953999999999999915e+01 6.378690000000000193e-01
2.955999999999999872e+01 6.339810000000000167e-01
2.957999999999999829e+01 6.302309999999999857e-01
2.960000000000000142e+01 6.265600000000000058e-01
2.962000000000000099e+01 6.229620000000000157e-01
2.964000000000000057e+01 6.194830000000000059e-01
2.966000000000000014e+01 6.161710000000000242e-01
2.967999999999999972e+01 6.130449999999999511e-01
2.969999999999999929e+01 6.100759999999999517e-01
2.971999999999999886e+01 6.072480000000000100e-01
2.973999999999999844e+01 6.045479999999999743e-01
2.976000000000000156e+01 6.019780000000000131e-01
2.978000000000000114e+01 5.995770000000000266e-01
2.980000000000000071e+01 5.972939999999999916e-01
2.982000000000000028e+01 5.950720000000000454e-01
2.983999999999999986e+01 5.928569999999999673e-01
2.985999999999999943e+01 5.907050000000000356e-01
2.987999999999999901e+01 5.886090000000000488e-01
2.989999999999999858e+01 5.865080000000000293e-01
2.992000000000000171e+01 5.843409999999999993e-01
2.994000000000000128e+01 5.820889999999999675e-01
2.996000000000000085e+01 5.797959999999999781e-01
2.998000000000000043e+01 5.774500000000000188e-01
3.000000000000000000e+01 5.750359999999999916e-01
3.001999999999999957e+01 0.000000000000000000e+00
3.003999999999999915e+01 0.000000000000000000e+00
3.005999999999999872e+01 0.000000000000000000e+00
3.007999999999999829e+01 0.000000000000000000e+00
3.010000000000000142e+01 0.000000000000000000e+00
3.012000000000000099e+01 0.000000000000000000e+00
3.014000000000000057e+01 0.000000000000000000e+00
3.016000000000000014e+01 0.000000000000000000e+00
3.017999999999999972e+01 0.000000000000000000e+00
3.019999999999999929e+01 0.000000000000000000e+00
3.021999999999999886e+01 0.000000000000000000e+00
3.023999999999999844e+01 0.000000000000000000e+00
3.026000000000000156e+01 0.000000000000000000e+00
3.028000000000000114e+01 0.000000000000000000e+00
3.030000000000000071e+01 0.000000000000000000e+00
3.032000000000000028e+01 0.000000000000000000e+00
3.033999999999999986e+01 0.000000000000000000e+00
3.035999999999999943e+01 0.000000000000000000e+00
3.037999999999999901e+01 0.000000000000000000e+00
3.039999999999999858e+01 0.000000000000000000e+00
3.042000000000000171e+01 0.000000000000000000e+00
3.044000000000000128e+01 0.000000000000000000e+00
3.046000000000000085e+01 0.000000000000000000e+00
3.048000000000000043e+01 0.000000000000000000e+00
3.050000000000000000e+01 0.000000000000000000e+00
3.051999999999999957e+01 0.000000000000000000e+00
3.053999999999999915e+01 0.000000000000000000e+00
3.055999999999999872e+01 0.000000000000000000e+00
3.057999999999999829e+01 0.000000000000000000e+00
3.060000000000000142e+01 0.000000000000000000e+00
3.062000000000000099e+01 0.000000000000000000e+00
3.064000000000000057e+01 0.000000000000000000e+00
3.066000000000000014e+01 0.000000000000000000e+00
3.067999999999999972e+01 0.000000000000000000e+00
3.069999999999999929e+01 0.000000000000000000e+00
3.071999999999999886e+01 0.000000000000000000e+00
3.073999999999999844e+01 0.000000000000000000e+00
3.076000000000000156e+01 0.000000000000000000e+00
3.078000000000000114e+01 0.000000000000000000e+00
3.080000000000000071e+01 0.000000000000000000e+00
3.082000000000000028e+01 0.000000000000000000e+00
3.083999999999999986e+01 0.000000000000000000e+00
3.085999999999999943e+01 0.000000000000000000e+00
3.087999999999999901e+01 0.000000000000000000e+00
3.089999999999999858e+01 0.000000000000000000e+00
3.092000000000000171e+01 0.000000000000000000e+00
3.094000000000000128e+01 0.000000000000000000e+00
3.096000000000000085e+01 0.000000000000000000e+00
3.098000000000000043e+01 0.000000000000000000e+00
3.100000000000000000e+01 0.000000000000000000e+00
3.101999999999999957e+01 0.000000000000000000e+00
3.103999999999999915e+01 0.000000000000000000e+00
3.105999999999999872e+01 0.000000000000000000e+00
3.107999999999999829e+01 0.000000000000000000e+00
3.110000000000000142e+01 0.000000000000000000e+00
3.112000000000000099e+01 0.000000000000000000e+00
3.114000000000000057e+01 0.000000000000000000e+00
3.116000000000000014e+01 0.000000000000000000e+00
3.117999999999999972e+01 0.000000000000000000e+00
3.119999999999999929e+01 0.000000000000000000e+00
3.121999999999999886e+01 0.000000000000000000e+00
3.123999999999999844e+01 0.000000000000000000e+00
3.126000000000000156e+01 0.000000000000000000e+00
3.128000000000000114e+01 0.000000000000000000e+00
3.130000000000000071e+01 0.000000000000000000e+00
3.132000000000000028e+01 0.000000000000000000e+00
3.133999999999999986e+01 0.000000000000000000e+00
3.135999999999999943e+01 0.000000000000000000e+00
3.137999999999999901e+01 0.000000000000000000e+00
3.139999999999999858e+01 0.000000000000000000e+00
3.142000000000000171e+01 0.000000000000000000e+00
3.144000000000000128e+01 0.000000000000000000e+00
3.146000000000000085e+01 0.000000000000000000e+00
3.148000000000000043e+01 0.000000000000000000e+00
3.150000000000000000e+01 0.000000000000000000e+00
3.151999999999999957e+01 0.000000000000000000e+00
3.153999999999999915e+01 0.000000000000000000e+00
3.155999999999999872e+01 0.000000000000000000e+00
3.157999999999999829e+01 0.000000000000000000e+00
3.160000000000000142e+01 0.000000000000000000e+00
3.162000000000000099e+01 0.000000000000000000e+00
3.164000000000000057e+01 0.000000000000000000e+00
3.166000000000000014e+01 0.000000000000000000e+00
3.167999999999999972e+01 0.000000000000000000e+00
3.169999999999999929e+01 0.000000000000000000e+00
3.171999999999999886e+01 0.000000000000000000e+00
3.173999999999999844e+01 0.000000000000000000e+00
3.176000000000000156e+01 0.000000000000000000e+00
3.178000000000000114e+01 0.000000000000000000e+00
3.180000000000000071e+01 0.000000000000000000e+00
3.182000000000000028e+01 0.000000000000000000e+00
3.183999999999999986e+01 0.000000000000000000e+00
3.185999999999999943e+01 0.000000000000000000e+00
3.187999999999999901e+01 0.000000000000000000e+00
3.189999999999999858e+01 0.000000000000000000e+00
3.192000000000000171e+01 0.000000000000000000e+00
3.194000000000000128e+01 0.000000000000000000e+00
3.196000000000000085e+01 0.000000000000000000e+00
3.198000000000000043e+01 0.000000000000000000e+00
3.200000000000000000e+01 0.000000000000000000e+00
3.202000000000000313e+01 0.000000000000000000e+00
3.203999999999999915e+01 0.000000000000000000e+00
3.206000000000000227e+01 0.000000000000000000e+00
3.207999999999999829e+01 0.000000000000000000e+00
3.210000000000000142e+01 0.000000000000000000e+00
3.211999999999999744e+01 0.000000000000000000e+00
3.214000000000000057e+01 0.000000000000000000e+00
3.215999999999999659e+01 0.000000000000000000e+00
3.217999999999999972e+01 0.000000000000000000e+00
3.220000000000000284e+01 0.000000000000000000e+00
3.221999999999999886e+01 0.000000000000000000e+00
3.224000000000000199e+01 0.000000000000000000e+00
3.225999999999999801e+01 0.000000000000000000e+00
3.228000000000000114e+01 0.000000000000000000e+00
3.229999999999999716e+01 0.000000000000000000e+00
3.232000000000000028e+01 0.000000000000000000e+00
3.234000000000000341e+01 0.000000000000000000e+00
3.235999999999999943e+01 0.000000000000000000e+00
3.238000000000000256e+01 0.000000000000000000e+00
3.239999999999999858e+01 0.000000000000000000e+00
3.242000000000000171e+01 0.000000000000000000e+00
3.243999999999999773e+01 0.000000000000000000e+00
3.246000000000000085e+01 0.000000000000000000e+00
3.247999999999999687e+01 0.000000000000000000e+00
3.250000000000000000e+01 0.000000000000000000e+00
3.252000000000000313e+01 0.000000000000000000e+00
3.253999999999999915e+01 0.000000000000000000e+00
3.256000000000000227e+01 0.000000000000000000e+00
3.257999999999999829e+01 0.000000000000000000e+00
3.260000000000000142e+01 0.000000000000000000e+00
3.261999999999999744e+01 0.000000000000000000e+00
3.264000000000000057e+01 0.000000000000000000e+00
3.265999999999999659e+01 0.000000000000000000e+00
3.267999999999999972e+01 0.000000000000000000e+00
3.270000000000000284e+01 0.000000000000000000e+00
3.271999999999999886e+01 0.000000000000000000e+00
3.274000000000000199e+01 0.000000000000000000e+00
3.275999999999999801e+01 0.000000000000000000e+00
3.278000000000000114e+01 0.000000000000000000e+00
3.279999999999999716e+01 0.000000000000000000e+00
3.282000000000000028e+01 0.000000000000000000e+00
3.284000000000000341e+01 0.000000000000000000e+00
3.285999999999999943e+01 0.000000000000000000e+00
3.288000000000000256e+01 0.000000000000000000e+00
3.289999999999999858e+01 0.000000000000000000e+00
3.292000000000000171e+01 0.000000000000000000e+00
3.293999999999999773e+01 0.000000000000000000e+00
3.296000000000000085e+01 0.000000000000000000e+00
3.297999999999999687e+01 0.000000000000000000e+00
3.300000000000000000e+01 0.000000000000000000e+00
3.302000000000000313e+01 0.000000000000000000e+00
3.303999999999999915e+01 0.000000000000000000e+00
3.306000000000000227e+01 0.000000000000000000e+00
3.307999999999999829e+01 0.000000000000000000e+00
3.310000000000000142e+01 0.000000000000000000e+00
3.311999999999999744e+01 0.000000000000000000e+00
3.314000000000000057e+01 0.000000000000000000e+00
3.315999999999999659e+01 0.000000000000000000e+00
3.317999999999999972e+01 0.000000000000000000e+00
3.320000000000000284e+01 0.000000000000000000e+00
3.321999999999999886e+01 0.000000000000000000e+00
3.324000000000000199e+01 0.000000000000000000e+00
3.325999999999999801e+01 0.000000000000000000e+00
3.328000000000000114e+01 0.000000000000000000e+00
3.329999999999999716e+01 0.000000000000000000e+00
3.332000000000000028e+01 0.000000000000000000e+00
3.334000000000000341e+01 0.000000000000000000e+00
3.335999999999999943e+01 0.000000000000000000e+00
3.338000000000000256e+01 0.000000000000000000e+00
3.339999999999999858e+01 0.000000000000000000e+00
3.342000000000000171e+01 0.000000000000000000e+00
3.343999999999999773e+01 0.000000000000000000e+00
3.346000000000000085e+01 0.000000000000000000e+00
3.347999999999999687e+01 0.000000000000000000e+00
3.350000000000000000e+01 0.000000000000000000e+00
3.352000000000000313e+01 0.000000000000000000e+00
3.353999999999999915e+01 0.000000000000000000e+00
3.356000000000000227e+01 0.000000000000000000e+00
3.357999999999999829e+01 0.000000000000000000e+00
3.360000000000000142e+01 0.000000000000000000e+00
3.361999999999999744e+01 0.000000000000000000e+00
3.364000000000000057e+01 0.000000000000000000e+00
3.365999999999999659e+01 0.000000000000000000e+00
3.367999999999999972e+01 0.000000000000000000e+00
3.370000000000000284e+01 0.000000000000000000e+00
3.371999999999999886e+01 0.000000000000000000e+00
3.374000000000000199e+01 0.000000000000000000e+00
3.375999999999999801e+01 0.000000000000000000e+00
3.378000000000000114e+01 0.000000000000000000e+00
3.379999999999999716e+01 0.000000000000000000e+00
3.382000000000000028e+01 0.000000000000000000e+00
3.384000000000000341e+01 0.000000000000000000e+00
3.385999999999999943e+01 0.000000000000000000e+00
3.388000000000000256e+01 0.000000000000000000e+00
3.389999999999999858e+01 0.000000000000000000e+00
3.392000000000000171e+01 0.000000000000000000e+00
3.393999999999999773e+01 0.000000000000000000e+00
3.396000000000000085e+01 0.000000000000000000e+00
3.397999999999999687e+01 0.000000000000000000e+00
3.400000000000000000e+01 0.000000000000000000e+00
3.402000000000000313e+01 0.000000000000000000e+00
3.403999999999999915e+01 0.000000000000000000e+00
3.406000000000000227e+01 0.000000000000000000e+00
3.407999999999999829e+01 0.000000000000000000e+00
3.410000000000000142e+01 0.000000000000000000e+00
3.411999999999999744e+01 0.000000000000000000e+00
3.414000000000000057e+01 0.000000000000000000e+00
3.415999999999999659e+01 0.000000000000000000e+00
3.417999999999999972e+01 0.000000000000000000e+00
3.420000000000000284e+01 0.000000000000000000e+00
3.421999999999999886e+01 0.000000000000000000e+00
3.424000000000000199e+01 0.000000000000000000e+00
3.425999999999999801e+01 0.000000000000000000e+00
3.428000000000000114e+01 0.000000000000000000e+00
3.429999999999999716e+01 0.000000000000000000e+00
3.432000000000000028e+01 0.000000000000000000e+00
3.434000000000000341e+01 0.000000000000000000e+00
3.435999999999999943e+01 0.000000000000000000e+00
3.438000000000000256e+01 0.000000000000000000e+00
3.439999999999999858e+01 0.000000000000000000e+00
3.442000000000000171e+01 0.000000000000000000e+00
3.443999999999999773e+01 0.000000000000000000e+00
3.446000000000000085e+01 0.000000000000000000e+00
3.447999999999999687e+01 0.000000000000000000e+00
3.450000000000000000e+01 0.000000000000000000e+00
3.452000000000000313e+01 0.000000000000000000e+00
3.453999999999999915e+01 0.000000000000000000e+00
3.456000000000000227e+01 0.000000000000000000e+00
3.457999999999999829e+01 0.000000000000000000e+00
3.460000000000000142e+01 0.000000000000000000e+00
3.461999999999999744e+01 0.000000000000000000e+00
3.464000000000000057e+01 0.000000000000000000e+00
3.465999999999999659e+01 0.000000000000000000e+00
3.467999999999999972e+01 0.000000000000000000e+00
3.470000000000000284e+01 0.000000000000000000e+00
3.471999999999999886e+01 0.000000000000000000e+00
3.474000000000000199e+01 0.000000000000000000e+00
3.475999999999999801e+01 0.000000000000000000e+00
3.478000000000000114e+01 0.000000000000000000e+00
3.479999999999999716e+01 0.000000000000000000e+00
3.482000000000000028e+01 0.000000000000000000e+00
3.484000000000000341e+01 0.000000000000000000e+00
3.485999999999999943e+01 0.000000000000000000e+00
3.488000000000000256e+01 0.000000000000000000e+00
3.489999999999999858e+01 0.000000000000000000e+00
3.492000000000000171e+01 0.000000000000000000e+00
3.493999999999999773e+01 0.000000000000000000e+00
3.496000000000000085e+01 0.000000000000000000e+00
3.497999999999999687e+01 0.000000000000000000e+00
