1.900000000000000000e+01 4.052777053326980122e-04
1.901503006012023889e+01 3.825697395194537333e-04
1.903006012024048133e+01 3.611589235360183718e-04
1.904509018036072021e+01 3.448108651166846973e-04
1.906012024048096265e+01 3.371995364308322577e-04
1.907515030060120154e+01 3.421558449910830921e-04
1.909018036072144398e+01 3.561682226540256648e-04
1.910521042084168286e+01 3.773787541468551980e-04
1.912024048096192530e+01 4.040683465791200524e-04
1.913527054108216419e+01 4.336481300014797071e-04
1.915030060120240307e+01 4.616712416740414884e-04
1.916533066132264551e+01 4.868308059863406018e-04
1.918036072144288440e+01 5.079778871528068968e-04
1.919539078156312684e+01 5.249378468682266465e-04
1.921042084168336572e+01 5.390371555090297216e-04
1.922545090180360816e+01 5.531969977201050409e-04
1.924048096192384705e+01 5.698476895530959997e-04
1.925551102204408949e+01 5.913905224902038949e-04
1.927054108216432837e+01 6.219091112545036817e-04
1.928557114228457081e+01 6.607652079841426105e-04
1.930060120240480970e+01 7.078606670472053835e-04
1.931563126252504858e+01 7.687208764004147769e-04
1.933066132264529102e+01 8.376027089967401232e-04
1.934569138276552991e+01 9.140391258430031812e-04
1.936072144288577235e+01 9.976158570253073656e-04
1.937575150300601123e+01 1.083928375475033722e-03
1.939078156312625367e+01 1.170874829812052105e-03
1.940581162324649256e+01 1.255734433855843933e-03
1.942084168336673500e+01 1.336501736433178683e-03
1.943587174348697388e+01 1.410651639510998806e-03
1.945090180360721277e+01 1.475001777341176760e-03
1.946593186372745521e+01 1.530850541203591757e-03
1.948096192384769410e+01 1.578871277934799445e-03
1.949599198396793653e+01 1.619872703989684755e-03
1.951102204408817542e+01 1.654684200440892632e-03
1.952605210420841786e+01 1.686290722383350848e-03
1.954108216432865675e+01 1.716939936893052731e-03
1.955611222444889918e+01 1.752842152249381620e-03
1.957114228456913807e+01 1.799955548855282621e-03
1.958617234468938051e+01 1.859300596870220711e-03
1.960120240480961940e+01 1.932327331902912232e-03
1.961623246492985828e+01 2.025593459170773030e-03
1.963126252505010072e+01 2.147204567409636850e-03
1.964629258517033961e+01 2.296718915341654146e-03
1.966132264529058205e+01 2.475657724338402657e-03
1.967635270541082093e+01 2.694888382693131842e-03
1.969138276553106337e+01 2.947770172602115924e-03
1.970641282565130226e+01 3.229814186095126410e-03
1.972144288577154470e+01 3.540726497860537201e-03
1.973647294589178358e+01 3.891538526599362582e-03
1.975150300601202247e+01 4.253014162658428667e-03
1.976653306613226491e+01 4.623005094212544359e-03
1.978156312625250379e+01 4.999340223086090086e-03
1.979659318637274623e+01 5.371496204856105079e-03
1.981162324649298512e+01 5.740757995761494072e-03
1.982665330661322756e+01 6.099853523965378596e-03
1.984168336673346644e+01 6.445836166550250081e-03
1.985671342685370888e+01 6.780811980628637624e-03
1.987174348697394777e+01 7.122635018083771884e-03
1.988677354709418665e+01 7.472373091926044070e-03
1.990180360721442909e+01 7.832942987384846484e-03
1.991683366733466798e+01 8.219032589699909810e-03
1.993186372745491042e+01 8.637809734326401534e-03
1.994689378757514930e+01 9.096469832206969391e-03
1.996192384769539174e+01 9.600426624712048163e-03
1.997695390781563063e+01 1.016314814458569964e-02
1.999198396793587307e+01 1.078554363682383659e-02
2.000701402805611195e+01 1.147645950549189969e-02
2.002204408817635084e+01 1.224368176301737950e-02
2.003707414829659328e+01 1.309212316139619220e-02
2.005210420841683217e+01 1.402063306012316449e-02
2.006713426853707460e+01 1.501825482833068180e-02
2.008216432865731349e+01 1.608800917291411739e-02
2.009719438877755593e+01 1.725897846829696144e-02
2.011222444889779482e+01 1.853654519365086767e-02
2.012725450901803725e+01 1.990870323815588372e-02
2.014228456913827614e+01 2.138019104351445918e-02
2.015731462925851858e+01 2.298618135420574596e-02
2.017234468937875747e+01 2.473109415148442083e-02
2.018737474949899635e+01 2.659688948953405768e-02
2.020240480961923879e+01 2.858649748662210263e-02
2.021743486973947768e+01 3.073161778705627012e-02
2.023246492985972012e+01 3.303690178671158523e-02
2.024749498997995900e+01 3.546891129548536414e-02
2.026252505010020144e+01 3.802650538115846801e-02
2.027755511022044033e+01 4.073879030337285156e-02
2.029258517034068277e+01 4.360089496773184026e-02
2.030761523046092165e+01 4.657978747371617489e-02
2.032264529058116409e+01 4.967385670613284204e-02
2.033767535070140298e+01 5.290706412519246421e-02
2.035270541082164186e+01 5.627751097282481657e-02
2.036773547094188430e+01 5.975904356016234487e-02
2.038276553106212319e+01 6.335241088637739992e-02
2.039779559118236563e+01 6.708178558464551744e-02
2.041282565130260451e+01 7.094922272910655914e-02
2.042785571142284695e+01 7.492699209050061870e-02
2.044288577154308584e+01 7.901272389240052152e-02
2.045791583166332828e+01 8.321951120416791470e-02
2.047294589178356716e+01 8.753967007094073938e-02
2.048797595190380605e+01 9.193945498659289450e-02
2.050300601202404849e+01 9.639799496326136030e-02
2.051803607214428737e+01 1.008718518886633636e-01
2.053306613226452981e+01 1.053855923562022068e-01
2.054809619238476870e+01 1.098889802698511109e-01
2.056312625250501114e+01 1.143718661546865301e-01
2.057815631262525002e+01 1.188299251591562189e-01
2.059318637274549246e+01 1.231928282851289663e-01
2.060821643286573135e+01 1.274865859003099233e-01
2.062324649298597024e+01 1.317011507737415044e-01
2.063827655310621267e+01 1.357962851086753908e-01
2.065330661322645156e+01 1.397574734080211101e-01
2.066833667334669400e+01 1.436112605091264260e-01
2.068336673346693289e+01 1.473559560401040969e-01
2.069839679358717532e+01 1.509731889065757393e-01
2.071342685370741421e+01 1.544470332659178546e-01
2.072845691382765665e+01 1.578147958038828569e-01
2.074348697394789554e+01 1.610765387394565706e-01
2.075851703406813442e+01 1.642161986484441116e-01
2.077354709418837686e+01 1.672172027127462601e-01
2.078857715430861575e+01 1.701079845749417785e-01
2.080360721442885819e+01 1.728862912739326241e-01
2.081863727454909707e+01 1.755348528052979029e-01
2.083366733466933951e+01 1.780220987687267664e-01
2.084869739478957840e+01 1.803862992732907233e-01
2.086372745490982084e+01 1.826273427464281673e-01
2.087875751503005972e+01 1.847311044806681235e-01
2.089378757515030216e+01 1.866596254305815938e-01
2.090881763527054105e+01 1.884657004024267446e-01
2.092384769539077993e+01 1.901548443540284350e-01
2.093887775551102237e+01 1.917225650833100370e-01
2.095390781563126126e+01 1.931388774614410664e-01
2.096893787575150370e+01 1.944620897870120158e-01
2.098396793587174258e+01 1.956933712965015226e-01
2.099899799599198502e+01 1.968220659005291140e-01
2.101402805611222391e+01 1.980406688472558518e-01
2.102905811623246635e+01 1.992055156588527776e-01
2.104408817635270523e+01 2.003084073715027114e-01
2.105911823647294767e+01 2.013518697127742452e-01
2.107414829659318656e+01 2.023208082876212788e-01
2.108917835671342544e+01 2.032450893207187193e-01
2.110420841683366788e+01 2.041283953949021568e-01
2.111923847695390677e+01 2.049719576918339614e-01
2.113426853707414921e+01 2.057630749379159296e-01
2.114929859719438809e+01 2.065217642654142982e-01
2.116432865731463053e+01 2.072485774444828566e-01
2.117935871743486942e+01 2.079417370200965509e-01
2.119438877755511186e+01 2.085986429110120444e-01
2.120941883767535074e+01 2.092298185237230213e-01
2.122444889779558963e+01 2.098387724473821936e-01
2.123947895791583207e+01 2.104290658301451455e-01
2.125450901803607096e+01 2.109908802462522326e-01
2.126953907815631339e+01 2.115451181877706921e-01
2.128456913827655228e+01 2.120933296857326900e-01
2.129959919839679472e+01 2.126363766210854489e-01
2.131462925851703361e+01 2.131798891060207868e-01
2.132965931863727604e+01 2.137310372463603336e-01
2.134468937875751493e+01 2.142885276709038112e-01
2.135971943887775382e+01 2.148506353407802494e-01
2.137474949899799626e+01 2.154201943365085525e-01
2.138977955911823514e+01 2.159940169167773039e-01
2.140480961923847758e+01 2.165659538630976821e-01
2.141983967935871647e+01 2.171291431551549689e-01
2.143486973947895891e+01 2.176825043892394451e-01
2.144989979959919779e+01 2.182151818125069032e-01
2.146492985971944023e+01 2.187249900847990924e-01
2.147995991983967912e+01 2.192097863862113027e-01
2.149498997995991800e+01 2.196565867351289725e-01
2.151002004008016044e+01 2.198002048015088306e-01
2.152505010020039933e+01 2.197787374889645651e-01
2.154008016032064177e+01 2.197307294541507305e-01
2.155511022044088065e+01 2.196509079051297275e-01
2.157014028056112309e+01 2.195488856188444471e-01
2.158517034068136198e+01 2.194347711897319531e-01
2.160020040080160442e+01 2.193178972132244220e-01
2.161523046092184330e+01 2.191939829052318434e-01
2.163026052104208219e+01 2.190786514091320747e-01
2.164529058116232463e+01 2.189745587300889473e-01
2.166032064128256351e+01 2.188842883045425680e-01
2.167535070140280595e+01 2.188162326970056470e-01
2.169038076152304484e+01 2.187719833357472943e-01
2.170541082164328728e+01 2.187492282381761632e-01
2.172044088176352616e+01 2.187464048569592867e-01
2.173547094188376860e+01 2.187659198708015451e-01
2.175050100200400749e+01 2.188025927235434653e-01
2.176553106212424993e+01 2.188512353214210893e-01
2.178056112224448881e+01 2.189081388240972370e-01
2.179559118236473125e+01 2.189754961569323755e-01
2.181062124248497014e+01 2.190472889423427938e-01
2.182565130260520903e+01 2.191196319271486725e-01
2.184068136272545146e+01 2.191898101711414470e-01
2.185571142284569035e+01 2.192593075773358879e-01
2.187074148296593279e+01 2.193279017321322355e-01
2.188577154308617168e+01 2.193958168864978964e-01
2.190080160320641411e+01 2.194630876453147472e-01
2.191583166332665300e+01 2.195279072237078799e-01
2.193086172344689544e+01 2.195916525090759186e-01
2.194589178356713433e+01 2.196533766606562632e-01
2.196092184368737321e+01 2.197121669272069922e-01
2.197595190380761565e+01 2.197641430492702497e-01
2.199098196392785454e+01 2.198111188654809367e-01
2.200601202404809698e+01 2.198837829648546405e-01
2.202104208416833586e+01 2.199966149502534662e-01
2.203607214428857830e+01 2.200930650806250388e-01
2.205110220440881719e+01 2.201758185918535338e-01
2.206613226452905963e+01 2.202447333025989717e-01
2.208116232464929851e+01 2.202991542925454571e-01
2.209619238476953740e+01 2.203362914044895426e-01
2.211122244488977984e+01 2.203627576481001493e-01
2.212625250501001872e+01 2.203791752276083038e-01
2.214128256513026116e+01 2.203859915169115169e-01
2.215631262525050005e+01 2.203865956855101671e-01
2.217134268537074249e+01 2.203847165760784432e-01
2.218637274549098137e+01 2.203798428675967092e-01
2.220140280561122381e+01 2.203717579318549558e-01
2.221643286573146270e+01 2.203613326639787817e-01
2.223146292585170158e+01 2.203480485006254208e-01
2.224649298597194402e+01 2.203292333371563994e-01
2.226152304609218291e+01 2.203033958925291746e-01
2.227655310621242535e+01 2.202693823286451247e-01
2.229158316633266423e+01 2.202229728964001931e-01
2.230661322645290667e+01 2.201631385485555426e-01
2.232164328657314556e+01 2.200886255587213292e-01
2.233667334669338800e+01 2.199954552899541227e-01
2.235170340681362688e+01 2.198812716940225787e-01
2.236673346693386577e+01 2.197487269747277761e-01
2.238176352705410821e+01 2.195978959323222901e-01
2.239679358717434710e+01 2.194243062745238615e-01
2.241182364729458953e+01 2.192293526359062050e-01
2.242685370741482842e+01 2.190171959103415222e-01
2.244188376753507086e+01 2.187891090760319956e-01
2.245691382765530975e+01 2.185448237918185821e-01
2.247194388777555218e+01 2.182839900989050896e-01
2.248697394789579107e+01 2.180132304331607040e-01
2.250200400801602996e+01 2.177118963841772059e-01
2.251703406813627240e+01 2.172544694269099019e-01
2.253206412825651483e+01 2.167910064190190222e-01
2.254709418837675372e+01 2.163268727816888837e-01
2.256212424849699261e+01 2.158636569881811074e-01
2.257715430861723505e+01 2.154005376907918157e-01
2.259218436873747393e+01 2.149407217193151087e-01
2.260721442885771637e+01 2.144852622487749272e-01
2.262224448897795526e+01 2.140344834163949439e-01
2.263727454909819770e+01 2.135882916217065886e-01
2.265230460921843658e+01 2.131468966813435395e-01
2.266733466933867902e+01 2.127096083440990215e-01
2.268236472945891791e+01 2.122761321761638675e-01
2.269739478957915679e+01 2.118459974783526156e-01
2.271242484969939923e+01 2.114174355725195742e-01
2.272745490981963812e+01 2.109907946909963528e-01
2.274248496993988056e+01 2.105661551387353614e-01
2.275751503006011944e+01 2.101434689338495532e-01
2.277254509018036188e+01 2.097210168897394311e-01
2.278757515030060077e+01 2.093020550684950853e-01
2.280260521042084321e+01 2.088879445990819705e-01
2.281763527054108209e+01 2.084808281443146227e-01
2.283266533066132098e+01 2.080810046688305326e-01
2.284769539078156342e+01 2.076935476272100956e-01
2.286272545090180230e+01 2.073199670751927626e-01
2.287775551102204474e+01 2.069617468722669551e-01
2.289278557114228363e+01 2.066253989199370866e-01
2.290781563126252607e+01 2.063117919662081912e-01
2.292284569138276495e+01 2.060217590355124806e-01
2.293787575150300739e+01 2.057580574846741006e-01
2.295290581162324628e+01 2.055256406285808912e-01
2.296793587174348517e+01 2.053199254616616676e-01
2.298296593186372760e+01 2.051403565104242543e-01
2.299799599198396649e+01 2.049888770974722385e-01
2.301302605210420893e+01 2.047524508822513023e-01
2.302805611222444782e+01 2.045201230522392111e-01
2.304308617234469025e+01 2.043058198907286571e-01
2.305811623246492914e+01 2.041039010620394334e-01
2.307314629258517158e+01 2.039081763768823274e-01
2.308817635270541047e+01 2.037186332877498618e-01
2.310320641282564935e+01 2.035320449698544421e-01
2.311823647294589179e+01 2.033400767533763420e-01
2.313326653306613423e+01 2.031411797661742680e-01
2.314829659318637312e+01 2.029375534082969168e-01
2.316332665330661200e+01 2.027284688551803660e-01
2.317835671342685444e+01 2.025110650429720605e-01
2.319338677354709333e+01 2.022840516678280909e-01
2.320841683366733577e+01 2.020535739739785230e-01
2.322344689378757465e+01 2.018207429231052008e-01
2.323847695390781354e+01 2.015860432318467566e-01
2.325350701402805598e+01 2.013492307199172549e-01
2.326853707414829842e+01 2.011144832035842434e-01
2.328356713426853730e+01 2.008825025419871679e-01
2.329859719438877619e+01 2.006538135339089313e-01
2.331362725450901863e+01 2.004277075552086951e-01
2.332865731462925751e+01 2.002033979908662553e-01
2.334368737474949995e+01 1.999809799644532704e-01
2.335871743486973884e+01 1.997609384449557657e-01
2.337374749498997772e+01 1.995393091082058867e-01
2.338877755511022016e+01 1.993152833487560061e-01
2.340380761523046260e+01 1.990888152061413841e-01
2.341883767535070149e+01 1.988598779840965447e-01
2.343386773547094037e+01 1.986244351019717524e-01
2.344889779559118281e+01 1.983836909123377068e-01
2.346392785571142170e+01 1.981378837428307560e-01
2.347895791583166414e+01 1.978870294166135690e-01
2.349398797595190302e+01 1.976303230047732062e-01
2.350901803607214191e+01 1.975053648460300126e-01
2.352404809619238435e+01 1.974673199760632325e-01
2.353907815631262679e+01 1.974257761005873690e-01
2.355410821643286567e+01 1.973815604912731170e-01
2.356913827655310456e+01 1.973349043338789577e-01
2.358416833667334700e+01 1.972852896231424569e-01
2.359919839679358589e+01 1.972317749000288833e-01
2.361422845691382832e+01 1.971743837243588038e-01
2.362925851703406721e+01 1.971131948941135248e-01
2.364428857715430965e+01 1.970466770333929030e-01
2.365931863727454854e+01 1.969724036990821714e-01
2.367434869739479097e+01 1.968894163948612386e-01
2.368937875751502986e+01 1.967984758248123578e-01
2.370440881763526875e+01 1.966981008320797530e-01
2.371943887775551119e+01 1.965859424763116980e-01
2.373446893787575007e+01 1.964589775633022450e-01
2.374949899799599251e+01 1.963217402797041988e-01
2.376452905811623140e+01 1.961738681134414242e-01
2.377955911823647384e+01 1.960144279889986518e-01
2.379458917835671272e+01 1.958395359455552542e-01
2.380961923847695516e+01 1.956568526443144551e-01
2.382464929859719405e+01 1.954665860732086591e-01
2.383967935871743293e+01 1.952685834570284107e-01
2.385470941883767537e+01 1.950604182952886956e-01
2.386973947895791781e+01 1.948494237053684797e-01
2.388476953907815670e+01 1.946359382639129554e-01
2.389979959919839558e+01 1.944201401282095454e-01
2.391482965931863802e+01 1.942005396131120665e-01
2.392985971943887691e+01 1.939800500087671131e-01
2.394488977955911935e+01 1.937590464205348195e-01
2.395991983967935823e+01 1.935378869302689930e-01
2.397494989979959712e+01 1.933124941674381481e-01
2.398997995991983956e+01 1.930818078395011850e-01
2.400501002004008200e+01 1.927380921668671587e-01
2.402004008016032088e+01 1.921739084704785772e-01
2.403507014028055977e+01 1.916003697569514108e-01
2.405010020040080221e+01 1.910182724576396374e-01
2.406513026052104109e+01 1.904282797087311907e-01
2.408016032064128353e+01 1.898309953081466495e-01
2.409519038076152242e+01 1.892230625310293568e-01
2.411022044088176131e+01 1.886076935233527707e-01
2.412525050100200374e+01 1.879852169715208188e-01
2.414028056112224618e+01 1.873559138747637465e-01
2.415531062124248507e+01 1.867211170029351441e-01
2.417034068136272396e+01 1.860848740716737060e-01
2.418537074148296639e+01 1.854464694347315590e-01
2.420040080160320528e+01 1.848051824337022253e-01
2.421543086172344772e+01 1.841576045098806680e-01
2.423046092184368661e+01 1.835071123754895561e-01
2.424549098196392549e+01 1.828530768386400218e-01
2.426052104208416793e+01 1.821946313578010346e-01
2.427555110220441037e+01 1.815233712646375508e-01
2.429058116232464926e+01 1.808466545981234908e-01
2.430561122244488814e+01 1.801621796380073748e-01
2.432064128256513058e+01 1.794673035945210660e-01
2.433567134268536947e+01 1.787447064590193258e-01
2.435070140280561191e+01 1.780060846717184952e-01
2.436573146292585079e+01 1.772497516061942724e-01
2.438076152304609323e+01 1.764730283361104213e-01
2.439579158316633212e+01 1.756553794169767868e-01
2.441082164328657456e+01 1.748144235287763248e-01
2.442585170340681344e+01 1.739460371269116734e-01
2.444088176352705233e+01 1.730448541382112182e-01
2.445591182364729477e+01 1.720791193981027478e-01
2.447094188376753365e+01 1.710731841023974686e-01
2.448597194388777609e+01 1.700242838390213229e-01
2.450100200400801498e+01 1.689198046209343940e-01
2.451603206412825742e+01 1.676305021051682220e-01
2.453106212424849630e+01 1.662856322707223777e-01
2.454609218436873874e+01 1.648842414305873583e-01
2.456112224448897763e+01 1.634209501234665518e-01
2.457615230460921651e+01 1.618549337657223808e-01
2.459118236472945895e+01 1.602157616075799151e-01
2.460621242484970139e+01 1.585086629992558394e-01
2.462124248496994028e+01 1.567312995216330329e-01
2.463627254509017916e+01 1.548470669969428670e-01
2.465130260521042160e+01 1.528824921728018371e-01
2.466633266533066049e+01 1.508463964543249602e-01
2.468136272545090293e+01 1.487379775133914617e-01
2.469639278557114181e+01 1.465241272876422196e-01
2.471142284569138070e+01 1.442263355823509285e-01
2.472645290581162314e+01 1.418581001712080902e-01
2.474148296593186558e+01 1.394211056851704655e-01
2.475651302605210446e+01 1.368895282238984379e-01
2.477154308617234335e+01 1.342776085260028729e-01
2.478657314629258579e+01 1.316032131370650782e-01
2.480160320641282468e+01 1.288707010155049626e-01
2.481663326653306711e+01 1.260635433681129569e-01
2.483166332665330600e+01 1.231860280318600315e-01
2.484669338677354489e+01 1.202617316370209188e-01
2.486172344689378733e+01 1.172993776411601352e-01
2.487675350701402976e+01 1.142985820841042333e-01
2.489178356713426865e+01 1.112510997919312211e-01
2.490681362725450754e+01 1.081815050875938461e-01
2.492184368737474998e+01 1.051016349350820250e-01
2.493687374749498886e+01 1.020292293506742110e-01
2.495190380761523130e+01 9.894815236762614929e-02
2.496693386773547019e+01 9.587500646638054402e-02
2.498196392785570907e+01 9.282059535174443099e-02
2.499699398797595151e+01 8.981288523670752366e-02
2.501202404809619395e+01 8.684572846526970868e-02
2.502705410821643284e+01 8.391472379428353834e-02
2.504208416833667172e+01 8.102249954113452390e-02
2.505711422845691416e+01 7.818928449195644559e-02
2.507214428857715305e+01 7.541444409048911335e-02
2.508717434869739549e+01 7.268618306581563215e-02
2.510220440881763437e+01 7.000172838268016451e-02
2.511723446893787681e+01 6.736491162307529923e-02
2.513226452905811570e+01 6.477639386660927201e-02
2.514729458917835814e+01 6.222845127892851630e-02
2.516232464929859702e+01 5.971833152884026968e-02
2.517735470941883591e+01 5.724371698967928301e-02
2.519238476953907835e+01 5.479723120492648730e-02
2.520741482965931723e+01 5.238011021595104233e-02
2.522244488977955967e+01 4.999554295974072138e-02
2.523747494989979856e+01 4.765545880935001533e-02
2.525250501002004100e+01 4.535583709308830397e-02
2.526753507014027988e+01 4.309110994176891529e-02
2.528256513026052232e+01 4.086692890354106517e-02
2.529759519038076121e+01 3.871073741764771703e-02
2.531262525050100010e+01 3.663709747579661086e-02
2.532765531062124253e+01 3.462324466558091424e-02
2.534268537074148142e+01 3.267069332191488429e-02
2.535771543086172386e+01 3.080512773179469241e-02
2.537274549098196275e+01 2.904721026261434733e-02
2.538777555110220518e+01 2.737091281848894747e-02
2.540280561122244407e+01 2.577342701053297533e-02
2.541783567134268651e+01 2.426667833297183399e-02
2.543286573146292540e+01 2.285434664446257119e-02
2.544789579158316428e+01 2.152070467695316527e-02
2.546292585170340672e+01 2.026304747811279172e-02
2.547795591182364916e+01 1.908571428156348448e-02
2.549298597194388805e+01 1.797706944795016484e-02
2.550801603206412693e+01 1.692585464627603328e-02
2.552304609218436937e+01 1.593145310446186444e-02
2.553807615230460826e+01 1.500048936925035305e-02
2.555310621242485070e+01 1.412314651582759033e-02
2.556813627254508958e+01 1.328596603964835900e-02
2.558316633266532847e+01 1.248903549713811616e-02
2.559819639278557091e+01 1.174052502253240121e-02
2.561322645290581335e+01 1.104027618540274688e-02
2.562825651302605223e+01 1.037586903134445071e-02
2.564328657314629112e+01 9.747047648502059347e-03
2.565831663326653356e+01 9.159712255685044727e-03
2.567334669338677244e+01 8.616627684702227175e-03
2.568837675350701488e+01 8.106818428277540178e-03
2.570340681362725377e+01 7.630312461932255673e-03
2.571843687374749265e+01 7.192491422123387101e-03
2.573346693386773509e+01 6.794055649888925026e-03
2.574849699398797753e+01 6.422342287859213183e-03
2.576352705410821642e+01 6.077719410263640425e-03
2.577855711422845530e+01 5.765955087031118982e-03
2.579358717434869774e+01 5.486858551611148958e-03
2.580861723446893663e+01 5.225394564703458866e-03
2.582364729458917907e+01 4.980018613766973995e-03
2.583867735470941795e+01 4.751978622240957129e-03
2.585370741482965684e+01 4.546619210186596434e-03
2.586873747494989928e+01 4.352494899868371812e-03
2.588376753507014172e+01 4.167185559765790477e-03
2.589879759519038060e+01 3.988773579324081907e-03
2.591382765531061949e+01 3.822980688257029188e-03
2.592885771543086193e+01 3.663814017223235905e-03
2.594388777555110082e+01 3.509458468926948942e-03
2.595891783567134325e+01 3.357856141242245105e-03
2.597394789579158214e+01 3.210058595085306995e-03
2.598897795591182458e+01 3.066209361421347573e-03
2.600400801603206347e+01 2.925919463334297928e-03
2.601903807615230590e+01 2.788739880873641972e-03
2.603406813627254479e+01 2.657465650921990701e-03
2.604909819639278368e+01 2.530572115630165195e-03
2.606412825651302612e+01 2.408020697983645139e-03
2.607915831663326500e+01 2.290064059640791079e-03
2.609418837675350744e+01 2.177350803093862884e-03
2.610921843687374633e+01 2.068357219723699573e-03
2.612424849699398877e+01 1.963525967611913156e-03
2.613927855711422765e+01 1.863771692600347477e-03
2.615430861723447009e+01 1.772109697552570187e-03
2.616933867735470898e+01 1.686065751335648040e-03
2.618436873747494786e+01 1.605443385060829377e-03
2.619939879759519030e+01 1.530303030882891949e-03
2.621442885771543274e+01 1.462295621794771011e-03
2.622945891783567163e+01 1.399092518169519879e-03
2.624448897795591051e+01 1.340640900566955574e-03
2.625951903807615295e+01 1.287113279358531853e-03
2.627454909819639184e+01 1.241388874217141556e-03
2.628957915831663428e+01 1.201984978945106093e-03
2.630460921843687316e+01 1.168906939346156786e-03
2.631963927855711205e+01 1.142340462867679233e-03
2.633466933867735449e+01 1.122747140602264318e-03
2.634969939879759693e+01 1.106535543337055756e-03
2.636472945891783581e+01 1.093869509543938644e-03
2.637975951903807470e+01 1.085081034320552803e-03
2.639478957915831714e+01 1.081436838557307215e-03
2.640981963927855602e+01 1.079651624496932080e-03
2.642484969939879846e+01 1.079416330792778511e-03
2.643987975951903735e+01 1.080464948789127723e-03
2.645490981963927624e+01 1.085362550150634989e-03
2.646993987975951867e+01 1.090122764655603819e-03
2.648496993987976111e+01 1.093319467502589307e-03
2.650000000000000000e+01 1.093559583279152649e-03
