8.609999999999999432e+00 1.630860000000000035e-03
8.626870000000000260e+00 1.630860000000000035e-03
8.643739999999999313e+00 1.630860000000000035e-03
8.660610000000000142e+00 1.630860000000000035e-03
8.677469999999999573e+00 1.630860000000000035e-03
8.694340000000000401e+00 1.630860000000000035e-03
8.711209999999999454e+00 1.630860000000000035e-03
8.728080000000000283e+00 1.630860000000000035e-03
8.744949999999999335e+00 1.630860000000000035e-03
8.761820000000000164e+00 1.630860000000000035e-03
8.778689999999999216e+00 1.630860000000000035e-03
8.795560000000000045e+00 1.630860000000000035e-03
8.812419999999999476e+00 1.630860000000000035e-03
8.829290000000000305e+00 1.630860000000000035e-03
8.846159999999999357e+00 1.630860000000000035e-03
8.863030000000000186e+00 1.630860000000000035e-03
8.879899999999999238e+00 1.630860000000000035e-03
8.896770000000000067e+00 1.630860000000000035e-03
8.913639999999999119e+00 1.630860000000000035e-03
8.930509999999999948e+00 1.630860000000000035e-03
8.947369999999999379e+00 1.630860000000000035e-03
8.964240000000000208e+00 1.630860000000000035e-03
8.981109999999999260e+00 1.630860000000000035e-03
8.997980000000000089e+00 1.630860000000000035e-03
9.014849999999999142e+00 1.630860000000000035e-03
9.031719999999999970e+00 1.630860000000000035e-03
9.048590000000000799e+00 1.630860000000000035e-03
9.065450000000000230e+00 1.630860000000000035e-03
9.082319999999999283e+00 1.630860000000000035e-03
9.099190000000000111e+00 1.630860000000000035e-03
9.116059999999999164e+00 1.630860000000000035e-03
9.132929999999999993e+00 1.630860000000000035e-03
9.149800000000000821e+00 1.630860000000000035e-03
9.166669999999999874e+00 1.630860000000000035e-03
9.183540000000000703e+00 1.630860000000000035e-03
9.200400000000000134e+00 1.630860000000000035e-03
9.217269999999999186e+00 1.630860000000000035e-03
9.234140000000000015e+00 1.630860000000000035e-03
9.251010000000000844e+00 1.630860000000000035e-03
9.267879999999999896e+00 1.630860000000000035e-03
9.284750000000000725e+00 1.630860000000000035e-03
9.301619999999999777e+00 1.630860000000000035e-03
9.318479999999999208e+00 1.630860000000000035e-03
9.335350000000000037e+00 1.630860000000000035e-03
9.352220000000000866e+00 1.630860000000000035e-03
9.369089999999999918e+00 1.630860000000000035e-03
9.385960000000000747e+00 1.630860000000000035e-03
9.402829999999999799e+00 1.630860000000000035e-03
9.419700000000000628e+00 1.630860000000000035e-03
9.436569999999999681e+00 1.630860000000000035e-03
9.453430000000000888e+00 1.630860000000000035e-03
9.470299999999999940e+00 1.630860000000000035e-03
9.487170000000000769e+00 1.630860000000000035e-03
9.504039999999999822e+00 1.630860000000000035e-03
9.520910000000000650e+00 1.630860000000000035e-03
9.537779999999999703e+00 1.630860000000000035e-03
9.554650000000000531e+00 1.630860000000000035e-03
9.571519999999999584e+00 1.630860000000000035e-03
9.588380000000000791e+00 1.630860000000000035e-03
9.605249999999999844e+00 1.630860000000000035e-03
9.622120000000000672e+00 1.630860000000000035e-03
9.638989999999999725e+00 1.630860000000000035e-03
9.655860000000000554e+00 1.630860000000000035e-03
9.672729999999999606e+00 1.630860000000000035e-03
9.689600000000000435e+00 1.630860000000000035e-03
9.706459999999999866e+00 1.630860000000000035e-03
9.723330000000000695e+00 1.630860000000000035e-03
9.740199999999999747e+00 1.630860000000000035e-03
9.757070000000000576e+00 1.630860000000000035e-03
9.773939999999999628e+00 1.630860000000000035e-03
9.790810000000000457e+00 1.630860000000000035e-03
9.807679999999999509e+00 1.630860000000000035e-03
9.824550000000000338e+00 1.630860000000000035e-03
9.841409999999999769e+00 1.630860000000000035e-03
9.858280000000000598e+00 1.630860000000000035e-03
9.875149999999999650e+00 1.630860000000000035e-03
9.892020000000000479e+00 1.630860000000000035e-03
9.908889999999999532e+00 1.630860000000000035e-03
9.925760000000000360e+00 1.630860000000000035e-03
9.942629999999999413e+00 1.630860000000000035e-03
9.959490000000000620e+00 1.630860000000000035e-03
9.976359999999999673e+00 1.630860000000000035e-03
9.993230000000000501e+00 1.630860000000000035e-03
1.001009999999999955e+01 1.630860000000000035e-03
1.002699999999999925e+01 1.630860000000000035e-03
1.004379999999999917e+01 1.630860000000000035e-03
1.006070000000000064e+01 1.630860000000000035e-03
1.007760000000000034e+01 1.630860000000000035e-03
1.009440000000000026e+01 1.630860000000000035e-03
1.011129999999999995e+01 1.630860000000000035e-03
1.012819999999999965e+01 1.630860000000000035e-03
1.014509999999999934e+01 1.630860000000000035e-03
1.016189999999999927e+01 1.630860000000000035e-03
1.017880000000000074e+01 1.630860000000000035e-03
1.019570000000000043e+01 1.630860000000000035e-03
1.021250000000000036e+01 1.630860000000000035e-03
1.022940000000000005e+01 1.630860000000000035e-03
1.024629999999999974e+01 1.630860000000000035e-03
1.026309999999999967e+01 1.630860000000000035e-03
1.027999999999999936e+01 1.630860000000000035e-03
