7.450000000000000178e+00 1.416020000000000039e-03
7.464649999999999785e+00 1.416020000000000039e-03
7.479289999999999772e+00 1.416020000000000039e-03
7.493940000000000268e+00 1.416020000000000039e-03
7.508589999999999876e+00 1.416020000000000039e-03
7.523229999999999862e+00 1.416020000000000039e-03
7.537880000000000358e+00 1.416020000000000039e-03
7.552529999999999966e+00 1.416020000000000039e-03
7.567169999999999952e+00 1.416020000000000039e-03
7.581819999999999560e+00 1.416020000000000039e-03
7.596460000000000434e+00 1.416020000000000039e-03
7.611110000000000042e+00 1.416020000000000039e-03
7.625759999999999650e+00 1.416020000000000039e-03
7.640399999999999636e+00 1.416020000000000039e-03
7.655050000000000132e+00 1.416020000000000039e-03
7.669699999999999740e+00 1.416020000000000039e-03
7.684339999999999726e+00 1.416020000000000039e-03
7.698990000000000222e+00 1.416020000000000039e-03
7.713639999999999830e+00 1.416020000000000039e-03
7.728279999999999816e+00 1.416020000000000039e-03
7.742930000000000312e+00 1.416020000000000039e-03
7.757579999999999920e+00 1.416020000000000039e-03
7.772219999999999906e+00 1.416020000000000039e-03
7.786870000000000402e+00 1.416020000000000039e-03
7.801520000000000010e+00 1.416020000000000039e-03
7.816159999999999997e+00 1.416020000000000039e-03
7.830809999999999604e+00 1.416020000000000039e-03
7.845449999999999591e+00 1.416020000000000039e-03
7.860100000000000087e+00 1.416020000000000039e-03
7.874749999999999694e+00 1.416020000000000039e-03
7.889389999999999681e+00 1.416020000000000039e-03
7.904040000000000177e+00 1.416020000000000039e-03
7.918689999999999785e+00 1.416020000000000039e-03
7.933329999999999771e+00 1.416020000000000039e-03
7.947980000000000267e+00 1.416020000000000039e-03
7.962629999999999875e+00 1.416020000000000039e-03
7.977269999999999861e+00 1.416020000000000039e-03
7.991920000000000357e+00 1.416020000000000039e-03
8.006569999999999965e+00 1.416020000000000039e-03
8.021209999999999951e+00 1.416020000000000039e-03
8.035859999999999559e+00 1.416020000000000039e-03
8.050509999999999167e+00 1.416020000000000039e-03
8.065149999999999153e+00 1.416020000000000039e-03
8.079800000000000537e+00 1.416020000000000039e-03
8.094440000000000524e+00 1.416020000000000039e-03
8.109090000000000131e+00 1.416020000000000039e-03
8.123739999999999739e+00 1.416020000000000039e-03
8.138379999999999725e+00 1.416020000000000039e-03
8.153029999999999333e+00 1.416020000000000039e-03
8.167680000000000717e+00 1.416020000000000039e-03
8.182320000000000704e+00 1.416020000000000039e-03
8.196970000000000312e+00 1.416020000000000039e-03
8.211619999999999919e+00 1.416020000000000039e-03
8.226259999999999906e+00 1.416020000000000039e-03
8.240909999999999513e+00 1.416020000000000039e-03
8.255559999999999121e+00 1.416020000000000039e-03
8.270200000000000884e+00 1.416020000000000039e-03
8.284850000000000492e+00 1.416020000000000039e-03
8.299490000000000478e+00 1.416020000000000039e-03
8.314140000000000086e+00 1.416020000000000039e-03
8.328789999999999694e+00 1.416020000000000039e-03
8.343429999999999680e+00 1.416020000000000039e-03
8.358079999999999288e+00 1.416020000000000039e-03
8.372730000000000672e+00 1.416020000000000039e-03
8.387370000000000658e+00 1.416020000000000039e-03
8.402020000000000266e+00 1.416020000000000039e-03
8.416669999999999874e+00 1.416020000000000039e-03
8.431309999999999860e+00 1.416020000000000039e-03
8.445959999999999468e+00 1.416020000000000039e-03
8.460610000000000852e+00 1.416020000000000039e-03
8.475250000000000838e+00 1.416020000000000039e-03
8.489900000000000446e+00 1.416020000000000039e-03
8.504550000000000054e+00 1.416020000000000039e-03
8.519190000000000040e+00 1.416020000000000039e-03
8.533839999999999648e+00 1.416020000000000039e-03
8.548479999999999634e+00 1.416020000000000039e-03
8.563129999999999242e+00 1.416020000000000039e-03
8.577780000000000626e+00 1.416020000000000039e-03
8.592420000000000613e+00 1.416020000000000039e-03
8.607070000000000221e+00 1.416020000000000039e-03
8.621719999999999828e+00 1.416020000000000039e-03
8.636359999999999815e+00 1.416020000000000039e-03
8.651009999999999422e+00 1.416020000000000039e-03
8.665660000000000807e+00 1.416020000000000039e-03
8.680300000000000793e+00 1.416020000000000039e-03
8.694950000000000401e+00 1.416020000000000039e-03
8.709600000000000009e+00 1.416020000000000039e-03
8.724239999999999995e+00 1.416020000000000039e-03
8.738889999999999603e+00 1.416020000000000039e-03
8.753539999999999210e+00 1.416020000000000039e-03
8.768179999999999197e+00 1.416020000000000039e-03
8.782830000000000581e+00 1.416020000000000039e-03
8.797470000000000567e+00 1.416020000000000039e-03
8.812120000000000175e+00 1.416020000000000039e-03
8.826769999999999783e+00 1.416020000000000039e-03
8.841409999999999769e+00 1.416020000000000039e-03
8.856059999999999377e+00 1.416020000000000039e-03
8.870710000000000761e+00 1.416020000000000039e-03
8.885350000000000747e+00 1.416020000000000039e-03
8.900000000000000355e+00 1.416020000000000039e-03
