4.889999999999999680e+00 8.037945967573301154e-02
4.891723446893787575e+00 8.042474917383020394e-02
4.893446893787574581e+00 8.047004145880937154e-02
4.895170340681362475e+00 8.051533653067052820e-02
4.896893787575150370e+00 8.056063438941366006e-02
4.898617234468937376e+00 8.060593503503872548e-02
4.900340681362725270e+00 8.065118687378833306e-02
4.902064128256512276e+00 8.069623183115967602e-02
4.903787575150300171e+00 8.074127927662903825e-02
4.905511022044088065e+00 8.078632921019636426e-02
4.907234468937875072e+00 8.083138163186162628e-02
4.908957915831662966e+00 8.087643654162493534e-02
4.910681362725450860e+00 8.092168859052825680e-02
4.912404809619237867e+00 8.096724108135153197e-02
4.914128256513025761e+00 8.101279657977097926e-02
4.915851703406813655e+00 8.105835508578657089e-02
4.917575150300600662e+00 8.110391659939827913e-02
4.919298597194388556e+00 8.114948112060615948e-02
4.921022044088176450e+00 8.117783339608382331e-02
4.922745490981963457e+00 8.119434879872186595e-02
4.924468937875751351e+00 8.121083530255486516e-02
4.926192384769538357e+00 8.121100215142271206e-02
4.927915831663326252e+00 8.121082306790852745e-02
4.929639278557114146e+00 8.122286953843579904e-02
4.931362725450901152e+00 8.125550595340455540e-02
4.933086172344689047e+00 8.128807808556552661e-02
4.934809619238476941e+00 8.134836484552862568e-02
4.936533066132263947e+00 8.141743653022889826e-02
4.938256513026051842e+00 8.148720006755896805e-02
4.939979959919839736e+00 8.156078782266695804e-02
4.941703406813626742e+00 8.163524074472228165e-02
4.943426853707414637e+00 8.172021589464931179e-02
4.945150300601202531e+00 8.181424751699283016e-02
4.946873747494989537e+00 8.190833560048348116e-02
4.948597194388777432e+00 8.198757041701376647e-02
4.950320641282564438e+00 8.206570572741725411e-02
4.952044088176352332e+00 8.213923701157722912e-02
4.953767535070140227e+00 8.220235609795446818e-02
4.955490981963927233e+00 8.226549739564012476e-02
4.957214428857715127e+00 8.229907631921130895e-02
4.958937875751503022e+00 8.232023773050249627e-02
4.960661322645290028e+00 8.234108375456689055e-02
4.962384769539077922e+00 8.235938044711180184e-02
4.964108216432865817e+00 8.237764983838988253e-02
4.965831663326652823e+00 8.241039658984188054e-02
4.967555110220440717e+00 8.245869376493768221e-02
4.969278557114227723e+00 8.250699673312786309e-02
4.971002004008015618e+00 8.256132984289499266e-02
4.972725450901803512e+00 8.261720893052806880e-02
4.974448897795590518e+00 8.266779694561861291e-02
4.976172344689378413e+00 8.270332092610808983e-02
4.977895791583166307e+00 8.273883596478308344e-02
4.979619238476953313e+00 8.277023193966130676e-02
4.981342685370741208e+00 8.279904708271440539e-02
4.983066132264529102e+00 8.282730409770182323e-02
4.984789579158316108e+00 8.284443082547200687e-02
4.986513026052104003e+00 8.286152795555506989e-02
4.988236472945891897e+00 8.287153252623848110e-02
4.989959919839678903e+00 8.287202883415301091e-02
4.991683366733466798e+00 8.287245838306050993e-02
4.993406813627253804e+00 8.290267934409019379e-02
4.995130260521041698e+00 8.293960561234181572e-02
4.996853707414829593e+00 8.298380450797208929e-02
4.998577154308616599e+00 8.305621119272646458e-02
5.000300601202404494e+00 8.313011850039181416e-02
5.002024048096192388e+00 8.320273991785810674e-02
5.003747494989979394e+00 8.326973626573819232e-02
5.005470941883767289e+00 8.333675068608682734e-02
5.007194388777555183e+00 8.342360849673069456e-02
5.008917835671342189e+00 8.351085087613129010e-02
5.010641282565130084e+00 8.359273243570723710e-02
5.012364729458917978e+00 8.366552362308257718e-02
5.014088176352704984e+00 8.373834038729666140e-02
5.015811623246492879e+00 8.380061276755512711e-02
5.017535070140279885e+00 8.385957581320230281e-02
5.019258517034067779e+00 8.391785909479841654e-02
5.020981963927855674e+00 8.397227887732813811e-02
5.022705410821642680e+00 8.402671927100249794e-02
5.024428857715430574e+00 8.408067341959574170e-02
5.026152304609218469e+00 8.413421086556649442e-02
5.027875751503005475e+00 8.418774830908072604e-02
5.029599198396793369e+00 8.422973160337829390e-02
5.031322645290581264e+00 8.427080141194556728e-02
5.033046092184368270e+00 8.430917134867020601e-02
5.034769539078156164e+00 8.434173207453105059e-02
5.036492985971943170e+00 8.437426528137158266e-02
5.038216432865731065e+00 8.440116193342615813e-02
5.039939879759518959e+00 8.442568430447797145e-02
5.041663326653305965e+00 8.444819533461044025e-02
5.043386773547093860e+00 8.445118212592828133e-02
5.045110220440881754e+00 8.445410269829803362e-02
5.046833667334668760e+00 8.445730022817668492e-02
5.048557114228456655e+00 8.446079849879790935e-02
5.050280561122244549e+00 8.446422139275255869e-02
5.052004008016031555e+00 8.446516391742805996e-02
5.053727454909819450e+00 8.446569301782717865e-02
5.055450901803607344e+00 8.448028839456721284e-02
5.057174348697394350e+00 8.453475182887806860e-02
5.058897795591182245e+00 8.458921684565925969e-02
5.060621242484970139e+00 8.468000033605156684e-02
5.062344689378757145e+00 8.479037070588459069e-02
5.064068136272545040e+00 8.490012298482493835e-02
5.065791583166332046e+00 8.499311752637590811e-02
5.067515030060119940e+00 8.508616355823769850e-02
5.069238476953907835e+00 8.517006362783716145e-02
5.070961923847694841e+00 8.524172785139311204e-02
5.072685370741482735e+00 8.531341569979772332e-02
5.074408817635270630e+00 8.536202140261661686e-02
5.076132264529057636e+00 8.540545725934672872e-02
5.077855711422845530e+00 8.544959971219689976e-02
5.079579158316633425e+00 8.549649881809476271e-02
5.081302605210420431e+00 8.554430738087355490e-02
5.083026052104208325e+00 8.560382234512052546e-02
5.084749498997995332e+00 8.567110983529609147e-02
5.086472945891783226e+00 8.573841396953615912e-02
5.088196392785571120e+00 8.575726294331778576e-02
5.089919839679358127e+00 8.577529112831078217e-02
5.091643286573146021e+00 8.578985935455582523e-02
5.093366733466933916e+00 8.579864238492301842e-02
5.095090180360720922e+00 8.580736510190328792e-02
5.096813627254508816e+00 8.580933555890005171e-02
5.098537074148296711e+00 8.580914780557927224e-02
5.100260521042083717e+00 8.580746566791171148e-02
5.101983967935871611e+00 8.579771631510935137e-02
5.103707414829659506e+00 8.578788229614502103e-02
5.105430861723446512e+00 8.577878453251371049e-02
5.107154308617234406e+00 8.577030260977587528e-02
5.108877755511021412e+00 8.576173800060819807e-02
5.110601202404809307e+00 8.580901071608287856e-02
5.112324649298597201e+00 8.586054607878065847e-02
5.114048096192384207e+00 8.591142737048408640e-02
5.115771543086172102e+00 8.596090863228701695e-02
5.117494989979959996e+00 8.601038342318197139e-02
5.119218436873747002e+00 8.605062106696534374e-02
5.120941883767534897e+00 8.608706056416365326e-02
5.122665330661322791e+00 8.612717602546031415e-02
5.124388777555109797e+00 8.620177918809049378e-02
5.126112224448897692e+00 8.627640864349228611e-02
5.127835671342685586e+00 8.636065940025190735e-02
5.129559118236472592e+00 8.645514888264178854e-02
5.131282565130260487e+00 8.654969048783817120e-02
5.133006012024047493e+00 8.661768580574513710e-02
5.134729458917835387e+00 8.668185588011710629e-02
5.136452905811623282e+00 8.673226996316162063e-02
5.138176352705410288e+00 8.674402866140973334e-02
5.139899799599198182e+00 8.675573167055102008e-02
5.141623246492986077e+00 8.677205255149209040e-02
5.143346693386773083e+00 8.679079276399215281e-02
5.145070140280560977e+00 8.681161136396500777e-02
5.146793587174348872e+00 8.688250690662441267e-02
5.148517034068135878e+00 8.695342368473427119e-02
5.150240480961923772e+00 8.700260289147941639e-02
5.151963927855710779e+00 8.702291516217103284e-02
5.153687374749498673e+00 8.704318302073431324e-02
5.155410821643286567e+00 8.705176437444915594e-02
5.157134268537073574e+00 8.705770477663915541e-02
5.158857715430861468e+00 8.706307020908912730e-02
5.160581162324649362e+00 8.706644560382138798e-02
5.162304609218436369e+00 8.706981383383295692e-02
5.164028056112224263e+00 8.708478694411356247e-02
5.165751503006012157e+00 8.710760854053729851e-02
5.167474949899799164e+00 8.713038928282175466e-02
5.169198396793587058e+00 8.714873542774548287e-02
5.170921843687374952e+00 8.716697019341346220e-02
5.172645290581161959e+00 8.718615329019534232e-02
5.174368737474949853e+00 8.720695449048472547e-02
5.176092184368736859e+00 8.722771249166516583e-02
5.177815631262524754e+00 8.722878027286069813e-02
5.179539078156312648e+00 8.722368551030917905e-02
5.181262525050099654e+00 8.722046887993513409e-02
5.182985971943887549e+00 8.722780887819185647e-02
5.184709418837675443e+00 8.723508854121715672e-02
5.186432865731462449e+00 8.725208132510203773e-02
5.188156312625250344e+00 8.727731441725387895e-02
5.189879759519038238e+00 8.730251036516406549e-02
5.191603206412825244e+00 8.732381877372748236e-02
5.193326653306613139e+00 8.734479612939959059e-02
5.195050100200401033e+00 8.736586787113556629e-02
5.196773547094188039e+00 8.738718940245079891e-02
5.198496993987975934e+00 8.740846901561986904e-02
5.200220440881762940e+00 8.746704552733886029e-02
5.201943887775550834e+00 8.754102308193333071e-02
5.203667334669338729e+00 8.761819293179358425e-02
5.205390781563125735e+00 8.772486106815041706e-02
5.207114228456913629e+00 8.783159629209685848e-02
5.208837675350701524e+00 8.791966981140303394e-02
5.210561122244488530e+00 8.798796978977981020e-02
5.212284569138276424e+00 8.805628773804924370e-02
5.214008016032064319e+00 8.806077700765141403e-02
5.215731462925851325e+00 8.805607623933879580e-02
5.217454909819639219e+00 8.804681225365861008e-02
5.219178356713426226e+00 8.802494381619339892e-02
5.220901803607214120e+00 8.800302488934698408e-02
5.222625250501002014e+00 8.797992007076659016e-02
5.224348697394789021e+00 8.795611539244674315e-02
5.226072144288576915e+00 8.793538579489096341e-02
5.227795591182364809e+00 8.798725621507000327e-02
5.229519038076151816e+00 8.803912398033297837e-02
5.231242484969939710e+00 8.809289222651116302e-02
5.232965931863727604e+00 8.814917622157635024e-02
5.234689378757514611e+00 8.820546315869834397e-02
5.236412825651302505e+00 8.821625139465291698e-02
5.238136272545090399e+00 8.821697478362872102e-02
5.239859719438877406e+00 8.820744883377938661e-02
5.241583166332665300e+00 8.815927753448453419e-02
5.243306613226453194e+00 8.811098251510349200e-02
5.245030060120240201e+00 8.805814294046188095e-02
5.246753507014028095e+00 8.800219454246507866e-02
5.248476953907815101e+00 8.794610772393100795e-02
5.250200400801602996e+00 8.778318183661364127e-02
5.251923847695390890e+00 8.761852953079662942e-02
5.253647294589177896e+00 8.749458664270051700e-02
5.255370741482965791e+00 8.743860121947499842e-02
5.257094188376753685e+00 8.738247839073706724e-02
5.258817635270540691e+00 8.745541281026034119e-02
5.260541082164328586e+00 8.756820746408278122e-02
5.262264529058116480e+00 8.768847399921136931e-02
5.263987975951903486e+00 8.784940034923348351e-02
5.265711422845691381e+00 8.801046191310982203e-02
5.267434869739478387e+00 8.815296962725675811e-02
5.269158316633266281e+00 8.827981471920944012e-02
5.270881763527054176e+00 8.840675183041013518e-02
5.272605210420841182e+00 8.846626191497621028e-02
5.274328657314629076e+00 8.852080305795499704e-02
5.276052104208416971e+00 8.856775203151970310e-02
5.277775551102203977e+00 8.859857249760054454e-02
5.279498997995991871e+00 8.862936457408744639e-02
5.281222444889779766e+00 8.868399193779324952e-02
5.282945891783566772e+00 8.874840692946284193e-02
5.284669338677354666e+00 8.881440991429596921e-02
5.286392785571141673e+00 8.889488712077360522e-02
5.288116232464929567e+00 8.897539786893324254e-02
5.289839679358717461e+00 8.903645986569644344e-02
5.291563126252504468e+00 8.907701310167831510e-02
5.293286573146292362e+00 8.911755002466477393e-02
5.295010020040080256e+00 8.911878076786407255e-02
5.296733466933867263e+00 8.911438959121908976e-02
5.298456913827655157e+00 8.911008368082136422e-02
5.300180360721443051e+00 8.910613619275196962e-02
5.301903807615230058e+00 8.910206400579213926e-02
5.303627254509017952e+00 8.911399288767037075e-02
5.305350701402805846e+00 8.913437607363380866e-02
5.307074148296592853e+00 8.915389992228738014e-02
5.308797595190380747e+00 8.915516844772780614e-02
5.310521042084168641e+00 8.915637239389603841e-02
5.312244488977955648e+00 8.913793954838569733e-02
5.313967935871743542e+00 8.909366574631556734e-02
5.315691382765530548e+00 8.904927134308493475e-02
5.317414829659318443e+00 8.900334551076698186e-02
5.319138276553106337e+00 8.895698938927551480e-02
5.320861723446893343e+00 8.891159760926815869e-02
5.322585170340681238e+00 8.887006040562751841e-02
5.324308617234469132e+00 8.882840639345915279e-02
5.326032064128256138e+00 8.886708907294268989e-02
5.327755511022044033e+00 8.895968332625207864e-02
5.329478957915831927e+00 8.905232632575320328e-02
5.331202404809618933e+00 8.924433531597357472e-02
5.332925851703406828e+00 8.943774357842487754e-02
5.334649298597193834e+00 8.962615510557885024e-02
5.336372745490981728e+00 8.980617599153133124e-02
5.338096192384769623e+00 8.998635249165377881e-02
5.339819639278556629e+00 9.018147766073292271e-02
5.341543086172344523e+00 9.038136419835711421e-02
5.343266533066132418e+00 9.057117973072931205e-02
5.344989979959919424e+00 9.070505950831797559e-02
5.346713426853707318e+00 9.083903749206333200e-02
5.348436873747495213e+00 9.089653817396647906e-02
5.350160320641282219e+00 9.088969004008179420e-02
5.351883767535070113e+00 9.088254139563153866e-02
5.353607214428857120e+00 9.089529416926427074e-02
5.355330661322645014e+00 9.090944250425142537e-02
5.357054108216432908e+00 9.090686490847341150e-02
5.358777555110219915e+00 9.086900229016697805e-02
5.360501002004007809e+00 9.083093414362582163e-02
5.362224448897795703e+00 9.075808537285706690e-02
5.363947895791582710e+00 9.067104079136065198e-02
5.365671342685370604e+00 9.058711061449351010e-02
5.367394789579158498e+00 9.053277675589135876e-02
5.369118236472945505e+00 9.047831358134196533e-02
5.370841683366733399e+00 9.049521704987553705e-02
5.372565130260521293e+00 9.058702278523214635e-02
5.374288577154308300e+00 9.067887530474949553e-02
5.376012024048096194e+00 9.080350242452374376e-02
5.377735470941884088e+00 9.093279464003041490e-02
5.379458917835671095e+00 9.105272133555716851e-02
5.381182364729458989e+00 9.114634358371849487e-02
5.382905811623245995e+00 9.123987244416947862e-02
5.384629258517033890e+00 9.134866580155594218e-02
5.386352705410821784e+00 9.146553681837157890e-02
5.388076152304608790e+00 9.158252970969472939e-02
5.389799599198396685e+00 9.170058790008472904e-02
5.391523046092184579e+00 9.181872350347698719e-02
5.393246492985971585e+00 9.194295293682433479e-02
5.394969939879759480e+00 9.207514540815298076e-02
5.396693386773547374e+00 9.220743175537972347e-02
5.398416833667334380e+00 9.231124518870624518e-02
5.400140280561122275e+00 9.240891776217628750e-02
5.401863727454909281e+00 9.250970316199165489e-02
5.403587174348697175e+00 9.262263604563616970e-02
5.405310621242485070e+00 9.273563930148123746e-02
5.407034068136272076e+00 9.288630143725278010e-02
5.408757515030059970e+00 9.306215184301865062e-02
5.410480961923847865e+00 9.323814624350379443e-02
5.412204408817634871e+00 9.342895100408368791e-02
5.413927855711422765e+00 9.362008089367521158e-02
5.415651302605210660e+00 9.375505759420456331e-02
5.417374749498997666e+00 9.379737292125800430e-02
5.419098196392785560e+00 9.383967505894537375e-02
5.420821643286572566e+00 9.382059877255059799e-02
5.422545090180360461e+00 9.378279515539823807e-02
5.424268537074148355e+00 9.375708395314823196e-02
5.425991983967936250e+00 9.379741391675848472e-02
5.427715430861723256e+00 9.383772849090894763e-02
5.429438877755511150e+00 9.389643909898671981e-02
5.431162324649298156e+00 9.397055023068416613e-02
5.432885771543086051e+00 9.404468544420661880e-02
5.434609218436873945e+00 9.411819069681535976e-02
5.436332665330660951e+00 9.419167281700939476e-02
5.438056112224448846e+00 9.425982273752966933e-02
5.439779559118236740e+00 9.431674148569128835e-02
5.441503006012023747e+00 9.437372137752260415e-02
5.443226452905811641e+00 9.441849314244639413e-02
5.444949899799599535e+00 9.445829966027505242e-02
5.446673346693386542e+00 9.449369233507877441e-02
5.448396793587174436e+00 9.448971503692810137e-02
5.450120240480961442e+00 9.448565167094208350e-02
5.451843687374749337e+00 9.453189055357687220e-02
5.453567134268537231e+00 9.463094031456251165e-02
5.455290581162324237e+00 9.473004266203302604e-02
5.457014028056112132e+00 9.494593289795633106e-02
5.458737474949900026e+00 9.517816636316975276e-02
5.460460921843687032e+00 9.540269697140940641e-02
5.462184368737474927e+00 9.560574897422458029e-02
5.463907815631262821e+00 9.580897289312463594e-02
5.465631262525049827e+00 9.591740862333707207e-02
5.467354709418837722e+00 9.597616935854416664e-02
5.469078156312624728e+00 9.603251636551279891e-02
5.470801603206412622e+00 9.603791181957375966e-02
5.472525050100200517e+00 9.604325127692826813e-02
5.474248496993987523e+00 9.602746827504488047e-02
5.475971943887775417e+00 9.598414934829574419e-02
5.477695390781563312e+00 9.594071872083197172e-02
5.479418837675350318e+00 9.582783960506036092e-02
5.481142284569138212e+00 9.585738163463253247e-02
5.482865731462926107e+00 9.597111420565861140e-02
5.484589178356713113e+00 9.610243760454251216e-02
5.486312625250501007e+00 9.623279373813424520e-02
5.488036072144288013e+00 9.639022516488493508e-02
5.489759519038075908e+00 9.656551907566224280e-02
5.491482965931863802e+00 9.674012686940335060e-02
5.493206412825651697e+00 9.689759301735659247e-02
5.494929859719438703e+00 9.705410991288077049e-02
5.496653306613226597e+00 9.719513043960678611e-02
5.498376753507013603e+00 9.731110953869848146e-02
5.500100200400801498e+00 9.741096139300199630e-02
5.501823647294589392e+00 9.740324908048528241e-02
5.503547094188376398e+00 9.743714041483964028e-02
5.505270541082164293e+00 9.747297043460594057e-02
5.506993987975952187e+00 9.751919923411989100e-02
5.508717434869739193e+00 9.756543888362660677e-02
5.510440881763527088e+00 9.762007984574987141e-02
5.512164328657314982e+00 9.768171706697779955e-02
5.513887775551101988e+00 9.774337388444150065e-02
5.515611222444889883e+00 9.784324516168330099e-02
5.517334669338676889e+00 9.794581884728655041e-02
5.519058116232464783e+00 9.806499609698451914e-02
5.520781563126252678e+00 9.821882356307791440e-02
5.522505010020039684e+00 9.837273478015393091e-02
5.524228456913827578e+00 9.848189066562379468e-02
5.525951903807615473e+00 9.857302535307341240e-02
5.527675350701402479e+00 9.865376270426663707e-02
5.529398797595190373e+00 9.864239086251329336e-02
5.531122244488978268e+00 9.863099699386707053e-02
5.532845691382765274e+00 9.859019126917889508e-02
5.534569138276553169e+00 9.851883404909271558e-02
5.536292585170340175e+00 9.844742081275804912e-02
5.538016032064128069e+00 9.841756385786003258e-02
5.539739478957915964e+00 9.839336924946334717e-02
5.541462925851702970e+00 9.840058834122855647e-02
5.543186372745490864e+00 9.849339089661246494e-02
5.544909819639278759e+00 9.858623058256782423e-02
5.546633266533065765e+00 9.876784075834801890e-02
5.548356713426853659e+00 9.899576182911644373e-02
5.550080160320641554e+00 9.921990555871779138e-02
5.551803607214428560e+00 9.936437362728163525e-02
5.553527054108216454e+00 9.950890783819293928e-02
5.555250501002004349e+00 9.965935148796141452e-02
5.556973947895791355e+00 9.981744194552408245e-02
5.558697394789579249e+00 9.997560613269587670e-02
5.560420841683367144e+00 1.001185244935615254e-01
5.562144288577154150e+00 1.002582752097076341e-01
5.563867735470942044e+00 1.004061791289771743e-01
5.565591182364729050e+00 1.005839839002518610e-01
5.567314629258516945e+00 1.007618734364977980e-01
5.569038076152304839e+00 1.008875801359062907e-01
5.570761523046091845e+00 1.009788236089670249e-01
5.572484969939879740e+00 1.010701028371619875e-01
5.574208416833667634e+00 1.010639531331949392e-01
5.575931863727454640e+00 1.010569264772962356e-01
5.577655310621242535e+00 1.010541659073392051e-01
5.579378757515030429e+00 1.010583757459016935e-01
5.581102204408817435e+00 1.010626004019410801e-01
5.582825651302605330e+00 1.010825870265145837e-01
5.584549098196392336e+00 1.011072995165695904e-01
5.586272545090180230e+00 1.011312751750910316e-01
5.587995991983968125e+00 1.011513346931064844e-01
5.589719438877755131e+00 1.011713897565211379e-01
5.591442885771543025e+00 1.012004612144910831e-01
5.593166332665330920e+00 1.012370032520666235e-01
5.594889779559117926e+00 1.012735501297766655e-01
5.596613226452905820e+00 1.013014638473297424e-01
5.598336673346693715e+00 1.013287871996441519e-01
5.600060120240480721e+00 1.013494555207077180e-01
5.601783567134268615e+00 1.013561886116465249e-01
5.603507014028055622e+00 1.013629097985778160e-01
5.605230460921843516e+00 1.013066433420750506e-01
5.606953907815631410e+00 1.012250913166476696e-01
5.608677354709419305e+00 1.011337528583803880e-01
5.610400801603206311e+00 1.009575450487988912e-01
5.612124248496994205e+00 1.007812230156419075e-01
5.613847695390781212e+00 1.006589767678837538e-01
5.615571142284569106e+00 1.005926457983935263e-01
5.617294589178357000e+00 1.005262622313743970e-01
5.619018036072144007e+00 1.005832611466383752e-01
5.620741482965931901e+00 1.006569929450774337e-01
5.622464929859719796e+00 1.007529695981366769e-01
5.624188376753506802e+00 1.009091124087493352e-01
5.625911823647294696e+00 1.010653269904297213e-01
5.627635270541082591e+00 1.012781399845959079e-01
5.629358717434869597e+00 1.015203505960330516e-01
5.631082164328657491e+00 1.017598610050986507e-01
5.632805611222444497e+00 1.019431443527013814e-01
5.634529058116232392e+00 1.021265143897704814e-01
5.636252505010020286e+00 1.022881419707384471e-01
5.637975951903807292e+00 1.024216705064606714e-01
5.639699398797595187e+00 1.025552578448065549e-01
5.641422845691383081e+00 1.026308309455329498e-01
5.643146292585170087e+00 1.026941581137281873e-01
5.644869739478957982e+00 1.027569206657703016e-01
5.646593186372745876e+00 1.028175629327898744e-01
5.648316633266532882e+00 1.028782232820383141e-01
5.650040080160320777e+00 1.028831915439596956e-01
5.651763527054107783e+00 1.028519490647481355e-01
5.653486973947895677e+00 1.028206729221518151e-01
5.655210420841683572e+00 1.026911974273076317e-01
5.656933867735470578e+00 1.025608849454799215e-01
5.658657314629258472e+00 1.024058364014983902e-01
5.660380761523046367e+00 1.022110429583132502e-01
5.662104208416833373e+00 1.020173368157991228e-01
5.663827655310621267e+00 1.019359363486428277e-01
5.665551102204409162e+00 1.018879992700360559e-01
5.667274549098196168e+00 1.018676625000637381e-01
5.668997995991984062e+00 1.019932397715304084e-01
5.670721442885771069e+00 1.021188742135669542e-01
5.672444889779558963e+00 1.023101696720224579e-01
5.674168336673346857e+00 1.025556327086477176e-01
5.675891783567134752e+00 1.028012240508913155e-01
5.677615230460921758e+00 1.029516355358744417e-01
5.679338677354709652e+00 1.030957314193574476e-01
5.681062124248496659e+00 1.032387676710965208e-01
5.682785571142284553e+00 1.033795016475974327e-01
5.684509018036072447e+00 1.035203015354422135e-01
5.686232464929859454e+00 1.036124123152192267e-01
5.687955911823647348e+00 1.036851315510625426e-01
5.689679358717435242e+00 1.037530085103585270e-01
5.691402805611222249e+00 1.037789898575357111e-01
5.693126252505010143e+00 1.038049688601986320e-01
5.694849699398798037e+00 1.038089269972232442e-01
5.696573146292585044e+00 1.037902213283809494e-01
5.698296593186372938e+00 1.037714868250995404e-01
5.700020040080159944e+00 1.037984174303110130e-01
5.701743486973947839e+00 1.038317591780718308e-01
5.703466933867735733e+00 1.038932135156825642e-01
5.705190380761522739e+00 1.040303544983473688e-01
5.706913827655310634e+00 1.041675595515629549e-01
5.708637274549098528e+00 1.042702292178348811e-01
5.710360721442885534e+00 1.043551037524290265e-01
5.712084168336673429e+00 1.044278850999083991e-01
5.713807615230461323e+00 1.042644545064360523e-01
5.715531062124248329e+00 1.041009083603352814e-01
5.717254509018036224e+00 1.038215226162825383e-01
5.718977955911823230e+00 1.033932954956314626e-01
5.720701402805611124e+00 1.029648039967434453e-01
5.722424849699399019e+00 1.028289847654628025e-01
5.724148296593186025e+00 1.027544732616122169e-01
5.725871743486973919e+00 1.027510021022050440e-01
5.727595190380761814e+00 1.030061252762267676e-01
5.729318637274548820e+00 1.032613829248405501e-01
5.731042084168336714e+00 1.035168264685068784e-01
5.732765531062124609e+00 1.037724381541216684e-01
5.734488977955911615e+00 1.040281843775529153e-01
5.736212424849699509e+00 1.042337904764657625e-01
5.737935871743486516e+00 1.044391774999175182e-01
5.739659318637274410e+00 1.045965984223857781e-01
5.741382765531062304e+00 1.046765228222046040e-01
5.743106212424850199e+00 1.047564857130143939e-01
5.744829659318637205e+00 1.047560189337595066e-01
5.746553106212425099e+00 1.047316982742302616e-01
5.748276553106212106e+00 1.046945148137859161e-01
5.750000000000000000e+00 1.045901441272234084e-01
