4.019999999999999574e+00 0.000000000000000000e+00
4.040000000000000036e+00 0.000000000000000000e+00
4.059999999999999609e+00 0.000000000000000000e+00
4.080000000000000071e+00 0.000000000000000000e+00
4.099999999999999645e+00 0.000000000000000000e+00
4.120000000000000107e+00 0.000000000000000000e+00
4.139999999999999680e+00 0.000000000000000000e+00
4.160000000000000142e+00 0.000000000000000000e+00
4.179999999999999716e+00 0.000000000000000000e+00
4.200000000000000178e+00 0.000000000000000000e+00
4.219999999999999751e+00 0.000000000000000000e+00
4.240000000000000213e+00 0.000000000000000000e+00
4.259999999999999787e+00 0.000000000000000000e+00
4.280000000000000249e+00 0.000000000000000000e+00
4.299999999999999822e+00 0.000000000000000000e+00
4.320000000000000284e+00 0.000000000000000000e+00
4.339999999999999858e+00 0.000000000000000000e+00
4.360000000000000320e+00 0.000000000000000000e+00
4.379999999999999893e+00 0.000000000000000000e+00
4.400000000000000355e+00 0.000000000000000000e+00
4.419999999999999929e+00 0.000000000000000000e+00
4.440000000000000391e+00 0.000000000000000000e+00
4.459999999999999964e+00 0.000000000000000000e+00
4.480000000000000426e+00 0.000000000000000000e+00
4.500000000000000000e+00 0.000000000000000000e+00
4.519999999999999574e+00 0.000000000000000000e+00
4.540000000000000036e+00 0.000000000000000000e+00
4.559999999999999609e+00 0.000000000000000000e+00
4.580000000000000071e+00 0.000000000000000000e+00
4.599999999999999645e+00 0.000000000000000000e+00
4.620000000000000107e+00 0.000000000000000000e+00
4.639999999999999680e+00 0.000000000000000000e+00
4.660000000000000142e+00 0.000000000000000000e+00
4.679999999999999716e+00 0.000000000000000000e+00
4.700000000000000178e+00 0.000000000000000000e+00
4.719999999999999751e+00 0.000000000000000000e+00
4.740000000000000213e+00 0.000000000000000000e+00
4.759999999999999787e+00 0.000000000000000000e+00
4.780000000000000249e+00 0.000000000000000000e+00
4.799999999999999822e+00 0.000000000000000000e+00
4.820000000000000284e+00 0.000000000000000000e+00
4.839999999999999858e+00 0.000000000000000000e+00
4.860000000000000320e+00 0.000000000000000000e+00
4.879999999999999893e+00 0.000000000000000000e+00
4.900000000000000355e+00 0.000000000000000000e+00
4.919999999999999929e+00 0.000000000000000000e+00
4.940000000000000391e+00 0.000000000000000000e+00
4.959999999999999964e+00 0.000000000000000000e+00
4.980000000000000426e+00 0.000000000000000000e+00
5.000000000000000000e+00 0.000000000000000000e+00
5.019999999999999574e+00 0.000000000000000000e+00
5.040000000000000036e+00 0.000000000000000000e+00
5.059999999999999609e+00 0.000000000000000000e+00
5.080000000000000071e+00 0.000000000000000000e+00
5.099999999999999645e+00 0.000000000000000000e+00
5.120000000000000107e+00 0.000000000000000000e+00
5.139999999999999680e+00 0.000000000000000000e+00
5.160000000000000142e+00 0.000000000000000000e+00
5.179999999999999716e+00 0.000000000000000000e+00
5.200000000000000178e+00 0.000000000000000000e+00
5.219999999999999751e+00 0.000000000000000000e+00
5.240000000000000213e+00 0.000000000000000000e+00
5.259999999999999787e+00 0.000000000000000000e+00
5.280000000000000249e+00 0.000000000000000000e+00
5.299999999999999822e+00 0.000000000000000000e+00
5.320000000000000284e+00 0.000000000000000000e+00
5.339999999999999858e+00 0.000000000000000000e+00
5.360000000000000320e+00 0.000000000000000000e+00
5.379999999999999893e+00 0.000000000000000000e+00
5.400000000000000355e+00 0.000000000000000000e+00
5.419999999999999929e+00 0.000000000000000000e+00
5.440000000000000391e+00 0.000000000000000000e+00
5.459999999999999964e+00 0.000000000000000000e+00
5.480000000000000426e+00 0.000000000000000000e+00
5.500000000000000000e+00 0.000000000000000000e+00
5.519999999999999574e+00 0.000000000000000000e+00
5.540000000000000036e+00 0.000000000000000000e+00
5.559999999999999609e+00 0.000000000000000000e+00
5.580000000000000071e+00 0.000000000000000000e+00
5.599999999999999645e+00 0.000000000000000000e+00
5.620000000000000107e+00 0.000000000000000000e+00
5.639999999999999680e+00 0.000000000000000000e+00
5.660000000000000142e+00 0.000000000000000000e+00
5.679999999999999716e+00 0.000000000000000000e+00
5.700000000000000178e+00 0.000000000000000000e+00
5.719999999999999751e+00 0.000000000000000000e+00
5.740000000000000213e+00 0.000000000000000000e+00
5.759999999999999787e+00 0.000000000000000000e+00
5.780000000000000249e+00 0.000000000000000000e+00
5.799999999999999822e+00 0.000000000000000000e+00
5.820000000000000284e+00 0.000000000000000000e+00
5.839999999999999858e+00 0.000000000000000000e+00
5.860000000000000320e+00 0.000000000000000000e+00
5.879999999999999893e+00 0.000000000000000000e+00
5.900000000000000355e+00 0.000000000000000000e+00
5.919999999999999929e+00 0.000000000000000000e+00
5.940000000000000391e+00 0.000000000000000000e+00
5.959999999999999964e+00 0.000000000000000000e+00
5.980000000000000426e+00 0.000000000000000000e+00
6.000000000000000000e+00 0.000000000000000000e+00
6.019999999999999574e+00 0.000000000000000000e+00
6.040000000000000036e+00 0.000000000000000000e+00
6.059999999999999609e+00 0.000000000000000000e+00
6.080000000000000071e+00 0.000000000000000000e+00
6.099999999999999645e+00 0.000000000000000000e+00
6.120000000000000107e+00 0.000000000000000000e+00
6.139999999999999680e+00 0.000000000000000000e+00
6.160000000000000142e+00 0.000000000000000000e+00
6.179999999999999716e+00 0.000000000000000000e+00
6.200000000000000178e+00 0.000000000000000000e+00
6.219999999999999751e+00 0.000000000000000000e+00
6.240000000000000213e+00 0.000000000000000000e+00
6.259999999999999787e+00 0.000000000000000000e+00
6.280000000000000249e+00 0.000000000000000000e+00
6.299999999999999822e+00 0.000000000000000000e+00
6.320000000000000284e+00 0.000000000000000000e+00
6.339999999999999858e+00 0.000000000000000000e+00
6.360000000000000320e+00 0.000000000000000000e+00
6.379999999999999893e+00 0.000000000000000000e+00
6.400000000000000355e+00 0.000000000000000000e+00
6.419999999999999929e+00 0.000000000000000000e+00
6.440000000000000391e+00 0.000000000000000000e+00
6.459999999999999964e+00 0.000000000000000000e+00
6.480000000000000426e+00 0.000000000000000000e+00
6.500000000000000000e+00 0.000000000000000000e+00
6.519999999999999574e+00 0.000000000000000000e+00
6.540000000000000036e+00 0.000000000000000000e+00
6.559999999999999609e+00 0.000000000000000000e+00
6.580000000000000071e+00 0.000000000000000000e+00
6.599999999999999645e+00 0.000000000000000000e+00
6.620000000000000107e+00 0.000000000000000000e+00
6.639999999999999680e+00 0.000000000000000000e+00
6.660000000000000142e+00 0.000000000000000000e+00
6.679999999999999716e+00 0.000000000000000000e+00
6.700000000000000178e+00 0.000000000000000000e+00
6.719999999999999751e+00 0.000000000000000000e+00
6.740000000000000213e+00 0.000000000000000000e+00
6.759999999999999787e+00 0.000000000000000000e+00
6.780000000000000249e+00 0.000000000000000000e+00
6.799999999999999822e+00 0.000000000000000000e+00
6.820000000000000284e+00 0.000000000000000000e+00
6.839999999999999858e+00 0.000000000000000000e+00
6.860000000000000320e+00 0.000000000000000000e+00
6.879999999999999893e+00 0.000000000000000000e+00
6.900000000000000355e+00 0.000000000000000000e+00
6.919999999999999929e+00 0.000000000000000000e+00
6.940000000000000391e+00 0.000000000000000000e+00
6.959999999999999964e+00 0.000000000000000000e+00
6.980000000000000426e+00 0.000000000000000000e+00
7.000000000000000000e+00 0.000000000000000000e+00
7.019999999999999574e+00 0.000000000000000000e+00
7.040000000000000036e+00 0.000000000000000000e+00
7.059999999999999609e+00 0.000000000000000000e+00
7.080000000000000071e+00 0.000000000000000000e+00
7.099999999999999645e+00 0.000000000000000000e+00
7.120000000000000107e+00 0.000000000000000000e+00
7.139999999999999680e+00 0.000000000000000000e+00
7.160000000000000142e+00 0.000000000000000000e+00
7.179999999999999716e+00 0.000000000000000000e+00
7.200000000000000178e+00 0.000000000000000000e+00
7.219999999999999751e+00 0.000000000000000000e+00
7.240000000000000213e+00 0.000000000000000000e+00
7.259999999999999787e+00 0.000000000000000000e+00
7.280000000000000249e+00 0.000000000000000000e+00
7.299999999999999822e+00 0.000000000000000000e+00
7.320000000000000284e+00 0.000000000000000000e+00
7.339999999999999858e+00 0.000000000000000000e+00
7.360000000000000320e+00 0.000000000000000000e+00
7.379999999999999893e+00 0.000000000000000000e+00
7.400000000000000355e+00 0.000000000000000000e+00
7.419999999999999929e+00 0.000000000000000000e+00
7.440000000000000391e+00 0.000000000000000000e+00
7.459999999999999964e+00 0.000000000000000000e+00
7.480000000000000426e+00 0.000000000000000000e+00
7.500000000000000000e+00 0.000000000000000000e+00
7.519999999999999574e+00 0.000000000000000000e+00
7.540000000000000036e+00 0.000000000000000000e+00
7.559999999999999609e+00 0.000000000000000000e+00
7.580000000000000071e+00 0.000000000000000000e+00
7.599999999999999645e+00 0.000000000000000000e+00
7.620000000000000107e+00 0.000000000000000000e+00
7.639999999999999680e+00 0.000000000000000000e+00
7.660000000000000142e+00 0.000000000000000000e+00
7.679999999999999716e+00 0.000000000000000000e+00
7.700000000000000178e+00 0.000000000000000000e+00
7.719999999999999751e+00 0.000000000000000000e+00
7.740000000000000213e+00 0.000000000000000000e+00
7.759999999999999787e+00 0.000000000000000000e+00
7.780000000000000249e+00 0.000000000000000000e+00
7.799999999999999822e+00 0.000000000000000000e+00
7.820000000000000284e+00 0.000000000000000000e+00
7.839999999999999858e+00 0.000000000000000000e+00
7.860000000000000320e+00 0.000000000000000000e+00
7.879999999999999893e+00 0.000000000000000000e+00
7.900000000000000355e+00 0.000000000000000000e+00
7.919999999999999929e+00 0.000000000000000000e+00
7.940000000000000391e+00 0.000000000000000000e+00
7.959999999999999964e+00 0.000000000000000000e+00
7.980000000000000426e+00 0.000000000000000000e+00
8.000000000000000000e+00 0.000000000000000000e+00
8.019999999999999574e+00 0.000000000000000000e+00
8.039999999999999147e+00 0.000000000000000000e+00
8.060000000000000497e+00 0.000000000000000000e+00
8.080000000000000071e+00 0.000000000000000000e+00
8.099999999999999645e+00 0.000000000000000000e+00
8.119999999999999218e+00 0.000000000000000000e+00
8.140000000000000568e+00 0.000000000000000000e+00
8.160000000000000142e+00 0.000000000000000000e+00
8.179999999999999716e+00 0.000000000000000000e+00
8.199999999999999289e+00 0.000000000000000000e+00
8.220000000000000639e+00 0.000000000000000000e+00
8.240000000000000213e+00 0.000000000000000000e+00
8.259999999999999787e+00 0.000000000000000000e+00
8.279999999999999361e+00 0.000000000000000000e+00
8.300000000000000711e+00 0.000000000000000000e+00
8.320000000000000284e+00 0.000000000000000000e+00
8.339999999999999858e+00 0.000000000000000000e+00
8.359999999999999432e+00 0.000000000000000000e+00
8.380000000000000782e+00 0.000000000000000000e+00
8.400000000000000355e+00 0.000000000000000000e+00
8.419999999999999929e+00 0.000000000000000000e+00
8.439999999999999503e+00 0.000000000000000000e+00
8.460000000000000853e+00 0.000000000000000000e+00
8.480000000000000426e+00 0.000000000000000000e+00
8.500000000000000000e+00 0.000000000000000000e+00
8.519999999999999574e+00 0.000000000000000000e+00
8.539999999999999147e+00 0.000000000000000000e+00
8.560000000000000497e+00 0.000000000000000000e+00
8.580000000000000071e+00 0.000000000000000000e+00
8.599999999999999645e+00 0.000000000000000000e+00
8.619999999999999218e+00 0.000000000000000000e+00
8.640000000000000568e+00 0.000000000000000000e+00
8.660000000000000142e+00 0.000000000000000000e+00
8.679999999999999716e+00 0.000000000000000000e+00
8.699999999999999289e+00 0.000000000000000000e+00
8.720000000000000639e+00 0.000000000000000000e+00
8.740000000000000213e+00 0.000000000000000000e+00
8.759999999999999787e+00 0.000000000000000000e+00
8.779999999999999361e+00 0.000000000000000000e+00
8.800000000000000711e+00 0.000000000000000000e+00
8.820000000000000284e+00 0.000000000000000000e+00
8.839999999999999858e+00 0.000000000000000000e+00
8.859999999999999432e+00 0.000000000000000000e+00
8.880000000000000782e+00 0.000000000000000000e+00
8.900000000000000355e+00 0.000000000000000000e+00
8.919999999999999929e+00 0.000000000000000000e+00
8.939999999999999503e+00 0.000000000000000000e+00
8.960000000000000853e+00 0.000000000000000000e+00
8.980000000000000426e+00 0.000000000000000000e+00
9.000000000000000000e+00 0.000000000000000000e+00
9.019999999999999574e+00 0.000000000000000000e+00
9.039999999999999147e+00 0.000000000000000000e+00
9.060000000000000497e+00 0.000000000000000000e+00
9.080000000000000071e+00 0.000000000000000000e+00
9.099999999999999645e+00 0.000000000000000000e+00
9.119999999999999218e+00 0.000000000000000000e+00
9.140000000000000568e+00 0.000000000000000000e+00
9.160000000000000142e+00 0.000000000000000000e+00
9.179999999999999716e+00 0.000000000000000000e+00
9.199999999999999289e+00 0.000000000000000000e+00
9.220000000000000639e+00 0.000000000000000000e+00
9.240000000000000213e+00 0.000000000000000000e+00
9.259999999999999787e+00 0.000000000000000000e+00
9.279999999999999361e+00 0.000000000000000000e+00
9.300000000000000711e+00 0.000000000000000000e+00
9.320000000000000284e+00 0.000000000000000000e+00
9.339999999999999858e+00 0.000000000000000000e+00
9.359999999999999432e+00 0.000000000000000000e+00
9.380000000000000782e+00 0.000000000000000000e+00
9.400000000000000355e+00 0.000000000000000000e+00
9.419999999999999929e+00 0.000000000000000000e+00
9.439999999999999503e+00 0.000000000000000000e+00
9.460000000000000853e+00 0.000000000000000000e+00
9.480000000000000426e+00 0.000000000000000000e+00
9.500000000000000000e+00 0.000000000000000000e+00
9.519999999999999574e+00 0.000000000000000000e+00
9.539999999999999147e+00 0.000000000000000000e+00
9.560000000000000497e+00 0.000000000000000000e+00
9.580000000000000071e+00 0.000000000000000000e+00
9.599999999999999645e+00 0.000000000000000000e+00
9.619999999999999218e+00 0.000000000000000000e+00
9.640000000000000568e+00 0.000000000000000000e+00
9.660000000000000142e+00 0.000000000000000000e+00
9.679999999999999716e+00 0.000000000000000000e+00
9.699999999999999289e+00 0.000000000000000000e+00
9.720000000000000639e+00 0.000000000000000000e+00
9.740000000000000213e+00 0.000000000000000000e+00
9.759999999999999787e+00 0.000000000000000000e+00
9.779999999999999361e+00 0.000000000000000000e+00
9.800000000000000711e+00 0.000000000000000000e+00
9.820000000000000284e+00 0.000000000000000000e+00
9.839999999999999858e+00 0.000000000000000000e+00
9.859999999999999432e+00 0.000000000000000000e+00
9.880000000000000782e+00 0.000000000000000000e+00
9.900000000000000355e+00 0.000000000000000000e+00
9.919999999999999929e+00 0.000000000000000000e+00
9.939999999999999503e+00 0.000000000000000000e+00
9.960000000000000853e+00 0.000000000000000000e+00
9.980000000000000426e+00 0.000000000000000000e+00
1.000000000000000000e+01 0.000000000000000000e+00
1.001999999999999957e+01 0.000000000000000000e+00
1.003999999999999915e+01 0.000000000000000000e+00
1.006000000000000050e+01 0.000000000000000000e+00
1.008000000000000007e+01 0.000000000000000000e+00
1.009999999999999964e+01 0.000000000000000000e+00
1.011999999999999922e+01 0.000000000000000000e+00
1.014000000000000057e+01 0.000000000000000000e+00
1.016000000000000014e+01 0.000000000000000000e+00
1.017999999999999972e+01 0.000000000000000000e+00
1.019999999999999929e+01 0.000000000000000000e+00
1.022000000000000064e+01 0.000000000000000000e+00
1.024000000000000021e+01 0.000000000000000000e+00
1.025999999999999979e+01 0.000000000000000000e+00
1.027999999999999936e+01 0.000000000000000000e+00
1.030000000000000071e+01 0.000000000000000000e+00
1.032000000000000028e+01 0.000000000000000000e+00
1.033999999999999986e+01 0.000000000000000000e+00
1.035999999999999943e+01 0.000000000000000000e+00
1.038000000000000078e+01 0.000000000000000000e+00
1.040000000000000036e+01 0.000000000000000000e+00
1.041999999999999993e+01 0.000000000000000000e+00
1.043999999999999950e+01 0.000000000000000000e+00
1.046000000000000085e+01 0.000000000000000000e+00
1.048000000000000043e+01 0.000000000000000000e+00
1.050000000000000000e+01 0.000000000000000000e+00
1.051999999999999957e+01 0.000000000000000000e+00
1.053999999999999915e+01 0.000000000000000000e+00
1.056000000000000050e+01 0.000000000000000000e+00
1.058000000000000007e+01 0.000000000000000000e+00
1.059999999999999964e+01 0.000000000000000000e+00
1.061999999999999922e+01 0.000000000000000000e+00
1.064000000000000057e+01 0.000000000000000000e+00
1.066000000000000014e+01 0.000000000000000000e+00
1.067999999999999972e+01 0.000000000000000000e+00
1.069999999999999929e+01 0.000000000000000000e+00
1.072000000000000064e+01 0.000000000000000000e+00
1.074000000000000021e+01 0.000000000000000000e+00
1.075999999999999979e+01 0.000000000000000000e+00
1.077999999999999936e+01 0.000000000000000000e+00
1.080000000000000071e+01 0.000000000000000000e+00
1.082000000000000028e+01 0.000000000000000000e+00
1.083999999999999986e+01 0.000000000000000000e+00
1.085999999999999943e+01 0.000000000000000000e+00
1.088000000000000078e+01 0.000000000000000000e+00
1.090000000000000036e+01 0.000000000000000000e+00
1.091999999999999993e+01 0.000000000000000000e+00
1.093999999999999950e+01 0.000000000000000000e+00
1.096000000000000085e+01 0.000000000000000000e+00
1.098000000000000043e+01 0.000000000000000000e+00
1.100000000000000000e+01 0.000000000000000000e+00
1.101999999999999957e+01 0.000000000000000000e+00
1.103999999999999915e+01 0.000000000000000000e+00
1.106000000000000050e+01 0.000000000000000000e+00
1.108000000000000007e+01 0.000000000000000000e+00
1.109999999999999964e+01 0.000000000000000000e+00
1.111999999999999922e+01 0.000000000000000000e+00
1.114000000000000057e+01 0.000000000000000000e+00
1.116000000000000014e+01 0.000000000000000000e+00
1.117999999999999972e+01 0.000000000000000000e+00
1.119999999999999929e+01 0.000000000000000000e+00
1.122000000000000064e+01 0.000000000000000000e+00
1.124000000000000021e+01 0.000000000000000000e+00
1.125999999999999979e+01 0.000000000000000000e+00
1.127999999999999936e+01 0.000000000000000000e+00
1.130000000000000071e+01 0.000000000000000000e+00
1.132000000000000028e+01 0.000000000000000000e+00
1.133999999999999986e+01 0.000000000000000000e+00
1.135999999999999943e+01 0.000000000000000000e+00
1.138000000000000078e+01 0.000000000000000000e+00
1.140000000000000036e+01 0.000000000000000000e+00
1.141999999999999993e+01 0.000000000000000000e+00
1.143999999999999950e+01 0.000000000000000000e+00
1.146000000000000085e+01 0.000000000000000000e+00
1.148000000000000043e+01 0.000000000000000000e+00
1.150000000000000000e+01 0.000000000000000000e+00
1.151999999999999957e+01 0.000000000000000000e+00
1.153999999999999915e+01 0.000000000000000000e+00
1.156000000000000050e+01 0.000000000000000000e+00
1.158000000000000007e+01 0.000000000000000000e+00
1.159999999999999964e+01 0.000000000000000000e+00
1.161999999999999922e+01 0.000000000000000000e+00
1.164000000000000057e+01 0.000000000000000000e+00
1.166000000000000014e+01 0.000000000000000000e+00
1.167999999999999972e+01 0.000000000000000000e+00
1.169999999999999929e+01 0.000000000000000000e+00
1.172000000000000064e+01 0.000000000000000000e+00
1.174000000000000021e+01 0.000000000000000000e+00
1.175999999999999979e+01 0.000000000000000000e+00
1.177999999999999936e+01 0.000000000000000000e+00
1.180000000000000071e+01 0.000000000000000000e+00
1.182000000000000028e+01 0.000000000000000000e+00
1.183999999999999986e+01 0.000000000000000000e+00
1.185999999999999943e+01 0.000000000000000000e+00
1.188000000000000078e+01 0.000000000000000000e+00
1.190000000000000036e+01 0.000000000000000000e+00
1.191999999999999993e+01 0.000000000000000000e+00
1.193999999999999950e+01 0.000000000000000000e+00
1.196000000000000085e+01 0.000000000000000000e+00
1.198000000000000043e+01 0.000000000000000000e+00
1.200000000000000000e+01 0.000000000000000000e+00
1.201999999999999957e+01 0.000000000000000000e+00
1.203999999999999915e+01 0.000000000000000000e+00
1.206000000000000050e+01 0.000000000000000000e+00
1.208000000000000007e+01 0.000000000000000000e+00
1.209999999999999964e+01 0.000000000000000000e+00
1.211999999999999922e+01 0.000000000000000000e+00
1.214000000000000057e+01 0.000000000000000000e+00
1.216000000000000014e+01 0.000000000000000000e+00
1.217999999999999972e+01 0.000000000000000000e+00
1.219999999999999929e+01 0.000000000000000000e+00
1.222000000000000064e+01 0.000000000000000000e+00
1.224000000000000021e+01 0.000000000000000000e+00
1.225999999999999979e+01 0.000000000000000000e+00
1.227999999999999936e+01 0.000000000000000000e+00
1.230000000000000071e+01 0.000000000000000000e+00
1.232000000000000028e+01 0.000000000000000000e+00
1.233999999999999986e+01 0.000000000000000000e+00
1.235999999999999943e+01 0.000000000000000000e+00
1.238000000000000078e+01 0.000000000000000000e+00
1.240000000000000036e+01 0.000000000000000000e+00
1.241999999999999993e+01 0.000000000000000000e+00
1.243999999999999950e+01 0.000000000000000000e+00
1.246000000000000085e+01 0.000000000000000000e+00
1.248000000000000043e+01 0.000000000000000000e+00
1.250000000000000000e+01 0.000000000000000000e+00
1.251999999999999957e+01 0.000000000000000000e+00
1.253999999999999915e+01 0.000000000000000000e+00
1.256000000000000050e+01 0.000000000000000000e+00
1.258000000000000007e+01 0.000000000000000000e+00
1.259999999999999964e+01 0.000000000000000000e+00
1.261999999999999922e+01 0.000000000000000000e+00
1.264000000000000057e+01 0.000000000000000000e+00
1.266000000000000014e+01 0.000000000000000000e+00
1.267999999999999972e+01 0.000000000000000000e+00
1.269999999999999929e+01 0.000000000000000000e+00
1.272000000000000064e+01 0.000000000000000000e+00
1.274000000000000021e+01 0.000000000000000000e+00
1.275999999999999979e+01 0.000000000000000000e+00
1.277999999999999936e+01 0.000000000000000000e+00
1.280000000000000071e+01 0.000000000000000000e+00
1.282000000000000028e+01 0.000000000000000000e+00
1.283999999999999986e+01 0.000000000000000000e+00
1.285999999999999943e+01 0.000000000000000000e+00
1.288000000000000078e+01 0.000000000000000000e+00
1.290000000000000036e+01 0.000000000000000000e+00
1.291999999999999993e+01 0.000000000000000000e+00
1.293999999999999950e+01 0.000000000000000000e+00
1.296000000000000085e+01 0.000000000000000000e+00
1.298000000000000043e+01 0.000000000000000000e+00
1.300000000000000000e+01 0.000000000000000000e+00
1.301999999999999957e+01 0.000000000000000000e+00
1.303999999999999915e+01 0.000000000000000000e+00
1.306000000000000050e+01 0.000000000000000000e+00
1.308000000000000007e+01 0.000000000000000000e+00
1.309999999999999964e+01 0.000000000000000000e+00
1.311999999999999922e+01 0.000000000000000000e+00
1.314000000000000057e+01 0.000000000000000000e+00
1.316000000000000014e+01 0.000000000000000000e+00
1.317999999999999972e+01 0.000000000000000000e+00
1.319999999999999929e+01 0.000000000000000000e+00
1.322000000000000064e+01 0.000000000000000000e+00
1.324000000000000021e+01 0.000000000000000000e+00
1.325999999999999979e+01 0.000000000000000000e+00
1.327999999999999936e+01 0.000000000000000000e+00
1.330000000000000071e+01 0.000000000000000000e+00
1.332000000000000028e+01 0.000000000000000000e+00
1.333999999999999986e+01 0.000000000000000000e+00
1.335999999999999943e+01 0.000000000000000000e+00
1.338000000000000078e+01 0.000000000000000000e+00
1.340000000000000036e+01 0.000000000000000000e+00
1.341999999999999993e+01 0.000000000000000000e+00
1.343999999999999950e+01 0.000000000000000000e+00
1.346000000000000085e+01 0.000000000000000000e+00
1.348000000000000043e+01 0.000000000000000000e+00
1.350000000000000000e+01 0.000000000000000000e+00
1.351999999999999957e+01 0.000000000000000000e+00
1.353999999999999915e+01 0.000000000000000000e+00
1.356000000000000050e+01 0.000000000000000000e+00
1.358000000000000007e+01 0.000000000000000000e+00
1.359999999999999964e+01 0.000000000000000000e+00
1.361999999999999922e+01 0.000000000000000000e+00
1.364000000000000057e+01 0.000000000000000000e+00
1.366000000000000014e+01 0.000000000000000000e+00
1.367999999999999972e+01 0.000000000000000000e+00
1.369999999999999929e+01 0.000000000000000000e+00
1.372000000000000064e+01 0.000000000000000000e+00
1.374000000000000021e+01 0.000000000000000000e+00
1.375999999999999979e+01 0.000000000000000000e+00
1.377999999999999936e+01 0.000000000000000000e+00
1.380000000000000071e+01 0.000000000000000000e+00
1.382000000000000028e+01 0.000000000000000000e+00
1.383999999999999986e+01 0.000000000000000000e+00
1.385999999999999943e+01 0.000000000000000000e+00
1.388000000000000078e+01 0.000000000000000000e+00
1.390000000000000036e+01 0.000000000000000000e+00
1.391999999999999993e+01 0.000000000000000000e+00
1.393999999999999950e+01 0.000000000000000000e+00
1.396000000000000085e+01 0.000000000000000000e+00
1.398000000000000043e+01 0.000000000000000000e+00
1.400000000000000000e+01 0.000000000000000000e+00
1.401999999999999957e+01 0.000000000000000000e+00
1.403999999999999915e+01 0.000000000000000000e+00
1.406000000000000050e+01 0.000000000000000000e+00
1.408000000000000007e+01 0.000000000000000000e+00
1.409999999999999964e+01 0.000000000000000000e+00
1.411999999999999922e+01 0.000000000000000000e+00
1.414000000000000057e+01 0.000000000000000000e+00
1.416000000000000014e+01 0.000000000000000000e+00
1.417999999999999972e+01 0.000000000000000000e+00
1.419999999999999929e+01 0.000000000000000000e+00
1.422000000000000064e+01 0.000000000000000000e+00
1.424000000000000021e+01 0.000000000000000000e+00
1.425999999999999979e+01 0.000000000000000000e+00
1.427999999999999936e+01 0.000000000000000000e+00
1.430000000000000071e+01 0.000000000000000000e+00
1.432000000000000028e+01 0.000000000000000000e+00
1.433999999999999986e+01 0.000000000000000000e+00
1.435999999999999943e+01 0.000000000000000000e+00
1.438000000000000078e+01 0.000000000000000000e+00
1.440000000000000036e+01 0.000000000000000000e+00
1.441999999999999993e+01 0.000000000000000000e+00
1.443999999999999950e+01 0.000000000000000000e+00
1.446000000000000085e+01 0.000000000000000000e+00
1.448000000000000043e+01 0.000000000000000000e+00
1.450000000000000000e+01 0.000000000000000000e+00
1.451999999999999957e+01 0.000000000000000000e+00
1.453999999999999915e+01 0.000000000000000000e+00
1.456000000000000050e+01 0.000000000000000000e+00
1.458000000000000007e+01 0.000000000000000000e+00
1.459999999999999964e+01 0.000000000000000000e+00
1.461999999999999922e+01 0.000000000000000000e+00
1.464000000000000057e+01 0.000000000000000000e+00
1.466000000000000014e+01 0.000000000000000000e+00
1.467999999999999972e+01 0.000000000000000000e+00
1.469999999999999929e+01 0.000000000000000000e+00
1.472000000000000064e+01 0.000000000000000000e+00
1.474000000000000021e+01 0.000000000000000000e+00
1.475999999999999979e+01 0.000000000000000000e+00
1.477999999999999936e+01 0.000000000000000000e+00
1.480000000000000071e+01 0.000000000000000000e+00
1.482000000000000028e+01 0.000000000000000000e+00
1.483999999999999986e+01 0.000000000000000000e+00
1.485999999999999943e+01 0.000000000000000000e+00
1.488000000000000078e+01 0.000000000000000000e+00
1.490000000000000036e+01 0.000000000000000000e+00
1.491999999999999993e+01 0.000000000000000000e+00
1.493999999999999950e+01 0.000000000000000000e+00
1.496000000000000085e+01 0.000000000000000000e+00
1.498000000000000043e+01 0.000000000000000000e+00
1.500000000000000000e+01 0.000000000000000000e+00
1.501999999999999957e+01 0.000000000000000000e+00
1.503999999999999915e+01 0.000000000000000000e+00
1.506000000000000050e+01 0.000000000000000000e+00
1.508000000000000007e+01 0.000000000000000000e+00
1.509999999999999964e+01 0.000000000000000000e+00
1.511999999999999922e+01 0.000000000000000000e+00
1.514000000000000057e+01 0.000000000000000000e+00
1.516000000000000014e+01 0.000000000000000000e+00
1.517999999999999972e+01 0.000000000000000000e+00
1.519999999999999929e+01 0.000000000000000000e+00
1.522000000000000064e+01 0.000000000000000000e+00
1.524000000000000021e+01 0.000000000000000000e+00
1.525999999999999979e+01 0.000000000000000000e+00
1.527999999999999936e+01 0.000000000000000000e+00
1.530000000000000071e+01 0.000000000000000000e+00
1.532000000000000028e+01 0.000000000000000000e+00
1.533999999999999986e+01 0.000000000000000000e+00
1.535999999999999943e+01 0.000000000000000000e+00
1.538000000000000078e+01 0.000000000000000000e+00
1.540000000000000036e+01 0.000000000000000000e+00
1.541999999999999993e+01 0.000000000000000000e+00
1.543999999999999950e+01 0.000000000000000000e+00
1.546000000000000085e+01 0.000000000000000000e+00
1.548000000000000043e+01 0.000000000000000000e+00
1.550000000000000000e+01 1.521600000000000068e-04
1.551999999999999957e+01 1.966179999999999935e-04
1.553999999999999915e+01 2.437999999999999900e-04
1.556000000000000050e+01 2.829980000000000169e-04
1.558000000000000007e+01 3.133179999999999841e-04
1.559999999999999964e+01 3.530380000000000172e-04
1.561999999999999922e+01 4.246160000000000017e-04
1.564000000000000057e+01 5.458830000000000453e-04
1.566000000000000014e+01 7.243799999999999458e-04
1.567999999999999972e+01 9.494090000000000168e-04
1.569999999999999929e+01 1.188390000000000106e-03
1.572000000000000064e+01 1.414529999999999997e-03
1.574000000000000021e+01 1.610300000000000056e-03
1.575999999999999979e+01 1.772289999999999933e-03
1.577999999999999936e+01 1.919539999999999962e-03
1.580000000000000071e+01 2.071089999999999823e-03
1.582000000000000028e+01 2.259610000000000004e-03
1.583999999999999986e+01 2.497810000000000048e-03
1.585999999999999943e+01 2.794019999999999924e-03
1.588000000000000078e+01 3.179550000000000171e-03
1.590000000000000036e+01 3.624549999999999821e-03
1.591999999999999993e+01 4.156919999999999712e-03
1.593999999999999950e+01 4.768269999999999800e-03
1.596000000000000085e+01 5.430349999999999587e-03
1.598000000000000043e+01 6.227840000000000112e-03
1.600000000000000000e+01 7.098560000000000286e-03
1.601999999999999957e+01 8.116069999999999535e-03
1.603999999999999915e+01 9.335859999999999645e-03
1.605999999999999872e+01 1.069540000000000074e-02
1.607999999999999829e+01 1.240430000000000005e-02
1.610000000000000142e+01 1.441929999999999948e-02
1.612000000000000099e+01 1.679049999999999987e-02
1.614000000000000057e+01 1.966740000000000155e-02
1.616000000000000014e+01 2.297700000000000090e-02
1.617999999999999972e+01 2.692740000000000064e-02
1.619999999999999929e+01 3.163440000000000002e-02
1.621999999999999886e+01 3.718199999999999977e-02
1.623999999999999844e+01 4.389950000000000102e-02
1.626000000000000156e+01 5.197979999999999962e-02
1.628000000000000114e+01 6.169569999999999915e-02
1.630000000000000071e+01 7.335969999999999991e-02
1.632000000000000028e+01 8.732510000000000272e-02
1.633999999999999986e+01 1.040500000000000036e-01
1.635999999999999943e+01 1.239589999999999997e-01
1.637999999999999901e+01 1.474900000000000100e-01
1.639999999999999858e+01 1.752329999999999999e-01
1.642000000000000171e+01 2.074920000000000098e-01
1.644000000000000128e+01 2.443359999999999976e-01
1.646000000000000085e+01 2.856850000000000223e-01
1.648000000000000043e+01 3.308590000000000142e-01
1.650000000000000000e+01 3.789919999999999956e-01
1.651999999999999957e+01 4.291880000000000139e-01
1.653999999999999915e+01 4.802799999999999847e-01
1.655999999999999872e+01 5.308159999999999545e-01
1.657999999999999829e+01 5.795989999999999753e-01
1.660000000000000142e+01 6.254319999999999879e-01
1.662000000000000099e+01 6.668479999999999963e-01
1.664000000000000057e+01 7.030210000000000070e-01
1.666000000000000014e+01 7.335399999999999698e-01
1.667999999999999972e+01 7.581830000000000513e-01
1.669999999999999929e+01 7.773330000000000517e-01
1.671999999999999886e+01 7.915670000000000206e-01
1.673999999999999844e+01 8.014970000000000150e-01
1.676000000000000156e+01 8.080460000000000420e-01
1.678000000000000114e+01 8.120960000000000401e-01
1.680000000000000071e+01 8.142890000000000406e-01
1.682000000000000028e+01 8.152939999999999632e-01
1.683999999999999986e+01 8.157919999999999616e-01
1.685999999999999943e+01 8.160269999999999468e-01
1.687999999999999901e+01 8.161939999999999751e-01
1.689999999999999858e+01 8.164810000000000123e-01
1.692000000000000171e+01 8.168119999999999825e-01
1.694000000000000128e+01 8.171460000000000390e-01
1.696000000000000085e+01 8.175580000000000069e-01
1.698000000000000043e+01 8.180279999999999774e-01
1.700000000000000000e+01 8.185810000000000031e-01
1.701999999999999957e+01 8.193439999999999612e-01
1.703999999999999915e+01 8.202730000000000299e-01
1.705999999999999872e+01 8.213519999999999710e-01
1.707999999999999829e+01 8.225729999999999986e-01
1.710000000000000142e+01 8.238250000000000295e-01
1.712000000000000099e+01 8.250809999999999533e-01
1.714000000000000057e+01 8.263230000000000297e-01
1.716000000000000014e+01 8.274960000000000093e-01
1.717999999999999972e+01 8.285700000000000287e-01
1.719999999999999929e+01 8.295129999999999448e-01
1.721999999999999886e+01 8.303049999999999597e-01
1.723999999999999844e+01 8.310119999999999729e-01
1.726000000000000156e+01 8.317099999999999493e-01
1.728000000000000114e+01 8.325489999999999835e-01
1.730000000000000071e+01 8.335360000000000547e-01
1.732000000000000028e+01 8.346919999999999895e-01
1.733999999999999986e+01 8.358569999999999611e-01
1.735999999999999943e+01 8.369349999999999845e-01
1.737999999999999901e+01 8.377989999999999604e-01
1.739999999999999858e+01 8.383869999999999933e-01
1.742000000000000171e+01 8.387259999999999716e-01
1.744000000000000128e+01 8.388489999999999558e-01
1.746000000000000085e+01 8.388970000000000038e-01
1.748000000000000043e+01 8.389339999999999575e-01
1.750000000000000000e+01 8.390659999999999785e-01
1.751999999999999957e+01 8.393329999999999957e-01
1.753999999999999915e+01 8.397390000000000132e-01
1.755999999999999872e+01 8.402549999999999741e-01
1.757999999999999829e+01 8.408330000000000526e-01
1.760000000000000142e+01 8.414490000000000025e-01
1.762000000000000099e+01 8.420590000000000019e-01
1.764000000000000057e+01 8.426609999999999934e-01
1.766000000000000014e+01 8.432509999999999728e-01
1.767999999999999972e+01 8.438320000000000265e-01
1.769999999999999929e+01 8.444080000000000474e-01
1.771999999999999886e+01 8.449870000000000436e-01
1.773999999999999844e+01 8.455679999999999863e-01
1.776000000000000156e+01 8.461429999999999785e-01
1.778000000000000114e+01 8.467000000000000082e-01
1.780000000000000071e+01 8.472110000000000474e-01
1.782000000000000028e+01 8.476660000000000306e-01
1.783999999999999986e+01 8.480469999999999953e-01
1.785999999999999943e+01 8.483640000000000070e-01
1.787999999999999901e+01 8.486200000000000410e-01
1.789999999999999858e+01 8.488430000000000142e-01
1.792000000000000171e+01 8.490389999999999882e-01
1.794000000000000128e+01 8.492239999999999789e-01
1.796000000000000085e+01 8.493969999999999576e-01
1.798000000000000043e+01 8.495589999999999531e-01
1.800000000000000000e+01 8.497080000000000188e-01
1.801999999999999957e+01 8.498510000000000231e-01
1.803999999999999915e+01 8.499919999999999698e-01
1.805999999999999872e+01 8.501589999999999980e-01
1.807999999999999829e+01 8.503619999999999512e-01
1.810000000000000142e+01 8.506289999999999685e-01
1.812000000000000099e+01 8.509499999999999842e-01
1.814000000000000057e+01 8.513279999999999736e-01
1.816000000000000014e+01 8.517190000000000039e-01
1.817999999999999972e+01 8.521109999999999518e-01
1.819999999999999929e+01 8.524739999999999540e-01
1.821999999999999886e+01 8.528229999999999977e-01
1.823999999999999844e+01 8.531600000000000295e-01
1.826000000000000156e+01 8.535409999999999942e-01
1.828000000000000114e+01 8.539780000000000149e-01
1.830000000000000071e+01 8.545059999999999878e-01
1.832000000000000028e+01 8.551180000000000447e-01
1.833999999999999986e+01 8.558189999999999964e-01
1.835999999999999943e+01 8.565690000000000248e-01
1.837999999999999901e+01 8.573570000000000357e-01
1.839999999999999858e+01 8.581450000000000466e-01
1.842000000000000171e+01 8.589080000000000048e-01
1.844000000000000128e+01 8.596179999999999932e-01
1.846000000000000085e+01 8.602049999999999974e-01
1.848000000000000043e+01 8.606430000000000469e-01
1.850000000000000000e+01 8.608500000000000041e-01
1.851999999999999957e+01 8.608259999999999801e-01
1.853999999999999915e+01 8.605530000000000124e-01
1.855999999999999872e+01 8.600860000000000172e-01
1.857999999999999829e+01 8.594619999999999482e-01
1.860000000000000142e+01 8.587449999999999806e-01
1.862000000000000099e+01 8.579499999999999904e-01
1.864000000000000057e+01 8.570879999999999610e-01
1.866000000000000014e+01 8.561609999999999498e-01
1.867999999999999972e+01 8.551640000000000352e-01
1.869999999999999929e+01 8.541210000000000191e-01
1.871999999999999886e+01 8.530440000000000245e-01
1.873999999999999844e+01 8.519640000000000546e-01
1.876000000000000156e+01 8.508919999999999817e-01
1.878000000000000114e+01 8.498250000000000526e-01
1.880000000000000071e+01 8.487649999999999917e-01
1.882000000000000028e+01 8.477000000000000091e-01
1.883999999999999986e+01 8.466759999999999842e-01
1.885999999999999943e+01 8.457209999999999450e-01
1.887999999999999901e+01 8.449459999999999749e-01
1.889999999999999858e+01 8.443840000000000234e-01
1.892000000000000171e+01 8.441809999999999592e-01
1.894000000000000128e+01 8.443509999999999627e-01
1.896000000000000085e+01 8.449010000000000131e-01
1.898000000000000043e+01 8.457829999999999515e-01
1.900000000000000000e+01 8.469149999999999734e-01
1.901999999999999957e+01 8.481490000000000418e-01
1.903999999999999915e+01 8.493380000000000374e-01
1.905999999999999872e+01 8.503009999999999735e-01
1.907999999999999829e+01 8.509769999999999834e-01
1.910000000000000142e+01 8.510729999999999684e-01
1.912000000000000099e+01 8.505439999999999667e-01
1.914000000000000057e+01 8.491370000000000307e-01
1.916000000000000014e+01 8.468050000000000299e-01
1.917999999999999972e+01 8.432100000000000151e-01
1.919999999999999929e+01 8.382509999999999684e-01
1.921999999999999886e+01 8.315919999999999979e-01
1.923999999999999844e+01 8.230009999999999826e-01
1.926000000000000156e+01 8.121150000000000313e-01
1.928000000000000114e+01 7.987309999999999688e-01
1.930000000000000071e+01 7.826539999999999608e-01
1.932000000000000028e+01 7.638000000000000345e-01
1.933999999999999986e+01 7.421119999999999939e-01
1.935999999999999943e+01 7.176369999999999694e-01
1.937999999999999901e+01 6.903820000000000512e-01
1.939999999999999858e+01 6.605529999999999458e-01
1.942000000000000171e+01 6.281900000000000261e-01
1.944000000000000128e+01 5.939010000000000122e-01
1.946000000000000085e+01 5.578279999999999905e-01
1.948000000000000043e+01 5.209970000000000434e-01
1.950000000000000000e+01 4.835880000000000178e-01
1.951999999999999957e+01 4.466539999999999955e-01
1.953999999999999915e+01 4.103209999999999913e-01
1.955999999999999872e+01 3.752849999999999797e-01
1.957999999999999829e+01 3.416350000000000220e-01
1.960000000000000142e+01 3.097659999999999858e-01
1.962000000000000099e+01 2.797830000000000039e-01
1.964000000000000057e+01 2.519290000000000140e-01
1.966000000000000014e+01 2.262770000000000059e-01
1.967999999999999972e+01 2.029940000000000078e-01
1.969999999999999929e+01 1.819300000000000084e-01
1.971999999999999886e+01 1.631140000000000090e-01
1.973999999999999844e+01 1.461919999999999886e-01
1.976000000000000156e+01 1.310620000000000118e-01
1.978000000000000114e+01 1.173550000000000010e-01
1.980000000000000071e+01 1.049130000000000063e-01
1.982000000000000028e+01 9.360670000000000102e-02
1.983999999999999986e+01 8.334579999999999766e-02
1.985999999999999943e+01 7.417640000000000344e-02
1.987999999999999901e+01 6.609940000000000260e-02
1.989999999999999858e+01 5.911210000000000075e-02
1.992000000000000171e+01 5.325690000000000285e-02
1.994000000000000128e+01 4.828419999999999934e-02
1.996000000000000085e+01 4.418280000000000124e-02
1.998000000000000043e+01 4.062570000000000070e-02
2.000000000000000000e+01 3.755870000000000042e-02
2.001999999999999957e+01 3.471579999999999805e-02
2.003999999999999915e+01 3.200830000000000342e-02
2.005999999999999872e+01 2.939879999999999924e-02
2.007999999999999829e+01 2.685109999999999927e-02
2.010000000000000142e+01 2.439300000000000149e-02
2.012000000000000099e+01 2.200239999999999835e-02
2.014000000000000057e+01 1.978540000000000160e-02
2.016000000000000014e+01 1.779479999999999951e-02
2.017999999999999972e+01 1.599880000000000052e-02
2.019999999999999929e+01 1.439859999999999925e-02
2.021999999999999886e+01 1.297219999999999970e-02
2.023999999999999844e+01 1.172860000000000048e-02
2.026000000000000156e+01 1.059389999999999984e-02
2.028000000000000114e+01 9.493359999999999299e-03
2.030000000000000071e+01 8.457889999999999159e-03
2.032000000000000028e+01 7.491629999999999991e-03
2.033999999999999986e+01 6.597300000000000386e-03
2.035999999999999943e+01 5.770929999999999636e-03
2.037999999999999901e+01 5.034819999999999747e-03
2.039999999999999858e+01 4.451090000000000428e-03
2.042000000000000171e+01 4.000260000000000274e-03
2.044000000000000128e+01 3.664829999999999997e-03
2.046000000000000085e+01 3.442849999999999903e-03
2.048000000000000043e+01 3.309649999999999918e-03
2.050000000000000000e+01 3.265740000000000049e-03
2.051999999999999957e+01 3.230960000000000169e-03
2.053999999999999915e+01 3.207440000000000204e-03
2.055999999999999872e+01 3.159649999999999959e-03
2.057999999999999829e+01 3.086080000000000160e-03
2.060000000000000142e+01 2.965269999999999885e-03
2.062000000000000099e+01 2.785109999999999929e-03
2.064000000000000057e+01 2.562979999999999859e-03
2.066000000000000014e+01 2.300490000000000087e-03
2.067999999999999972e+01 2.010629999999999796e-03
2.069999999999999929e+01 1.702270000000000085e-03
2.071999999999999886e+01 1.387329999999999987e-03
2.073999999999999844e+01 1.096460000000000056e-03
2.076000000000000156e+01 8.275100000000000511e-04
2.078000000000000114e+01 6.071299999999999961e-04
2.080000000000000071e+01 4.318899999999999866e-04
2.082000000000000028e+01 3.138199999999999735e-04
2.083999999999999986e+01 2.562500000000000216e-04
2.085999999999999943e+01 2.339300000000000049e-04
2.087999999999999901e+01 2.488500000000000044e-04
2.089999999999999858e+01 2.745099999999999992e-04
2.092000000000000171e+01 2.977500000000000003e-04
2.094000000000000128e+01 3.136500000000000074e-04
2.096000000000000085e+01 3.050600000000000100e-04
2.098000000000000043e+01 2.778500000000000045e-04
2.100000000000000000e+01 2.339800000000000061e-04
2.101999999999999957e+01 0.000000000000000000e+00
2.103999999999999915e+01 0.000000000000000000e+00
2.105999999999999872e+01 0.000000000000000000e+00
2.107999999999999829e+01 0.000000000000000000e+00
2.110000000000000142e+01 0.000000000000000000e+00
2.112000000000000099e+01 0.000000000000000000e+00
2.114000000000000057e+01 0.000000000000000000e+00
2.116000000000000014e+01 0.000000000000000000e+00
2.117999999999999972e+01 0.000000000000000000e+00
2.119999999999999929e+01 0.000000000000000000e+00
2.121999999999999886e+01 0.000000000000000000e+00
2.123999999999999844e+01 0.000000000000000000e+00
2.126000000000000156e+01 0.000000000000000000e+00
2.128000000000000114e+01 0.000000000000000000e+00
2.130000000000000071e+01 0.000000000000000000e+00
2.132000000000000028e+01 0.000000000000000000e+00
2.133999999999999986e+01 0.000000000000000000e+00
2.135999999999999943e+01 0.000000000000000000e+00
2.137999999999999901e+01 0.000000000000000000e+00
2.139999999999999858e+01 0.000000000000000000e+00
2.142000000000000171e+01 0.000000000000000000e+00
2.144000000000000128e+01 0.000000000000000000e+00
2.146000000000000085e+01 0.000000000000000000e+00
2.148000000000000043e+01 0.000000000000000000e+00
2.150000000000000000e+01 0.000000000000000000e+00
2.151999999999999957e+01 0.000000000000000000e+00
2.153999999999999915e+01 0.000000000000000000e+00
2.155999999999999872e+01 0.000000000000000000e+00
2.157999999999999829e+01 0.000000000000000000e+00
2.160000000000000142e+01 0.000000000000000000e+00
2.162000000000000099e+01 0.000000000000000000e+00
2.164000000000000057e+01 0.000000000000000000e+00
2.166000000000000014e+01 0.000000000000000000e+00
2.167999999999999972e+01 0.000000000000000000e+00
2.169999999999999929e+01 0.000000000000000000e+00
2.171999999999999886e+01 0.000000000000000000e+00
2.173999999999999844e+01 0.000000000000000000e+00
2.176000000000000156e+01 0.000000000000000000e+00
2.178000000000000114e+01 0.000000000000000000e+00
2.180000000000000071e+01 0.000000000000000000e+00
2.182000000000000028e+01 0.000000000000000000e+00
2.183999999999999986e+01 0.000000000000000000e+00
2.185999999999999943e+01 0.000000000000000000e+00
2.187999999999999901e+01 0.000000000000000000e+00
2.189999999999999858e+01 0.000000000000000000e+00
2.192000000000000171e+01 0.000000000000000000e+00
2.194000000000000128e+01 0.000000000000000000e+00
2.196000000000000085e+01 0.000000000000000000e+00
2.198000000000000043e+01 0.000000000000000000e+00
2.200000000000000000e+01 0.000000000000000000e+00
2.201999999999999957e+01 0.000000000000000000e+00
2.203999999999999915e+01 0.000000000000000000e+00
2.205999999999999872e+01 0.000000000000000000e+00
2.207999999999999829e+01 0.000000000000000000e+00
2.210000000000000142e+01 0.000000000000000000e+00
2.212000000000000099e+01 0.000000000000000000e+00
2.214000000000000057e+01 0.000000000000000000e+00
2.216000000000000014e+01 0.000000000000000000e+00
2.217999999999999972e+01 0.000000000000000000e+00
2.219999999999999929e+01 0.000000000000000000e+00
2.221999999999999886e+01 0.000000000000000000e+00
2.223999999999999844e+01 0.000000000000000000e+00
2.226000000000000156e+01 0.000000000000000000e+00
2.228000000000000114e+01 0.000000000000000000e+00
2.230000000000000071e+01 0.000000000000000000e+00
2.232000000000000028e+01 0.000000000000000000e+00
2.233999999999999986e+01 0.000000000000000000e+00
2.235999999999999943e+01 0.000000000000000000e+00
2.237999999999999901e+01 0.000000000000000000e+00
2.239999999999999858e+01 0.000000000000000000e+00
2.242000000000000171e+01 0.000000000000000000e+00
2.244000000000000128e+01 0.000000000000000000e+00
2.246000000000000085e+01 0.000000000000000000e+00
2.248000000000000043e+01 0.000000000000000000e+00
2.250000000000000000e+01 0.000000000000000000e+00
2.251999999999999957e+01 0.000000000000000000e+00
2.253999999999999915e+01 0.000000000000000000e+00
2.255999999999999872e+01 0.000000000000000000e+00
2.257999999999999829e+01 0.000000000000000000e+00
2.260000000000000142e+01 0.000000000000000000e+00
2.262000000000000099e+01 0.000000000000000000e+00
2.264000000000000057e+01 0.000000000000000000e+00
2.266000000000000014e+01 0.000000000000000000e+00
2.267999999999999972e+01 0.000000000000000000e+00
2.269999999999999929e+01 0.000000000000000000e+00
2.271999999999999886e+01 0.000000000000000000e+00
2.273999999999999844e+01 0.000000000000000000e+00
2.276000000000000156e+01 0.000000000000000000e+00
2.278000000000000114e+01 0.000000000000000000e+00
2.280000000000000071e+01 0.000000000000000000e+00
2.282000000000000028e+01 0.000000000000000000e+00
2.283999999999999986e+01 0.000000000000000000e+00
2.285999999999999943e+01 0.000000000000000000e+00
2.287999999999999901e+01 0.000000000000000000e+00
2.289999999999999858e+01 0.000000000000000000e+00
2.292000000000000171e+01 0.000000000000000000e+00
2.294000000000000128e+01 0.000000000000000000e+00
2.296000000000000085e+01 0.000000000000000000e+00
2.298000000000000043e+01 0.000000000000000000e+00
2.300000000000000000e+01 0.000000000000000000e+00
2.301999999999999957e+01 0.000000000000000000e+00
2.303999999999999915e+01 0.000000000000000000e+00
2.305999999999999872e+01 0.000000000000000000e+00
2.307999999999999829e+01 0.000000000000000000e+00
2.310000000000000142e+01 0.000000000000000000e+00
2.312000000000000099e+01 0.000000000000000000e+00
2.314000000000000057e+01 0.000000000000000000e+00
2.316000000000000014e+01 0.000000000000000000e+00
2.317999999999999972e+01 0.000000000000000000e+00
2.319999999999999929e+01 0.000000000000000000e+00
2.321999999999999886e+01 0.000000000000000000e+00
2.323999999999999844e+01 0.000000000000000000e+00
2.326000000000000156e+01 0.000000000000000000e+00
2.328000000000000114e+01 0.000000000000000000e+00
2.330000000000000071e+01 0.000000000000000000e+00
2.332000000000000028e+01 0.000000000000000000e+00
2.333999999999999986e+01 0.000000000000000000e+00
2.335999999999999943e+01 0.000000000000000000e+00
2.337999999999999901e+01 0.000000000000000000e+00
2.339999999999999858e+01 0.000000000000000000e+00
2.342000000000000171e+01 0.000000000000000000e+00
2.344000000000000128e+01 0.000000000000000000e+00
2.346000000000000085e+01 0.000000000000000000e+00
2.348000000000000043e+01 0.000000000000000000e+00
2.350000000000000000e+01 0.000000000000000000e+00
2.351999999999999957e+01 0.000000000000000000e+00
2.353999999999999915e+01 0.000000000000000000e+00
2.355999999999999872e+01 0.000000000000000000e+00
2.357999999999999829e+01 0.000000000000000000e+00
2.360000000000000142e+01 0.000000000000000000e+00
2.362000000000000099e+01 0.000000000000000000e+00
2.364000000000000057e+01 0.000000000000000000e+00
2.366000000000000014e+01 0.000000000000000000e+00
2.367999999999999972e+01 0.000000000000000000e+00
2.369999999999999929e+01 0.000000000000000000e+00
2.371999999999999886e+01 0.000000000000000000e+00
2.373999999999999844e+01 0.000000000000000000e+00
2.376000000000000156e+01 0.000000000000000000e+00
2.378000000000000114e+01 0.000000000000000000e+00
2.380000000000000071e+01 0.000000000000000000e+00
2.382000000000000028e+01 0.000000000000000000e+00
2.383999999999999986e+01 0.000000000000000000e+00
2.385999999999999943e+01 0.000000000000000000e+00
2.387999999999999901e+01 0.000000000000000000e+00
2.389999999999999858e+01 0.000000000000000000e+00
2.392000000000000171e+01 0.000000000000000000e+00
2.394000000000000128e+01 0.000000000000000000e+00
2.396000000000000085e+01 0.000000000000000000e+00
2.398000000000000043e+01 0.000000000000000000e+00
2.400000000000000000e+01 0.000000000000000000e+00
2.401999999999999957e+01 0.000000000000000000e+00
2.403999999999999915e+01 0.000000000000000000e+00
2.405999999999999872e+01 0.000000000000000000e+00
2.407999999999999829e+01 0.000000000000000000e+00
2.410000000000000142e+01 0.000000000000000000e+00
2.412000000000000099e+01 0.000000000000000000e+00
2.414000000000000057e+01 0.000000000000000000e+00
2.416000000000000014e+01 0.000000000000000000e+00
2.417999999999999972e+01 0.000000000000000000e+00
2.419999999999999929e+01 0.000000000000000000e+00
2.421999999999999886e+01 0.000000000000000000e+00
2.423999999999999844e+01 0.000000000000000000e+00
2.426000000000000156e+01 0.000000000000000000e+00
2.428000000000000114e+01 0.000000000000000000e+00
2.430000000000000071e+01 0.000000000000000000e+00
2.432000000000000028e+01 0.000000000000000000e+00
2.433999999999999986e+01 0.000000000000000000e+00
2.435999999999999943e+01 0.000000000000000000e+00
2.437999999999999901e+01 0.000000000000000000e+00
2.439999999999999858e+01 0.000000000000000000e+00
2.442000000000000171e+01 0.000000000000000000e+00
2.444000000000000128e+01 0.000000000000000000e+00
2.446000000000000085e+01 0.000000000000000000e+00
2.448000000000000043e+01 0.000000000000000000e+00
2.450000000000000000e+01 0.000000000000000000e+00
2.451999999999999957e+01 0.000000000000000000e+00
2.453999999999999915e+01 0.000000000000000000e+00
2.455999999999999872e+01 0.000000000000000000e+00
2.457999999999999829e+01 0.000000000000000000e+00
2.460000000000000142e+01 0.000000000000000000e+00
2.462000000000000099e+01 0.000000000000000000e+00
2.464000000000000057e+01 0.000000000000000000e+00
2.466000000000000014e+01 0.000000000000000000e+00
2.467999999999999972e+01 0.000000000000000000e+00
2.469999999999999929e+01 0.000000000000000000e+00
2.471999999999999886e+01 0.000000000000000000e+00
2.473999999999999844e+01 0.000000000000000000e+00
2.476000000000000156e+01 0.000000000000000000e+00
2.478000000000000114e+01 0.000000000000000000e+00
2.480000000000000071e+01 0.000000000000000000e+00
2.482000000000000028e+01 0.000000000000000000e+00
2.483999999999999986e+01 0.000000000000000000e+00
2.485999999999999943e+01 0.000000000000000000e+00
2.487999999999999901e+01 0.000000000000000000e+00
2.489999999999999858e+01 0.000000000000000000e+00
2.492000000000000171e+01 0.000000000000000000e+00
2.494000000000000128e+01 0.000000000000000000e+00
2.496000000000000085e+01 0.000000000000000000e+00
2.498000000000000043e+01 0.000000000000000000e+00
2.500000000000000000e+01 0.000000000000000000e+00
2.501999999999999957e+01 0.000000000000000000e+00
2.503999999999999915e+01 0.000000000000000000e+00
2.505999999999999872e+01 0.000000000000000000e+00
2.507999999999999829e+01 0.000000000000000000e+00
2.510000000000000142e+01 0.000000000000000000e+00
2.512000000000000099e+01 0.000000000000000000e+00
2.514000000000000057e+01 0.000000000000000000e+00
2.516000000000000014e+01 0.000000000000000000e+00
2.517999999999999972e+01 0.000000000000000000e+00
2.519999999999999929e+01 0.000000000000000000e+00
2.521999999999999886e+01 0.000000000000000000e+00
2.523999999999999844e+01 0.000000000000000000e+00
2.526000000000000156e+01 0.000000000000000000e+00
2.528000000000000114e+01 0.000000000000000000e+00
2.530000000000000071e+01 0.000000000000000000e+00
2.532000000000000028e+01 0.000000000000000000e+00
2.533999999999999986e+01 0.000000000000000000e+00
2.535999999999999943e+01 0.000000000000000000e+00
2.537999999999999901e+01 0.000000000000000000e+00
2.539999999999999858e+01 0.000000000000000000e+00
2.542000000000000171e+01 0.000000000000000000e+00
2.544000000000000128e+01 0.000000000000000000e+00
2.546000000000000085e+01 0.000000000000000000e+00
2.548000000000000043e+01 0.000000000000000000e+00
2.550000000000000000e+01 0.000000000000000000e+00
2.551999999999999957e+01 0.000000000000000000e+00
2.553999999999999915e+01 0.000000000000000000e+00
2.555999999999999872e+01 0.000000000000000000e+00
2.557999999999999829e+01 0.000000000000000000e+00
2.560000000000000142e+01 0.000000000000000000e+00
2.562000000000000099e+01 0.000000000000000000e+00
2.564000000000000057e+01 0.000000000000000000e+00
2.566000000000000014e+01 0.000000000000000000e+00
2.567999999999999972e+01 0.000000000000000000e+00
2.569999999999999929e+01 0.000000000000000000e+00
2.571999999999999886e+01 0.000000000000000000e+00
2.573999999999999844e+01 0.000000000000000000e+00
2.576000000000000156e+01 0.000000000000000000e+00
2.578000000000000114e+01 0.000000000000000000e+00
2.580000000000000071e+01 0.000000000000000000e+00
2.582000000000000028e+01 0.000000000000000000e+00
2.583999999999999986e+01 0.000000000000000000e+00
2.585999999999999943e+01 0.000000000000000000e+00
2.587999999999999901e+01 0.000000000000000000e+00
2.589999999999999858e+01 0.000000000000000000e+00
2.592000000000000171e+01 0.000000000000000000e+00
2.594000000000000128e+01 0.000000000000000000e+00
2.596000000000000085e+01 0.000000000000000000e+00
2.598000000000000043e+01 0.000000000000000000e+00
2.600000000000000000e+01 0.000000000000000000e+00
2.601999999999999957e+01 0.000000000000000000e+00
2.603999999999999915e+01 0.000000000000000000e+00
2.605999999999999872e+01 0.000000000000000000e+00
2.607999999999999829e+01 0.000000000000000000e+00
2.610000000000000142e+01 0.000000000000000000e+00
2.612000000000000099e+01 0.000000000000000000e+00
2.614000000000000057e+01 0.000000000000000000e+00
2.616000000000000014e+01 0.000000000000000000e+00
2.617999999999999972e+01 0.000000000000000000e+00
2.619999999999999929e+01 0.000000000000000000e+00
2.621999999999999886e+01 0.000000000000000000e+00
2.623999999999999844e+01 0.000000000000000000e+00
2.626000000000000156e+01 0.000000000000000000e+00
2.628000000000000114e+01 0.000000000000000000e+00
2.630000000000000071e+01 0.000000000000000000e+00
2.632000000000000028e+01 0.000000000000000000e+00
2.633999999999999986e+01 0.000000000000000000e+00
2.635999999999999943e+01 0.000000000000000000e+00
2.637999999999999901e+01 0.000000000000000000e+00
2.639999999999999858e+01 0.000000000000000000e+00
2.642000000000000171e+01 0.000000000000000000e+00
2.644000000000000128e+01 0.000000000000000000e+00
2.646000000000000085e+01 0.000000000000000000e+00
2.648000000000000043e+01 0.000000000000000000e+00
2.650000000000000000e+01 0.000000000000000000e+00
2.651999999999999957e+01 0.000000000000000000e+00
2.653999999999999915e+01 0.000000000000000000e+00
2.655999999999999872e+01 0.000000000000000000e+00
2.657999999999999829e+01 0.000000000000000000e+00
2.660000000000000142e+01 0.000000000000000000e+00
2.662000000000000099e+01 0.000000000000000000e+00
2.664000000000000057e+01 0.000000000000000000e+00
2.666000000000000014e+01 0.000000000000000000e+00
2.667999999999999972e+01 0.000000000000000000e+00
2.669999999999999929e+01 0.000000000000000000e+00
2.671999999999999886e+01 0.000000000000000000e+00
2.673999999999999844e+01 0.000000000000000000e+00
2.676000000000000156e+01 0.000000000000000000e+00
2.678000000000000114e+01 0.000000000000000000e+00
2.680000000000000071e+01 0.000000000000000000e+00
2.682000000000000028e+01 0.000000000000000000e+00
2.683999999999999986e+01 0.000000000000000000e+00
2.685999999999999943e+01 0.000000000000000000e+00
2.687999999999999901e+01 0.000000000000000000e+00
2.689999999999999858e+01 0.000000000000000000e+00
2.692000000000000171e+01 0.000000000000000000e+00
2.694000000000000128e+01 0.000000000000000000e+00
2.696000000000000085e+01 0.000000000000000000e+00
2.698000000000000043e+01 0.000000000000000000e+00
2.700000000000000000e+01 0.000000000000000000e+00
2.701999999999999957e+01 0.000000000000000000e+00
2.703999999999999915e+01 0.000000000000000000e+00
2.705999999999999872e+01 0.000000000000000000e+00
2.707999999999999829e+01 0.000000000000000000e+00
2.710000000000000142e+01 0.000000000000000000e+00
2.712000000000000099e+01 0.000000000000000000e+00
2.714000000000000057e+01 0.000000000000000000e+00
2.716000000000000014e+01 0.000000000000000000e+00
2.717999999999999972e+01 0.000000000000000000e+00
2.719999999999999929e+01 0.000000000000000000e+00
2.721999999999999886e+01 0.000000000000000000e+00
2.723999999999999844e+01 0.000000000000000000e+00
2.726000000000000156e+01 0.000000000000000000e+00
2.728000000000000114e+01 0.000000000000000000e+00
2.730000000000000071e+01 0.000000000000000000e+00
2.732000000000000028e+01 0.000000000000000000e+00
2.733999999999999986e+01 0.000000000000000000e+00
2.735999999999999943e+01 0.000000000000000000e+00
2.737999999999999901e+01 0.000000000000000000e+00
2.739999999999999858e+01 0.000000000000000000e+00
2.742000000000000171e+01 0.000000000000000000e+00
2.744000000000000128e+01 0.000000000000000000e+00
2.746000000000000085e+01 0.000000000000000000e+00
2.748000000000000043e+01 0.000000000000000000e+00
2.750000000000000000e+01 0.000000000000000000e+00
2.751999999999999957e+01 0.000000000000000000e+00
2.753999999999999915e+01 0.000000000000000000e+00
2.755999999999999872e+01 0.000000000000000000e+00
2.757999999999999829e+01 0.000000000000000000e+00
2.760000000000000142e+01 0.000000000000000000e+00
2.762000000000000099e+01 0.000000000000000000e+00
2.764000000000000057e+01 0.000000000000000000e+00
2.766000000000000014e+01 0.000000000000000000e+00
2.767999999999999972e+01 0.000000000000000000e+00
2.769999999999999929e+01 0.000000000000000000e+00
2.771999999999999886e+01 0.000000000000000000e+00
2.773999999999999844e+01 0.000000000000000000e+00
2.776000000000000156e+01 0.000000000000000000e+00
2.778000000000000114e+01 0.000000000000000000e+00
2.780000000000000071e+01 0.000000000000000000e+00
2.782000000000000028e+01 0.000000000000000000e+00
2.783999999999999986e+01 0.000000000000000000e+00
2.785999999999999943e+01 0.000000000000000000e+00
2.787999999999999901e+01 0.000000000000000000e+00
2.789999999999999858e+01 0.000000000000000000e+00
2.792000000000000171e+01 0.000000000000000000e+00
2.794000000000000128e+01 0.000000000000000000e+00
2.796000000000000085e+01 0.000000000000000000e+00
2.798000000000000043e+01 0.000000000000000000e+00
2.800000000000000000e+01 0.000000000000000000e+00
2.801999999999999957e+01 0.000000000000000000e+00
2.803999999999999915e+01 0.000000000000000000e+00
2.805999999999999872e+01 0.000000000000000000e+00
2.807999999999999829e+01 0.000000000000000000e+00
2.810000000000000142e+01 0.000000000000000000e+00
2.812000000000000099e+01 0.000000000000000000e+00
2.814000000000000057e+01 0.000000000000000000e+00
2.816000000000000014e+01 0.000000000000000000e+00
2.817999999999999972e+01 0.000000000000000000e+00
2.819999999999999929e+01 0.000000000000000000e+00
2.821999999999999886e+01 0.000000000000000000e+00
2.823999999999999844e+01 0.000000000000000000e+00
2.826000000000000156e+01 0.000000000000000000e+00
2.828000000000000114e+01 0.000000000000000000e+00
2.830000000000000071e+01 0.000000000000000000e+00
2.832000000000000028e+01 0.000000000000000000e+00
2.833999999999999986e+01 0.000000000000000000e+00
2.835999999999999943e+01 0.000000000000000000e+00
2.837999999999999901e+01 0.000000000000000000e+00
2.839999999999999858e+01 0.000000000000000000e+00
2.842000000000000171e+01 0.000000000000000000e+00
2.844000000000000128e+01 0.000000000000000000e+00
2.846000000000000085e+01 0.000000000000000000e+00
2.848000000000000043e+01 0.000000000000000000e+00
2.850000000000000000e+01 0.000000000000000000e+00
2.851999999999999957e+01 0.000000000000000000e+00
2.853999999999999915e+01 0.000000000000000000e+00
2.855999999999999872e+01 0.000000000000000000e+00
2.857999999999999829e+01 0.000000000000000000e+00
2.860000000000000142e+01 0.000000000000000000e+00
2.862000000000000099e+01 0.000000000000000000e+00
2.864000000000000057e+01 0.000000000000000000e+00
2.866000000000000014e+01 0.000000000000000000e+00
2.867999999999999972e+01 0.000000000000000000e+00
2.869999999999999929e+01 0.000000000000000000e+00
2.871999999999999886e+01 0.000000000000000000e+00
2.873999999999999844e+01 0.000000000000000000e+00
2.876000000000000156e+01 0.000000000000000000e+00
2.878000000000000114e+01 0.000000000000000000e+00
2.880000000000000071e+01 0.000000000000000000e+00
2.882000000000000028e+01 0.000000000000000000e+00
2.883999999999999986e+01 0.000000000000000000e+00
2.885999999999999943e+01 0.000000000000000000e+00
2.887999999999999901e+01 0.000000000000000000e+00
2.889999999999999858e+01 0.000000000000000000e+00
2.892000000000000171e+01 0.000000000000000000e+00
2.894000000000000128e+01 0.000000000000000000e+00
2.896000000000000085e+01 0.000000000000000000e+00
2.898000000000000043e+01 0.000000000000000000e+00
2.900000000000000000e+01 0.000000000000000000e+00
2.901999999999999957e+01 0.000000000000000000e+00
2.903999999999999915e+01 0.000000000000000000e+00
2.905999999999999872e+01 0.000000000000000000e+00
2.907999999999999829e+01 0.000000000000000000e+00
2.910000000000000142e+01 0.000000000000000000e+00
2.912000000000000099e+01 0.000000000000000000e+00
2.914000000000000057e+01 0.000000000000000000e+00
2.916000000000000014e+01 0.000000000000000000e+00
2.917999999999999972e+01 0.000000000000000000e+00
2.919999999999999929e+01 0.000000000000000000e+00
2.921999999999999886e+01 0.000000000000000000e+00
2.923999999999999844e+01 0.000000000000000000e+00
2.926000000000000156e+01 0.000000000000000000e+00
2.928000000000000114e+01 0.000000000000000000e+00
2.930000000000000071e+01 0.000000000000000000e+00
2.932000000000000028e+01 0.000000000000000000e+00
2.933999999999999986e+01 0.000000000000000000e+00
2.935999999999999943e+01 0.000000000000000000e+00
2.937999999999999901e+01 0.000000000000000000e+00
2.939999999999999858e+01 0.000000000000000000e+00
2.942000000000000171e+01 0.000000000000000000e+00
2.944000000000000128e+01 0.000000000000000000e+00
2.946000000000000085e+01 0.000000000000000000e+00
2.948000000000000043e+01 0.000000000000000000e+00
2.950000000000000000e+01 0.000000000000000000e+00
2.951999999999999957e+01 0.000000000000000000e+00
2.953999999999999915e+01 0.000000000000000000e+00
2.955999999999999872e+01 0.000000000000000000e+00
2.957999999999999829e+01 0.000000000000000000e+00
2.960000000000000142e+01 0.000000000000000000e+00
2.962000000000000099e+01 0.000000000000000000e+00
2.964000000000000057e+01 0.000000000000000000e+00
2.966000000000000014e+01 0.000000000000000000e+00
2.967999999999999972e+01 0.000000000000000000e+00
2.969999999999999929e+01 0.000000000000000000e+00
2.971999999999999886e+01 0.000000000000000000e+00
2.973999999999999844e+01 0.000000000000000000e+00
2.976000000000000156e+01 0.000000000000000000e+00
2.978000000000000114e+01 0.000000000000000000e+00
2.980000000000000071e+01 0.000000000000000000e+00
2.982000000000000028e+01 0.000000000000000000e+00
2.983999999999999986e+01 0.000000000000000000e+00
2.985999999999999943e+01 0.000000000000000000e+00
2.987999999999999901e+01 0.000000000000000000e+00
2.989999999999999858e+01 0.000000000000000000e+00
2.992000000000000171e+01 0.000000000000000000e+00
2.994000000000000128e+01 0.000000000000000000e+00
2.996000000000000085e+01 0.000000000000000000e+00
2.998000000000000043e+01 0.000000000000000000e+00
3.000000000000000000e+01 0.000000000000000000e+00
3.001999999999999957e+01 0.000000000000000000e+00
3.003999999999999915e+01 0.000000000000000000e+00
3.005999999999999872e+01 0.000000000000000000e+00
3.007999999999999829e+01 0.000000000000000000e+00
3.010000000000000142e+01 0.000000000000000000e+00
3.012000000000000099e+01 0.000000000000000000e+00
3.014000000000000057e+01 0.000000000000000000e+00
3.016000000000000014e+01 0.000000000000000000e+00
3.017999999999999972e+01 0.000000000000000000e+00
3.019999999999999929e+01 0.000000000000000000e+00
3.021999999999999886e+01 0.000000000000000000e+00
3.023999999999999844e+01 0.000000000000000000e+00
3.026000000000000156e+01 0.000000000000000000e+00
3.028000000000000114e+01 0.000000000000000000e+00
3.030000000000000071e+01 0.000000000000000000e+00
3.032000000000000028e+01 0.000000000000000000e+00
3.033999999999999986e+01 0.000000000000000000e+00
3.035999999999999943e+01 0.000000000000000000e+00
3.037999999999999901e+01 0.000000000000000000e+00
3.039999999999999858e+01 0.000000000000000000e+00
3.042000000000000171e+01 0.000000000000000000e+00
3.044000000000000128e+01 0.000000000000000000e+00
3.046000000000000085e+01 0.000000000000000000e+00
3.048000000000000043e+01 0.000000000000000000e+00
3.050000000000000000e+01 0.000000000000000000e+00
3.051999999999999957e+01 0.000000000000000000e+00
3.053999999999999915e+01 0.000000000000000000e+00
3.055999999999999872e+01 0.000000000000000000e+00
3.057999999999999829e+01 0.000000000000000000e+00
3.060000000000000142e+01 0.000000000000000000e+00
3.062000000000000099e+01 0.000000000000000000e+00
3.064000000000000057e+01 0.000000000000000000e+00
3.066000000000000014e+01 0.000000000000000000e+00
3.067999999999999972e+01 0.000000000000000000e+00
3.069999999999999929e+01 0.000000000000000000e+00
3.071999999999999886e+01 0.000000000000000000e+00
3.073999999999999844e+01 0.000000000000000000e+00
3.076000000000000156e+01 0.000000000000000000e+00
3.078000000000000114e+01 0.000000000000000000e+00
3.080000000000000071e+01 0.000000000000000000e+00
3.082000000000000028e+01 0.000000000000000000e+00
3.083999999999999986e+01 0.000000000000000000e+00
3.085999999999999943e+01 0.000000000000000000e+00
3.087999999999999901e+01 0.000000000000000000e+00
3.089999999999999858e+01 0.000000000000000000e+00
3.092000000000000171e+01 0.000000000000000000e+00
3.094000000000000128e+01 0.000000000000000000e+00
3.096000000000000085e+01 0.000000000000000000e+00
3.098000000000000043e+01 0.000000000000000000e+00
3.100000000000000000e+01 0.000000000000000000e+00
3.101999999999999957e+01 0.000000000000000000e+00
3.103999999999999915e+01 0.000000000000000000e+00
3.105999999999999872e+01 0.000000000000000000e+00
3.107999999999999829e+01 0.000000000000000000e+00
3.110000000000000142e+01 0.000000000000000000e+00
3.112000000000000099e+01 0.000000000000000000e+00
3.114000000000000057e+01 0.000000000000000000e+00
3.116000000000000014e+01 0.000000000000000000e+00
3.117999999999999972e+01 0.000000000000000000e+00
3.119999999999999929e+01 0.000000000000000000e+00
3.121999999999999886e+01 0.000000000000000000e+00
3.123999999999999844e+01 0.000000000000000000e+00
3.126000000000000156e+01 0.000000000000000000e+00
3.128000000000000114e+01 0.000000000000000000e+00
3.130000000000000071e+01 0.000000000000000000e+00
3.132000000000000028e+01 0.000000000000000000e+00
3.133999999999999986e+01 0.000000000000000000e+00
3.135999999999999943e+01 0.000000000000000000e+00
3.137999999999999901e+01 0.000000000000000000e+00
3.139999999999999858e+01 0.000000000000000000e+00
3.142000000000000171e+01 0.000000000000000000e+00
3.144000000000000128e+01 0.000000000000000000e+00
3.146000000000000085e+01 0.000000000000000000e+00
3.148000000000000043e+01 0.000000000000000000e+00
3.150000000000000000e+01 0.000000000000000000e+00
3.151999999999999957e+01 0.000000000000000000e+00
3.153999999999999915e+01 0.000000000000000000e+00
3.155999999999999872e+01 0.000000000000000000e+00
3.157999999999999829e+01 0.000000000000000000e+00
3.160000000000000142e+01 0.000000000000000000e+00
3.162000000000000099e+01 0.000000000000000000e+00
3.164000000000000057e+01 0.000000000000000000e+00
3.166000000000000014e+01 0.000000000000000000e+00
3.167999999999999972e+01 0.000000000000000000e+00
3.169999999999999929e+01 0.000000000000000000e+00
3.171999999999999886e+01 0.000000000000000000e+00
3.173999999999999844e+01 0.000000000000000000e+00
3.176000000000000156e+01 0.000000000000000000e+00
3.178000000000000114e+01 0.000000000000000000e+00
3.180000000000000071e+01 0.000000000000000000e+00
3.182000000000000028e+01 0.000000000000000000e+00
3.183999999999999986e+01 0.000000000000000000e+00
3.185999999999999943e+01 0.000000000000000000e+00
3.187999999999999901e+01 0.000000000000000000e+00
3.189999999999999858e+01 0.000000000000000000e+00
3.192000000000000171e+01 0.000000000000000000e+00
3.194000000000000128e+01 0.000000000000000000e+00
3.196000000000000085e+01 0.000000000000000000e+00
3.198000000000000043e+01 0.000000000000000000e+00
3.200000000000000000e+01 0.000000000000000000e+00
3.202000000000000313e+01 0.000000000000000000e+00
3.203999999999999915e+01 0.000000000000000000e+00
3.206000000000000227e+01 0.000000000000000000e+00
3.207999999999999829e+01 0.000000000000000000e+00
3.210000000000000142e+01 0.000000000000000000e+00
3.211999999999999744e+01 0.000000000000000000e+00
3.214000000000000057e+01 0.000000000000000000e+00
3.215999999999999659e+01 0.000000000000000000e+00
3.217999999999999972e+01 0.000000000000000000e+00
3.220000000000000284e+01 0.000000000000000000e+00
3.221999999999999886e+01 0.000000000000000000e+00
3.224000000000000199e+01 0.000000000000000000e+00
3.225999999999999801e+01 0.000000000000000000e+00
3.228000000000000114e+01 0.000000000000000000e+00
3.229999999999999716e+01 0.000000000000000000e+00
3.232000000000000028e+01 0.000000000000000000e+00
3.234000000000000341e+01 0.000000000000000000e+00
3.235999999999999943e+01 0.000000000000000000e+00
3.238000000000000256e+01 0.000000000000000000e+00
3.239999999999999858e+01 0.000000000000000000e+00
3.242000000000000171e+01 0.000000000000000000e+00
3.243999999999999773e+01 0.000000000000000000e+00
3.246000000000000085e+01 0.000000000000000000e+00
3.247999999999999687e+01 0.000000000000000000e+00
3.250000000000000000e+01 0.000000000000000000e+00
3.252000000000000313e+01 0.000000000000000000e+00
3.253999999999999915e+01 0.000000000000000000e+00
3.256000000000000227e+01 0.000000000000000000e+00
3.257999999999999829e+01 0.000000000000000000e+00
3.260000000000000142e+01 0.000000000000000000e+00
3.261999999999999744e+01 0.000000000000000000e+00
3.264000000000000057e+01 0.000000000000000000e+00
3.265999999999999659e+01 0.000000000000000000e+00
3.267999999999999972e+01 0.000000000000000000e+00
3.270000000000000284e+01 0.000000000000000000e+00
3.271999999999999886e+01 0.000000000000000000e+00
3.274000000000000199e+01 0.000000000000000000e+00
3.275999999999999801e+01 0.000000000000000000e+00
3.278000000000000114e+01 0.000000000000000000e+00
3.279999999999999716e+01 0.000000000000000000e+00
3.282000000000000028e+01 0.000000000000000000e+00
3.284000000000000341e+01 0.000000000000000000e+00
3.285999999999999943e+01 0.000000000000000000e+00
3.288000000000000256e+01 0.000000000000000000e+00
3.289999999999999858e+01 0.000000000000000000e+00
3.292000000000000171e+01 0.000000000000000000e+00
3.293999999999999773e+01 0.000000000000000000e+00
3.296000000000000085e+01 0.000000000000000000e+00
3.297999999999999687e+01 0.000000000000000000e+00
3.300000000000000000e+01 0.000000000000000000e+00
3.302000000000000313e+01 0.000000000000000000e+00
3.303999999999999915e+01 0.000000000000000000e+00
3.306000000000000227e+01 0.000000000000000000e+00
3.307999999999999829e+01 0.000000000000000000e+00
3.310000000000000142e+01 0.000000000000000000e+00
3.311999999999999744e+01 0.000000000000000000e+00
3.314000000000000057e+01 0.000000000000000000e+00
3.315999999999999659e+01 0.000000000000000000e+00
3.317999999999999972e+01 0.000000000000000000e+00
3.320000000000000284e+01 0.000000000000000000e+00
3.321999999999999886e+01 0.000000000000000000e+00
3.324000000000000199e+01 0.000000000000000000e+00
3.325999999999999801e+01 0.000000000000000000e+00
3.328000000000000114e+01 0.000000000000000000e+00
3.329999999999999716e+01 0.000000000000000000e+00
3.332000000000000028e+01 0.000000000000000000e+00
3.334000000000000341e+01 0.000000000000000000e+00
3.335999999999999943e+01 0.000000000000000000e+00
3.338000000000000256e+01 0.000000000000000000e+00
3.339999999999999858e+01 0.000000000000000000e+00
3.342000000000000171e+01 0.000000000000000000e+00
3.343999999999999773e+01 0.000000000000000000e+00
3.346000000000000085e+01 0.000000000000000000e+00
3.347999999999999687e+01 0.000000000000000000e+00
3.350000000000000000e+01 0.000000000000000000e+00
3.352000000000000313e+01 0.000000000000000000e+00
3.353999999999999915e+01 0.000000000000000000e+00
3.356000000000000227e+01 0.000000000000000000e+00
3.357999999999999829e+01 0.000000000000000000e+00
3.360000000000000142e+01 0.000000000000000000e+00
3.361999999999999744e+01 0.000000000000000000e+00
3.364000000000000057e+01 0.000000000000000000e+00
3.365999999999999659e+01 0.000000000000000000e+00
3.367999999999999972e+01 0.000000000000000000e+00
3.370000000000000284e+01 0.000000000000000000e+00
3.371999999999999886e+01 0.000000000000000000e+00
3.374000000000000199e+01 0.000000000000000000e+00
3.375999999999999801e+01 0.000000000000000000e+00
3.378000000000000114e+01 0.000000000000000000e+00
3.379999999999999716e+01 0.000000000000000000e+00
3.382000000000000028e+01 0.000000000000000000e+00
3.384000000000000341e+01 0.000000000000000000e+00
3.385999999999999943e+01 0.000000000000000000e+00
3.388000000000000256e+01 0.000000000000000000e+00
3.389999999999999858e+01 0.000000000000000000e+00
3.392000000000000171e+01 0.000000000000000000e+00
3.393999999999999773e+01 0.000000000000000000e+00
3.396000000000000085e+01 0.000000000000000000e+00
3.397999999999999687e+01 0.000000000000000000e+00
3.400000000000000000e+01 0.000000000000000000e+00
3.402000000000000313e+01 0.000000000000000000e+00
3.403999999999999915e+01 0.000000000000000000e+00
3.406000000000000227e+01 0.000000000000000000e+00
3.407999999999999829e+01 0.000000000000000000e+00
3.410000000000000142e+01 0.000000000000000000e+00
3.411999999999999744e+01 0.000000000000000000e+00
3.414000000000000057e+01 0.000000000000000000e+00
3.415999999999999659e+01 0.000000000000000000e+00
3.417999999999999972e+01 0.000000000000000000e+00
3.420000000000000284e+01 0.000000000000000000e+00
3.421999999999999886e+01 0.000000000000000000e+00
3.424000000000000199e+01 0.000000000000000000e+00
3.425999999999999801e+01 0.000000000000000000e+00
3.428000000000000114e+01 0.000000000000000000e+00
3.429999999999999716e+01 0.000000000000000000e+00
3.432000000000000028e+01 0.000000000000000000e+00
3.434000000000000341e+01 0.000000000000000000e+00
3.435999999999999943e+01 0.000000000000000000e+00
3.438000000000000256e+01 0.000000000000000000e+00
3.439999999999999858e+01 0.000000000000000000e+00
3.442000000000000171e+01 0.000000000000000000e+00
3.443999999999999773e+01 0.000000000000000000e+00
3.446000000000000085e+01 0.000000000000000000e+00
3.447999999999999687e+01 0.000000000000000000e+00
3.450000000000000000e+01 0.000000000000000000e+00
3.452000000000000313e+01 0.000000000000000000e+00
3.453999999999999915e+01 0.000000000000000000e+00
3.456000000000000227e+01 0.000000000000000000e+00
3.457999999999999829e+01 0.000000000000000000e+00
3.460000000000000142e+01 0.000000000000000000e+00
3.461999999999999744e+01 0.000000000000000000e+00
3.464000000000000057e+01 0.000000000000000000e+00
3.465999999999999659e+01 0.000000000000000000e+00
3.467999999999999972e+01 0.000000000000000000e+00
3.470000000000000284e+01 0.000000000000000000e+00
3.471999999999999886e+01 0.000000000000000000e+00
3.474000000000000199e+01 0.000000000000000000e+00
3.475999999999999801e+01 0.000000000000000000e+00
3.478000000000000114e+01 0.000000000000000000e+00
3.479999999999999716e+01 0.000000000000000000e+00
3.482000000000000028e+01 0.000000000000000000e+00
3.484000000000000341e+01 0.000000000000000000e+00
3.485999999999999943e+01 0.000000000000000000e+00
3.488000000000000256e+01 0.000000000000000000e+00
3.489999999999999858e+01 0.000000000000000000e+00
3.492000000000000171e+01 0.000000000000000000e+00
3.493999999999999773e+01 0.000000000000000000e+00
3.496000000000000085e+01 0.000000000000000000e+00
3.497999999999999687e+01 0.000000000000000000e+00
