1.147000000000000064e+01 2.148440000000000159e-03
1.149220000000000041e+01 2.148440000000000159e-03
1.151440000000000019e+01 2.148440000000000159e-03
1.153669999999999973e+01 2.148440000000000159e-03
1.155889999999999951e+01 2.148440000000000159e-03
1.158109999999999928e+01 2.148440000000000159e-03
1.160330000000000084e+01 2.148440000000000159e-03
1.162560000000000038e+01 2.148440000000000159e-03
1.164780000000000015e+01 2.148440000000000159e-03
1.166999999999999993e+01 2.148440000000000159e-03
1.169219999999999970e+01 2.148440000000000159e-03
1.171439999999999948e+01 2.148440000000000159e-03
1.173670000000000080e+01 2.148440000000000159e-03
1.175890000000000057e+01 2.148440000000000159e-03
1.178110000000000035e+01 2.148440000000000159e-03
1.180330000000000013e+01 2.148440000000000159e-03
1.182559999999999967e+01 2.148440000000000159e-03
1.184779999999999944e+01 2.148440000000000159e-03
1.186999999999999922e+01 2.148440000000000159e-03
1.189220000000000077e+01 2.148440000000000159e-03
1.191440000000000055e+01 2.148440000000000159e-03
1.193670000000000009e+01 2.148440000000000159e-03
1.195889999999999986e+01 2.148440000000000159e-03
1.198109999999999964e+01 2.148440000000000159e-03
1.200329999999999941e+01 2.148440000000000159e-03
1.202560000000000073e+01 2.148440000000000159e-03
1.204780000000000051e+01 2.148440000000000159e-03
1.207000000000000028e+01 2.148440000000000159e-03
1.209220000000000006e+01 2.148440000000000159e-03
1.211439999999999984e+01 2.148440000000000159e-03
1.213669999999999938e+01 2.148440000000000159e-03
1.215889999999999915e+01 2.148440000000000159e-03
1.218110000000000070e+01 2.148440000000000159e-03
1.220330000000000048e+01 2.148440000000000159e-03
1.222560000000000002e+01 2.148440000000000159e-03
1.224779999999999980e+01 2.148440000000000159e-03
1.226999999999999957e+01 2.148440000000000159e-03
1.229219999999999935e+01 2.148440000000000159e-03
1.231439999999999912e+01 2.148440000000000159e-03
1.233670000000000044e+01 2.148440000000000159e-03
1.235890000000000022e+01 2.148440000000000159e-03
1.238109999999999999e+01 2.148440000000000159e-03
1.240329999999999977e+01 2.148440000000000159e-03
1.242559999999999931e+01 2.148440000000000159e-03
1.244780000000000086e+01 2.148440000000000159e-03
1.247000000000000064e+01 2.148440000000000159e-03
1.249220000000000041e+01 2.148440000000000159e-03
1.251440000000000019e+01 2.148440000000000159e-03
1.253669999999999973e+01 2.148440000000000159e-03
1.255889999999999951e+01 2.148440000000000159e-03
1.258109999999999928e+01 2.148440000000000159e-03
1.260330000000000084e+01 2.148440000000000159e-03
1.262560000000000038e+01 2.148440000000000159e-03
1.264780000000000015e+01 2.148440000000000159e-03
1.266999999999999993e+01 2.148440000000000159e-03
1.269219999999999970e+01 2.148440000000000159e-03
1.271439999999999948e+01 2.148440000000000159e-03
1.273670000000000080e+01 2.148440000000000159e-03
1.275890000000000057e+01 2.148440000000000159e-03
1.278110000000000035e+01 2.148440000000000159e-03
1.280330000000000013e+01 2.148440000000000159e-03
1.282559999999999967e+01 2.148440000000000159e-03
1.284779999999999944e+01 2.148440000000000159e-03
1.286999999999999922e+01 2.148440000000000159e-03
1.289220000000000077e+01 2.148440000000000159e-03
1.291440000000000055e+01 2.148440000000000159e-03
1.293670000000000009e+01 2.148440000000000159e-03
1.295889999999999986e+01 2.148440000000000159e-03
1.298109999999999964e+01 2.148440000000000159e-03
1.300329999999999941e+01 2.148440000000000159e-03
1.302560000000000073e+01 2.148440000000000159e-03
1.304780000000000051e+01 2.148440000000000159e-03
1.307000000000000028e+01 2.148440000000000159e-03
1.309220000000000006e+01 2.148440000000000159e-03
1.311439999999999984e+01 2.148440000000000159e-03
1.313669999999999938e+01 2.148440000000000159e-03
1.315889999999999915e+01 2.148440000000000159e-03
1.318110000000000070e+01 2.148440000000000159e-03
1.320330000000000048e+01 2.148440000000000159e-03
1.322560000000000002e+01 2.148440000000000159e-03
1.324779999999999980e+01 2.148440000000000159e-03
1.326999999999999957e+01 2.148440000000000159e-03
1.329219999999999935e+01 2.148440000000000159e-03
1.331439999999999912e+01 2.148440000000000159e-03
1.333670000000000044e+01 2.148440000000000159e-03
1.335890000000000022e+01 2.148440000000000159e-03
1.338109999999999999e+01 2.148440000000000159e-03
1.340329999999999977e+01 2.148440000000000159e-03
1.342559999999999931e+01 2.148440000000000159e-03
1.344780000000000086e+01 2.148440000000000159e-03
1.347000000000000064e+01 2.148440000000000159e-03
1.349220000000000041e+01 2.148440000000000159e-03
1.351440000000000019e+01 2.148440000000000159e-03
1.353669999999999973e+01 2.148440000000000159e-03
1.355889999999999951e+01 2.148440000000000159e-03
1.358109999999999928e+01 2.148440000000000159e-03
1.360330000000000084e+01 2.148440000000000159e-03
1.362560000000000038e+01 2.148440000000000159e-03
1.364780000000000015e+01 2.148440000000000159e-03
1.366999999999999993e+01 2.148440000000000159e-03
