1.336999999999999922e+01 1.143297800605514863e-01
1.337452905811623083e+01 1.142888646137102532e-01
1.337905811623246422e+01 1.142675215081379592e-01
1.338358717434869583e+01 1.142550578309236425e-01
1.338811623246492921e+01 1.143123109538966425e-01
1.339264529058116082e+01 1.143720337857812713e-01
1.339717434869739421e+01 1.144597030731749621e-01
1.340170340681362582e+01 1.145893605138386812e-01
1.340623246492985920e+01 1.147215851346527343e-01
1.341076152304609082e+01 1.148947901657381837e-01
1.341529058116232420e+01 1.150874463278502707e-01
1.341981963927855581e+01 1.152837295202976953e-01
1.342434869739478920e+01 1.155336828615885492e-01
1.342887775551102081e+01 1.157869695965020040e-01
1.343340681362725419e+01 1.160398905843387091e-01
1.343793587174348581e+01 1.162880401772246330e-01
1.344246492985971919e+01 1.165408897419239476e-01
1.344699398797595080e+01 1.167920798523786469e-01
1.345152304609218419e+01 1.170439112956140337e-01
1.345605210420841580e+01 1.173000740871367326e-01
1.346058116232464918e+01 1.175335192602711409e-01
1.346511022044088079e+01 1.177697694680104878e-01
1.346963927855711418e+01 1.180028289135130609e-01
1.347416833667334579e+01 1.182134974965768359e-01
1.347869739478957918e+01 1.184264934648532885e-01
1.348322645290581079e+01 1.186324854617489544e-01
1.348775551102204417e+01 1.188318854437961647e-01
1.349228456913827578e+01 1.190321586180971697e-01
1.349681362725450917e+01 1.191932444165788724e-01
1.350134268537074078e+01 1.193792902813788775e-01
1.350587174348697239e+01 1.196377761794744782e-01
1.351040080160320578e+01 1.198799327009103105e-01
1.351492985971943739e+01 1.201196906114058854e-01
1.351945891783567077e+01 1.203469783571101265e-01
1.352398797595190238e+01 1.205596416664887760e-01
1.352851703406813577e+01 1.207700456950412948e-01
1.353304609218436738e+01 1.209633571459124840e-01
1.353757515030060077e+01 1.211493390384111857e-01
1.354210420841683238e+01 1.213320043583251268e-01
1.354663326653306576e+01 1.215013642439705666e-01
1.355116232464929737e+01 1.216683639187463306e-01
1.355569138276553076e+01 1.218243021578833130e-01
1.356022044088176237e+01 1.219636155243882941e-01
1.356474949899799576e+01 1.221007384820929215e-01
1.356927855711422737e+01 1.222260676807763596e-01
1.357380761523046075e+01 1.223443549985321344e-01
1.357833667334669236e+01 1.224604142054065703e-01
1.358286573146292575e+01 1.225561407583582590e-01
1.358739478957915736e+01 1.226506426668974165e-01
1.359192384769539075e+01 1.227370246373847978e-01
1.359645290581162236e+01 1.228055856325154654e-01
1.360098196392785574e+01 1.228736778203131375e-01
1.360551102204408735e+01 1.229188160219800152e-01
1.361004008016032074e+01 1.229475795511292546e-01
1.361456913827655235e+01 1.229757424371869662e-01
1.361909819639278574e+01 1.229724863111319733e-01
1.362362725450901735e+01 1.229666584965486281e-01
1.362815631262525073e+01 1.229527723909471931e-01
1.363268537074148234e+01 1.229059814348844176e-01
1.363721442885771395e+01 1.228596971518500502e-01
1.364174348697394734e+01 1.227935910805851571e-01
1.364627254509017895e+01 1.227091430459718580e-01
1.365080160320641234e+01 1.226254376840391902e-01
1.365533066132264395e+01 1.225172311515105167e-01
1.365985971943887733e+01 1.224037085799141028e-01
1.366438877755510894e+01 1.222852091278781445e-01
1.366891783567134233e+01 1.221331378869773554e-01
1.367344689378757394e+01 1.219807424979066357e-01
1.367797595190380733e+01 1.218394381232685564e-01
1.368250501002003894e+01 1.217123526910115217e-01
1.368703406813627232e+01 1.215844992794345575e-01
1.369156312625250393e+01 1.214763480454069539e-01
1.369609218436873732e+01 1.213737451406412815e-01
1.370062124248496893e+01 1.212716129860732656e-01
1.370515030060120232e+01 1.212176360056729657e-01
1.370967935871743393e+01 1.211619690713932745e-01
1.371420841683366731e+01 1.211298813494787602e-01
1.371873747494989892e+01 1.211420059372236152e-01
1.372326653306613231e+01 1.211522005941202962e-01
1.372779559118236392e+01 1.212100775225573718e-01
1.373232464929859731e+01 1.212920825496508898e-01
1.373685370741482892e+01 1.213733740091573476e-01
1.374138276553106230e+01 1.215236194736961095e-01
1.374591182364729391e+01 1.216753332138762883e-01
1.375044088176352730e+01 1.218379173337982013e-01
1.375496993987975891e+01 1.220305233533296591e-01
1.375949899799599230e+01 1.222233120888118058e-01
1.376402805611222391e+01 1.224310617963492442e-01
1.376855711422845729e+01 1.226499334333901597e-01
1.377308617234468890e+01 1.228693047897296137e-01
1.377761523046092051e+01 1.230812649683387938e-01
1.378214428857715390e+01 1.232926106647995457e-01
1.378667334669338551e+01 1.234996916519776194e-01
1.379120240480961890e+01 1.236873241104410742e-01
1.379573146292585051e+01 1.238755444194597904e-01
1.380026052104208389e+01 1.240365174724087638e-01
1.380478957915831550e+01 1.241697097113834414e-01
1.380931863727454889e+01 1.243037087187887496e-01
1.381384769539078050e+01 1.243854095628983414e-01
1.381837675350701389e+01 1.244546010286064069e-01
1.382290581162324550e+01 1.245180033852815726e-01
1.382743486973947888e+01 1.245307707067989933e-01
1.383196392785571049e+01 1.245454350510029756e-01
1.383649298597194388e+01 1.245368189752339982e-01
1.384102204408817549e+01 1.244951509096966225e-01
1.384555110220440888e+01 1.244554323868933970e-01
1.385008016032064049e+01 1.243909698335068231e-01
1.385460921843687387e+01 1.243187390062881759e-01
1.385913827655310548e+01 1.242490990128673894e-01
1.386366733466933887e+01 1.241949190920735996e-01
1.386819639278557048e+01 1.241430400681412111e-01
1.387272545090180387e+01 1.241058645780580699e-01
1.387725450901803548e+01 1.240954372399546562e-01
1.388178356713426886e+01 1.240876032840179943e-01
1.388631262525050047e+01 1.241293553983464498e-01
1.389084168336673386e+01 1.241986844345767949e-01
1.389537074148296547e+01 1.242701115922896365e-01
1.389989979959919708e+01 1.244218282443700502e-01
1.390442885771543047e+01 1.245784660304914832e-01
1.390895791583166208e+01 1.247630418841491756e-01
1.391348697394789546e+01 1.250289611228808107e-01
1.391801603206412707e+01 1.252960390121712342e-01
1.392254509018036046e+01 1.255929667347388257e-01
1.392707414829659207e+01 1.259128814943446251e-01
1.393160320641282546e+01 1.262329920246097470e-01
1.393613226452905707e+01 1.265963010392533727e-01
1.394066132264529045e+01 1.269664571849442036e-01
1.394519038076152206e+01 1.273372300519111933e-01
1.394971943887775545e+01 1.277104955855992707e-01
1.395424849699398706e+01 1.280840473400076673e-01
1.395877755511022045e+01 1.284531983020807122e-01
1.396330661322645206e+01 1.288173451846834627e-01
1.396783567134268544e+01 1.291809365493370443e-01
1.397236472945891705e+01 1.295340823319577894e-01
1.397689378757515044e+01 1.298841239294779293e-01
1.398142284569138205e+01 1.302281240140654162e-01
1.398595190380761544e+01 1.305186916498522198e-01
1.399048096192384705e+01 1.308081524605116952e-01
1.399501002004008043e+01 1.310753839164880974e-01
1.399953907815631204e+01 1.313095742014059042e-01
1.400406813627254543e+01 1.316107953631513727e-01
1.400859719438877704e+01 1.318823305080282782e-01
1.401312625250501043e+01 1.321374499457997620e-01
1.401765531062124204e+01 1.323912572378729835e-01
1.402218436873747542e+01 1.326193283149455227e-01
1.402671342685370703e+01 1.328468934272344082e-01
1.403124248496994042e+01 1.330692201760485249e-01
1.403577154308617203e+01 1.332812558282171489e-01
1.404030060120240364e+01 1.334927569874884146e-01
1.404482965931863703e+01 1.336899564916577132e-01
1.404935871743486864e+01 1.338784297794926303e-01
1.405388777555110202e+01 1.340664869675830539e-01
1.405841683366733363e+01 1.342411706944084959e-01
1.406294589178356702e+01 1.344143668508439027e-01
1.406747494989979863e+01 1.345840506592363428e-01
1.407200400801603202e+01 1.347438408705646795e-01
1.407653306613226363e+01 1.349029170313531811e-01
1.408106212424849701e+01 1.350553637940114515e-01
1.408559118236472862e+01 1.352018089052627881e-01
1.409012024048096201e+01 1.353472110813156992e-01
1.409464929859719362e+01 1.354841475007630136e-01
1.409917835671342701e+01 1.356186739680706743e-01
1.410370741482965862e+01 1.357507720024748454e-01
1.410823647294589200e+01 1.358757031614034883e-01
1.411276553106212361e+01 1.359993772667220935e-01
1.411729458917835700e+01 1.361205106766119055e-01
1.412182364729458861e+01 1.362390541560857260e-01
1.412635270541082200e+01 1.363569160685396409e-01
1.413088176352705361e+01 1.364726308568876001e-01
1.413541082164328699e+01 1.365870610718864786e-01
1.413993987975951860e+01 1.367010514490892281e-01
1.414446893787575199e+01 1.368189803075886835e-01
1.414899799599198360e+01 1.369362617074736943e-01
1.415352705410821699e+01 1.370558210806614996e-01
1.415805611222444860e+01 1.371793743138120525e-01
1.416258517034068021e+01 1.373017278236113026e-01
1.416711422845691359e+01 1.374334356262333912e-01
1.417164328657314698e+01 1.375691192417809738e-01
1.417617234468937859e+01 1.377036355020110625e-01
1.418070140280561020e+01 1.378536260445499817e-01
1.418523046092184359e+01 1.380000770971444302e-01
1.418975951903807520e+01 1.381505464144507367e-01
1.419428857715430858e+01 1.383128200336442293e-01
1.419881763527054019e+01 1.384733113900930568e-01
1.420334669338677358e+01 1.386423930273525118e-01
1.420787575150300519e+01 1.388158186887845091e-01
1.421240480961923858e+01 1.389873335969554202e-01
1.421693386773547019e+01 1.391681851396276148e-01
1.422146292585170357e+01 1.393481793364880206e-01
1.422599198396793518e+01 1.395251566697432166e-01
1.423052104208416857e+01 1.396958147888044677e-01
1.423505010020040018e+01 1.398644669952339714e-01
1.423957915831663357e+01 1.400263695594046731e-01
1.424410821643286518e+01 1.401823503710726282e-01
1.424863727454909856e+01 1.403368629431688552e-01
1.425316633266533017e+01 1.404794416918689615e-01
1.425769539078156356e+01 1.406184501974632739e-01
1.426222444889779517e+01 1.407544480590292302e-01
1.426675350701402856e+01 1.408777573732258870e-01
1.427128256513026017e+01 1.409996691739050789e-01
1.427581162324649355e+01 1.411146294860639028e-01
1.428034068136272516e+01 1.412216919988353581e-01
1.428486973947895855e+01 1.413286303157227364e-01
1.428939879759519016e+01 1.414317626597876854e-01
1.429392785571142355e+01 1.415330772124916148e-01
1.429845691382765516e+01 1.416341085402446354e-01
1.430298597194388677e+01 1.417347200321961986e-01
1.430751503006012015e+01 1.418353469959294511e-01
1.431204408817635176e+01 1.419367174071321791e-01
1.431657314629258515e+01 1.420392966633336196e-01
1.432110220440881676e+01 1.421420441190703599e-01
1.432563126252505015e+01 1.422505743898644648e-01
1.433016032064128176e+01 1.423622429113175492e-01
1.433468937875751514e+01 1.424743853586608600e-01
1.433921843687374675e+01 1.425949408578631172e-01
1.434374749498998014e+01 1.427156237378550407e-01
1.434827655310621175e+01 1.428391174420826359e-01
1.435280561122244514e+01 1.429706494897853009e-01
1.435733466933867675e+01 1.431020567188229231e-01
1.436186372745491013e+01 1.432372376248375323e-01
1.436639278557114174e+01 1.433747606757286575e-01
1.437092184368737513e+01 1.435116107556483056e-01
1.437545090180360674e+01 1.436536647890778173e-01
1.437997995991984013e+01 1.437959075840261614e-01
1.438450901803607174e+01 1.439380057623170783e-01
1.438903807615230512e+01 1.440804252165006349e-01
1.439356713426853673e+01 1.442222703755941249e-01
1.439809619238477012e+01 1.444213053145722014e-01
1.440262525050100173e+01 1.445769474639674590e-01
1.440715430861723512e+01 1.446605662252531677e-01
1.441168336673346673e+01 1.447887524270259352e-01
1.441621242484970011e+01 1.449270956649680031e-01
1.442074148296593172e+01 1.450654199488735641e-01
1.442527054108216333e+01 1.452036056568060118e-01
1.442979959919839672e+01 1.453418675311696495e-01
1.443432865731463011e+01 1.454791588915607947e-01
1.443885771543086172e+01 1.456150165936194174e-01
1.444338677354709333e+01 1.457507740305981903e-01
1.444791583166332671e+01 1.458832518944252477e-01
1.445244488977955832e+01 1.460139806447945943e-01
1.445697394789579171e+01 1.461444775448797473e-01
1.446150300601202332e+01 1.462692767439048303e-01
1.446603206412825671e+01 1.463922113296190208e-01
1.447056112224448832e+01 1.465126546711780775e-01
1.447509018036072170e+01 1.466296018524269884e-01
1.447961923847695331e+01 1.467455342738846757e-01
1.448414829659318670e+01 1.468603009838915230e-01
1.448867735470941831e+01 1.469736106811994347e-01
1.449320641282565170e+01 1.470844787788244679e-01
1.449773547094188331e+01 1.471572570514407263e-01
1.450226452905811669e+01 1.472223443206356341e-01
1.450679358717434830e+01 1.472711549286456201e-01
1.451132264529058169e+01 1.472893803920056199e-01
1.451585170340681330e+01 1.473054148206960901e-01
1.452038076152304669e+01 1.473312164287929604e-01
1.452490981963927830e+01 1.473641255375022774e-01
1.452943887775551168e+01 1.473954021873646603e-01
1.453396793587174329e+01 1.474385239269488945e-01
1.453849699398797668e+01 1.474822571172611230e-01
1.454302605210420829e+01 1.475264305873887072e-01
1.454755511022043990e+01 1.475795565051632730e-01
1.455208416833667329e+01 1.476323387348727201e-01
1.455661322645290667e+01 1.476853226556693599e-01
1.456114228456913828e+01 1.477379102717113757e-01
1.456567134268536989e+01 1.477900854257987728e-01
1.457020040080160328e+01 1.478380078084853000e-01
1.457472945891783667e+01 1.478855657209063035e-01
1.457925851703406828e+01 1.479329957404858509e-01
1.458378757515029989e+01 1.479688883636864905e-01
1.458831663326653327e+01 1.480055787324967842e-01
1.459284569138276488e+01 1.480357891292429229e-01
1.459737474949899827e+01 1.480563173878917949e-01
1.460190380761522988e+01 1.480791872155978184e-01
1.460643286573146327e+01 1.480922645971465834e-01
1.461096192384769488e+01 1.481013526667993296e-01
1.461549098196392826e+01 1.481110447692832732e-01
1.462002004008015987e+01 1.481077266345447452e-01
1.462454909819639326e+01 1.481052662292796362e-01
1.462907815631262487e+01 1.480994602747221500e-01
1.463360721442885826e+01 1.480856466557256002e-01
1.463813627254508987e+01 1.480723295678783857e-01
1.464266533066132325e+01 1.480515330285184783e-01
1.464719438877755486e+01 1.480267906663868538e-01
1.465172344689378825e+01 1.480025696153443593e-01
1.465625250501001986e+01 1.479744074535926934e-01
1.466078156312625325e+01 1.479461598258028643e-01
1.466531062124248486e+01 1.479166752024735354e-01
1.466983967935871824e+01 1.478833375488661783e-01
1.467436873747494985e+01 1.478502217259147211e-01
1.467889779559118324e+01 1.478145000720688662e-01
1.468342685370741485e+01 1.477765659680890520e-01
1.468795591182364646e+01 1.477385602370090145e-01
1.469248496993987985e+01 1.476970406035600092e-01
1.469701402805611323e+01 1.476548925983265370e-01
1.470154308617234484e+01 1.476100359507763748e-01
1.470607214428857645e+01 1.475545688594550875e-01
1.471060120240480984e+01 1.474989291830199334e-01
1.471513026052104145e+01 1.474441127328524892e-01
1.471965931863727484e+01 1.473902093549871728e-01
1.472418837675350645e+01 1.473361897259505005e-01
1.472871743486973983e+01 1.472834455577343993e-01
1.473324649298597144e+01 1.472308708542874323e-01
1.473777555110220483e+01 1.471784979117261583e-01
1.474230460921843644e+01 1.471306611152321808e-01
1.474683366733466983e+01 1.470830516053940051e-01
1.475136272545090144e+01 1.470399953116731384e-01
1.475589178356713482e+01 1.470037001791577591e-01
1.476042084168336643e+01 1.469675789979837666e-01
1.476494989979959982e+01 1.469392492728256450e-01
1.476947895791583143e+01 1.469141483034839546e-01
1.477400801603206482e+01 1.468898119684764469e-01
1.477853707414829643e+01 1.468819527971551298e-01
1.478306613226452981e+01 1.468746380627990733e-01
1.478759519038076142e+01 1.468690846290749696e-01
1.479212424849699481e+01 1.468665715295073559e-01
1.479665330661322642e+01 1.468655422574961511e-01
1.480118236472945981e+01 1.468655617108142464e-01
1.480571142284569142e+01 1.468651318533155392e-01
1.481024048096192480e+01 1.468657209230379845e-01
1.481476953907815641e+01 1.468610417841385851e-01
1.481929859719438980e+01 1.468568843450370753e-01
1.482382765531062141e+01 1.468515633592548941e-01
1.482835671342685302e+01 1.468392996515655857e-01
1.483288577154308641e+01 1.468277443922649250e-01
1.483741482965931979e+01 1.468110508122451308e-01
1.484194388777555140e+01 1.467896537588717076e-01
1.484647294589178301e+01 1.467686823950961339e-01
1.485100200400801640e+01 1.467329322504371536e-01
1.485553106212424801e+01 1.466954476147027120e-01
1.486006012024048140e+01 1.466555762773353033e-01
1.486458917835671301e+01 1.465939382589702134e-01
1.486911823647294639e+01 1.465335682336572076e-01
1.487364729458917800e+01 1.464608013894927452e-01
1.487817635270541139e+01 1.463727090017166166e-01
1.488270541082164300e+01 1.462862052125780687e-01
1.488723446893787639e+01 1.461640141371707002e-01
1.489176352705410800e+01 1.460312663876769945e-01
1.489629258517034138e+01 1.458982394871849442e-01
1.490082164328657299e+01 1.457638003571514462e-01
1.490535070140280638e+01 1.456258353167881325e-01
1.490987975951903799e+01 1.454859851048985742e-01
1.491440881763527138e+01 1.453414918895874763e-01
1.491893787575150299e+01 1.451924694765438784e-01
1.492346693386773637e+01 1.450694593915942687e-01
1.492799599198396798e+01 1.449530954361435697e-01
1.493252505010020137e+01 1.448288827704863890e-01
1.493705410821643298e+01 1.447490259322251893e-01
1.494158316633266637e+01 1.446640935679618378e-01
1.494611222444889798e+01 1.445964058124663831e-01
1.495064128256512959e+01 1.445771657369852303e-01
1.495517034068136297e+01 1.445487839486704063e-01
1.495969939879759636e+01 1.445523507891495751e-01
1.496422845691382797e+01 1.445802736449984249e-01
1.496875751503005958e+01 1.446117589114708502e-01
1.497328657314629297e+01 1.446793566313634705e-01
1.497781563126252458e+01 1.447498506524424744e-01
1.498234468937875796e+01 1.448240510448372265e-01
1.498687374749498957e+01 1.449093770351140842e-01
1.499140280561122296e+01 1.450032366796985550e-01
1.499593186372745457e+01 1.450878154845534895e-01
1.500046092184368796e+01 1.451608580500766688e-01
1.500498997995991957e+01 1.452281208700998139e-01
1.500951903807615295e+01 1.452657016858953376e-01
1.501404809619238456e+01 1.453005789632757783e-01
1.501857715430861795e+01 1.453349732395035898e-01
1.502310621242484956e+01 1.453327076592387801e-01
1.502763527054108295e+01 1.453357752582070672e-01
1.503216432865731456e+01 1.453279554804801366e-01
1.503669338677354794e+01 1.453024616147668979e-01
1.504122244488977955e+01 1.452763688345018178e-01
1.504575150300601294e+01 1.452304704111400113e-01
1.505028056112224455e+01 1.451778655760752601e-01
1.505480961923847794e+01 1.451243786386548495e-01
1.505933867735470955e+01 1.450562809365753825e-01
1.506386773547094293e+01 1.449840267913015124e-01
1.506839679358717454e+01 1.449041501411243160e-01
1.507292585170340793e+01 1.448122848812875285e-01
1.507745490981963954e+01 1.447198948552259612e-01
1.508198396793587293e+01 1.446247583898541134e-01
1.508651302605210454e+01 1.445275463403951910e-01
1.509104208416833615e+01 1.444297280110495851e-01
1.509557114228456953e+01 1.443267653467378564e-01
1.510010020040080292e+01 1.442235604356018053e-01
1.510462925851703453e+01 1.441178286542335873e-01
1.510915831663326614e+01 1.440095183004858892e-01
1.511368737474949953e+01 1.439015020406911871e-01
1.511821643286573114e+01 1.437924246081334900e-01
1.512274549098196452e+01 1.436824356267610014e-01
1.512727454909819613e+01 1.435722526105764618e-01
1.513180360721442952e+01 1.434581305087508085e-01
1.513633266533066113e+01 1.433435821467021476e-01
1.514086172344689452e+01 1.432314534304041931e-01
1.514539078156312613e+01 1.431298418978002585e-01
1.514991983967935951e+01 1.430276010521867036e-01
1.515444889779559112e+01 1.429309059737542964e-01
1.515897795591182451e+01 1.428400302689930568e-01
1.516350701402805612e+01 1.427485749429663608e-01
1.516803607214428951e+01 1.426675633032443713e-01
1.517256513026052112e+01 1.425887931545300746e-01
1.517709418837675450e+01 1.425114139419094705e-01
1.518162324649298611e+01 1.424480506004205116e-01
1.518615230460921950e+01 1.423842333124281379e-01
1.519068136272545111e+01 1.423240423121869824e-01
1.519521042084168450e+01 1.422693553499192742e-01
1.519973947895791611e+01 1.422151405802239699e-01
1.520426853707414949e+01 1.421679893823320773e-01
1.520879759519038110e+01 1.421238086240111387e-01
1.521332665330661271e+01 1.420801953201376033e-01
1.521785571142284610e+01 1.420364704377705956e-01
1.522238476953907949e+01 1.419941746197028176e-01
1.522691382765531110e+01 1.419511348405375073e-01
1.523144288577154271e+01 1.419062163626296225e-01
1.523597194388777609e+01 1.418627040384342897e-01
1.524050100200400948e+01 1.418143235467892727e-01
1.524503006012024109e+01 1.417645859905464212e-01
1.524955911823647270e+01 1.417165833523940655e-01
1.525408817635270609e+01 1.416562877120859376e-01
1.525861723446893770e+01 1.415975602437148928e-01
1.526314629258517108e+01 1.415386521645898010e-01
1.526767535070140269e+01 1.414742911722616514e-01
1.527220440881763608e+01 1.414132441067685875e-01
1.527673346693386769e+01 1.413481079552859065e-01
1.528126252505010108e+01 1.412803553133898660e-01
1.528579158316633269e+01 1.412155103796218225e-01
1.529032064128256607e+01 1.411443802411530835e-01
1.529484969939879768e+01 1.410753385349145794e-01
1.529937875751503107e+01 1.410084928391400760e-01
1.530390781563126268e+01 1.409349270323946579e-01
1.530843687374749607e+01 1.408626264138730100e-01
1.531296593186372768e+01 1.407891526182269148e-01
1.531749498997996106e+01 1.407146513581838954e-01
1.532202404809619267e+01 1.406425519803168600e-01
1.532655310621242606e+01 1.405743503581098341e-01
1.533108216432865767e+01 1.405064147639617511e-01
1.533561122244489106e+01 1.404371476666633756e-01
1.534014028056112267e+01 1.403727719883801905e-01
1.534466933867735605e+01 1.403073603534649438e-01
1.534919839679358766e+01 1.402440833914186669e-01
1.535372745490981927e+01 1.401840545694253981e-01
1.535825651302605266e+01 1.401210935821755599e-01
1.536278557114228605e+01 1.400633069800145958e-01
1.536731462925851766e+01 1.400057915624768889e-01
1.537184368737474927e+01 1.399454019745493272e-01
1.537637274549098265e+01 1.398914415838839465e-01
1.538090180360721604e+01 1.398354421179938689e-01
1.538543086172344765e+01 1.397812209583030318e-01
1.538995991983967926e+01 1.397315543400133586e-01
1.539448897795591265e+01 1.396792131681440785e-01
1.539901803607214426e+01 1.396278029411671673e-01
1.540354709418837764e+01 1.395795709924631534e-01
1.540807615230460925e+01 1.395328346279181286e-01
1.541260521042084264e+01 1.394856474815355796e-01
1.541713426853707425e+01 1.394377756668905843e-01
1.542166332665330764e+01 1.393891002148359703e-01
1.542619238476953925e+01 1.393382227254301442e-01
1.543072144288577263e+01 1.392895602972265834e-01
1.543525050100200424e+01 1.392375211965236892e-01
1.543977955911823763e+01 1.391820452030985977e-01
1.544430861723446924e+01 1.391283155703900432e-01
1.544883767535070263e+01 1.390699160718581184e-01
1.545336673346693424e+01 1.390125248277104819e-01
1.545789579158316585e+01 1.389559833108950926e-01
1.546242484969939923e+01 1.388936197130555827e-01
1.546695390781563262e+01 1.388335237406270184e-01
1.547148296593186423e+01 1.387725273164747974e-01
1.547601202404809584e+01 1.387096471039495071e-01
1.548054108216432923e+01 1.386475633198282209e-01
1.548507014028056261e+01 1.385845214180431995e-01
1.548959919839679422e+01 1.385224028423778231e-01
1.549412825651302583e+01 1.384613332240573758e-01
1.549865731462925922e+01 1.384024891863954443e-01
1.550318637274549260e+01 1.383206583306264836e-01
1.550771543086172422e+01 1.382323224388389282e-01
1.551224448897795583e+01 1.381499899736970127e-01
1.551677354709418921e+01 1.380674269591786740e-01
1.552130260521042260e+01 1.379889758491815444e-01
1.552583166332665421e+01 1.379111574503581461e-01
1.553036072144288582e+01 1.378311542968568837e-01
1.553488977955911921e+01 1.377584453283840216e-01
1.553941883767535082e+01 1.376844012126200723e-01
1.554394789579158420e+01 1.376108897736993963e-01
1.554847695390781581e+01 1.375406084179399413e-01
1.555300601202404920e+01 1.374680963919219512e-01
1.555753507014028081e+01 1.373970506727981433e-01
1.556206412825651419e+01 1.373264118909744425e-01
1.556659318637274581e+01 1.372539802162742184e-01
1.557112224448897919e+01 1.371843309902697761e-01
1.557565130260521080e+01 1.371141624834195105e-01
1.558018036072144419e+01 1.370433731441308700e-01
1.558470941883767580e+01 1.369730292148747530e-01
1.558923847695390918e+01 1.369015280467389128e-01
1.559376753507014080e+01 1.368296847251101733e-01
1.559829659318637241e+01 1.367582253065992570e-01
1.560282565130260579e+01 1.366877169076909926e-01
1.560735470941883918e+01 1.366167538955941618e-01
1.561188376753507079e+01 1.365457823308191543e-01
1.561641282565130240e+01 1.364747686853188535e-01
1.562094188376753578e+01 1.364014721922149620e-01
1.562547094188376917e+01 1.363293720958172750e-01
1.563000000000000078e+01 1.362570696813807103e-01
