6.490000000000000213e+00 1.240229999999999935e-03
6.502830000000000332e+00 1.240229999999999935e-03
6.515659999999999563e+00 1.240229999999999935e-03
6.528480000000000061e+00 1.240229999999999935e-03
6.541310000000000180e+00 1.240229999999999935e-03
6.554140000000000299e+00 1.240229999999999935e-03
6.566970000000000418e+00 1.240229999999999935e-03
6.579799999999999649e+00 1.240229999999999935e-03
6.592629999999999768e+00 1.240229999999999935e-03
6.605450000000000266e+00 1.240229999999999935e-03
6.618280000000000385e+00 1.240229999999999935e-03
6.631109999999999616e+00 1.240229999999999935e-03
6.643939999999999735e+00 1.240229999999999935e-03
6.656769999999999854e+00 1.240229999999999935e-03
6.669599999999999973e+00 1.240229999999999935e-03
6.682419999999999582e+00 1.240229999999999935e-03
6.695249999999999702e+00 1.240229999999999935e-03
6.708079999999999821e+00 1.240229999999999935e-03
6.720909999999999940e+00 1.240229999999999935e-03
6.733740000000000059e+00 1.240229999999999935e-03
6.746570000000000178e+00 1.240229999999999935e-03
6.759389999999999787e+00 1.240229999999999935e-03
6.772219999999999906e+00 1.240229999999999935e-03
6.785050000000000026e+00 1.240229999999999935e-03
6.797880000000000145e+00 1.240229999999999935e-03
6.810710000000000264e+00 1.240229999999999935e-03
6.823540000000000383e+00 1.240229999999999935e-03
6.836359999999999992e+00 1.240229999999999935e-03
6.849190000000000111e+00 1.240229999999999935e-03
6.862020000000000231e+00 1.240229999999999935e-03
6.874850000000000350e+00 1.240229999999999935e-03
6.887679999999999580e+00 1.240229999999999935e-03
6.900509999999999700e+00 1.240229999999999935e-03
6.913330000000000197e+00 1.240229999999999935e-03
6.926160000000000316e+00 1.240229999999999935e-03
6.938990000000000435e+00 1.240229999999999935e-03
6.951819999999999666e+00 1.240229999999999935e-03
6.964649999999999785e+00 1.240229999999999935e-03
6.977470000000000283e+00 1.240229999999999935e-03
6.990300000000000402e+00 1.240229999999999935e-03
7.003129999999999633e+00 1.240229999999999935e-03
7.015959999999999752e+00 1.240229999999999935e-03
7.028789999999999871e+00 1.240229999999999935e-03
7.041619999999999990e+00 1.240229999999999935e-03
7.054439999999999600e+00 1.240229999999999935e-03
7.067269999999999719e+00 1.240229999999999935e-03
7.080099999999999838e+00 1.240229999999999935e-03
7.092929999999999957e+00 1.240229999999999935e-03
7.105760000000000076e+00 1.240229999999999935e-03
7.118590000000000195e+00 1.240229999999999935e-03
7.131409999999999805e+00 1.240229999999999935e-03
7.144239999999999924e+00 1.240229999999999935e-03
7.157070000000000043e+00 1.240229999999999935e-03
7.169900000000000162e+00 1.240229999999999935e-03
7.182730000000000281e+00 1.240229999999999935e-03
7.195560000000000400e+00 1.240229999999999935e-03
7.208380000000000010e+00 1.240229999999999935e-03
7.221210000000000129e+00 1.240229999999999935e-03
7.234040000000000248e+00 1.240229999999999935e-03
7.246870000000000367e+00 1.240229999999999935e-03
7.259699999999999598e+00 1.240229999999999935e-03
7.272529999999999717e+00 1.240229999999999935e-03
7.285350000000000215e+00 1.240229999999999935e-03
7.298180000000000334e+00 1.240229999999999935e-03
7.311009999999999565e+00 1.240229999999999935e-03
7.323839999999999684e+00 1.240229999999999935e-03
7.336669999999999803e+00 1.240229999999999935e-03
7.349490000000000300e+00 1.240229999999999935e-03
7.362320000000000420e+00 1.240229999999999935e-03
7.375149999999999650e+00 1.240229999999999935e-03
7.387979999999999769e+00 1.240229999999999935e-03
7.400809999999999889e+00 1.240229999999999935e-03
7.413640000000000008e+00 1.240229999999999935e-03
7.426459999999999617e+00 1.240229999999999935e-03
7.439289999999999736e+00 1.240229999999999935e-03
7.452119999999999855e+00 1.240229999999999935e-03
7.464949999999999974e+00 1.240229999999999935e-03
7.477780000000000094e+00 1.240229999999999935e-03
7.490610000000000213e+00 1.240229999999999935e-03
7.503429999999999822e+00 1.240229999999999935e-03
7.516259999999999941e+00 1.240229999999999935e-03
7.529090000000000060e+00 1.240229999999999935e-03
7.541920000000000179e+00 1.240229999999999935e-03
7.554750000000000298e+00 1.240229999999999935e-03
7.567580000000000418e+00 1.240229999999999935e-03
7.580400000000000027e+00 1.240229999999999935e-03
7.593230000000000146e+00 1.240229999999999935e-03
7.606060000000000265e+00 1.240229999999999935e-03
7.618890000000000384e+00 1.240229999999999935e-03
7.631719999999999615e+00 1.240229999999999935e-03
7.644549999999999734e+00 1.240229999999999935e-03
7.657370000000000232e+00 1.240229999999999935e-03
7.670200000000000351e+00 1.240229999999999935e-03
7.683029999999999582e+00 1.240229999999999935e-03
7.695859999999999701e+00 1.240229999999999935e-03
7.708689999999999820e+00 1.240229999999999935e-03
7.721519999999999939e+00 1.240229999999999935e-03
7.734340000000000437e+00 1.240229999999999935e-03
7.747169999999999668e+00 1.240229999999999935e-03
7.759999999999999787e+00 1.240229999999999935e-03
