4.019999999999999574e+00 0.000000000000000000e+00
4.040000000000000036e+00 0.000000000000000000e+00
4.059999999999999609e+00 0.000000000000000000e+00
4.080000000000000071e+00 0.000000000000000000e+00
4.099999999999999645e+00 0.000000000000000000e+00
4.120000000000000107e+00 0.000000000000000000e+00
4.139999999999999680e+00 0.000000000000000000e+00
4.160000000000000142e+00 0.000000000000000000e+00
4.179999999999999716e+00 0.000000000000000000e+00
4.200000000000000178e+00 0.000000000000000000e+00
4.219999999999999751e+00 0.000000000000000000e+00
4.240000000000000213e+00 0.000000000000000000e+00
4.259999999999999787e+00 0.000000000000000000e+00
4.280000000000000249e+00 0.000000000000000000e+00
4.299999999999999822e+00 0.000000000000000000e+00
4.320000000000000284e+00 0.000000000000000000e+00
4.339999999999999858e+00 0.000000000000000000e+00
4.360000000000000320e+00 0.000000000000000000e+00
4.379999999999999893e+00 0.000000000000000000e+00
4.400000000000000355e+00 0.000000000000000000e+00
4.419999999999999929e+00 0.000000000000000000e+00
4.440000000000000391e+00 0.000000000000000000e+00
4.459999999999999964e+00 0.000000000000000000e+00
4.480000000000000426e+00 0.000000000000000000e+00
4.500000000000000000e+00 0.000000000000000000e+00
4.519999999999999574e+00 0.000000000000000000e+00
4.540000000000000036e+00 0.000000000000000000e+00
4.559999999999999609e+00 0.000000000000000000e+00
4.580000000000000071e+00 0.000000000000000000e+00
4.599999999999999645e+00 0.000000000000000000e+00
4.620000000000000107e+00 0.000000000000000000e+00
4.639999999999999680e+00 0.000000000000000000e+00
4.660000000000000142e+00 0.000000000000000000e+00
4.679999999999999716e+00 0.000000000000000000e+00
4.700000000000000178e+00 0.000000000000000000e+00
4.719999999999999751e+00 0.000000000000000000e+00
4.740000000000000213e+00 0.000000000000000000e+00
4.759999999999999787e+00 0.000000000000000000e+00
4.780000000000000249e+00 0.000000000000000000e+00
4.799999999999999822e+00 0.000000000000000000e+00
4.820000000000000284e+00 0.000000000000000000e+00
4.839999999999999858e+00 0.000000000000000000e+00
4.860000000000000320e+00 0.000000000000000000e+00
4.879999999999999893e+00 0.000000000000000000e+00
4.900000000000000355e+00 0.000000000000000000e+00
4.919999999999999929e+00 0.000000000000000000e+00
4.940000000000000391e+00 0.000000000000000000e+00
4.959999999999999964e+00 0.000000000000000000e+00
4.980000000000000426e+00 0.000000000000000000e+00
5.000000000000000000e+00 0.000000000000000000e+00
5.019999999999999574e+00 0.000000000000000000e+00
5.040000000000000036e+00 0.000000000000000000e+00
5.059999999999999609e+00 0.000000000000000000e+00
5.080000000000000071e+00 0.000000000000000000e+00
5.099999999999999645e+00 0.000000000000000000e+00
5.120000000000000107e+00 0.000000000000000000e+00
5.139999999999999680e+00 0.000000000000000000e+00
5.160000000000000142e+00 0.000000000000000000e+00
5.179999999999999716e+00 0.000000000000000000e+00
5.200000000000000178e+00 0.000000000000000000e+00
5.219999999999999751e+00 0.000000000000000000e+00
5.240000000000000213e+00 0.000000000000000000e+00
5.259999999999999787e+00 0.000000000000000000e+00
5.280000000000000249e+00 0.000000000000000000e+00
5.299999999999999822e+00 0.000000000000000000e+00
5.320000000000000284e+00 0.000000000000000000e+00
5.339999999999999858e+00 0.000000000000000000e+00
5.360000000000000320e+00 0.000000000000000000e+00
5.379999999999999893e+00 0.000000000000000000e+00
5.400000000000000355e+00 0.000000000000000000e+00
5.419999999999999929e+00 0.000000000000000000e+00
5.440000000000000391e+00 0.000000000000000000e+00
5.459999999999999964e+00 0.000000000000000000e+00
5.480000000000000426e+00 0.000000000000000000e+00
5.500000000000000000e+00 0.000000000000000000e+00
5.519999999999999574e+00 0.000000000000000000e+00
5.540000000000000036e+00 0.000000000000000000e+00
5.559999999999999609e+00 0.000000000000000000e+00
5.580000000000000071e+00 0.000000000000000000e+00
5.599999999999999645e+00 0.000000000000000000e+00
5.620000000000000107e+00 0.000000000000000000e+00
5.639999999999999680e+00 0.000000000000000000e+00
5.660000000000000142e+00 0.000000000000000000e+00
5.679999999999999716e+00 0.000000000000000000e+00
5.700000000000000178e+00 0.000000000000000000e+00
5.719999999999999751e+00 0.000000000000000000e+00
5.740000000000000213e+00 0.000000000000000000e+00
5.759999999999999787e+00 0.000000000000000000e+00
5.780000000000000249e+00 0.000000000000000000e+00
5.799999999999999822e+00 0.000000000000000000e+00
5.820000000000000284e+00 0.000000000000000000e+00
5.839999999999999858e+00 0.000000000000000000e+00
5.860000000000000320e+00 0.000000000000000000e+00
5.879999999999999893e+00 0.000000000000000000e+00
5.900000000000000355e+00 0.000000000000000000e+00
5.919999999999999929e+00 0.000000000000000000e+00
5.940000000000000391e+00 0.000000000000000000e+00
5.959999999999999964e+00 0.000000000000000000e+00
5.980000000000000426e+00 0.000000000000000000e+00
6.000000000000000000e+00 0.000000000000000000e+00
6.019999999999999574e+00 0.000000000000000000e+00
6.040000000000000036e+00 0.000000000000000000e+00
6.059999999999999609e+00 0.000000000000000000e+00
6.080000000000000071e+00 0.000000000000000000e+00
6.099999999999999645e+00 0.000000000000000000e+00
6.120000000000000107e+00 0.000000000000000000e+00
6.139999999999999680e+00 0.000000000000000000e+00
6.160000000000000142e+00 0.000000000000000000e+00
6.179999999999999716e+00 0.000000000000000000e+00
6.200000000000000178e+00 0.000000000000000000e+00
6.219999999999999751e+00 0.000000000000000000e+00
6.240000000000000213e+00 0.000000000000000000e+00
6.259999999999999787e+00 0.000000000000000000e+00
6.280000000000000249e+00 0.000000000000000000e+00
6.299999999999999822e+00 0.000000000000000000e+00
6.320000000000000284e+00 0.000000000000000000e+00
6.339999999999999858e+00 0.000000000000000000e+00
6.360000000000000320e+00 0.000000000000000000e+00
6.379999999999999893e+00 0.000000000000000000e+00
6.400000000000000355e+00 0.000000000000000000e+00
6.419999999999999929e+00 0.000000000000000000e+00
6.440000000000000391e+00 0.000000000000000000e+00
6.459999999999999964e+00 0.000000000000000000e+00
6.480000000000000426e+00 0.000000000000000000e+00
6.500000000000000000e+00 0.000000000000000000e+00
6.519999999999999574e+00 0.000000000000000000e+00
6.540000000000000036e+00 0.000000000000000000e+00
6.559999999999999609e+00 0.000000000000000000e+00
6.580000000000000071e+00 0.000000000000000000e+00
6.599999999999999645e+00 0.000000000000000000e+00
6.620000000000000107e+00 0.000000000000000000e+00
6.639999999999999680e+00 0.000000000000000000e+00
6.660000000000000142e+00 0.000000000000000000e+00
6.679999999999999716e+00 0.000000000000000000e+00
6.700000000000000178e+00 0.000000000000000000e+00
6.719999999999999751e+00 0.000000000000000000e+00
6.740000000000000213e+00 0.000000000000000000e+00
6.759999999999999787e+00 0.000000000000000000e+00
6.780000000000000249e+00 0.000000000000000000e+00
6.799999999999999822e+00 0.000000000000000000e+00
6.820000000000000284e+00 0.000000000000000000e+00
6.839999999999999858e+00 0.000000000000000000e+00
6.860000000000000320e+00 0.000000000000000000e+00
6.879999999999999893e+00 0.000000000000000000e+00
6.900000000000000355e+00 0.000000000000000000e+00
6.919999999999999929e+00 0.000000000000000000e+00
6.940000000000000391e+00 0.000000000000000000e+00
6.959999999999999964e+00 0.000000000000000000e+00
6.980000000000000426e+00 0.000000000000000000e+00
7.000000000000000000e+00 0.000000000000000000e+00
7.019999999999999574e+00 0.000000000000000000e+00
7.040000000000000036e+00 0.000000000000000000e+00
7.059999999999999609e+00 0.000000000000000000e+00
7.080000000000000071e+00 0.000000000000000000e+00
7.099999999999999645e+00 0.000000000000000000e+00
7.120000000000000107e+00 0.000000000000000000e+00
7.139999999999999680e+00 0.000000000000000000e+00
7.160000000000000142e+00 0.000000000000000000e+00
7.179999999999999716e+00 0.000000000000000000e+00
7.200000000000000178e+00 0.000000000000000000e+00
7.219999999999999751e+00 0.000000000000000000e+00
7.240000000000000213e+00 0.000000000000000000e+00
7.259999999999999787e+00 0.000000000000000000e+00
7.280000000000000249e+00 0.000000000000000000e+00
7.299999999999999822e+00 0.000000000000000000e+00
7.320000000000000284e+00 0.000000000000000000e+00
7.339999999999999858e+00 0.000000000000000000e+00
7.360000000000000320e+00 0.000000000000000000e+00
7.379999999999999893e+00 0.000000000000000000e+00
7.400000000000000355e+00 0.000000000000000000e+00
7.419999999999999929e+00 0.000000000000000000e+00
7.440000000000000391e+00 0.000000000000000000e+00
7.459999999999999964e+00 0.000000000000000000e+00
7.480000000000000426e+00 0.000000000000000000e+00
7.500000000000000000e+00 0.000000000000000000e+00
7.519999999999999574e+00 0.000000000000000000e+00
7.540000000000000036e+00 0.000000000000000000e+00
7.559999999999999609e+00 0.000000000000000000e+00
7.580000000000000071e+00 0.000000000000000000e+00
7.599999999999999645e+00 0.000000000000000000e+00
7.620000000000000107e+00 0.000000000000000000e+00
7.639999999999999680e+00 0.000000000000000000e+00
7.660000000000000142e+00 0.000000000000000000e+00
7.679999999999999716e+00 0.000000000000000000e+00
7.700000000000000178e+00 0.000000000000000000e+00
7.719999999999999751e+00 0.000000000000000000e+00
7.740000000000000213e+00 0.000000000000000000e+00
7.759999999999999787e+00 0.000000000000000000e+00
7.780000000000000249e+00 0.000000000000000000e+00
7.799999999999999822e+00 0.000000000000000000e+00
7.820000000000000284e+00 0.000000000000000000e+00
7.839999999999999858e+00 0.000000000000000000e+00
7.860000000000000320e+00 0.000000000000000000e+00
7.879999999999999893e+00 0.000000000000000000e+00
7.900000000000000355e+00 0.000000000000000000e+00
7.919999999999999929e+00 0.000000000000000000e+00
7.940000000000000391e+00 0.000000000000000000e+00
7.959999999999999964e+00 0.000000000000000000e+00
7.980000000000000426e+00 0.000000000000000000e+00
8.000000000000000000e+00 0.000000000000000000e+00
8.019999999999999574e+00 0.000000000000000000e+00
8.039999999999999147e+00 0.000000000000000000e+00
8.060000000000000497e+00 0.000000000000000000e+00
8.080000000000000071e+00 0.000000000000000000e+00
8.099999999999999645e+00 0.000000000000000000e+00
8.119999999999999218e+00 0.000000000000000000e+00
8.140000000000000568e+00 0.000000000000000000e+00
8.160000000000000142e+00 0.000000000000000000e+00
8.179999999999999716e+00 0.000000000000000000e+00
8.199999999999999289e+00 0.000000000000000000e+00
8.220000000000000639e+00 0.000000000000000000e+00
8.240000000000000213e+00 0.000000000000000000e+00
8.259999999999999787e+00 0.000000000000000000e+00
8.279999999999999361e+00 0.000000000000000000e+00
8.300000000000000711e+00 0.000000000000000000e+00
8.320000000000000284e+00 0.000000000000000000e+00
8.339999999999999858e+00 0.000000000000000000e+00
8.359999999999999432e+00 0.000000000000000000e+00
8.380000000000000782e+00 0.000000000000000000e+00
8.400000000000000355e+00 0.000000000000000000e+00
8.419999999999999929e+00 0.000000000000000000e+00
8.439999999999999503e+00 0.000000000000000000e+00
8.460000000000000853e+00 0.000000000000000000e+00
8.480000000000000426e+00 0.000000000000000000e+00
8.500000000000000000e+00 0.000000000000000000e+00
8.519999999999999574e+00 0.000000000000000000e+00
8.539999999999999147e+00 0.000000000000000000e+00
8.560000000000000497e+00 0.000000000000000000e+00
8.580000000000000071e+00 0.000000000000000000e+00
8.599999999999999645e+00 0.000000000000000000e+00
8.619999999999999218e+00 0.000000000000000000e+00
8.640000000000000568e+00 0.000000000000000000e+00
8.660000000000000142e+00 0.000000000000000000e+00
8.679999999999999716e+00 0.000000000000000000e+00
8.699999999999999289e+00 0.000000000000000000e+00
8.720000000000000639e+00 0.000000000000000000e+00
8.740000000000000213e+00 0.000000000000000000e+00
8.759999999999999787e+00 0.000000000000000000e+00
8.779999999999999361e+00 0.000000000000000000e+00
8.800000000000000711e+00 0.000000000000000000e+00
8.820000000000000284e+00 0.000000000000000000e+00
8.839999999999999858e+00 0.000000000000000000e+00
8.859999999999999432e+00 0.000000000000000000e+00
8.880000000000000782e+00 0.000000000000000000e+00
8.900000000000000355e+00 0.000000000000000000e+00
8.919999999999999929e+00 0.000000000000000000e+00
8.939999999999999503e+00 0.000000000000000000e+00
8.960000000000000853e+00 0.000000000000000000e+00
8.980000000000000426e+00 0.000000000000000000e+00
9.000000000000000000e+00 0.000000000000000000e+00
9.019999999999999574e+00 0.000000000000000000e+00
9.039999999999999147e+00 0.000000000000000000e+00
9.060000000000000497e+00 0.000000000000000000e+00
9.080000000000000071e+00 0.000000000000000000e+00
9.099999999999999645e+00 0.000000000000000000e+00
9.119999999999999218e+00 0.000000000000000000e+00
9.140000000000000568e+00 0.000000000000000000e+00
9.160000000000000142e+00 0.000000000000000000e+00
9.179999999999999716e+00 0.000000000000000000e+00
9.199999999999999289e+00 0.000000000000000000e+00
9.220000000000000639e+00 0.000000000000000000e+00
9.240000000000000213e+00 0.000000000000000000e+00
9.259999999999999787e+00 0.000000000000000000e+00
9.279999999999999361e+00 0.000000000000000000e+00
9.300000000000000711e+00 0.000000000000000000e+00
9.320000000000000284e+00 0.000000000000000000e+00
9.339999999999999858e+00 0.000000000000000000e+00
9.359999999999999432e+00 0.000000000000000000e+00
9.380000000000000782e+00 0.000000000000000000e+00
9.400000000000000355e+00 0.000000000000000000e+00
9.419999999999999929e+00 0.000000000000000000e+00
9.439999999999999503e+00 0.000000000000000000e+00
9.460000000000000853e+00 0.000000000000000000e+00
9.480000000000000426e+00 0.000000000000000000e+00
9.500000000000000000e+00 0.000000000000000000e+00
9.519999999999999574e+00 0.000000000000000000e+00
9.539999999999999147e+00 0.000000000000000000e+00
9.560000000000000497e+00 0.000000000000000000e+00
9.580000000000000071e+00 0.000000000000000000e+00
9.599999999999999645e+00 0.000000000000000000e+00
9.619999999999999218e+00 0.000000000000000000e+00
9.640000000000000568e+00 0.000000000000000000e+00
9.660000000000000142e+00 0.000000000000000000e+00
9.679999999999999716e+00 0.000000000000000000e+00
9.699999999999999289e+00 0.000000000000000000e+00
9.720000000000000639e+00 0.000000000000000000e+00
9.740000000000000213e+00 0.000000000000000000e+00
9.759999999999999787e+00 0.000000000000000000e+00
9.779999999999999361e+00 0.000000000000000000e+00
9.800000000000000711e+00 0.000000000000000000e+00
9.820000000000000284e+00 0.000000000000000000e+00
9.839999999999999858e+00 0.000000000000000000e+00
9.859999999999999432e+00 0.000000000000000000e+00
9.880000000000000782e+00 0.000000000000000000e+00
9.900000000000000355e+00 0.000000000000000000e+00
9.919999999999999929e+00 0.000000000000000000e+00
9.939999999999999503e+00 0.000000000000000000e+00
9.960000000000000853e+00 0.000000000000000000e+00
9.980000000000000426e+00 0.000000000000000000e+00
1.000000000000000000e+01 0.000000000000000000e+00
1.001999999999999957e+01 0.000000000000000000e+00
1.003999999999999915e+01 0.000000000000000000e+00
1.006000000000000050e+01 0.000000000000000000e+00
1.008000000000000007e+01 0.000000000000000000e+00
1.009999999999999964e+01 0.000000000000000000e+00
1.011999999999999922e+01 0.000000000000000000e+00
1.014000000000000057e+01 0.000000000000000000e+00
1.016000000000000014e+01 0.000000000000000000e+00
1.017999999999999972e+01 0.000000000000000000e+00
1.019999999999999929e+01 0.000000000000000000e+00
1.022000000000000064e+01 0.000000000000000000e+00
1.024000000000000021e+01 0.000000000000000000e+00
1.025999999999999979e+01 0.000000000000000000e+00
1.027999999999999936e+01 0.000000000000000000e+00
1.030000000000000071e+01 0.000000000000000000e+00
1.032000000000000028e+01 0.000000000000000000e+00
1.033999999999999986e+01 0.000000000000000000e+00
1.035999999999999943e+01 0.000000000000000000e+00
1.038000000000000078e+01 0.000000000000000000e+00
1.040000000000000036e+01 0.000000000000000000e+00
1.041999999999999993e+01 0.000000000000000000e+00
1.043999999999999950e+01 0.000000000000000000e+00
1.046000000000000085e+01 0.000000000000000000e+00
1.048000000000000043e+01 0.000000000000000000e+00
1.050000000000000000e+01 0.000000000000000000e+00
1.051999999999999957e+01 0.000000000000000000e+00
1.053999999999999915e+01 0.000000000000000000e+00
1.056000000000000050e+01 0.000000000000000000e+00
1.058000000000000007e+01 0.000000000000000000e+00
1.059999999999999964e+01 0.000000000000000000e+00
1.061999999999999922e+01 0.000000000000000000e+00
1.064000000000000057e+01 0.000000000000000000e+00
1.066000000000000014e+01 0.000000000000000000e+00
1.067999999999999972e+01 0.000000000000000000e+00
1.069999999999999929e+01 0.000000000000000000e+00
1.072000000000000064e+01 0.000000000000000000e+00
1.074000000000000021e+01 0.000000000000000000e+00
1.075999999999999979e+01 0.000000000000000000e+00
1.077999999999999936e+01 0.000000000000000000e+00
1.080000000000000071e+01 0.000000000000000000e+00
1.082000000000000028e+01 0.000000000000000000e+00
1.083999999999999986e+01 0.000000000000000000e+00
1.085999999999999943e+01 0.000000000000000000e+00
1.088000000000000078e+01 0.000000000000000000e+00
1.090000000000000036e+01 0.000000000000000000e+00
1.091999999999999993e+01 0.000000000000000000e+00
1.093999999999999950e+01 0.000000000000000000e+00
1.096000000000000085e+01 0.000000000000000000e+00
1.098000000000000043e+01 0.000000000000000000e+00
1.100000000000000000e+01 0.000000000000000000e+00
1.101999999999999957e+01 0.000000000000000000e+00
1.103999999999999915e+01 0.000000000000000000e+00
1.106000000000000050e+01 0.000000000000000000e+00
1.108000000000000007e+01 0.000000000000000000e+00
1.109999999999999964e+01 0.000000000000000000e+00
1.111999999999999922e+01 0.000000000000000000e+00
1.114000000000000057e+01 0.000000000000000000e+00
1.116000000000000014e+01 0.000000000000000000e+00
1.117999999999999972e+01 0.000000000000000000e+00
1.119999999999999929e+01 0.000000000000000000e+00
1.122000000000000064e+01 0.000000000000000000e+00
1.124000000000000021e+01 0.000000000000000000e+00
1.125999999999999979e+01 0.000000000000000000e+00
1.127999999999999936e+01 0.000000000000000000e+00
1.130000000000000071e+01 0.000000000000000000e+00
1.132000000000000028e+01 0.000000000000000000e+00
1.133999999999999986e+01 0.000000000000000000e+00
1.135999999999999943e+01 0.000000000000000000e+00
1.138000000000000078e+01 0.000000000000000000e+00
1.140000000000000036e+01 0.000000000000000000e+00
1.141999999999999993e+01 0.000000000000000000e+00
1.143999999999999950e+01 0.000000000000000000e+00
1.146000000000000085e+01 0.000000000000000000e+00
1.148000000000000043e+01 0.000000000000000000e+00
1.150000000000000000e+01 0.000000000000000000e+00
1.151999999999999957e+01 0.000000000000000000e+00
1.153999999999999915e+01 0.000000000000000000e+00
1.156000000000000050e+01 0.000000000000000000e+00
1.158000000000000007e+01 0.000000000000000000e+00
1.159999999999999964e+01 0.000000000000000000e+00
1.161999999999999922e+01 0.000000000000000000e+00
1.164000000000000057e+01 0.000000000000000000e+00
1.166000000000000014e+01 0.000000000000000000e+00
1.167999999999999972e+01 0.000000000000000000e+00
1.169999999999999929e+01 0.000000000000000000e+00
1.172000000000000064e+01 0.000000000000000000e+00
1.174000000000000021e+01 0.000000000000000000e+00
1.175999999999999979e+01 0.000000000000000000e+00
1.177999999999999936e+01 0.000000000000000000e+00
1.180000000000000071e+01 0.000000000000000000e+00
1.182000000000000028e+01 0.000000000000000000e+00
1.183999999999999986e+01 0.000000000000000000e+00
1.185999999999999943e+01 0.000000000000000000e+00
1.188000000000000078e+01 0.000000000000000000e+00
1.190000000000000036e+01 0.000000000000000000e+00
1.191999999999999993e+01 0.000000000000000000e+00
1.193999999999999950e+01 0.000000000000000000e+00
1.196000000000000085e+01 0.000000000000000000e+00
1.198000000000000043e+01 0.000000000000000000e+00
1.200000000000000000e+01 0.000000000000000000e+00
1.201999999999999957e+01 0.000000000000000000e+00
1.203999999999999915e+01 0.000000000000000000e+00
1.206000000000000050e+01 0.000000000000000000e+00
1.208000000000000007e+01 0.000000000000000000e+00
1.209999999999999964e+01 0.000000000000000000e+00
1.211999999999999922e+01 0.000000000000000000e+00
1.214000000000000057e+01 0.000000000000000000e+00
1.216000000000000014e+01 0.000000000000000000e+00
1.217999999999999972e+01 0.000000000000000000e+00
1.219999999999999929e+01 0.000000000000000000e+00
1.222000000000000064e+01 0.000000000000000000e+00
1.224000000000000021e+01 0.000000000000000000e+00
1.225999999999999979e+01 0.000000000000000000e+00
1.227999999999999936e+01 0.000000000000000000e+00
1.230000000000000071e+01 0.000000000000000000e+00
1.232000000000000028e+01 0.000000000000000000e+00
1.233999999999999986e+01 0.000000000000000000e+00
1.235999999999999943e+01 0.000000000000000000e+00
1.238000000000000078e+01 0.000000000000000000e+00
1.240000000000000036e+01 0.000000000000000000e+00
1.241999999999999993e+01 0.000000000000000000e+00
1.243999999999999950e+01 0.000000000000000000e+00
1.246000000000000085e+01 0.000000000000000000e+00
1.248000000000000043e+01 0.000000000000000000e+00
1.250000000000000000e+01 1.000000000000000048e-04
1.251999999999999957e+01 1.000000000000000048e-04
1.253999999999999915e+01 1.000000000000000048e-04
1.256000000000000050e+01 1.000000000000000048e-04
1.258000000000000007e+01 1.000000000000000048e-04
1.259999999999999964e+01 1.000000000000000048e-04
1.261999999999999922e+01 1.000000000000000048e-04
1.264000000000000057e+01 1.000000000000000048e-04
1.266000000000000014e+01 1.000000000000000048e-04
1.267999999999999972e+01 1.000000000000000048e-04
1.269999999999999929e+01 1.000000000000000048e-04
1.272000000000000064e+01 1.000000000000000048e-04
1.274000000000000021e+01 1.000000000000000048e-04
1.275999999999999979e+01 1.000000000000000048e-04
1.277999999999999936e+01 1.458999999999999956e-04
1.280000000000000071e+01 3.694090000000000134e-04
1.282000000000000028e+01 5.257999999999999870e-04
1.283999999999999986e+01 6.395049999999999563e-04
1.285999999999999943e+01 7.510999999999999881e-04
1.288000000000000078e+01 9.015089999999999909e-04
1.290000000000000036e+01 1.129100000000000069e-03
1.291999999999999993e+01 1.437719999999999970e-03
1.293999999999999950e+01 1.788000000000000093e-03
1.296000000000000085e+01 2.150519999999999949e-03
1.298000000000000043e+01 2.550999999999999882e-03
1.300000000000000000e+01 3.056600000000000029e-03
1.301999999999999957e+01 3.706399999999999886e-03
1.303999999999999915e+01 4.517199999999999861e-03
1.306000000000000050e+01 5.469199999999999583e-03
1.308000000000000007e+01 6.546299999999999689e-03
1.309999999999999964e+01 7.816999999999999296e-03
1.311999999999999922e+01 9.338400000000000173e-03
1.314000000000000057e+01 1.129780000000000020e-02
1.316000000000000014e+01 1.371490000000000035e-02
1.317999999999999972e+01 1.671270000000000047e-02
1.319999999999999929e+01 2.041010000000000046e-02
1.322000000000000064e+01 2.497639999999999930e-02
1.324000000000000021e+01 3.084380000000000108e-02
1.325999999999999979e+01 3.821179999999999716e-02
1.327999999999999936e+01 4.759530000000000011e-02
1.330000000000000071e+01 5.928049999999999986e-02
1.332000000000000028e+01 7.385830000000000173e-02
1.333999999999999986e+01 9.190049999999999608e-02
1.335999999999999943e+01 1.140469999999999956e-01
1.338000000000000078e+01 1.409729999999999872e-01
1.340000000000000036e+01 1.732980000000000076e-01
1.341999999999999993e+01 2.114999999999999936e-01
1.343999999999999950e+01 2.555040000000000089e-01
1.346000000000000085e+01 3.047000000000000264e-01
1.348000000000000043e+01 3.579709999999999837e-01
1.350000000000000000e+01 4.137790000000000079e-01
1.351999999999999957e+01 4.701219999999999843e-01
1.353999999999999915e+01 5.247749999999999915e-01
1.356000000000000050e+01 5.756790000000000518e-01
1.358000000000000007e+01 6.211969999999999992e-01
1.359999999999999964e+01 6.603550000000000253e-01
1.361999999999999922e+01 6.927820000000000089e-01
1.364000000000000057e+01 7.187890000000000112e-01
1.366000000000000014e+01 7.389940000000000397e-01
1.367999999999999972e+01 7.543029999999999458e-01
1.369999999999999929e+01 7.655279999999999863e-01
1.372000000000000064e+01 7.735670000000000046e-01
1.374000000000000021e+01 7.792050000000000365e-01
1.375999999999999979e+01 7.831380000000000008e-01
1.377999999999999936e+01 7.859220000000000095e-01
1.380000000000000071e+01 7.879300000000000193e-01
1.382000000000000028e+01 7.894379999999999731e-01
1.383999999999999986e+01 7.904679999999999485e-01
1.385999999999999943e+01 7.911639999999999784e-01
1.388000000000000078e+01 7.917079999999999673e-01
1.390000000000000036e+01 7.924480000000000413e-01
1.391999999999999993e+01 7.935090000000000199e-01
1.393999999999999950e+01 7.948439999999999950e-01
1.396000000000000085e+01 7.962369999999999726e-01
1.398000000000000043e+01 7.975619999999999932e-01
1.400000000000000000e+01 7.988319999999999865e-01
1.401999999999999957e+01 8.001509999999999456e-01
1.403999999999999915e+01 8.015879999999999672e-01
1.406000000000000050e+01 8.031150000000000233e-01
1.408000000000000007e+01 8.046529999999999516e-01
1.409999999999999964e+01 8.061180000000000012e-01
1.411999999999999922e+01 8.074770000000000003e-01
1.414000000000000057e+01 8.087670000000000137e-01
1.416000000000000014e+01 8.101099999999999968e-01
1.417999999999999972e+01 8.116459999999999786e-01
1.419999999999999929e+01 8.134689999999999976e-01
1.422000000000000064e+01 8.154860000000000442e-01
1.424000000000000021e+01 8.173899999999999499e-01
1.425999999999999979e+01 8.187400000000000233e-01
1.427999999999999936e+01 8.191399999999999793e-01
1.430000000000000071e+01 8.184590000000000476e-01
1.432000000000000028e+01 8.169049999999999923e-01
1.433999999999999986e+01 8.149929999999999675e-01
1.435999999999999943e+01 8.133420000000000094e-01
1.438000000000000078e+01 8.124109999999999943e-01
1.440000000000000036e+01 8.122589999999999533e-01
1.441999999999999993e+01 8.125090000000000368e-01
1.443999999999999950e+01 8.125559999999999450e-01
1.446000000000000085e+01 8.119439999999999991e-01
1.448000000000000043e+01 8.106839999999999602e-01
1.450000000000000000e+01 8.093449999999999811e-01
1.451999999999999957e+01 8.087910000000000377e-01
1.453999999999999915e+01 8.096830000000000416e-01
1.456000000000000050e+01 8.120530000000000248e-01
1.458000000000000007e+01 8.153169999999999584e-01
1.459999999999999964e+01 8.186790000000000456e-01
1.461999999999999922e+01 8.215649999999999897e-01
1.464000000000000057e+01 8.238090000000000135e-01
1.466000000000000014e+01 8.255350000000000188e-01
1.467999999999999972e+01 8.269640000000000324e-01
1.469999999999999929e+01 8.282920000000000282e-01
1.472000000000000064e+01 8.296080000000000121e-01
1.474000000000000021e+01 8.309250000000000247e-01
1.475999999999999979e+01 8.322770000000000445e-01
1.477999999999999936e+01 8.337240000000000206e-01
1.480000000000000071e+01 8.352500000000000480e-01
1.482000000000000028e+01 8.366959999999999953e-01
1.483999999999999986e+01 8.379029999999999534e-01
1.485999999999999943e+01 8.387360000000000371e-01
1.488000000000000078e+01 8.390009999999999968e-01
1.490000000000000036e+01 8.384559999999999791e-01
1.491999999999999993e+01 8.370819999999999927e-01
1.493999999999999950e+01 8.354420000000000179e-01
1.496000000000000085e+01 8.344669999999999588e-01
1.498000000000000043e+01 8.347320000000000295e-01
1.500000000000000000e+01 8.358400000000000274e-01
1.501999999999999957e+01 8.369619999999999838e-01
1.503999999999999915e+01 8.374329999999999830e-01
1.506000000000000050e+01 8.370069999999999455e-01
1.508000000000000007e+01 8.357759999999999634e-01
1.509999999999999964e+01 8.339630000000000098e-01
1.511999999999999922e+01 8.317620000000000013e-01
1.514000000000000057e+01 8.292610000000000259e-01
1.516000000000000014e+01 8.264799999999999924e-01
1.517999999999999972e+01 8.234169999999999545e-01
1.519999999999999929e+01 8.200429999999999664e-01
1.522000000000000064e+01 8.163139999999999841e-01
1.524000000000000021e+01 8.121960000000000290e-01
1.525999999999999979e+01 8.077149999999999608e-01
1.527999999999999936e+01 8.029870000000000063e-01
1.530000000000000071e+01 7.982169999999999543e-01
1.532000000000000028e+01 7.936450000000000449e-01
1.533999999999999986e+01 7.894900000000000251e-01
1.535999999999999943e+01 7.859350000000000502e-01
1.538000000000000078e+01 7.830869999999999775e-01
1.540000000000000036e+01 7.809730000000000283e-01
1.541999999999999993e+01 7.795360000000000067e-01
1.543999999999999950e+01 7.786560000000000148e-01
1.546000000000000085e+01 7.781709999999999461e-01
1.548000000000000043e+01 7.779610000000000136e-01
1.550000000000000000e+01 7.779139999999999944e-01
1.551999999999999957e+01 7.779310000000000391e-01
1.553999999999999915e+01 7.779340000000000144e-01
1.556000000000000050e+01 7.777840000000000309e-01
1.558000000000000007e+01 7.774109999999999632e-01
1.559999999999999964e+01 7.768019999999999925e-01
1.561999999999999922e+01 7.760340000000000016e-01
1.564000000000000057e+01 7.752390000000000114e-01
1.566000000000000014e+01 7.745419999999999527e-01
1.567999999999999972e+01 7.740399999999999503e-01
1.569999999999999929e+01 7.737829999999999986e-01
1.572000000000000064e+01 7.738680000000000003e-01
1.574000000000000021e+01 7.744400000000000173e-01
1.575999999999999979e+01 7.756849999999999579e-01
1.577999999999999936e+01 7.777899999999999814e-01
1.580000000000000071e+01 7.807610000000000383e-01
1.582000000000000028e+01 7.844729999999999759e-01
1.583999999999999986e+01 7.887229999999999519e-01
1.585999999999999943e+01 7.932550000000000434e-01
1.588000000000000078e+01 7.977910000000000279e-01
1.590000000000000036e+01 8.021150000000000224e-01
1.591999999999999993e+01 8.060979999999999812e-01
1.593999999999999950e+01 8.096910000000000496e-01
1.596000000000000085e+01 8.129250000000000087e-01
1.598000000000000043e+01 8.159239999999999826e-01
1.600000000000000000e+01 8.187459999999999738e-01
1.601999999999999957e+01 8.213570000000000038e-01
1.603999999999999915e+01 8.236480000000000468e-01
1.605999999999999872e+01 8.253909999999999858e-01
1.607999999999999829e+01 8.264949999999999797e-01
1.610000000000000142e+01 8.269229999999999636e-01
1.612000000000000099e+01 8.267379999999999729e-01
1.614000000000000057e+01 8.260999999999999455e-01
1.616000000000000014e+01 8.249910000000000299e-01
1.617999999999999972e+01 8.236599999999999477e-01
1.619999999999999929e+01 8.222739999999999494e-01
1.621999999999999886e+01 8.209969999999999768e-01
1.623999999999999844e+01 8.202399999999999691e-01
1.626000000000000156e+01 8.199579999999999647e-01
1.628000000000000114e+01 8.201079999999999481e-01
1.630000000000000071e+01 8.205529999999999768e-01
1.632000000000000028e+01 8.208530000000000548e-01
1.633999999999999986e+01 8.206400000000000361e-01
1.635999999999999943e+01 8.194780000000000397e-01
1.637999999999999901e+01 8.169089999999999963e-01
1.639999999999999858e+01 8.124230000000000063e-01
1.642000000000000171e+01 8.052770000000000206e-01
1.644000000000000128e+01 7.948279999999999790e-01
1.646000000000000085e+01 7.804210000000000313e-01
1.648000000000000043e+01 7.612229999999999830e-01
1.650000000000000000e+01 7.366749999999999687e-01
1.651999999999999957e+01 7.066299999999999804e-01
1.653999999999999915e+01 6.711249999999999716e-01
1.655999999999999872e+01 6.308519999999999683e-01
1.657999999999999829e+01 5.867670000000000385e-01
1.660000000000000142e+01 5.397610000000000463e-01
1.662000000000000099e+01 4.907699999999999840e-01
1.664000000000000057e+01 4.411050000000000249e-01
1.666000000000000014e+01 3.919839999999999991e-01
1.667999999999999972e+01 3.445619999999999794e-01
1.669999999999999929e+01 3.002750000000000141e-01
1.671999999999999886e+01 2.599670000000000036e-01
1.673999999999999844e+01 2.238890000000000047e-01
1.676000000000000156e+01 1.921650000000000025e-01
1.678000000000000114e+01 1.644110000000000016e-01
1.680000000000000071e+01 1.402460000000000095e-01
1.682000000000000028e+01 1.193290000000000045e-01
1.683999999999999986e+01 1.012630000000000058e-01
1.685999999999999943e+01 8.565599999999999603e-02
1.687999999999999901e+01 7.227150000000000241e-02
1.689999999999999858e+01 6.088350000000000012e-02
1.692000000000000171e+01 5.118899999999999839e-02
1.694000000000000128e+01 4.307720000000000299e-02
1.696000000000000085e+01 3.642709999999999698e-02
1.698000000000000043e+01 3.093399999999999969e-02
1.700000000000000000e+01 2.641900000000000151e-02
1.701999999999999957e+01 2.270660000000000039e-02
1.703999999999999915e+01 1.949120000000000019e-02
1.705999999999999872e+01 1.672970000000000013e-02
1.707999999999999829e+01 1.435559999999999961e-02
1.710000000000000142e+01 1.227710000000000086e-02
1.712000000000000099e+01 1.048860000000000070e-02
1.714000000000000057e+01 8.940039999999999792e-03
1.716000000000000014e+01 7.561799999999999598e-03
1.717999999999999972e+01 6.359000000000000069e-03
1.719999999999999929e+01 5.321799999999999795e-03
1.721999999999999886e+01 4.439779999999999942e-03
1.723999999999999844e+01 3.724599999999999786e-03
1.726000000000000156e+01 3.153550000000000190e-03
1.728000000000000114e+01 2.705840000000000155e-03
1.730000000000000071e+01 2.328129999999999870e-03
1.732000000000000028e+01 1.998699999999999956e-03
1.733999999999999986e+01 1.697500000000000007e-03
1.735999999999999943e+01 1.407800000000000067e-03
1.737999999999999901e+01 1.139400000000000048e-03
1.739999999999999858e+01 8.991000000000000077e-04
1.742000000000000171e+01 6.851000000000000102e-04
1.744000000000000128e+01 5.023160000000000472e-04
1.746000000000000085e+01 3.549129999999999950e-04
1.748000000000000043e+01 2.325000000000000135e-04
1.750000000000000000e+01 1.324999999999999952e-04
1.751999999999999957e+01 1.000000000000000048e-04
1.753999999999999915e+01 1.000000000000000048e-04
1.755999999999999872e+01 1.000000000000000048e-04
1.757999999999999829e+01 1.000000000000000048e-04
1.760000000000000142e+01 1.000000000000000048e-04
1.762000000000000099e+01 1.000000000000000048e-04
1.764000000000000057e+01 1.000000000000000048e-04
1.766000000000000014e+01 1.000000000000000048e-04
1.767999999999999972e+01 1.000000000000000048e-04
1.769999999999999929e+01 1.000000000000000048e-04
1.771999999999999886e+01 1.000000000000000048e-04
1.773999999999999844e+01 1.000000000000000048e-04
1.776000000000000156e+01 1.000000000000000048e-04
1.778000000000000114e+01 1.000000000000000048e-04
1.780000000000000071e+01 1.000000000000000048e-04
1.782000000000000028e+01 1.000000000000000048e-04
1.783999999999999986e+01 1.000000000000000048e-04
1.785999999999999943e+01 1.000000000000000048e-04
1.787999999999999901e+01 1.000000000000000048e-04
1.789999999999999858e+01 1.000000000000000048e-04
1.792000000000000171e+01 1.000000000000000048e-04
1.794000000000000128e+01 1.000000000000000048e-04
1.796000000000000085e+01 1.000000000000000048e-04
1.798000000000000043e+01 1.000000000000000048e-04
1.800000000000000000e+01 1.000000000000000048e-04
1.801999999999999957e+01 0.000000000000000000e+00
1.803999999999999915e+01 0.000000000000000000e+00
1.805999999999999872e+01 0.000000000000000000e+00
1.807999999999999829e+01 0.000000000000000000e+00
1.810000000000000142e+01 0.000000000000000000e+00
1.812000000000000099e+01 0.000000000000000000e+00
1.814000000000000057e+01 0.000000000000000000e+00
1.816000000000000014e+01 0.000000000000000000e+00
1.817999999999999972e+01 0.000000000000000000e+00
1.819999999999999929e+01 0.000000000000000000e+00
1.821999999999999886e+01 0.000000000000000000e+00
1.823999999999999844e+01 0.000000000000000000e+00
1.826000000000000156e+01 0.000000000000000000e+00
1.828000000000000114e+01 0.000000000000000000e+00
1.830000000000000071e+01 0.000000000000000000e+00
1.832000000000000028e+01 0.000000000000000000e+00
1.833999999999999986e+01 0.000000000000000000e+00
1.835999999999999943e+01 0.000000000000000000e+00
1.837999999999999901e+01 0.000000000000000000e+00
1.839999999999999858e+01 0.000000000000000000e+00
1.842000000000000171e+01 0.000000000000000000e+00
1.844000000000000128e+01 0.000000000000000000e+00
1.846000000000000085e+01 0.000000000000000000e+00
1.848000000000000043e+01 0.000000000000000000e+00
1.850000000000000000e+01 0.000000000000000000e+00
1.851999999999999957e+01 0.000000000000000000e+00
1.853999999999999915e+01 0.000000000000000000e+00
1.855999999999999872e+01 0.000000000000000000e+00
1.857999999999999829e+01 0.000000000000000000e+00
1.860000000000000142e+01 0.000000000000000000e+00
1.862000000000000099e+01 0.000000000000000000e+00
1.864000000000000057e+01 0.000000000000000000e+00
1.866000000000000014e+01 0.000000000000000000e+00
1.867999999999999972e+01 0.000000000000000000e+00
1.869999999999999929e+01 0.000000000000000000e+00
1.871999999999999886e+01 0.000000000000000000e+00
1.873999999999999844e+01 0.000000000000000000e+00
1.876000000000000156e+01 0.000000000000000000e+00
1.878000000000000114e+01 0.000000000000000000e+00
1.880000000000000071e+01 0.000000000000000000e+00
1.882000000000000028e+01 0.000000000000000000e+00
1.883999999999999986e+01 0.000000000000000000e+00
1.885999999999999943e+01 0.000000000000000000e+00
1.887999999999999901e+01 0.000000000000000000e+00
1.889999999999999858e+01 0.000000000000000000e+00
1.892000000000000171e+01 0.000000000000000000e+00
1.894000000000000128e+01 0.000000000000000000e+00
1.896000000000000085e+01 0.000000000000000000e+00
1.898000000000000043e+01 0.000000000000000000e+00
1.900000000000000000e+01 0.000000000000000000e+00
1.901999999999999957e+01 0.000000000000000000e+00
1.903999999999999915e+01 0.000000000000000000e+00
1.905999999999999872e+01 0.000000000000000000e+00
1.907999999999999829e+01 0.000000000000000000e+00
1.910000000000000142e+01 0.000000000000000000e+00
1.912000000000000099e+01 0.000000000000000000e+00
1.914000000000000057e+01 0.000000000000000000e+00
1.916000000000000014e+01 0.000000000000000000e+00
1.917999999999999972e+01 0.000000000000000000e+00
1.919999999999999929e+01 0.000000000000000000e+00
1.921999999999999886e+01 0.000000000000000000e+00
1.923999999999999844e+01 0.000000000000000000e+00
1.926000000000000156e+01 0.000000000000000000e+00
1.928000000000000114e+01 0.000000000000000000e+00
1.930000000000000071e+01 0.000000000000000000e+00
1.932000000000000028e+01 0.000000000000000000e+00
1.933999999999999986e+01 0.000000000000000000e+00
1.935999999999999943e+01 0.000000000000000000e+00
1.937999999999999901e+01 0.000000000000000000e+00
1.939999999999999858e+01 0.000000000000000000e+00
1.942000000000000171e+01 0.000000000000000000e+00
1.944000000000000128e+01 0.000000000000000000e+00
1.946000000000000085e+01 0.000000000000000000e+00
1.948000000000000043e+01 0.000000000000000000e+00
1.950000000000000000e+01 0.000000000000000000e+00
1.951999999999999957e+01 0.000000000000000000e+00
1.953999999999999915e+01 0.000000000000000000e+00
1.955999999999999872e+01 0.000000000000000000e+00
1.957999999999999829e+01 0.000000000000000000e+00
1.960000000000000142e+01 0.000000000000000000e+00
1.962000000000000099e+01 0.000000000000000000e+00
1.964000000000000057e+01 0.000000000000000000e+00
1.966000000000000014e+01 0.000000000000000000e+00
1.967999999999999972e+01 0.000000000000000000e+00
1.969999999999999929e+01 0.000000000000000000e+00
1.971999999999999886e+01 0.000000000000000000e+00
1.973999999999999844e+01 0.000000000000000000e+00
1.976000000000000156e+01 0.000000000000000000e+00
1.978000000000000114e+01 0.000000000000000000e+00
1.980000000000000071e+01 0.000000000000000000e+00
1.982000000000000028e+01 0.000000000000000000e+00
1.983999999999999986e+01 0.000000000000000000e+00
1.985999999999999943e+01 0.000000000000000000e+00
1.987999999999999901e+01 0.000000000000000000e+00
1.989999999999999858e+01 0.000000000000000000e+00
1.992000000000000171e+01 0.000000000000000000e+00
1.994000000000000128e+01 0.000000000000000000e+00
1.996000000000000085e+01 0.000000000000000000e+00
1.998000000000000043e+01 0.000000000000000000e+00
2.000000000000000000e+01 0.000000000000000000e+00
2.001999999999999957e+01 0.000000000000000000e+00
2.003999999999999915e+01 0.000000000000000000e+00
2.005999999999999872e+01 0.000000000000000000e+00
2.007999999999999829e+01 0.000000000000000000e+00
2.010000000000000142e+01 0.000000000000000000e+00
2.012000000000000099e+01 0.000000000000000000e+00
2.014000000000000057e+01 0.000000000000000000e+00
2.016000000000000014e+01 0.000000000000000000e+00
2.017999999999999972e+01 0.000000000000000000e+00
2.019999999999999929e+01 0.000000000000000000e+00
2.021999999999999886e+01 0.000000000000000000e+00
2.023999999999999844e+01 0.000000000000000000e+00
2.026000000000000156e+01 0.000000000000000000e+00
2.028000000000000114e+01 0.000000000000000000e+00
2.030000000000000071e+01 0.000000000000000000e+00
2.032000000000000028e+01 0.000000000000000000e+00
2.033999999999999986e+01 0.000000000000000000e+00
2.035999999999999943e+01 0.000000000000000000e+00
2.037999999999999901e+01 0.000000000000000000e+00
2.039999999999999858e+01 0.000000000000000000e+00
2.042000000000000171e+01 0.000000000000000000e+00
2.044000000000000128e+01 0.000000000000000000e+00
2.046000000000000085e+01 0.000000000000000000e+00
2.048000000000000043e+01 0.000000000000000000e+00
2.050000000000000000e+01 0.000000000000000000e+00
2.051999999999999957e+01 0.000000000000000000e+00
2.053999999999999915e+01 0.000000000000000000e+00
2.055999999999999872e+01 0.000000000000000000e+00
2.057999999999999829e+01 0.000000000000000000e+00
2.060000000000000142e+01 0.000000000000000000e+00
2.062000000000000099e+01 0.000000000000000000e+00
2.064000000000000057e+01 0.000000000000000000e+00
2.066000000000000014e+01 0.000000000000000000e+00
2.067999999999999972e+01 0.000000000000000000e+00
2.069999999999999929e+01 0.000000000000000000e+00
2.071999999999999886e+01 0.000000000000000000e+00
2.073999999999999844e+01 0.000000000000000000e+00
2.076000000000000156e+01 0.000000000000000000e+00
2.078000000000000114e+01 0.000000000000000000e+00
2.080000000000000071e+01 0.000000000000000000e+00
2.082000000000000028e+01 0.000000000000000000e+00
2.083999999999999986e+01 0.000000000000000000e+00
2.085999999999999943e+01 0.000000000000000000e+00
2.087999999999999901e+01 0.000000000000000000e+00
2.089999999999999858e+01 0.000000000000000000e+00
2.092000000000000171e+01 0.000000000000000000e+00
2.094000000000000128e+01 0.000000000000000000e+00
2.096000000000000085e+01 0.000000000000000000e+00
2.098000000000000043e+01 0.000000000000000000e+00
2.100000000000000000e+01 0.000000000000000000e+00
2.101999999999999957e+01 0.000000000000000000e+00
2.103999999999999915e+01 0.000000000000000000e+00
2.105999999999999872e+01 0.000000000000000000e+00
2.107999999999999829e+01 0.000000000000000000e+00
2.110000000000000142e+01 0.000000000000000000e+00
2.112000000000000099e+01 0.000000000000000000e+00
2.114000000000000057e+01 0.000000000000000000e+00
2.116000000000000014e+01 0.000000000000000000e+00
2.117999999999999972e+01 0.000000000000000000e+00
2.119999999999999929e+01 0.000000000000000000e+00
2.121999999999999886e+01 0.000000000000000000e+00
2.123999999999999844e+01 0.000000000000000000e+00
2.126000000000000156e+01 0.000000000000000000e+00
2.128000000000000114e+01 0.000000000000000000e+00
2.130000000000000071e+01 0.000000000000000000e+00
2.132000000000000028e+01 0.000000000000000000e+00
2.133999999999999986e+01 0.000000000000000000e+00
2.135999999999999943e+01 0.000000000000000000e+00
2.137999999999999901e+01 0.000000000000000000e+00
2.139999999999999858e+01 0.000000000000000000e+00
2.142000000000000171e+01 0.000000000000000000e+00
2.144000000000000128e+01 0.000000000000000000e+00
2.146000000000000085e+01 0.000000000000000000e+00
2.148000000000000043e+01 0.000000000000000000e+00
2.150000000000000000e+01 0.000000000000000000e+00
2.151999999999999957e+01 0.000000000000000000e+00
2.153999999999999915e+01 0.000000000000000000e+00
2.155999999999999872e+01 0.000000000000000000e+00
2.157999999999999829e+01 0.000000000000000000e+00
2.160000000000000142e+01 0.000000000000000000e+00
2.162000000000000099e+01 0.000000000000000000e+00
2.164000000000000057e+01 0.000000000000000000e+00
2.166000000000000014e+01 0.000000000000000000e+00
2.167999999999999972e+01 0.000000000000000000e+00
2.169999999999999929e+01 0.000000000000000000e+00
2.171999999999999886e+01 0.000000000000000000e+00
2.173999999999999844e+01 0.000000000000000000e+00
2.176000000000000156e+01 0.000000000000000000e+00
2.178000000000000114e+01 0.000000000000000000e+00
2.180000000000000071e+01 0.000000000000000000e+00
2.182000000000000028e+01 0.000000000000000000e+00
2.183999999999999986e+01 0.000000000000000000e+00
2.185999999999999943e+01 0.000000000000000000e+00
2.187999999999999901e+01 0.000000000000000000e+00
2.189999999999999858e+01 0.000000000000000000e+00
2.192000000000000171e+01 0.000000000000000000e+00
2.194000000000000128e+01 0.000000000000000000e+00
2.196000000000000085e+01 0.000000000000000000e+00
2.198000000000000043e+01 0.000000000000000000e+00
2.200000000000000000e+01 0.000000000000000000e+00
2.201999999999999957e+01 0.000000000000000000e+00
2.203999999999999915e+01 0.000000000000000000e+00
2.205999999999999872e+01 0.000000000000000000e+00
2.207999999999999829e+01 0.000000000000000000e+00
2.210000000000000142e+01 0.000000000000000000e+00
2.212000000000000099e+01 0.000000000000000000e+00
2.214000000000000057e+01 0.000000000000000000e+00
2.216000000000000014e+01 0.000000000000000000e+00
2.217999999999999972e+01 0.000000000000000000e+00
2.219999999999999929e+01 0.000000000000000000e+00
2.221999999999999886e+01 0.000000000000000000e+00
2.223999999999999844e+01 0.000000000000000000e+00
2.226000000000000156e+01 0.000000000000000000e+00
2.228000000000000114e+01 0.000000000000000000e+00
2.230000000000000071e+01 0.000000000000000000e+00
2.232000000000000028e+01 0.000000000000000000e+00
2.233999999999999986e+01 0.000000000000000000e+00
2.235999999999999943e+01 0.000000000000000000e+00
2.237999999999999901e+01 0.000000000000000000e+00
2.239999999999999858e+01 0.000000000000000000e+00
2.242000000000000171e+01 0.000000000000000000e+00
2.244000000000000128e+01 0.000000000000000000e+00
2.246000000000000085e+01 0.000000000000000000e+00
2.248000000000000043e+01 0.000000000000000000e+00
2.250000000000000000e+01 0.000000000000000000e+00
2.251999999999999957e+01 0.000000000000000000e+00
2.253999999999999915e+01 0.000000000000000000e+00
2.255999999999999872e+01 0.000000000000000000e+00
2.257999999999999829e+01 0.000000000000000000e+00
2.260000000000000142e+01 0.000000000000000000e+00
2.262000000000000099e+01 0.000000000000000000e+00
2.264000000000000057e+01 0.000000000000000000e+00
2.266000000000000014e+01 0.000000000000000000e+00
2.267999999999999972e+01 0.000000000000000000e+00
2.269999999999999929e+01 0.000000000000000000e+00
2.271999999999999886e+01 0.000000000000000000e+00
2.273999999999999844e+01 0.000000000000000000e+00
2.276000000000000156e+01 0.000000000000000000e+00
2.278000000000000114e+01 0.000000000000000000e+00
2.280000000000000071e+01 0.000000000000000000e+00
2.282000000000000028e+01 0.000000000000000000e+00
2.283999999999999986e+01 0.000000000000000000e+00
2.285999999999999943e+01 0.000000000000000000e+00
2.287999999999999901e+01 0.000000000000000000e+00
2.289999999999999858e+01 0.000000000000000000e+00
2.292000000000000171e+01 0.000000000000000000e+00
2.294000000000000128e+01 0.000000000000000000e+00
2.296000000000000085e+01 0.000000000000000000e+00
2.298000000000000043e+01 0.000000000000000000e+00
2.300000000000000000e+01 0.000000000000000000e+00
2.301999999999999957e+01 0.000000000000000000e+00
2.303999999999999915e+01 0.000000000000000000e+00
2.305999999999999872e+01 0.000000000000000000e+00
2.307999999999999829e+01 0.000000000000000000e+00
2.310000000000000142e+01 0.000000000000000000e+00
2.312000000000000099e+01 0.000000000000000000e+00
2.314000000000000057e+01 0.000000000000000000e+00
2.316000000000000014e+01 0.000000000000000000e+00
2.317999999999999972e+01 0.000000000000000000e+00
2.319999999999999929e+01 0.000000000000000000e+00
2.321999999999999886e+01 0.000000000000000000e+00
2.323999999999999844e+01 0.000000000000000000e+00
2.326000000000000156e+01 0.000000000000000000e+00
2.328000000000000114e+01 0.000000000000000000e+00
2.330000000000000071e+01 0.000000000000000000e+00
2.332000000000000028e+01 0.000000000000000000e+00
2.333999999999999986e+01 0.000000000000000000e+00
2.335999999999999943e+01 0.000000000000000000e+00
2.337999999999999901e+01 0.000000000000000000e+00
2.339999999999999858e+01 0.000000000000000000e+00
2.342000000000000171e+01 0.000000000000000000e+00
2.344000000000000128e+01 0.000000000000000000e+00
2.346000000000000085e+01 0.000000000000000000e+00
2.348000000000000043e+01 0.000000000000000000e+00
2.350000000000000000e+01 0.000000000000000000e+00
2.351999999999999957e+01 0.000000000000000000e+00
2.353999999999999915e+01 0.000000000000000000e+00
2.355999999999999872e+01 0.000000000000000000e+00
2.357999999999999829e+01 0.000000000000000000e+00
2.360000000000000142e+01 0.000000000000000000e+00
2.362000000000000099e+01 0.000000000000000000e+00
2.364000000000000057e+01 0.000000000000000000e+00
2.366000000000000014e+01 0.000000000000000000e+00
2.367999999999999972e+01 0.000000000000000000e+00
2.369999999999999929e+01 0.000000000000000000e+00
2.371999999999999886e+01 0.000000000000000000e+00
2.373999999999999844e+01 0.000000000000000000e+00
2.376000000000000156e+01 0.000000000000000000e+00
2.378000000000000114e+01 0.000000000000000000e+00
2.380000000000000071e+01 0.000000000000000000e+00
2.382000000000000028e+01 0.000000000000000000e+00
2.383999999999999986e+01 0.000000000000000000e+00
2.385999999999999943e+01 0.000000000000000000e+00
2.387999999999999901e+01 0.000000000000000000e+00
2.389999999999999858e+01 0.000000000000000000e+00
2.392000000000000171e+01 0.000000000000000000e+00
2.394000000000000128e+01 0.000000000000000000e+00
2.396000000000000085e+01 0.000000000000000000e+00
2.398000000000000043e+01 0.000000000000000000e+00
2.400000000000000000e+01 0.000000000000000000e+00
2.401999999999999957e+01 0.000000000000000000e+00
2.403999999999999915e+01 0.000000000000000000e+00
2.405999999999999872e+01 0.000000000000000000e+00
2.407999999999999829e+01 0.000000000000000000e+00
2.410000000000000142e+01 0.000000000000000000e+00
2.412000000000000099e+01 0.000000000000000000e+00
2.414000000000000057e+01 0.000000000000000000e+00
2.416000000000000014e+01 0.000000000000000000e+00
2.417999999999999972e+01 0.000000000000000000e+00
2.419999999999999929e+01 0.000000000000000000e+00
2.421999999999999886e+01 0.000000000000000000e+00
2.423999999999999844e+01 0.000000000000000000e+00
2.426000000000000156e+01 0.000000000000000000e+00
2.428000000000000114e+01 0.000000000000000000e+00
2.430000000000000071e+01 0.000000000000000000e+00
2.432000000000000028e+01 0.000000000000000000e+00
2.433999999999999986e+01 0.000000000000000000e+00
2.435999999999999943e+01 0.000000000000000000e+00
2.437999999999999901e+01 0.000000000000000000e+00
2.439999999999999858e+01 0.000000000000000000e+00
2.442000000000000171e+01 0.000000000000000000e+00
2.444000000000000128e+01 0.000000000000000000e+00
2.446000000000000085e+01 0.000000000000000000e+00
2.448000000000000043e+01 0.000000000000000000e+00
2.450000000000000000e+01 0.000000000000000000e+00
2.451999999999999957e+01 0.000000000000000000e+00
2.453999999999999915e+01 0.000000000000000000e+00
2.455999999999999872e+01 0.000000000000000000e+00
2.457999999999999829e+01 0.000000000000000000e+00
2.460000000000000142e+01 0.000000000000000000e+00
2.462000000000000099e+01 0.000000000000000000e+00
2.464000000000000057e+01 0.000000000000000000e+00
2.466000000000000014e+01 0.000000000000000000e+00
2.467999999999999972e+01 0.000000000000000000e+00
2.469999999999999929e+01 0.000000000000000000e+00
2.471999999999999886e+01 0.000000000000000000e+00
2.473999999999999844e+01 0.000000000000000000e+00
2.476000000000000156e+01 0.000000000000000000e+00
2.478000000000000114e+01 0.000000000000000000e+00
2.480000000000000071e+01 0.000000000000000000e+00
2.482000000000000028e+01 0.000000000000000000e+00
2.483999999999999986e+01 0.000000000000000000e+00
2.485999999999999943e+01 0.000000000000000000e+00
2.487999999999999901e+01 0.000000000000000000e+00
2.489999999999999858e+01 0.000000000000000000e+00
2.492000000000000171e+01 0.000000000000000000e+00
2.494000000000000128e+01 0.000000000000000000e+00
2.496000000000000085e+01 0.000000000000000000e+00
2.498000000000000043e+01 0.000000000000000000e+00
2.500000000000000000e+01 0.000000000000000000e+00
2.501999999999999957e+01 0.000000000000000000e+00
2.503999999999999915e+01 0.000000000000000000e+00
2.505999999999999872e+01 0.000000000000000000e+00
2.507999999999999829e+01 0.000000000000000000e+00
2.510000000000000142e+01 0.000000000000000000e+00
2.512000000000000099e+01 0.000000000000000000e+00
2.514000000000000057e+01 0.000000000000000000e+00
2.516000000000000014e+01 0.000000000000000000e+00
2.517999999999999972e+01 0.000000000000000000e+00
2.519999999999999929e+01 0.000000000000000000e+00
2.521999999999999886e+01 0.000000000000000000e+00
2.523999999999999844e+01 0.000000000000000000e+00
2.526000000000000156e+01 0.000000000000000000e+00
2.528000000000000114e+01 0.000000000000000000e+00
2.530000000000000071e+01 0.000000000000000000e+00
2.532000000000000028e+01 0.000000000000000000e+00
2.533999999999999986e+01 0.000000000000000000e+00
2.535999999999999943e+01 0.000000000000000000e+00
2.537999999999999901e+01 0.000000000000000000e+00
2.539999999999999858e+01 0.000000000000000000e+00
2.542000000000000171e+01 0.000000000000000000e+00
2.544000000000000128e+01 0.000000000000000000e+00
2.546000000000000085e+01 0.000000000000000000e+00
2.548000000000000043e+01 0.000000000000000000e+00
2.550000000000000000e+01 0.000000000000000000e+00
2.551999999999999957e+01 0.000000000000000000e+00
2.553999999999999915e+01 0.000000000000000000e+00
2.555999999999999872e+01 0.000000000000000000e+00
2.557999999999999829e+01 0.000000000000000000e+00
2.560000000000000142e+01 0.000000000000000000e+00
2.562000000000000099e+01 0.000000000000000000e+00
2.564000000000000057e+01 0.000000000000000000e+00
2.566000000000000014e+01 0.000000000000000000e+00
2.567999999999999972e+01 0.000000000000000000e+00
2.569999999999999929e+01 0.000000000000000000e+00
2.571999999999999886e+01 0.000000000000000000e+00
2.573999999999999844e+01 0.000000000000000000e+00
2.576000000000000156e+01 0.000000000000000000e+00
2.578000000000000114e+01 0.000000000000000000e+00
2.580000000000000071e+01 0.000000000000000000e+00
2.582000000000000028e+01 0.000000000000000000e+00
2.583999999999999986e+01 0.000000000000000000e+00
2.585999999999999943e+01 0.000000000000000000e+00
2.587999999999999901e+01 0.000000000000000000e+00
2.589999999999999858e+01 0.000000000000000000e+00
2.592000000000000171e+01 0.000000000000000000e+00
2.594000000000000128e+01 0.000000000000000000e+00
2.596000000000000085e+01 0.000000000000000000e+00
2.598000000000000043e+01 0.000000000000000000e+00
2.600000000000000000e+01 0.000000000000000000e+00
2.601999999999999957e+01 0.000000000000000000e+00
2.603999999999999915e+01 0.000000000000000000e+00
2.605999999999999872e+01 0.000000000000000000e+00
2.607999999999999829e+01 0.000000000000000000e+00
2.610000000000000142e+01 0.000000000000000000e+00
2.612000000000000099e+01 0.000000000000000000e+00
2.614000000000000057e+01 0.000000000000000000e+00
2.616000000000000014e+01 0.000000000000000000e+00
2.617999999999999972e+01 0.000000000000000000e+00
2.619999999999999929e+01 0.000000000000000000e+00
2.621999999999999886e+01 0.000000000000000000e+00
2.623999999999999844e+01 0.000000000000000000e+00
2.626000000000000156e+01 0.000000000000000000e+00
2.628000000000000114e+01 0.000000000000000000e+00
2.630000000000000071e+01 0.000000000000000000e+00
2.632000000000000028e+01 0.000000000000000000e+00
2.633999999999999986e+01 0.000000000000000000e+00
2.635999999999999943e+01 0.000000000000000000e+00
2.637999999999999901e+01 0.000000000000000000e+00
2.639999999999999858e+01 0.000000000000000000e+00
2.642000000000000171e+01 0.000000000000000000e+00
2.644000000000000128e+01 0.000000000000000000e+00
2.646000000000000085e+01 0.000000000000000000e+00
2.648000000000000043e+01 0.000000000000000000e+00
2.650000000000000000e+01 0.000000000000000000e+00
2.651999999999999957e+01 0.000000000000000000e+00
2.653999999999999915e+01 0.000000000000000000e+00
2.655999999999999872e+01 0.000000000000000000e+00
2.657999999999999829e+01 0.000000000000000000e+00
2.660000000000000142e+01 0.000000000000000000e+00
2.662000000000000099e+01 0.000000000000000000e+00
2.664000000000000057e+01 0.000000000000000000e+00
2.666000000000000014e+01 0.000000000000000000e+00
2.667999999999999972e+01 0.000000000000000000e+00
2.669999999999999929e+01 0.000000000000000000e+00
2.671999999999999886e+01 0.000000000000000000e+00
2.673999999999999844e+01 0.000000000000000000e+00
2.676000000000000156e+01 0.000000000000000000e+00
2.678000000000000114e+01 0.000000000000000000e+00
2.680000000000000071e+01 0.000000000000000000e+00
2.682000000000000028e+01 0.000000000000000000e+00
2.683999999999999986e+01 0.000000000000000000e+00
2.685999999999999943e+01 0.000000000000000000e+00
2.687999999999999901e+01 0.000000000000000000e+00
2.689999999999999858e+01 0.000000000000000000e+00
2.692000000000000171e+01 0.000000000000000000e+00
2.694000000000000128e+01 0.000000000000000000e+00
2.696000000000000085e+01 0.000000000000000000e+00
2.698000000000000043e+01 0.000000000000000000e+00
2.700000000000000000e+01 0.000000000000000000e+00
2.701999999999999957e+01 0.000000000000000000e+00
2.703999999999999915e+01 0.000000000000000000e+00
2.705999999999999872e+01 0.000000000000000000e+00
2.707999999999999829e+01 0.000000000000000000e+00
2.710000000000000142e+01 0.000000000000000000e+00
2.712000000000000099e+01 0.000000000000000000e+00
2.714000000000000057e+01 0.000000000000000000e+00
2.716000000000000014e+01 0.000000000000000000e+00
2.717999999999999972e+01 0.000000000000000000e+00
2.719999999999999929e+01 0.000000000000000000e+00
2.721999999999999886e+01 0.000000000000000000e+00
2.723999999999999844e+01 0.000000000000000000e+00
2.726000000000000156e+01 0.000000000000000000e+00
2.728000000000000114e+01 0.000000000000000000e+00
2.730000000000000071e+01 0.000000000000000000e+00
2.732000000000000028e+01 0.000000000000000000e+00
2.733999999999999986e+01 0.000000000000000000e+00
2.735999999999999943e+01 0.000000000000000000e+00
2.737999999999999901e+01 0.000000000000000000e+00
2.739999999999999858e+01 0.000000000000000000e+00
2.742000000000000171e+01 0.000000000000000000e+00
2.744000000000000128e+01 0.000000000000000000e+00
2.746000000000000085e+01 0.000000000000000000e+00
2.748000000000000043e+01 0.000000000000000000e+00
2.750000000000000000e+01 0.000000000000000000e+00
2.751999999999999957e+01 0.000000000000000000e+00
2.753999999999999915e+01 0.000000000000000000e+00
2.755999999999999872e+01 0.000000000000000000e+00
2.757999999999999829e+01 0.000000000000000000e+00
2.760000000000000142e+01 0.000000000000000000e+00
2.762000000000000099e+01 0.000000000000000000e+00
2.764000000000000057e+01 0.000000000000000000e+00
2.766000000000000014e+01 0.000000000000000000e+00
2.767999999999999972e+01 0.000000000000000000e+00
2.769999999999999929e+01 0.000000000000000000e+00
2.771999999999999886e+01 0.000000000000000000e+00
2.773999999999999844e+01 0.000000000000000000e+00
2.776000000000000156e+01 0.000000000000000000e+00
2.778000000000000114e+01 0.000000000000000000e+00
2.780000000000000071e+01 0.000000000000000000e+00
2.782000000000000028e+01 0.000000000000000000e+00
2.783999999999999986e+01 0.000000000000000000e+00
2.785999999999999943e+01 0.000000000000000000e+00
2.787999999999999901e+01 0.000000000000000000e+00
2.789999999999999858e+01 0.000000000000000000e+00
2.792000000000000171e+01 0.000000000000000000e+00
2.794000000000000128e+01 0.000000000000000000e+00
2.796000000000000085e+01 0.000000000000000000e+00
2.798000000000000043e+01 0.000000000000000000e+00
2.800000000000000000e+01 0.000000000000000000e+00
2.801999999999999957e+01 0.000000000000000000e+00
2.803999999999999915e+01 0.000000000000000000e+00
2.805999999999999872e+01 0.000000000000000000e+00
2.807999999999999829e+01 0.000000000000000000e+00
2.810000000000000142e+01 0.000000000000000000e+00
2.812000000000000099e+01 0.000000000000000000e+00
2.814000000000000057e+01 0.000000000000000000e+00
2.816000000000000014e+01 0.000000000000000000e+00
2.817999999999999972e+01 0.000000000000000000e+00
2.819999999999999929e+01 0.000000000000000000e+00
2.821999999999999886e+01 0.000000000000000000e+00
2.823999999999999844e+01 0.000000000000000000e+00
2.826000000000000156e+01 0.000000000000000000e+00
2.828000000000000114e+01 0.000000000000000000e+00
2.830000000000000071e+01 0.000000000000000000e+00
2.832000000000000028e+01 0.000000000000000000e+00
2.833999999999999986e+01 0.000000000000000000e+00
2.835999999999999943e+01 0.000000000000000000e+00
2.837999999999999901e+01 0.000000000000000000e+00
2.839999999999999858e+01 0.000000000000000000e+00
2.842000000000000171e+01 0.000000000000000000e+00
2.844000000000000128e+01 0.000000000000000000e+00
2.846000000000000085e+01 0.000000000000000000e+00
2.848000000000000043e+01 0.000000000000000000e+00
2.850000000000000000e+01 0.000000000000000000e+00
2.851999999999999957e+01 0.000000000000000000e+00
2.853999999999999915e+01 0.000000000000000000e+00
2.855999999999999872e+01 0.000000000000000000e+00
2.857999999999999829e+01 0.000000000000000000e+00
2.860000000000000142e+01 0.000000000000000000e+00
2.862000000000000099e+01 0.000000000000000000e+00
2.864000000000000057e+01 0.000000000000000000e+00
2.866000000000000014e+01 0.000000000000000000e+00
2.867999999999999972e+01 0.000000000000000000e+00
2.869999999999999929e+01 0.000000000000000000e+00
2.871999999999999886e+01 0.000000000000000000e+00
2.873999999999999844e+01 0.000000000000000000e+00
2.876000000000000156e+01 0.000000000000000000e+00
2.878000000000000114e+01 0.000000000000000000e+00
2.880000000000000071e+01 0.000000000000000000e+00
2.882000000000000028e+01 0.000000000000000000e+00
2.883999999999999986e+01 0.000000000000000000e+00
2.885999999999999943e+01 0.000000000000000000e+00
2.887999999999999901e+01 0.000000000000000000e+00
2.889999999999999858e+01 0.000000000000000000e+00
2.892000000000000171e+01 0.000000000000000000e+00
2.894000000000000128e+01 0.000000000000000000e+00
2.896000000000000085e+01 0.000000000000000000e+00
2.898000000000000043e+01 0.000000000000000000e+00
2.900000000000000000e+01 0.000000000000000000e+00
2.901999999999999957e+01 0.000000000000000000e+00
2.903999999999999915e+01 0.000000000000000000e+00
2.905999999999999872e+01 0.000000000000000000e+00
2.907999999999999829e+01 0.000000000000000000e+00
2.910000000000000142e+01 0.000000000000000000e+00
2.912000000000000099e+01 0.000000000000000000e+00
2.914000000000000057e+01 0.000000000000000000e+00
2.916000000000000014e+01 0.000000000000000000e+00
2.917999999999999972e+01 0.000000000000000000e+00
2.919999999999999929e+01 0.000000000000000000e+00
2.921999999999999886e+01 0.000000000000000000e+00
2.923999999999999844e+01 0.000000000000000000e+00
2.926000000000000156e+01 0.000000000000000000e+00
2.928000000000000114e+01 0.000000000000000000e+00
2.930000000000000071e+01 0.000000000000000000e+00
2.932000000000000028e+01 0.000000000000000000e+00
2.933999999999999986e+01 0.000000000000000000e+00
2.935999999999999943e+01 0.000000000000000000e+00
2.937999999999999901e+01 0.000000000000000000e+00
2.939999999999999858e+01 0.000000000000000000e+00
2.942000000000000171e+01 0.000000000000000000e+00
2.944000000000000128e+01 0.000000000000000000e+00
2.946000000000000085e+01 0.000000000000000000e+00
2.948000000000000043e+01 0.000000000000000000e+00
2.950000000000000000e+01 0.000000000000000000e+00
2.951999999999999957e+01 0.000000000000000000e+00
2.953999999999999915e+01 0.000000000000000000e+00
2.955999999999999872e+01 0.000000000000000000e+00
2.957999999999999829e+01 0.000000000000000000e+00
2.960000000000000142e+01 0.000000000000000000e+00
2.962000000000000099e+01 0.000000000000000000e+00
2.964000000000000057e+01 0.000000000000000000e+00
2.966000000000000014e+01 0.000000000000000000e+00
2.967999999999999972e+01 0.000000000000000000e+00
2.969999999999999929e+01 0.000000000000000000e+00
2.971999999999999886e+01 0.000000000000000000e+00
2.973999999999999844e+01 0.000000000000000000e+00
2.976000000000000156e+01 0.000000000000000000e+00
2.978000000000000114e+01 0.000000000000000000e+00
2.980000000000000071e+01 0.000000000000000000e+00
2.982000000000000028e+01 0.000000000000000000e+00
2.983999999999999986e+01 0.000000000000000000e+00
2.985999999999999943e+01 0.000000000000000000e+00
2.987999999999999901e+01 0.000000000000000000e+00
2.989999999999999858e+01 0.000000000000000000e+00
2.992000000000000171e+01 0.000000000000000000e+00
2.994000000000000128e+01 0.000000000000000000e+00
2.996000000000000085e+01 0.000000000000000000e+00
2.998000000000000043e+01 0.000000000000000000e+00
3.000000000000000000e+01 0.000000000000000000e+00
3.001999999999999957e+01 0.000000000000000000e+00
3.003999999999999915e+01 0.000000000000000000e+00
3.005999999999999872e+01 0.000000000000000000e+00
3.007999999999999829e+01 0.000000000000000000e+00
3.010000000000000142e+01 0.000000000000000000e+00
3.012000000000000099e+01 0.000000000000000000e+00
3.014000000000000057e+01 0.000000000000000000e+00
3.016000000000000014e+01 0.000000000000000000e+00
3.017999999999999972e+01 0.000000000000000000e+00
3.019999999999999929e+01 0.000000000000000000e+00
3.021999999999999886e+01 0.000000000000000000e+00
3.023999999999999844e+01 0.000000000000000000e+00
3.026000000000000156e+01 0.000000000000000000e+00
3.028000000000000114e+01 0.000000000000000000e+00
3.030000000000000071e+01 0.000000000000000000e+00
3.032000000000000028e+01 0.000000000000000000e+00
3.033999999999999986e+01 0.000000000000000000e+00
3.035999999999999943e+01 0.000000000000000000e+00
3.037999999999999901e+01 0.000000000000000000e+00
3.039999999999999858e+01 0.000000000000000000e+00
3.042000000000000171e+01 0.000000000000000000e+00
3.044000000000000128e+01 0.000000000000000000e+00
3.046000000000000085e+01 0.000000000000000000e+00
3.048000000000000043e+01 0.000000000000000000e+00
3.050000000000000000e+01 0.000000000000000000e+00
3.051999999999999957e+01 0.000000000000000000e+00
3.053999999999999915e+01 0.000000000000000000e+00
3.055999999999999872e+01 0.000000000000000000e+00
3.057999999999999829e+01 0.000000000000000000e+00
3.060000000000000142e+01 0.000000000000000000e+00
3.062000000000000099e+01 0.000000000000000000e+00
3.064000000000000057e+01 0.000000000000000000e+00
3.066000000000000014e+01 0.000000000000000000e+00
3.067999999999999972e+01 0.000000000000000000e+00
3.069999999999999929e+01 0.000000000000000000e+00
3.071999999999999886e+01 0.000000000000000000e+00
3.073999999999999844e+01 0.000000000000000000e+00
3.076000000000000156e+01 0.000000000000000000e+00
3.078000000000000114e+01 0.000000000000000000e+00
3.080000000000000071e+01 0.000000000000000000e+00
3.082000000000000028e+01 0.000000000000000000e+00
3.083999999999999986e+01 0.000000000000000000e+00
3.085999999999999943e+01 0.000000000000000000e+00
3.087999999999999901e+01 0.000000000000000000e+00
3.089999999999999858e+01 0.000000000000000000e+00
3.092000000000000171e+01 0.000000000000000000e+00
3.094000000000000128e+01 0.000000000000000000e+00
3.096000000000000085e+01 0.000000000000000000e+00
3.098000000000000043e+01 0.000000000000000000e+00
3.100000000000000000e+01 0.000000000000000000e+00
3.101999999999999957e+01 0.000000000000000000e+00
3.103999999999999915e+01 0.000000000000000000e+00
3.105999999999999872e+01 0.000000000000000000e+00
3.107999999999999829e+01 0.000000000000000000e+00
3.110000000000000142e+01 0.000000000000000000e+00
3.112000000000000099e+01 0.000000000000000000e+00
3.114000000000000057e+01 0.000000000000000000e+00
3.116000000000000014e+01 0.000000000000000000e+00
3.117999999999999972e+01 0.000000000000000000e+00
3.119999999999999929e+01 0.000000000000000000e+00
3.121999999999999886e+01 0.000000000000000000e+00
3.123999999999999844e+01 0.000000000000000000e+00
3.126000000000000156e+01 0.000000000000000000e+00
3.128000000000000114e+01 0.000000000000000000e+00
3.130000000000000071e+01 0.000000000000000000e+00
3.132000000000000028e+01 0.000000000000000000e+00
3.133999999999999986e+01 0.000000000000000000e+00
3.135999999999999943e+01 0.000000000000000000e+00
3.137999999999999901e+01 0.000000000000000000e+00
3.139999999999999858e+01 0.000000000000000000e+00
3.142000000000000171e+01 0.000000000000000000e+00
3.144000000000000128e+01 0.000000000000000000e+00
3.146000000000000085e+01 0.000000000000000000e+00
3.148000000000000043e+01 0.000000000000000000e+00
3.150000000000000000e+01 0.000000000000000000e+00
3.151999999999999957e+01 0.000000000000000000e+00
3.153999999999999915e+01 0.000000000000000000e+00
3.155999999999999872e+01 0.000000000000000000e+00
3.157999999999999829e+01 0.000000000000000000e+00
3.160000000000000142e+01 0.000000000000000000e+00
3.162000000000000099e+01 0.000000000000000000e+00
3.164000000000000057e+01 0.000000000000000000e+00
3.166000000000000014e+01 0.000000000000000000e+00
3.167999999999999972e+01 0.000000000000000000e+00
3.169999999999999929e+01 0.000000000000000000e+00
3.171999999999999886e+01 0.000000000000000000e+00
3.173999999999999844e+01 0.000000000000000000e+00
3.176000000000000156e+01 0.000000000000000000e+00
3.178000000000000114e+01 0.000000000000000000e+00
3.180000000000000071e+01 0.000000000000000000e+00
3.182000000000000028e+01 0.000000000000000000e+00
3.183999999999999986e+01 0.000000000000000000e+00
3.185999999999999943e+01 0.000000000000000000e+00
3.187999999999999901e+01 0.000000000000000000e+00
3.189999999999999858e+01 0.000000000000000000e+00
3.192000000000000171e+01 0.000000000000000000e+00
3.194000000000000128e+01 0.000000000000000000e+00
3.196000000000000085e+01 0.000000000000000000e+00
3.198000000000000043e+01 0.000000000000000000e+00
3.200000000000000000e+01 0.000000000000000000e+00
3.202000000000000313e+01 0.000000000000000000e+00
3.203999999999999915e+01 0.000000000000000000e+00
3.206000000000000227e+01 0.000000000000000000e+00
3.207999999999999829e+01 0.000000000000000000e+00
3.210000000000000142e+01 0.000000000000000000e+00
3.211999999999999744e+01 0.000000000000000000e+00
3.214000000000000057e+01 0.000000000000000000e+00
3.215999999999999659e+01 0.000000000000000000e+00
3.217999999999999972e+01 0.000000000000000000e+00
3.220000000000000284e+01 0.000000000000000000e+00
3.221999999999999886e+01 0.000000000000000000e+00
3.224000000000000199e+01 0.000000000000000000e+00
3.225999999999999801e+01 0.000000000000000000e+00
3.228000000000000114e+01 0.000000000000000000e+00
3.229999999999999716e+01 0.000000000000000000e+00
3.232000000000000028e+01 0.000000000000000000e+00
3.234000000000000341e+01 0.000000000000000000e+00
3.235999999999999943e+01 0.000000000000000000e+00
3.238000000000000256e+01 0.000000000000000000e+00
3.239999999999999858e+01 0.000000000000000000e+00
3.242000000000000171e+01 0.000000000000000000e+00
3.243999999999999773e+01 0.000000000000000000e+00
3.246000000000000085e+01 0.000000000000000000e+00
3.247999999999999687e+01 0.000000000000000000e+00
3.250000000000000000e+01 0.000000000000000000e+00
3.252000000000000313e+01 0.000000000000000000e+00
3.253999999999999915e+01 0.000000000000000000e+00
3.256000000000000227e+01 0.000000000000000000e+00
3.257999999999999829e+01 0.000000000000000000e+00
3.260000000000000142e+01 0.000000000000000000e+00
3.261999999999999744e+01 0.000000000000000000e+00
3.264000000000000057e+01 0.000000000000000000e+00
3.265999999999999659e+01 0.000000000000000000e+00
3.267999999999999972e+01 0.000000000000000000e+00
3.270000000000000284e+01 0.000000000000000000e+00
3.271999999999999886e+01 0.000000000000000000e+00
3.274000000000000199e+01 0.000000000000000000e+00
3.275999999999999801e+01 0.000000000000000000e+00
3.278000000000000114e+01 0.000000000000000000e+00
3.279999999999999716e+01 0.000000000000000000e+00
3.282000000000000028e+01 0.000000000000000000e+00
3.284000000000000341e+01 0.000000000000000000e+00
3.285999999999999943e+01 0.000000000000000000e+00
3.288000000000000256e+01 0.000000000000000000e+00
3.289999999999999858e+01 0.000000000000000000e+00
3.292000000000000171e+01 0.000000000000000000e+00
3.293999999999999773e+01 0.000000000000000000e+00
3.296000000000000085e+01 0.000000000000000000e+00
3.297999999999999687e+01 0.000000000000000000e+00
3.300000000000000000e+01 0.000000000000000000e+00
3.302000000000000313e+01 0.000000000000000000e+00
3.303999999999999915e+01 0.000000000000000000e+00
3.306000000000000227e+01 0.000000000000000000e+00
3.307999999999999829e+01 0.000000000000000000e+00
3.310000000000000142e+01 0.000000000000000000e+00
3.311999999999999744e+01 0.000000000000000000e+00
3.314000000000000057e+01 0.000000000000000000e+00
3.315999999999999659e+01 0.000000000000000000e+00
3.317999999999999972e+01 0.000000000000000000e+00
3.320000000000000284e+01 0.000000000000000000e+00
3.321999999999999886e+01 0.000000000000000000e+00
3.324000000000000199e+01 0.000000000000000000e+00
3.325999999999999801e+01 0.000000000000000000e+00
3.328000000000000114e+01 0.000000000000000000e+00
3.329999999999999716e+01 0.000000000000000000e+00
3.332000000000000028e+01 0.000000000000000000e+00
3.334000000000000341e+01 0.000000000000000000e+00
3.335999999999999943e+01 0.000000000000000000e+00
3.338000000000000256e+01 0.000000000000000000e+00
3.339999999999999858e+01 0.000000000000000000e+00
3.342000000000000171e+01 0.000000000000000000e+00
3.343999999999999773e+01 0.000000000000000000e+00
3.346000000000000085e+01 0.000000000000000000e+00
3.347999999999999687e+01 0.000000000000000000e+00
3.350000000000000000e+01 0.000000000000000000e+00
3.352000000000000313e+01 0.000000000000000000e+00
3.353999999999999915e+01 0.000000000000000000e+00
3.356000000000000227e+01 0.000000000000000000e+00
3.357999999999999829e+01 0.000000000000000000e+00
3.360000000000000142e+01 0.000000000000000000e+00
3.361999999999999744e+01 0.000000000000000000e+00
3.364000000000000057e+01 0.000000000000000000e+00
3.365999999999999659e+01 0.000000000000000000e+00
3.367999999999999972e+01 0.000000000000000000e+00
3.370000000000000284e+01 0.000000000000000000e+00
3.371999999999999886e+01 0.000000000000000000e+00
3.374000000000000199e+01 0.000000000000000000e+00
3.375999999999999801e+01 0.000000000000000000e+00
3.378000000000000114e+01 0.000000000000000000e+00
3.379999999999999716e+01 0.000000000000000000e+00
3.382000000000000028e+01 0.000000000000000000e+00
3.384000000000000341e+01 0.000000000000000000e+00
3.385999999999999943e+01 0.000000000000000000e+00
3.388000000000000256e+01 0.000000000000000000e+00
3.389999999999999858e+01 0.000000000000000000e+00
3.392000000000000171e+01 0.000000000000000000e+00
3.393999999999999773e+01 0.000000000000000000e+00
3.396000000000000085e+01 0.000000000000000000e+00
3.397999999999999687e+01 0.000000000000000000e+00
3.400000000000000000e+01 0.000000000000000000e+00
3.402000000000000313e+01 0.000000000000000000e+00
3.403999999999999915e+01 0.000000000000000000e+00
3.406000000000000227e+01 0.000000000000000000e+00
3.407999999999999829e+01 0.000000000000000000e+00
3.410000000000000142e+01 0.000000000000000000e+00
3.411999999999999744e+01 0.000000000000000000e+00
3.414000000000000057e+01 0.000000000000000000e+00
3.415999999999999659e+01 0.000000000000000000e+00
3.417999999999999972e+01 0.000000000000000000e+00
3.420000000000000284e+01 0.000000000000000000e+00
3.421999999999999886e+01 0.000000000000000000e+00
3.424000000000000199e+01 0.000000000000000000e+00
3.425999999999999801e+01 0.000000000000000000e+00
3.428000000000000114e+01 0.000000000000000000e+00
3.429999999999999716e+01 0.000000000000000000e+00
3.432000000000000028e+01 0.000000000000000000e+00
3.434000000000000341e+01 0.000000000000000000e+00
3.435999999999999943e+01 0.000000000000000000e+00
3.438000000000000256e+01 0.000000000000000000e+00
3.439999999999999858e+01 0.000000000000000000e+00
3.442000000000000171e+01 0.000000000000000000e+00
3.443999999999999773e+01 0.000000000000000000e+00
3.446000000000000085e+01 0.000000000000000000e+00
3.447999999999999687e+01 0.000000000000000000e+00
3.450000000000000000e+01 0.000000000000000000e+00
3.452000000000000313e+01 0.000000000000000000e+00
3.453999999999999915e+01 0.000000000000000000e+00
3.456000000000000227e+01 0.000000000000000000e+00
3.457999999999999829e+01 0.000000000000000000e+00
3.460000000000000142e+01 0.000000000000000000e+00
3.461999999999999744e+01 0.000000000000000000e+00
3.464000000000000057e+01 0.000000000000000000e+00
3.465999999999999659e+01 0.000000000000000000e+00
3.467999999999999972e+01 0.000000000000000000e+00
3.470000000000000284e+01 0.000000000000000000e+00
3.471999999999999886e+01 0.000000000000000000e+00
3.474000000000000199e+01 0.000000000000000000e+00
3.475999999999999801e+01 0.000000000000000000e+00
3.478000000000000114e+01 0.000000000000000000e+00
3.479999999999999716e+01 0.000000000000000000e+00
3.482000000000000028e+01 0.000000000000000000e+00
3.484000000000000341e+01 0.000000000000000000e+00
3.485999999999999943e+01 0.000000000000000000e+00
3.488000000000000256e+01 0.000000000000000000e+00
3.489999999999999858e+01 0.000000000000000000e+00
3.492000000000000171e+01 0.000000000000000000e+00
3.493999999999999773e+01 0.000000000000000000e+00
3.496000000000000085e+01 0.000000000000000000e+00
3.497999999999999687e+01 0.000000000000000000e+00
