1.753999999999999915e+01 3.476560000000000067e-03
1.757600000000000051e+01 3.476560000000000067e-03
1.761189999999999856e+01 3.476560000000000067e-03
1.764789999999999992e+01 3.476560000000000067e-03
1.768380000000000152e+01 3.476560000000000067e-03
1.771979999999999933e+01 3.476560000000000067e-03
1.775580000000000069e+01 3.476560000000000067e-03
1.779169999999999874e+01 3.476560000000000067e-03
1.782770000000000010e+01 3.476560000000000067e-03
1.786360000000000170e+01 3.476560000000000067e-03
1.789959999999999951e+01 3.476560000000000067e-03
1.793560000000000088e+01 3.476560000000000067e-03
1.797149999999999892e+01 3.476560000000000067e-03
1.800750000000000028e+01 3.476560000000000067e-03
1.804339999999999833e+01 3.476560000000000067e-03
1.807939999999999969e+01 3.476560000000000067e-03
1.811540000000000106e+01 3.476560000000000067e-03
1.815129999999999910e+01 3.476560000000000067e-03
1.818730000000000047e+01 3.476560000000000067e-03
1.822319999999999851e+01 3.476560000000000067e-03
1.825919999999999987e+01 3.476560000000000067e-03
1.829520000000000124e+01 3.476560000000000067e-03
1.833109999999999928e+01 3.476560000000000067e-03
1.836710000000000065e+01 3.476560000000000067e-03
1.840299999999999869e+01 3.476560000000000067e-03
1.843900000000000006e+01 3.476560000000000067e-03
1.847490000000000165e+01 3.476560000000000067e-03
1.851089999999999947e+01 3.476560000000000067e-03
1.854690000000000083e+01 3.476560000000000067e-03
1.858279999999999887e+01 3.476560000000000067e-03
1.861880000000000024e+01 3.476560000000000067e-03
1.865469999999999828e+01 3.476560000000000067e-03
1.869069999999999965e+01 3.476560000000000067e-03
1.872670000000000101e+01 3.476560000000000067e-03
1.876259999999999906e+01 3.476560000000000067e-03
1.879860000000000042e+01 3.476560000000000067e-03
1.883449999999999847e+01 3.476560000000000067e-03
1.887049999999999983e+01 3.476560000000000067e-03
1.890650000000000119e+01 3.476560000000000067e-03
1.894239999999999924e+01 3.476560000000000067e-03
1.897840000000000060e+01 3.476560000000000067e-03
1.901429999999999865e+01 3.476560000000000067e-03
1.905030000000000001e+01 3.476560000000000067e-03
1.908630000000000138e+01 3.476560000000000067e-03
1.912219999999999942e+01 3.476560000000000067e-03
1.915820000000000078e+01 3.476560000000000067e-03
1.919409999999999883e+01 3.476560000000000067e-03
1.923010000000000019e+01 3.476560000000000067e-03
1.926610000000000156e+01 3.476560000000000067e-03
1.930199999999999960e+01 3.476560000000000067e-03
1.933800000000000097e+01 3.476560000000000067e-03
1.937389999999999901e+01 3.476560000000000067e-03
1.940990000000000038e+01 3.476560000000000067e-03
1.944590000000000174e+01 3.476560000000000067e-03
1.948179999999999978e+01 3.476560000000000067e-03
1.951780000000000115e+01 3.476560000000000067e-03
1.955369999999999919e+01 3.476560000000000067e-03
1.958970000000000056e+01 3.476560000000000067e-03
1.962569999999999837e+01 3.476560000000000067e-03
1.966159999999999997e+01 3.476560000000000067e-03
1.969760000000000133e+01 3.476560000000000067e-03
1.973349999999999937e+01 3.476560000000000067e-03
1.976950000000000074e+01 3.476560000000000067e-03
1.980549999999999855e+01 3.476560000000000067e-03
1.984140000000000015e+01 3.476560000000000067e-03
1.987740000000000151e+01 3.476560000000000067e-03
1.991329999999999956e+01 3.476560000000000067e-03
1.994930000000000092e+01 3.476560000000000067e-03
1.998529999999999873e+01 3.476560000000000067e-03
2.002120000000000033e+01 3.476560000000000067e-03
2.005720000000000169e+01 3.476560000000000067e-03
2.009309999999999974e+01 3.476560000000000067e-03
2.012910000000000110e+01 3.476560000000000067e-03
2.016509999999999891e+01 3.476560000000000067e-03
2.020100000000000051e+01 3.476560000000000067e-03
2.023699999999999832e+01 3.476560000000000067e-03
2.027289999999999992e+01 3.476560000000000067e-03
2.030890000000000128e+01 3.476560000000000067e-03
2.034479999999999933e+01 3.476560000000000067e-03
2.038080000000000069e+01 3.476560000000000067e-03
2.041679999999999851e+01 3.476560000000000067e-03
2.045270000000000010e+01 3.476560000000000067e-03
2.048870000000000147e+01 3.476560000000000067e-03
2.052459999999999951e+01 3.476560000000000067e-03
2.056060000000000088e+01 3.476560000000000067e-03
2.059659999999999869e+01 3.476560000000000067e-03
2.063250000000000028e+01 3.476560000000000067e-03
2.066850000000000165e+01 3.476560000000000067e-03
2.070439999999999969e+01 3.476560000000000067e-03
2.074040000000000106e+01 3.476560000000000067e-03
2.077639999999999887e+01 3.476560000000000067e-03
2.081230000000000047e+01 3.476560000000000067e-03
2.084829999999999828e+01 3.476560000000000067e-03
2.088419999999999987e+01 3.476560000000000067e-03
2.092020000000000124e+01 3.476560000000000067e-03
2.095619999999999905e+01 3.476560000000000067e-03
2.099210000000000065e+01 3.476560000000000067e-03
2.102809999999999846e+01 3.476560000000000067e-03
2.106400000000000006e+01 3.476560000000000067e-03
2.110000000000000142e+01 3.476560000000000067e-03
