6.519999999999999574e+00 1.293893346833676905e-01
6.522284569138276034e+00 1.293934238686701155e-01
6.524569138276552493e+00 1.293975131106607224e-01
6.526853707414828953e+00 1.294016024093395112e-01
6.529138276553105413e+00 1.294056917647064819e-01
6.531422845691382761e+00 1.294097811767616901e-01
6.533707414829659221e+00 1.294138706455050247e-01
6.535991983967935681e+00 1.294179601709365968e-01
6.538276553106212141e+00 1.294220497530563507e-01
6.540561122244488601e+00 1.294263605236315451e-01
6.542845691382765061e+00 1.294313505528356667e-01
6.545130260521041521e+00 1.294363406572132391e-01
6.547414829659317981e+00 1.294413308367643178e-01
6.549699398797594441e+00 1.294463210914888474e-01
6.551983967935870901e+00 1.294510840348317982e-01
6.554268537074148249e+00 1.294558125618263389e-01
6.556553106212424709e+00 1.294605411491809022e-01
6.558837675350701168e+00 1.294652697968954047e-01
6.561122244488977628e+00 1.296139911361169350e-01
6.563406813627254088e+00 1.299118666193790073e-01
6.565691382765530548e+00 1.302097674560832863e-01
6.567975951903807008e+00 1.304557697333803834e-01
6.570260521042083468e+00 1.306936827036338788e-01
6.572545090180359928e+00 1.308662692603440314e-01
6.574829659318637276e+00 1.308303288551935228e-01
6.577114228456913736e+00 1.307943849281429372e-01
6.579398797595190196e+00 1.306556909099654828e-01
6.581683366733466656e+00 1.304519186581891699e-01
6.583967935871743116e+00 1.302481283731100337e-01
6.586252505010019576e+00 1.299723873723193091e-01
6.588537074148296036e+00 1.296955981208142705e-01
6.590821643286572495e+00 1.294427332198786473e-01
6.593106212424848955e+00 1.292324882459971458e-01
6.595390781563126303e+00 1.290222246857968269e-01
6.597675350701402763e+00 1.289063885952402011e-01
6.599959919839679223e+00 1.288248875877024135e-01
6.602244488977955683e+00 1.287695742461066606e-01
6.604529058116232143e+00 1.289352683001733502e-01
6.606813627254508603e+00 1.291009755352207633e-01
6.609098196392785063e+00 1.293056933766161820e-01
6.611382765531061523e+00 1.295525579198485155e-01
6.613667334669337983e+00 1.297994422836991346e-01
6.615951903807614443e+00 1.299634264972624464e-01
6.618236472945891791e+00 1.301132910175261670e-01
6.620521042084168251e+00 1.302728452576428497e-01
6.622805611222444711e+00 1.304651692240593464e-01
6.625090180360721170e+00 1.306575084582143054e-01
6.627374749498997630e+00 1.309032213947698697e-01
6.629659318637274090e+00 1.311842683930884712e-01
6.631943887775550550e+00 1.314653378734987332e-01
6.634228456913827010e+00 1.317047459843712076e-01
6.636513026052103470e+00 1.319431235511660250e-01
6.638797595190380818e+00 1.320405908314340737e-01
6.641082164328657278e+00 1.318753319065050222e-01
6.643366733466933738e+00 1.317100751668320580e-01
6.645651302605210198e+00 1.312815278110986972e-01
6.647935871743486658e+00 1.307519755451478360e-01
6.650220440881763118e+00 1.302086637187194196e-01
6.652505010020039578e+00 1.295368758941707332e-01
6.654789579158316037e+00 1.288650414458070992e-01
6.657074148296592497e+00 1.284333117462809482e-01
6.659358717434869845e+00 1.282721796403510084e-01
6.661643286573146305e+00 1.281110361168280309e-01
6.663927855711422765e+00 1.281630261536308157e-01
6.666212424849699225e+00 1.282544592897052471e-01
6.668496993987975685e+00 1.283821905122642659e-01
6.670781563126252145e+00 1.286404691986226811e-01
6.673066132264528605e+00 1.288987653722397098e-01
6.675350701402805065e+00 1.290724886586182840e-01
6.677635270541081525e+00 1.291877362551464847e-01
6.679919839679357985e+00 1.293029914798482227e-01
6.682204408817635333e+00 1.292156606514430761e-01
6.684488977955911793e+00 1.291209561485505697e-01
6.686773547094188253e+00 1.290092149232092977e-01
6.689058116232464712e+00 1.288641989418197464e-01
6.691342685370741172e+00 1.287191725859355151e-01
6.693627254509017632e+00 1.286732271256463278e-01
6.695911823647294092e+00 1.286673065663531956e-01
6.698196392785570552e+00 1.286774154122890534e-01
6.700480961923847012e+00 1.288582612439265473e-01
6.702765531062123472e+00 1.290402005263507068e-01
6.705050100200400820e+00 1.292237548021657190e-01
6.707334669338677280e+00 1.294092050341282829e-01
6.709619238476953740e+00 1.295946716206336502e-01
6.711903807615230200e+00 1.295579499424795999e-01
6.714188376753506660e+00 1.294767815645060938e-01
6.716472945891783120e+00 1.293665890179462596e-01
6.718757515030059579e+00 1.291452335327488710e-01
6.721042084168336039e+00 1.289238711676918003e-01
6.723326653306612499e+00 1.286214015831589064e-01
6.725611222444889847e+00 1.282603406817285630e-01
6.727895791583166307e+00 1.278992464868675127e-01
6.730180360721442767e+00 1.275712856595701827e-01
6.732464929859719227e+00 1.272448797983799507e-01
6.734749498997995687e+00 1.269550702071831072e-01
6.737034068136272147e+00 1.267402528018778396e-01
6.739318637274548607e+00 1.265254154186326585e-01
6.741603206412825067e+00 1.264023318600205337e-01
6.743887775551101527e+00 1.263182423117216735e-01
6.746172344689378875e+00 1.262531683282155093e-01
6.748456913827655335e+00 1.264212488741535967e-01
6.750741482965931795e+00 1.265891918347964995e-01
6.753026052104208254e+00 1.267355916370847824e-01
6.755310621242484714e+00 1.268559500694041442e-01
6.757595190380761174e+00 1.269763181710208966e-01
6.759879759519037634e+00 1.270306651197544989e-01
6.762164328657314094e+00 1.270707957714392322e-01
6.764448897795590554e+00 1.271303761743334537e-01
6.766733466933867902e+00 1.272694879483880492e-01
6.769018036072144362e+00 1.274086109554208035e-01
6.771302605210420822e+00 1.275567562206242067e-01
6.773587174348697282e+00 1.277117066819446756e-01
6.775871743486973742e+00 1.278666696966962724e-01
6.778156312625250202e+00 1.280100637351907766e-01
6.780440881763526662e+00 1.281527804673703863e-01
6.782725450901803121e+00 1.282314936484318935e-01
6.785010020040079581e+00 1.281726278975441613e-01
6.787294589178356041e+00 1.281137568423172668e-01
6.789579158316633389e+00 1.279130349647393805e-01
6.791863727454909849e+00 1.276489308290416069e-01
6.794148296593186309e+00 1.273870796672921246e-01
6.796432865731462769e+00 1.271579858684064868e-01
6.798717434869739229e+00 1.269288725566265486e-01
6.801002004008015689e+00 1.267519505872942709e-01
6.803286573146292149e+00 1.266418449796659629e-01
6.805571142284568609e+00 1.265317279097534775e-01
6.807855711422845069e+00 1.264880276379944102e-01
6.810140280561121529e+00 1.264596749521835206e-01
6.812424849699398877e+00 1.264275745692032826e-01
6.814709418837675337e+00 1.263790792014258257e-01
6.816993987975951796e+00 1.263305785074811116e-01
6.819278557114228256e+00 1.262401079831744766e-01
6.821563126252504716e+00 1.261165474497003558e-01
6.823847695390781176e+00 1.259929466888025373e-01
6.826132264529057636e+00 1.257842803911805862e-01
6.828416833667334096e+00 1.255695176247854372e-01
6.830701402805610556e+00 1.253660470187672460e-01
6.832985971943887904e+00 1.251880938971234036e-01
6.835270541082164364e+00 1.250101228320031066e-01
6.837555110220440824e+00 1.249484307713229492e-01
6.839839679358717284e+00 1.249412865165956954e-01
6.842124248496993744e+00 1.249520048196648692e-01
6.844408817635270204e+00 1.252997921954159544e-01
6.846693386773546663e+00 1.256476043015777588e-01
6.848977955911823123e+00 1.259667118519372520e-01
6.851262525050099583e+00 1.262473556012750353e-01
6.853547094188376931e+00 1.265279369858986480e-01
6.855831663326653391e+00 1.268099151858597118e-01
6.858116232464929851e+00 1.270922532583853848e-01
6.860400801603206311e+00 1.272555498991973510e-01
6.862685370741482771e+00 1.268592531897418663e-01
6.864969939879759231e+00 1.264629289395248768e-01
6.867254509018035691e+00 1.261018107577861480e-01
6.869539078156312151e+00 1.257695982916409438e-01
6.871823647294588611e+00 1.254373627042114636e-01
6.874108216432865959e+00 1.251299538163297420e-01
6.876392785571142419e+00 1.248246022822054602e-01
6.878677354709418879e+00 1.245800330434692765e-01
6.880961923847695338e+00 1.244797373323612288e-01
6.883246492985971798e+00 1.243794510776208562e-01
6.885531062124248258e+00 1.242409280580261677e-01
6.887815631262524718e+00 1.240835799911987197e-01
6.890100200400801178e+00 1.239261682259416852e-01
6.892384769539077638e+00 1.237675995596035916e-01
6.894669338677354098e+00 1.236090196669050040e-01
6.896953907815631446e+00 1.234766224846989419e-01
6.899238476953907906e+00 1.233807566009793855e-01
6.901523046092184366e+00 1.232850833032827359e-01
6.903807615230460826e+00 1.231892551026373822e-01
6.906092184368737286e+00 1.230933542574987050e-01
6.908376753507013746e+00 1.229916363751807906e-01
6.910661322645290205e+00 1.228604904456999103e-01
6.912945891783566665e+00 1.227293345289998533e-01
6.915230460921843125e+00 1.225852277351994896e-01
6.917515030060119585e+00 1.224300234129240827e-01
6.919799599198396933e+00 1.222748073198600960e-01
6.922084168336673393e+00 1.221711048930520099e-01
6.924368737474949853e+00 1.220723490236075015e-01
6.926653306613226313e+00 1.219871808028006044e-01
6.928937875751502773e+00 1.219359537272902971e-01
6.931222444889779233e+00 1.218847225702530818e-01
6.933507014028055693e+00 1.219438129851800751e-01
6.935791583166332153e+00 1.220598330208065574e-01
6.938076152304608613e+00 1.221788073052192530e-01
6.940360721442885961e+00 1.223832229322050769e-01
6.942645290581162421e+00 1.225876535592496791e-01
6.944929859719438880e+00 1.227637017301955041e-01
6.947214428857715340e+00 1.228983890819351221e-01
6.949498997995991800e+00 1.230330862273217030e-01
6.951783567134268260e+00 1.231427387026940434e-01
6.954068136272544720e+00 1.232453613774210366e-01
6.956352705410821180e+00 1.233046723012983376e-01
6.958637274549097640e+00 1.231267054233829983e-01
6.960921843687374988e+00 1.229487128424703590e-01
6.963206412825651448e+00 1.227868578188073129e-01
6.965490981963927908e+00 1.226394401831626124e-01
6.967775551102204368e+00 1.224920107553919002e-01
6.970060120240480828e+00 1.223635273726991768e-01
6.972344689378757288e+00 1.222370992033174342e-01
6.974629258517033747e+00 1.221324456730109032e-01
6.976913827655310207e+00 1.220850924163883328e-01
6.979198396793586667e+00 1.220377351825256418e-01
6.981482965931864015e+00 1.219837876964414564e-01
6.983767535070140475e+00 1.219262754064702747e-01
6.986052104208416935e+00 1.218690427503759388e-01
6.988336673346693395e+00 1.218239926788852318e-01
6.990621242484969855e+00 1.217789387867860562e-01
6.992905811623246315e+00 1.217285218868191937e-01
6.995190380761522775e+00 1.216699430781334190e-01
6.997474949899799235e+00 1.216113593871311349e-01
6.999759519038075695e+00 1.215507207064883827e-01
7.002044088176352155e+00 1.215177368843352729e-01
7.004328657314629503e+00 1.214861644628056764e-01
7.006613226452905963e+00 1.214433717246904271e-01
7.008897795591182422e+00 1.214005329539377814e-01
7.011182364729458882e+00 1.213681173258898544e-01
7.013466933867735342e+00 1.213454242408994882e-01
7.015751503006011802e+00 1.213226972115765967e-01
7.018036072144288262e+00 1.213253010436471518e-01
7.020320641282564722e+00 1.213309866267672094e-01
7.022605210420841182e+00 1.213367901780688929e-01
7.024889779559117642e+00 1.213428847740310318e-01
7.027174348697394990e+00 1.213489626603865557e-01
7.029458917835671450e+00 1.214008967648498860e-01
7.031743486973947910e+00 1.214788103547580628e-01
7.034028056112224370e+00 1.215580764305367739e-01
7.036312625250500830e+00 1.217440738251427262e-01
7.038597194388777289e+00 1.219301618664418857e-01
7.040881763527053749e+00 1.221168171855081808e-01
7.043166332665330209e+00 1.223043219774758161e-01
7.045450901803606669e+00 1.224919182207905299e-01
7.047735470941884017e+00 1.227424838616986702e-01
7.050020040080160477e+00 1.230130742053335696e-01
7.052304609218436937e+00 1.232353109332136459e-01
7.054589178356713397e+00 1.231457671664940717e-01
7.056873747494989857e+00 1.230561505864248978e-01
7.059158316633266317e+00 1.229385397191298523e-01
7.061442885771542777e+00 1.227937185973831669e-01
7.063727454909819237e+00 1.226488128901245811e-01
7.066012024048095697e+00 1.225014836694766907e-01
7.068296593186373045e+00 1.223537336546884902e-01
7.070581162324649505e+00 1.222158328473183231e-01
7.072865731462925964e+00 1.221070211877678807e-01
7.075150300601202424e+00 1.219981256254549090e-01
7.077434869739478884e+00 1.219708687318118295e-01
7.079719438877755344e+00 1.219919844391827712e-01
7.082004008016031804e+00 1.220132169410698408e-01
7.084288577154308264e+00 1.220913348304116103e-01
7.086573146292584724e+00 1.221694785662973404e-01
7.088857715430862072e+00 1.222531588821839932e-01
7.091142284569138532e+00 1.223460383519208022e-01
7.093426853707414992e+00 1.224389522777776518e-01
7.095711422845691452e+00 1.225842356192264615e-01
7.097995991983967912e+00 1.227471159100523984e-01
7.100280561122244372e+00 1.229037353174271818e-01
7.102565130260520831e+00 1.230151541650779251e-01
7.104849699398797291e+00 1.231266185755282988e-01
7.107134268537073751e+00 1.232272503114977547e-01
7.109418837675351099e+00 1.233168859393392602e-01
7.111703406813627559e+00 1.234065541993514120e-01
7.113987975951904019e+00 1.234189105015254945e-01
7.116272545090180479e+00 1.234197110895901700e-01
7.118557114228456939e+00 1.234160327814370489e-01
7.120841683366733399e+00 1.233987080588044849e-01
7.123126252505009859e+00 1.233817064047108836e-01
7.125410821643286319e+00 1.233655909688549240e-01
7.127695390781562779e+00 1.233500132766419122e-01
7.129979959919839239e+00 1.233344054084239833e-01
7.132264529058115698e+00 1.233656613158184145e-01
7.134549098196393047e+00 1.233973301920073817e-01
7.136833667334669506e+00 1.234518545992050881e-01
7.139118236472945966e+00 1.235461833670491172e-01
7.141402805611222426e+00 1.236407712300645056e-01
7.143687374749498886e+00 1.237740255783431609e-01
7.145971943887775346e+00 1.239209655236220287e-01
7.148256513026051806e+00 1.240693408751788601e-01
7.150541082164328266e+00 1.242286608233301587e-01
7.152825651302604726e+00 1.243882383705677969e-01
7.155110220440882074e+00 1.245186976751551794e-01
7.157394789579158534e+00 1.246183254288431019e-01
7.159679358717434994e+00 1.247179920505452205e-01
7.161963927855711454e+00 1.247999665147760812e-01
7.164248496993987914e+00 1.248790733828465810e-01
7.166533066132264373e+00 1.249576466012121551e-01
7.168817635270540833e+00 1.250344051814374358e-01
7.171102204408817293e+00 1.251111887006513268e-01
7.173386773547093753e+00 1.251513783245522538e-01
7.175671342685371101e+00 1.251678565460302150e-01
7.177955911823647561e+00 1.251843231786443356e-01
7.180240480961924021e+00 1.251872641903140071e-01
7.182525050100200481e+00 1.251899697896278751e-01
7.184809619238476941e+00 1.251881647980712664e-01
7.187094188376753401e+00 1.251781536989642341e-01
7.189378757515029861e+00 1.251681149604226273e-01
7.191663326653306321e+00 1.251450739767223097e-01
7.193947895791582781e+00 1.251171500960138461e-01
7.196232464929860129e+00 1.250959768607224631e-01
7.198517034068136589e+00 1.251347185636494108e-01
7.200801603206413048e+00 1.251736522772928795e-01
7.203086172344689508e+00 1.252210683527102686e-01
7.205370741482965968e+00 1.252774629440782106e-01
7.207655310621242428e+00 1.253338702394700410e-01
7.209939879759518888e+00 1.254164369671368906e-01
7.212224448897795348e+00 1.255036797447346419e-01
7.214509018036071808e+00 1.255831203167021848e-01
7.216793587174349156e+00 1.256352536141828458e-01
7.219078156312625616e+00 1.256873969583942874e-01
7.221362725450902076e+00 1.257200986854644931e-01
7.223647294589178536e+00 1.257396360188762496e-01
7.225931863727454996e+00 1.257591634024136651e-01
7.228216432865731456e+00 1.257634983863902545e-01
7.230501002004007916e+00 1.257673472525533964e-01
7.232785571142284375e+00 1.257711765865753839e-01
7.235070140280560835e+00 1.257749863870775975e-01
7.237354709418837295e+00 1.257787766526816953e-01
7.239639278557113755e+00 1.258599178554943854e-01
7.241923847695391103e+00 1.259715999411764042e-01
7.244208416833667563e+00 1.260818820846383304e-01
7.246492985971944023e+00 1.261777084565701423e-01
7.248777555110220483e+00 1.262735715234520051e-01
7.251062124248496943e+00 1.263658113674708261e-01
7.253346693386773403e+00 1.264538720843270403e-01
7.255631262525049863e+00 1.265419647710014361e-01
7.257915831663326323e+00 1.266791246265720761e-01
7.260200400801602783e+00 1.268257871278446192e-01
7.262484969939880131e+00 1.269704072474986123e-01
7.264769539078156591e+00 1.271072611259538299e-01
7.267054108216433050e+00 1.272441767301929205e-01
7.269338677354709510e+00 1.273782072974443680e-01
7.271623246492985970e+00 1.275102150117789768e-01
7.273907815631262430e+00 1.276422813866212869e-01
7.276192384769538890e+00 1.277290627862717187e-01
7.278476953907815350e+00 1.278139679590023225e-01
7.280761523046091810e+00 1.278569235486028410e-01
7.283046092184369158e+00 1.278158987827544280e-01
7.285330661322645618e+00 1.277748266806813526e-01
7.287615230460922078e+00 1.277410273486342396e-01
7.289899799599198538e+00 1.277102194767966714e-01
7.292184368737474998e+00 1.276792524090216707e-01
7.294468937875751458e+00 1.276468975505310743e-01
7.296753507014027917e+00 1.276145007806957221e-01
7.299038076152304377e+00 1.276093207995146750e-01
7.301322645290580837e+00 1.276376471654838696e-01
7.303607214428858185e+00 1.276665434966032520e-01
7.305891783567134645e+00 1.277020498156264117e-01
7.308176352705411105e+00 1.277389294005906450e-01
7.310460921843687565e+00 1.277699729952929686e-01
7.312745490981964025e+00 1.277779144950511869e-01
7.315030060120240485e+00 1.277858380194827337e-01
7.317314629258516945e+00 1.277894214963554154e-01
7.319599198396793405e+00 1.277897944146134390e-01
7.321883767535069865e+00 1.277901679521070422e-01
7.324168336673347213e+00 1.278353534858476248e-01
7.326452905811623673e+00 1.278829484073558675e-01
7.328737474949900133e+00 1.279451384279677029e-01
7.331022044088176592e+00 1.280379575224859789e-01
7.333306613226453052e+00 1.281308122037136121e-01
7.335591182364729512e+00 1.282584758334577302e-01
7.337875751503005972e+00 1.284013548809932459e-01
7.340160320641282432e+00 1.285387569789273876e-01
7.342444889779558892e+00 1.286027412022369143e-01
7.344729458917835352e+00 1.286667427165665012e-01
7.347014028056111812e+00 1.287062132644608281e-01
7.349298597194389160e+00 1.287149178361238211e-01
7.351583166332665620e+00 1.287237958330709475e-01
7.353867735470942080e+00 1.287114086471178032e-01
7.356152304609218540e+00 1.286942280151734952e-01
7.358436873747495000e+00 1.286748256022890724e-01
7.360721442885771459e+00 1.286461502583001459e-01
7.363006012024047919e+00 1.286174723078187254e-01
7.365290581162324379e+00 1.286259561622357661e-01
7.367575150300600839e+00 1.286630846936257233e-01
7.369859719438878187e+00 1.287002135575619766e-01
7.372144288577154647e+00 1.287281803927695645e-01
7.374428857715431107e+00 1.287555421550080070e-01
7.376713426853707567e+00 1.287824182308315857e-01
7.378997995991984027e+00 1.288082311070279928e-01
7.381282565130260487e+00 1.288340530568777842e-01
7.383567134268536947e+00 1.288607848903863540e-01
7.385851703406813407e+00 1.288879245755278069e-01
7.388136272545089867e+00 1.289151500544771234e-01
7.390420841683367215e+00 1.289438172144351802e-01
7.392705410821643675e+00 1.289724793430414573e-01
7.394989979959920134e+00 1.290002305201144173e-01
7.397274549098196594e+00 1.290267910524069972e-01
7.399559118236473054e+00 1.290533452281188709e-01
7.401843687374749514e+00 1.290785936648867205e-01
7.404128256513025974e+00 1.291035239805887191e-01
7.406412825651302434e+00 1.291240456127022984e-01
7.408697394789578894e+00 1.291245958351369960e-01
7.410981963927856242e+00 1.291251227865016782e-01
7.413266533066132702e+00 1.291228744373065507e-01
7.415551102204409162e+00 1.291183882540588856e-01
7.417835671342685622e+00 1.291138755928850634e-01
7.420120240480962082e+00 1.290997918540120193e-01
7.422404809619238542e+00 1.290837632654429634e-01
7.424689378757515001e+00 1.290638184231757690e-01
7.426973947895791461e+00 1.290348484824581088e-01
7.429258517034067921e+00 1.290058384112278411e-01
7.431543086172345269e+00 1.290026711477615384e-01
7.433827655310621729e+00 1.290119210220201929e-01
7.436112224448898189e+00 1.290211464972471356e-01
7.438396793587174649e+00 1.290301978331442334e-01
7.440681362725451109e+00 1.290392412193500093e-01
7.442965931863727569e+00 1.290529478084658510e-01
7.445250501002004029e+00 1.290730042104100694e-01
7.447535070140280489e+00 1.290930511121418101e-01
7.449819639278556949e+00 1.291237734901053147e-01
7.452104208416833409e+00 1.291576303128345315e-01
7.454388777555109868e+00 1.291919268578307356e-01
7.456673346693387217e+00 1.292282025937534773e-01
7.458957915831663676e+00 1.292644788719447546e-01
7.461242484969940136e+00 1.293005898347303340e-01
7.463527054108216596e+00 1.293365620717044639e-01
7.465811623246493056e+00 1.293725346410210253e-01
7.468096192384769516e+00 1.294056520221344986e-01
7.470380761523045976e+00 1.294385112434371932e-01
7.472665330661322436e+00 1.294512710400591293e-01
7.474949899799598896e+00 1.294150884847522220e-01
7.477234468937876244e+00 1.293788609108756926e-01
7.479519038076152704e+00 1.293243054509542189e-01
7.481803607214429164e+00 1.292605211402255427e-01
7.484088176352705624e+00 1.291968539418258954e-01
7.486372745490982084e+00 1.291373023882643190e-01
7.488657314629258543e+00 1.290776911522575621e-01
7.490941883767535003e+00 1.290230307711926205e-01
7.493226452905811463e+00 1.289754587770619298e-01
7.495511022044087923e+00 1.289278347152889304e-01
7.497795591182365271e+00 1.288998069183433792e-01
7.500080160320641731e+00 1.288767772290467795e-01
7.502364729458918191e+00 1.288489617573520818e-01
7.504649298597194651e+00 1.288416279153581090e-01
7.506933867735471111e+00 1.288342772028218675e-01
7.509218436873747571e+00 1.288301875177523814e-01
7.511503006012024031e+00 1.288289514219168597e-01
7.513787575150300491e+00 1.288277014516160945e-01
7.516072144288576951e+00 1.288172581569901054e-01
7.518356713426854299e+00 1.288058552479623697e-01
7.520641282565129870e+00 1.288003613314467888e-01
7.522925851703407218e+00 1.288100451964675208e-01
7.525210420841683678e+00 1.288197205217235797e-01
7.527494989979960138e+00 1.288301566236189077e-01
7.529779559118236598e+00 1.288409909734176961e-01
7.532064128256513058e+00 1.288517953432716800e-01
7.534348697394789518e+00 1.288618294196519631e-01
7.536633266533065978e+00 1.288718551423387315e-01
7.538917835671343326e+00 1.288792378264872474e-01
7.541202404809618898e+00 1.288827013055774406e-01
7.543486973947896246e+00 1.288861664114404337e-01
7.545771543086172706e+00 1.288830955819304513e-01
7.548056112224449166e+00 1.288781201309462388e-01
7.550340681362725626e+00 1.288728337382635258e-01
7.552625250501002085e+00 1.288658464797281245e-01
7.554909819639278545e+00 1.288588420485548003e-01
7.557194388777555005e+00 1.288541400042326757e-01
7.559478957915832353e+00 1.288515396536185076e-01
7.561763527054107925e+00 1.288489457883982836e-01
7.564048096192385273e+00 1.288306732754622985e-01
7.566332665330661733e+00 1.288105682458920154e-01
7.568617234468938193e+00 1.287927335502701276e-01
7.570901803607214653e+00 1.287810747393552113e-01
7.573186372745491113e+00 1.287693964488671183e-01
7.575470941883767573e+00 1.287597276860887319e-01
7.577755511022044033e+00 1.287511630448564537e-01
7.580040080160321381e+00 1.287426382654042745e-01
7.582324649298596952e+00 1.287373318330662930e-01
7.584609218436874301e+00 1.287320090979638953e-01
7.586893787575150760e+00 1.287225038724417181e-01
7.589178356713427220e+00 1.287064958340396748e-01
7.591462925851703680e+00 1.286904661713938192e-01
7.593747494989980140e+00 1.286691098429563473e-01
7.596032064128256600e+00 1.286460983842652173e-01
7.598316633266533060e+00 1.286225457919062121e-01
7.600601202404809520e+00 1.285958810608433811e-01
7.602885771543085980e+00 1.285695288192386099e-01
7.605170340681363328e+00 1.285475165701809308e-01
7.607454909819639788e+00 1.285296381833823387e-01
7.609739478957916248e+00 1.285117369070022386e-01
7.612024048096192708e+00 1.284630278514494739e-01
7.614308617234469168e+00 1.284103169327204252e-01
7.616593186372745627e+00 1.283607799289996632e-01
7.618877755511022087e+00 1.283203717076638606e-01
7.621162324649298547e+00 1.282799572715574432e-01
7.623446893787575007e+00 1.282421869061869113e-01
7.625731462925852355e+00 1.282059189515261655e-01
7.628016032064128815e+00 1.281696601371306865e-01
7.630300601202405275e+00 1.281392157103639906e-01
7.632585170340681735e+00 1.281087420837672686e-01
7.634869739478958195e+00 1.280895818892838489e-01
7.637154308617234655e+00 1.280888542643890404e-01
7.639438877755511115e+00 1.280881124838506857e-01
7.641723446893787575e+00 1.280875482862726678e-01
7.644008016032064035e+00 1.280870324467082433e-01
7.646292585170341383e+00 1.280871417278704183e-01
7.648577154308616954e+00 1.280915900429346332e-01
7.650861723446894302e+00 1.280958820706534773e-01
7.653146292585170762e+00 1.280959365925422588e-01
7.655430861723447222e+00 1.280920175568695252e-01
7.657715430861723682e+00 1.280880830215430644e-01
7.660000000000000142e+00 1.280760279013192504e-01
