2.394999999999999929e+01 2.656485341772154424e-02
2.395901803607214475e+01 2.654529826697995740e-02
2.396803607214428666e+01 2.652606776535100172e-02
2.397705410821643213e+01 2.650652128222508522e-02
2.398607214428857759e+01 2.648698221476184986e-02
2.399509018036071950e+01 2.650979713189739045e-02
2.400410821643286496e+01 2.655359582288056505e-02
2.401312625250501043e+01 2.658267534598698911e-02
2.402214428857715234e+01 2.660426260367778142e-02
2.403116232464929780e+01 2.662373745141481673e-02
2.404018036072144326e+01 2.663689903656351471e-02
2.404919839679358518e+01 2.663870511627811771e-02
2.405821643286573064e+01 2.663968883898757550e-02
2.406723446893787610e+01 2.663410141572020856e-02
2.407625250501001801e+01 2.662566466880683658e-02
2.408527054108216348e+01 2.661556270328075194e-02
2.409428857715430894e+01 2.659789563208035668e-02
2.410330661322645085e+01 2.657946280415983409e-02
2.411232464929859631e+01 2.655631421189836097e-02
2.412134268537074178e+01 2.652977869228677690e-02
2.413036072144288369e+01 2.650228413750896697e-02
2.413937875751502915e+01 2.647129913644203497e-02
2.414839679358717461e+01 2.643901658823732959e-02
2.415741482965931652e+01 2.640625664514938131e-02
2.416643286573146199e+01 2.637226656717406997e-02
2.417545090180360745e+01 2.633759151473419324e-02
2.418446893787574936e+01 2.630113927600022730e-02
2.419348697394789482e+01 2.626369947186312989e-02
2.420250501002004029e+01 2.622590275592128969e-02
2.421152304609218220e+01 2.618482316700009027e-02
2.422054108216432766e+01 2.614371425378610170e-02
2.422955911823647313e+01 2.610050525648813929e-02
2.423857715430861504e+01 2.605590323821041152e-02
2.424759519038076050e+01 2.601076852304860104e-02
2.425661322645290596e+01 2.596221639805476600e-02
2.426563126252504787e+01 2.591358296106827455e-02
2.427464929859719334e+01 2.586371503641945319e-02
2.428366733466933880e+01 2.581065662606728955e-02
2.429268537074148071e+01 2.575785307975098429e-02
2.430170340681362617e+01 2.570202857208168587e-02
2.431072144288577164e+01 2.564505404658894844e-02
2.431973947895791355e+01 2.558807478123683449e-02
2.432875751503005901e+01 2.552993374148140177e-02
2.433777555110220447e+01 2.547185685639809932e-02
2.434679358717434638e+01 2.541232286488632683e-02
2.435581162324649185e+01 2.535109858310034131e-02
2.436482965931863731e+01 2.529035002467560148e-02
2.437384769539077922e+01 2.522860035815425311e-02
2.438286573146292469e+01 2.516738966215523871e-02
2.439188376753507015e+01 2.510567063570663324e-02
2.440090180360721206e+01 2.504265609700344342e-02
2.440991983967935752e+01 2.498005888833799634e-02
2.441893787575150299e+01 2.491711026244844765e-02
2.442795591182364490e+01 2.485422060127008906e-02
2.443697394789579036e+01 2.479143375954531367e-02
2.444599198396793582e+01 2.472842635140658912e-02
2.445501002004007773e+01 2.466520355359383063e-02
2.446402805611222320e+01 2.460124740644295538e-02
2.447304609218436866e+01 2.453703731510545674e-02
2.448206412825651057e+01 2.447228497237666570e-02
2.449108216432865603e+01 2.441174984163324915e-02
2.450010020040080150e+01 2.435141162352130045e-02
2.450911823647294341e+01 2.428360949012865755e-02
2.451813627254508887e+01 2.422156019658723916e-02
2.452715430861723434e+01 2.415916315992525445e-02
2.453617234468937625e+01 2.409760826710423062e-02
2.454519038076152171e+01 2.403659795641857611e-02
2.455420841683366717e+01 2.397565845226818163e-02
2.456322645290581264e+01 2.391791865229263639e-02
2.457224448897795455e+01 2.385988938076867225e-02
2.458126252505010001e+01 2.380281996445635442e-02
2.459028056112224547e+01 2.374678703632264465e-02
2.459929859719438738e+01 2.369062968515288012e-02
2.460831663326653285e+01 2.363637744587771330e-02
2.461733466933867831e+01 2.358256295101124334e-02
2.462635270541082022e+01 2.352877065215372085e-02
2.463537074148296568e+01 2.347566613103614641e-02
2.464438877755511115e+01 2.342224380081476404e-02
2.465340681362725306e+01 2.337011324915687360e-02
2.466242484969939852e+01 2.331822626079974037e-02
2.467144288577154398e+01 2.326630939400740894e-02
2.468046092184368590e+01 2.321357868154700493e-02
2.468947895791583136e+01 2.316054598912348911e-02
2.469849699398797682e+01 2.310779260189793627e-02
2.470751503006011873e+01 2.305466763587022891e-02
2.471653306613226420e+01 2.300182649016546677e-02
2.472555110220440966e+01 2.294787519321792382e-02
2.473456913827655157e+01 2.289332212050485330e-02
2.474358717434869703e+01 2.283835086570052200e-02
2.475260521042084250e+01 2.278018880887293374e-02
2.476162324649298441e+01 2.272182468762129134e-02
2.477064128256512987e+01 2.266306431557943424e-02
2.477965931863727533e+01 2.260311562301912242e-02
2.478867735470941724e+01 2.254379497869293120e-02
2.479769539078156271e+01 2.247842543212603267e-02
2.480671342685370817e+01 2.241289449894402416e-02
2.481573146292585008e+01 2.234543867438283996e-02
2.482474949899799554e+01 2.227394075092293743e-02
2.483376753507014101e+01 2.220235498347424702e-02
2.484278557114228292e+01 2.212747678820985164e-02
2.485180360721442838e+01 2.205180683081982285e-02
2.486082164328657385e+01 2.197474823901178834e-02
2.486983967935871576e+01 2.188836526620223724e-02
2.487885771543086122e+01 2.180277445759580893e-02
2.488787575150300668e+01 2.171368375065121231e-02
2.489689378757514859e+01 2.162132231241481115e-02
2.490591182364729406e+01 2.152977596005133457e-02
2.491492985971943952e+01 2.142847472974014969e-02
2.492394789579158143e+01 2.132728607645242511e-02
2.493296593186372689e+01 2.122420218446436496e-02
2.494198396793587236e+01 2.111825519473447058e-02
2.495100200400801427e+01 2.101320969881881329e-02
2.496002004008015973e+01 2.090018887665135577e-02
2.496903807615230519e+01 2.078465005360982318e-02
2.497805611222444711e+01 2.066971668092212541e-02
2.498707414829659257e+01 2.055801394061785789e-02
2.499609218436873803e+01 2.044613526358356886e-02
2.500511022044087994e+01 2.033579440327590304e-02
2.501412825651302541e+01 2.022730337876941370e-02
2.502314629258517087e+01 2.011885119726906923e-02
2.503216432865731278e+01 2.001626435240743199e-02
2.504118236472945824e+01 1.991389169077472168e-02
2.505020040080160371e+01 1.981535461432522641e-02
2.505921843687374562e+01 1.972709469605496077e-02
2.506823647294589108e+01 1.963782709454937533e-02
2.507725450901803654e+01 1.955556364676614561e-02
2.508627254509017845e+01 1.947583589012632718e-02
2.509529058116232392e+01 1.939689361481667859e-02
2.510430861723446938e+01 1.933293241055861547e-02
2.511332665330661129e+01 1.926845756961551373e-02
2.512234468937875675e+01 1.921490290733934500e-02
2.513136272545090222e+01 1.917237258264363475e-02
2.514038076152304413e+01 1.912898785532787457e-02
2.514939879759518959e+01 1.910231081132043526e-02
2.515841683366733506e+01 1.907776588993208289e-02
2.516743486973947697e+01 1.905625925414195995e-02
2.517645290581162243e+01 1.904399277925845207e-02
2.518547094188376789e+01 1.903193877957419164e-02
2.519448897795590980e+01 1.903021329575681556e-02
2.520350701402805527e+01 1.903313861773002491e-02
2.521252505010020073e+01 1.903649252045162485e-02
2.522154308617234264e+01 1.904870282321237743e-02
2.523056112224448810e+01 1.906105089916618547e-02
2.523957915831663357e+01 1.907360792987754933e-02
2.524859719438877548e+01 1.908649548583306321e-02
2.525761523046092094e+01 1.909984962057517666e-02
2.526663326653306640e+01 1.911221895249319222e-02
2.527565130260520831e+01 1.912444232175541936e-02
2.528466933867735378e+01 1.913598280778327360e-02
2.529368737474949924e+01 1.914586364953655556e-02
2.530270541082164115e+01 1.915610695507714845e-02
2.531172344689378662e+01 1.916120559817107230e-02
2.532074148296593208e+01 1.916356109782485148e-02
2.532975951903807399e+01 1.916626928134147756e-02
2.533877755511021945e+01 1.916037671778765897e-02
2.534779559118236492e+01 1.915444240660291522e-02
2.535681362725450683e+01 1.914668411666302014e-02
2.536583166332665229e+01 1.913632168855966889e-02
2.537484969939879775e+01 1.912551770684187830e-02
2.538386773547093966e+01 1.911055731913900366e-02
2.539288577154308513e+01 1.909431062921465930e-02
2.540190380761523059e+01 1.907715498445312213e-02
2.541092184368737250e+01 1.905519415152373899e-02
2.541993987975951796e+01 1.903377720632690867e-02
2.542895791583166343e+01 1.901103921170889388e-02
2.543797595190380534e+01 1.898754361127564724e-02
2.544699398797595080e+01 1.896410016529474774e-02
2.545601202404809627e+01 1.893965812242413144e-02
2.546503006012023818e+01 1.891503810673811348e-02
2.547404809619238364e+01 1.889022070747332915e-02
2.548306613226452910e+01 1.886417375397238597e-02
2.549208416833667457e+01 1.883820646634067758e-02
2.550110220440881648e+01 1.880103039778880866e-02
2.551012024048096194e+01 1.876158586174754214e-02
2.551913827655310740e+01 1.872128671962480437e-02
2.552815631262524931e+01 1.867632354244042753e-02
2.553717434869739478e+01 1.863162408624989552e-02
2.554619238476954024e+01 1.858537105358064323e-02
2.555521042084168215e+01 1.853829960224090065e-02
2.556422845691382761e+01 1.849131678631377868e-02
2.557324649298597308e+01 1.844107629930847800e-02
2.558226452905811499e+01 1.839056165919948291e-02
2.559128256513026045e+01 1.833944525365333034e-02
2.560030060120240591e+01 1.828670628928680958e-02
2.560931863727454783e+01 1.823383307069345247e-02
2.561833667334669329e+01 1.817897644904808291e-02
2.562735470941883875e+01 1.812333321242271325e-02
2.563637274549098066e+01 1.806750255291927204e-02
2.564539078156312613e+01 1.800844639617554463e-02
2.565440881763527159e+01 1.794952225707957538e-02
2.566342685370741350e+01 1.788923513165388557e-02
2.567244488977955896e+01 1.782731268259363580e-02
2.568146292585170443e+01 1.776549074732343761e-02
2.569048096192384634e+01 1.770183389194019546e-02
2.569949899799599180e+01 1.763813692112110865e-02
2.570851703406813726e+01 1.757317049511778612e-02
2.571753507014027917e+01 1.750593762509430537e-02
2.572655310621242464e+01 1.743919391543640590e-02
2.573557114228457010e+01 1.737103942954955349e-02
2.574458917835671201e+01 1.730255491542066065e-02
2.575360721442885747e+01 1.723353390152856587e-02
2.576262525050100294e+01 1.716065031759620232e-02
2.577164328657314485e+01 1.708771466336738570e-02
2.578066132264529031e+01 1.701364646679599107e-02
2.578967935871743578e+01 1.693878884728359374e-02
2.579869739478957769e+01 1.686398438849863804e-02
2.580771543086172315e+01 1.678530606818418730e-02
2.581673346693386861e+01 1.670609293190608927e-02
2.582575150300601052e+01 1.662660842752870446e-02
2.583476953907815599e+01 1.654601196617733194e-02
2.584378757515030145e+01 1.646506062169082393e-02
2.585280561122244336e+01 1.638041381953966522e-02
2.586182364729458882e+01 1.629453138256852299e-02
2.587084168336673429e+01 1.620820438988668927e-02
2.587985971943887620e+01 1.612241100559953441e-02
2.588887775551102166e+01 1.603665710128747424e-02
2.589789579158316712e+01 1.595088105335770029e-02
2.590691382765530903e+01 1.586551183926680764e-02
2.591593186372745450e+01 1.577996541230507893e-02
2.592494989979959996e+01 1.569192684948921349e-02
2.593396793587174187e+01 1.560349868417288365e-02
2.594298597194388734e+01 1.551556292023436451e-02
2.595200400801603280e+01 1.542928278162109326e-02
2.596102204408817471e+01 1.534332450189564677e-02
2.597004008016032017e+01 1.526179820686133018e-02
2.597905811623246564e+01 1.518310141551425241e-02
2.598807615230460755e+01 1.510379551012039009e-02
2.599709418837675301e+01 1.502427379098590816e-02
2.600611222444889847e+01 1.493997549562264306e-02
2.601513026052104038e+01 1.485453522085569342e-02
2.602414829659318585e+01 1.477065883920823490e-02
2.603316633266533131e+01 1.468761009784288335e-02
2.604218436873747322e+01 1.460871899214708988e-02
2.605120240480961868e+01 1.453124475452917223e-02
2.606022044088176415e+01 1.445563017131921285e-02
2.606923847695390606e+01 1.438458934248525167e-02
2.607825651302605152e+01 1.431409042263053974e-02
2.608727454909819699e+01 1.424527610929195859e-02
2.609629258517033890e+01 1.417742363526614154e-02
2.610531062124248436e+01 1.411006801027523544e-02
2.611432865731462982e+01 1.404523875281989305e-02
2.612334669338677173e+01 1.398115199117843169e-02
2.613236472945891720e+01 1.391823417407345859e-02
2.614138276553106266e+01 1.385690007624300508e-02
2.615040080160320457e+01 1.379583263401220825e-02
2.615941883767535003e+01 1.373477826638396654e-02
2.616843687374749550e+01 1.367398919480702218e-02
2.617745490981963741e+01 1.361256045702969285e-02
2.618647294589178287e+01 1.355025115507025452e-02
2.619549098196392833e+01 1.348817266983159957e-02
2.620450901803607024e+01 1.342561053954483517e-02
2.621352705410821571e+01 1.336272917400327560e-02
2.622254509018036117e+01 1.329996500215730945e-02
2.623156312625250308e+01 1.323568548831706958e-02
2.624058116232464855e+01 1.317128245403127208e-02
2.624959919839679401e+01 1.310631013230710053e-02
2.625861723446893592e+01 1.304066180319096366e-02
2.626763527054108138e+01 1.297486891096128261e-02
2.627665330661322685e+01 1.290758556046775821e-02
2.628567134268536876e+01 1.283980575448929497e-02
2.629468937875751422e+01 1.277192067516748006e-02
2.630370741482965968e+01 1.270346219840763624e-02
2.631272545090180159e+01 1.263500983967837110e-02
2.632174348697394706e+01 1.256554061896370152e-02
2.633076152304609252e+01 1.249531010028767306e-02
2.633977955911823443e+01 1.242529566330118247e-02
2.634879759519037989e+01 1.235463074943334884e-02
2.635781563126252536e+01 1.228413553855125899e-02
2.636683366733466727e+01 1.221272826774420263e-02
2.637585170340681273e+01 1.213985084512027475e-02
2.638486973947895819e+01 1.206683513362709521e-02
2.639388777555110011e+01 1.199304391177717991e-02
2.640290581162324557e+01 1.191920663986366195e-02
2.641192384769539103e+01 1.184542346823870031e-02
2.642094188376753294e+01 1.176951421909561840e-02
2.642995991983967841e+01 1.169354188320408973e-02
2.643897795591182387e+01 1.161849350869621940e-02
2.644799599198396578e+01 1.154397787361383099e-02
2.645701402805611124e+01 1.146872921054356391e-02
2.646603206412825671e+01 1.139210901218013806e-02
2.647505010020039862e+01 1.131539685810813677e-02
2.648406813627254408e+01 1.124134970361098315e-02
2.649308617234468954e+01 1.117244062378013741e-02
2.650210420841683145e+01 1.109909201732345654e-02
2.651112224448897692e+01 1.103402953014598342e-02
2.652014028056112238e+01 1.097587714909344959e-02
2.652915831663326429e+01 1.091717139749314933e-02
2.653817635270540976e+01 1.086363044850852284e-02
2.654719438877755522e+01 1.080862931427598386e-02
2.655621242484969713e+01 1.075530282622516598e-02
2.656523046092184259e+01 1.070378363387911730e-02
2.657424849699398806e+01 1.065143070395423164e-02
2.658326653306612997e+01 1.060571772403554568e-02
2.659228456913827543e+01 1.056018362872868446e-02
2.660130260521042089e+01 1.051685080190041012e-02
2.661032064128256280e+01 1.047806485797531627e-02
2.661933867735470827e+01 1.043775553691229582e-02
2.662835671342685373e+01 1.040174759044518345e-02
2.663737474949899564e+01 1.036718285149135395e-02
2.664639278557114110e+01 1.033290383634348844e-02
2.665541082164328657e+01 1.030185720480634483e-02
2.666442885771542848e+01 1.027176215005021903e-02
2.667344689378757394e+01 1.024395584804607510e-02
2.668246492985971940e+01 1.021788644039595996e-02
2.669148296593186132e+01 1.019168900959970675e-02
2.670050100200400678e+01 1.016870389847465347e-02
2.670951903807615224e+01 1.014648175926550176e-02
2.671853707414829415e+01 1.012399956689775601e-02
2.672755511022043962e+01 1.010077977505904022e-02
2.673657314629258508e+01 1.007844399033662637e-02
2.674559118236472699e+01 1.005539500583857611e-02
2.675460921843687245e+01 1.003259827357150594e-02
2.676362725450901792e+01 1.001049526495767679e-02
2.677264529058115983e+01 9.988372939314845225e-03
2.678166332665330529e+01 9.966603591810339544e-03
2.679068136272545075e+01 9.943679330560546356e-03
2.679969939879759266e+01 9.919232003493792110e-03
2.680871743486973813e+01 9.894453717076239635e-03
2.681773547094188359e+01 9.866319262128744189e-03
2.682675350701402550e+01 9.838411853977263935e-03
2.683577154308617096e+01 9.810146140821597929e-03
2.684478957915831643e+01 9.780273792092250215e-03
2.685380761523045834e+01 9.750041663345821938e-03
2.686282565130260380e+01 9.718431576505722966e-03
2.687184368737474927e+01 9.685351740712850460e-03
2.688086172344689473e+01 9.651008402974704803e-03
2.688987975951903664e+01 9.615143897776080514e-03
2.689889779559118210e+01 9.578535620347527688e-03
2.690791583166332757e+01 9.540942268989913849e-03
2.691693386773546948e+01 9.501851050380843988e-03
2.692595190380761494e+01 9.462138272814458670e-03
2.693496993987976040e+01 9.421847474463628663e-03
2.694398797595190231e+01 9.380459426935187570e-03
2.695300601202404778e+01 9.338350745553052057e-03
2.696202404809619324e+01 9.295875961041276392e-03
2.697104208416833515e+01 9.252369153008664637e-03
2.698006012024048061e+01 9.208047254792788017e-03
2.698907815631262608e+01 9.162867139953569454e-03
2.699809619238476799e+01 9.116673364007702937e-03
2.700711422845691345e+01 9.076108772197711422e-03
2.701613226452905892e+01 9.040182773203073521e-03
2.702515030060120083e+01 9.003578929766191050e-03
2.703416833667334629e+01 8.965992711091927414e-03
2.704318637274549175e+01 8.927944309142099230e-03
2.705220440881763366e+01 8.890173020508788590e-03
2.706122244488977913e+01 8.852128053932957832e-03
2.707024048096192459e+01 8.813592951596805128e-03
2.707925851703406650e+01 8.775149542193834418e-03
2.708827655310621196e+01 8.736532542941021981e-03
2.709729458917835743e+01 8.698320358765143298e-03
2.710631262525049934e+01 8.660496337875057959e-03
2.711533066132264480e+01 8.622621025703065128e-03
2.712434869739479026e+01 8.584683013393516401e-03
2.713336673346693217e+01 8.546601912863646677e-03
2.714238476953907764e+01 8.508673705802662426e-03
2.715140280561122310e+01 8.471003226448475809e-03
2.716042084168336501e+01 8.433186001136360604e-03
2.716943887775551048e+01 8.394881507890970471e-03
2.717845691382765594e+01 8.356528417986872764e-03
2.718747494989979785e+01 8.318136829735110760e-03
2.719649298597194331e+01 8.280239165360605419e-03
2.720551102204408878e+01 8.242254602155453178e-03
2.721452905811623069e+01 8.203764171333007352e-03
2.722354709418837615e+01 8.164904227934836542e-03
2.723256513026052161e+01 8.125786181891454449e-03
2.724158316633266352e+01 8.086631188217927729e-03
2.725060120240480899e+01 8.047322559191015523e-03
2.725961923847695445e+01 8.007441338631869632e-03
2.726863727454909636e+01 7.966824503834901705e-03
2.727765531062124182e+01 7.926097326669840487e-03
2.728667334669338729e+01 7.885504314016075073e-03
2.729569138276552920e+01 7.844763424369365426e-03
2.730470941883767466e+01 7.803699167243739569e-03
2.731372745490982012e+01 7.761864245764365719e-03
2.732274549098196204e+01 7.719736400391264894e-03
2.733176352705410750e+01 7.677488068690462714e-03
2.734078156312625296e+01 7.635338580460248638e-03
2.734979959919839487e+01 7.592907384495194666e-03
2.735881763527054034e+01 7.549799075105190563e-03
2.736783567134268580e+01 7.506421422413147963e-03
2.737685370741482771e+01 7.463149702131198319e-03
2.738587174348697317e+01 7.420752673235197702e-03
2.739488977955911864e+01 7.377914662183316166e-03
2.740390781563126055e+01 7.334998856983775302e-03
2.741292585170340601e+01 7.291847735290076828e-03
2.742194388777555147e+01 7.248404071837503786e-03
2.743096192384769338e+01 7.206234856106351339e-03
2.743997995991983885e+01 7.163724384664447650e-03
2.744899799599198431e+01 7.121169916170166751e-03
2.745801603206412622e+01 7.078792094852764082e-03
2.746703406813627169e+01 7.036176462981964287e-03
2.747605210420841715e+01 6.995280281199885847e-03
2.748507014028055906e+01 6.954490811071725211e-03
2.749408817635270452e+01 6.910088618730518203e-03
2.750310621242484999e+01 6.857802275806723462e-03
2.751212424849699190e+01 6.804661170074309713e-03
2.752114228456913736e+01 6.748360767173860152e-03
2.753016032064128282e+01 6.690516024878113109e-03
2.753917835671342473e+01 6.632838473902647435e-03
2.754819639278557020e+01 6.575637045486184759e-03
2.755721442885771566e+01 6.518630789125390117e-03
2.756623246492986112e+01 6.462334141962563366e-03
2.757525050100200303e+01 6.407139877367362853e-03
2.758426853707414850e+01 6.351806796446798908e-03
2.759328657314629396e+01 6.296826703892997867e-03
2.760230460921843587e+01 6.241912514536235301e-03
2.761132264529058133e+01 6.187391508669389147e-03
2.762034068136272680e+01 6.133637197081587104e-03
2.762935871743486871e+01 6.080021729454279655e-03
2.763837675350701417e+01 6.026632983303427046e-03
2.764739478957915964e+01 5.973565469733990545e-03
2.765641282565130155e+01 5.920425473309752495e-03
2.766543086172344701e+01 5.868413272059954701e-03
2.767444889779559247e+01 5.816311190128411503e-03
2.768346693386773438e+01 5.763985571775230576e-03
2.769248496993987985e+01 5.711441471623598942e-03
2.770150300601202531e+01 5.658718200592026577e-03
2.771052104208416722e+01 5.606768846221703642e-03
2.771953907815631268e+01 5.554882751125589380e-03
2.772855711422845815e+01 5.502898380021099649e-03
2.773757515030060006e+01 5.450749355049181420e-03
2.774659318637274552e+01 5.398478539600556035e-03
2.775561122244489098e+01 5.346324694449385538e-03
2.776462925851703289e+01 5.294072265374968021e-03
2.777364729458917836e+01 5.241549239930105158e-03
2.778266533066132382e+01 5.188227140023818178e-03
2.779168336673346573e+01 5.134733136214092789e-03
2.780070140280561120e+01 5.081309241634957702e-03
2.780971943887775666e+01 5.028078414564852994e-03
2.781873747494989857e+01 4.974643407701128013e-03
2.782775551102204403e+01 4.920645888400338071e-03
2.783677354709418950e+01 4.866413272341989227e-03
2.784579158316633141e+01 4.812064617594648611e-03
2.785480961923847687e+01 4.758061008272207633e-03
2.786382765531062233e+01 4.703755408886023566e-03
2.787284569138276424e+01 4.648893809003273522e-03
2.788186372745490971e+01 4.593626045543781379e-03
2.789088176352705517e+01 4.538270099983007615e-03
2.789989979959919708e+01 4.483576510376703107e-03
2.790891783567134254e+01 4.428806236688761881e-03
2.791793587174348801e+01 4.373935857428397182e-03
2.792695390781562992e+01 4.318933896555884715e-03
2.793597194388777538e+01 4.263962153294357724e-03
2.794498997995992084e+01 4.209649504385871814e-03
2.795400801603206276e+01 4.155391521245960056e-03
2.796302605210420822e+01 4.101153303599044952e-03
2.797204408817635368e+01 4.046532753187117963e-03
2.798106212424849559e+01 3.992104784811782194e-03
2.799008016032064106e+01 3.935541122074452842e-03
2.799909819639278652e+01 3.877468143925241750e-03
2.800811623246492843e+01 3.841619284848412762e-03
2.801713426853707389e+01 3.799166326893943860e-03
2.802615230460921936e+01 3.756807220971998540e-03
2.803517034068136127e+01 3.714899384150752246e-03
2.804418837675350673e+01 3.673600233387988578e-03
2.805320641282565219e+01 3.632643341393914076e-03
2.806222444889779410e+01 3.591557546169800354e-03
2.807124248496993957e+01 3.550619910749024024e-03
2.808026052104208503e+01 3.510144958138834530e-03
2.808927855711422694e+01 3.470477619561887495e-03
2.809829659318637241e+01 3.431319697612819890e-03
2.810731462925851787e+01 3.392215039311406201e-03
2.811633266533065978e+01 3.353226971210063277e-03
2.812535070140280524e+01 3.314606674721349427e-03
2.813436873747495071e+01 3.276750670880694896e-03
2.814338677354709262e+01 3.239161500428276459e-03
2.815240480961923808e+01 3.201651579616153920e-03
2.816142284569138354e+01 3.164142610555539716e-03
2.817044088176352545e+01 3.126667400383197591e-03
2.817945891783567092e+01 3.089875353813617033e-03
2.818847695390781638e+01 3.053600656705414071e-03
2.819749498997995829e+01 3.017504685245851661e-03
2.820651302605210375e+01 2.981383188115546787e-03
2.821553106212424922e+01 2.945356874106862081e-03
2.822454909819639113e+01 2.909922826645731150e-03
2.823356713426853659e+01 2.874970497914514870e-03
2.824258517034068205e+01 2.839811230355170947e-03
2.825160320641282397e+01 2.804898160779065522e-03
2.826062124248496943e+01 2.769906834134567338e-03
2.826963927855711489e+01 2.735215099658073069e-03
2.827865731462925680e+01 2.701239241612424322e-03
2.828767535070140227e+01 2.667153832705923544e-03
2.829669338677354773e+01 2.633412767224512993e-03
2.830571142284568964e+01 2.599762384539911018e-03
2.831472945891783510e+01 2.566117139206675404e-03
2.832374749498998057e+01 2.534016029144224406e-03
2.833276553106212248e+01 2.501669799906988071e-03
2.834178356713426794e+01 2.469508866363981890e-03
2.835080160320641340e+01 2.437690500376145201e-03
2.835981963927855531e+01 2.405606744118027850e-03
2.836883767535070078e+01 2.374788850873686685e-03
2.837785571142284624e+01 2.344105621597345618e-03
2.838687374749498815e+01 2.313573664088974541e-03
2.839589178356713361e+01 2.283800477739575223e-03
2.840490981963927908e+01 2.254010559705046501e-03
2.841392785571142099e+01 2.225409115759588354e-03
2.842294589178356645e+01 2.197046448562528075e-03
2.843196392785571192e+01 2.168555787630654236e-03
2.844098196392785383e+01 2.140984699302124310e-03
2.844999999999999929e+01 2.113382901060582506e-03
