4.870000000000000107e+00 9.277340000000000456e-04
4.879599999999999937e+00 9.277340000000000456e-04
4.889190000000000147e+00 9.277340000000000456e-04
4.898789999999999978e+00 9.277340000000000456e-04
4.908380000000000187e+00 9.277340000000000456e-04
4.917980000000000018e+00 9.277340000000000456e-04
4.927579999999999849e+00 9.277340000000000456e-04
4.937170000000000059e+00 9.277340000000000456e-04
4.946769999999999889e+00 9.277340000000000456e-04
4.956360000000000099e+00 9.277340000000000456e-04
4.965959999999999930e+00 9.277340000000000456e-04
4.975559999999999761e+00 9.277340000000000456e-04
4.985149999999999970e+00 9.277340000000000456e-04
4.994749999999999801e+00 9.277340000000000456e-04
5.004340000000000011e+00 9.277340000000000456e-04
5.013939999999999841e+00 9.277340000000000456e-04
5.023539999999999672e+00 9.277340000000000456e-04
5.033129999999999882e+00 9.277340000000000456e-04
5.042729999999999713e+00 9.277340000000000456e-04
5.052319999999999922e+00 9.277340000000000456e-04
5.061919999999999753e+00 9.277340000000000456e-04
5.071519999999999584e+00 9.277340000000000456e-04
5.081109999999999793e+00 9.277340000000000456e-04
5.090709999999999624e+00 9.277340000000000456e-04
5.100299999999999834e+00 9.277340000000000456e-04
5.109899999999999665e+00 9.277340000000000456e-04
5.119489999999999874e+00 9.277340000000000456e-04
5.129089999999999705e+00 9.277340000000000456e-04
5.138690000000000424e+00 9.277340000000000456e-04
5.148279999999999745e+00 9.277340000000000456e-04
5.157879999999999576e+00 9.277340000000000456e-04
5.167469999999999786e+00 9.277340000000000456e-04
5.177069999999999617e+00 9.277340000000000456e-04
5.186670000000000336e+00 9.277340000000000456e-04
5.196259999999999657e+00 9.277340000000000456e-04
5.205860000000000376e+00 9.277340000000000456e-04
5.215449999999999697e+00 9.277340000000000456e-04
5.225050000000000416e+00 9.277340000000000456e-04
5.234650000000000247e+00 9.277340000000000456e-04
5.244239999999999569e+00 9.277340000000000456e-04
5.253840000000000288e+00 9.277340000000000456e-04
5.263429999999999609e+00 9.277340000000000456e-04
5.273030000000000328e+00 9.277340000000000456e-04
5.282630000000000159e+00 9.277340000000000456e-04
5.292220000000000368e+00 9.277340000000000456e-04
5.301820000000000199e+00 9.277340000000000456e-04
5.311410000000000409e+00 9.277340000000000456e-04
5.321010000000000240e+00 9.277340000000000456e-04
5.330610000000000070e+00 9.277340000000000456e-04
5.340200000000000280e+00 9.277340000000000456e-04
5.349800000000000111e+00 9.277340000000000456e-04
5.359390000000000320e+00 9.277340000000000456e-04
5.368990000000000151e+00 9.277340000000000456e-04
5.378589999999999982e+00 9.277340000000000456e-04
5.388180000000000192e+00 9.277340000000000456e-04
5.397780000000000022e+00 9.277340000000000456e-04
5.407370000000000232e+00 9.277340000000000456e-04
5.416970000000000063e+00 9.277340000000000456e-04
5.426569999999999894e+00 9.277340000000000456e-04
5.436160000000000103e+00 9.277340000000000456e-04
5.445759999999999934e+00 9.277340000000000456e-04
5.455350000000000144e+00 9.277340000000000456e-04
5.464949999999999974e+00 9.277340000000000456e-04
5.474549999999999805e+00 9.277340000000000456e-04
5.484140000000000015e+00 9.277340000000000456e-04
5.493739999999999846e+00 9.277340000000000456e-04
5.503330000000000055e+00 9.277340000000000456e-04
5.512929999999999886e+00 9.277340000000000456e-04
5.522529999999999717e+00 9.277340000000000456e-04
5.532119999999999926e+00 9.277340000000000456e-04
5.541719999999999757e+00 9.277340000000000456e-04
5.551309999999999967e+00 9.277340000000000456e-04
5.560909999999999798e+00 9.277340000000000456e-04
5.570509999999999629e+00 9.277340000000000456e-04
5.580099999999999838e+00 9.277340000000000456e-04
5.589699999999999669e+00 9.277340000000000456e-04
5.599289999999999878e+00 9.277340000000000456e-04
5.608889999999999709e+00 9.277340000000000456e-04
5.618479999999999919e+00 9.277340000000000456e-04
5.628079999999999750e+00 9.277340000000000456e-04
5.637679999999999580e+00 9.277340000000000456e-04
5.647269999999999790e+00 9.277340000000000456e-04
5.656869999999999621e+00 9.277340000000000456e-04
5.666459999999999830e+00 9.277340000000000456e-04
5.676059999999999661e+00 9.277340000000000456e-04
5.685660000000000380e+00 9.277340000000000456e-04
5.695249999999999702e+00 9.277340000000000456e-04
5.704850000000000421e+00 9.277340000000000456e-04
5.714439999999999742e+00 9.277340000000000456e-04
5.724039999999999573e+00 9.277340000000000456e-04
5.733640000000000292e+00 9.277340000000000456e-04
5.743229999999999613e+00 9.277340000000000456e-04
5.752830000000000332e+00 9.277340000000000456e-04
5.762419999999999654e+00 9.277340000000000456e-04
5.772020000000000373e+00 9.277340000000000456e-04
5.781620000000000203e+00 9.277340000000000456e-04
5.791210000000000413e+00 9.277340000000000456e-04
5.800810000000000244e+00 9.277340000000000456e-04
5.810399999999999565e+00 9.277340000000000456e-04
5.820000000000000284e+00 9.277340000000000456e-04
