2.053999999999999915e+01 2.941808645648491885e-02
2.054773547094188402e+01 2.942264309055239377e-02
2.055547094188376533e+01 2.942687403067568638e-02
2.056320641282565020e+01 2.943063981373804025e-02
2.057094188376753507e+01 2.942985772110699380e-02
2.057867735470941639e+01 2.940001252014857666e-02
2.058641282565130126e+01 2.936950984415849855e-02
2.059414829659318613e+01 2.933992765331804031e-02
2.060188376753507100e+01 2.931121621536428301e-02
2.060961923847695232e+01 2.928192184608602658e-02
2.061735470941883719e+01 2.925794974908770690e-02
2.062509018036072206e+01 2.923400470457605468e-02
2.063282565130260338e+01 2.921110950161355524e-02
2.064056112224448825e+01 2.919194537424063540e-02
2.064829659318637312e+01 2.917234085736696708e-02
2.065603206412825443e+01 2.915691924655428036e-02
2.066376753507013930e+01 2.914342651917488369e-02
2.067150300601202417e+01 2.912982767321561570e-02
2.067923847695390549e+01 2.912053764808100742e-02
2.068697394789579036e+01 2.911096983654171133e-02
2.069470941883767523e+01 2.910216263644961956e-02
2.070244488977955655e+01 2.909441300197797634e-02
2.071018036072144142e+01 2.908664256463355108e-02
2.071791583166332629e+01 2.908054316760717850e-02
2.072565130260521116e+01 2.907468758142566639e-02
2.073338677354709247e+01 2.906847486530990052e-02
2.074112224448897734e+01 2.906120947585149814e-02
2.074885771543086221e+01 2.905408447686445156e-02
2.075659318637274353e+01 2.904635035954714756e-02
2.076432865731462840e+01 2.903824037322805252e-02
2.077206412825651327e+01 2.903016095548422923e-02
2.077979959919839459e+01 2.901762307753944295e-02
2.078753507014027946e+01 2.900523704540735465e-02
2.079527054108216433e+01 2.899139136925718216e-02
2.080300601202404565e+01 2.897519020454922267e-02
2.081074148296593052e+01 2.895912190310447401e-02
2.081847695390781539e+01 2.893989025756964553e-02
2.082621242484970026e+01 2.891990498985948232e-02
2.083394789579158157e+01 2.889928047567192487e-02
2.084168336673346644e+01 2.887502922205057929e-02
2.084941883767535131e+01 2.885092907854498734e-02
2.085715430861723263e+01 2.882450399115379230e-02
2.086488977955911750e+01 2.879630117133675019e-02
2.087262525050100237e+01 2.876823921743677098e-02
2.088036072144288369e+01 2.873566692123431451e-02
2.088809619238476856e+01 2.870299303757303452e-02
2.089583166332665343e+01 2.866886806346926123e-02
2.090356713426853474e+01 2.863180168425586911e-02
2.091130260521041961e+01 2.859488957763642661e-02
2.091903807615230448e+01 2.855440759624180286e-02
2.092677354709418580e+01 2.851269852053036485e-02
2.093450901803607067e+01 2.847055792835131299e-02
2.094224448897795554e+01 2.842416063070639029e-02
2.094997995991984041e+01 2.837791697543906935e-02
2.095771543086172173e+01 2.832810002855847692e-02
2.096545090180360660e+01 2.827479512949829937e-02
2.097318637274549147e+01 2.822167371847992753e-02
2.098092184368737279e+01 2.816414116933322123e-02
2.098865731462925766e+01 2.810620744971070034e-02
2.099639278557114253e+01 2.805408832949415898e-02
2.100412825651302384e+01 2.802329244072351497e-02
2.101186372745490871e+01 2.799848191457219443e-02
2.101959919839679358e+01 2.797577906705964179e-02
2.102733466933867490e+01 2.795412009269942696e-02
2.103507014028055977e+01 2.793215301190950586e-02
2.104280561122244464e+01 2.790561660947407305e-02
2.105054108216432951e+01 2.787885176706656962e-02
2.105827655310621083e+01 2.784817266583118622e-02
2.106601202404809570e+01 2.781293568042568151e-02
2.107374749498998057e+01 2.777755180279363467e-02
2.108148296593186188e+01 2.774435422994454142e-02
2.108921843687374675e+01 2.771123928971997233e-02
2.109695390781563162e+01 2.767878941669566287e-02
2.110468937875751294e+01 2.764984801035896833e-02
2.111242484969939781e+01 2.762052237411889016e-02
2.112016032064128268e+01 2.759472111466313576e-02
2.112789579158316400e+01 2.757097449019608321e-02
2.113563126252504887e+01 2.754688215822532690e-02
2.114336673346693374e+01 2.753680742865989572e-02
2.115110220440881506e+01 2.752617401705772376e-02
2.115883767535069993e+01 2.751977211331447376e-02
2.116657314629258479e+01 2.752035747374110067e-02
2.117430861723446966e+01 2.752077513401006079e-02
2.118204408817635098e+01 2.753199184220157109e-02
2.118977955911823585e+01 2.754632939789271664e-02
2.119751503006012072e+01 2.756268359815472815e-02
2.120525050100200204e+01 2.758996047181075731e-02
2.121298597194388691e+01 2.761729537805554524e-02
2.122072144288577178e+01 2.764779246917141095e-02
2.122845691382765310e+01 2.768105944338847615e-02
2.123619238476953797e+01 2.771490522183975638e-02
2.124392785571142284e+01 2.775374356900202344e-02
2.125166332665330415e+01 2.779318660628391988e-02
2.125939879759518902e+01 2.783368971740063022e-02
2.126713426853707389e+01 2.787596201223594902e-02
2.127486973947895876e+01 2.791879627648890735e-02
2.128260521042084008e+01 2.795920668442810481e-02
2.129034068136272495e+01 2.799907558034696320e-02
2.129807615230460982e+01 2.803932904014052110e-02
2.130581162324649114e+01 2.807888336156028064e-02
2.131354709418837601e+01 2.811877568340381481e-02
2.132128256513026088e+01 2.815813953715731732e-02
2.132901803607214219e+01 2.819708624065860383e-02
2.133675350701402706e+01 2.823652395839415866e-02
2.134448897795591193e+01 2.827542498743627203e-02
2.135222444889779325e+01 2.831439530191705994e-02
2.135995991983967812e+01 2.835430192586476175e-02
2.136769539078156299e+01 2.839643295110002089e-02
2.137543086172344431e+01 2.843858618617995868e-02
2.138316633266532918e+01 2.848144911957799577e-02
2.139090180360721405e+01 2.852460457640472458e-02
2.139863727454909892e+01 2.856769042245589293e-02
2.140637274549098024e+01 2.861146855522083560e-02
2.141410821643286511e+01 2.865484285087868677e-02
2.142184368737474998e+01 2.869890369794686827e-02
2.142957915831663129e+01 2.874395297389029449e-02
2.143731462925851616e+01 2.878872567797303994e-02
2.144505010020040103e+01 2.883173528449970921e-02
2.145278557114228235e+01 2.887391607314816408e-02
2.146052104208416722e+01 2.891481169532427245e-02
2.146825651302605209e+01 2.895313396916771032e-02
2.147599198396793341e+01 2.899099320286366299e-02
2.148372745490981828e+01 2.902610890819896580e-02
2.149146292585170315e+01 2.905917791305683007e-02
2.149919839679358802e+01 2.909148584452451308e-02
2.150693386773546933e+01 2.908952457818426290e-02
2.151466933867735420e+01 2.908399206370205006e-02
2.152240480961923907e+01 2.907578577762209848e-02
2.153014028056112039e+01 2.906386722253071625e-02
2.153787575150300526e+01 2.905124954992423236e-02
2.154561122244489013e+01 2.903294964565435524e-02
2.155334669338677145e+01 2.901258995975716098e-02
2.156108216432865632e+01 2.899001132510228840e-02
2.156881763527054119e+01 2.895991887306735221e-02
2.157655310621242251e+01 2.892924480098343909e-02
2.158428857715430738e+01 2.889588240892681376e-02
2.159202404809619225e+01 2.886053631694842497e-02
2.159975951903807356e+01 2.882530585811593493e-02
2.160749498997995843e+01 2.878552836906389523e-02
2.161523046092184330e+01 2.874515126065894932e-02
2.162296593186372462e+01 2.870305233328047587e-02
2.163070140280560949e+01 2.865783908288319082e-02
2.163843687374749436e+01 2.861304255670811189e-02
2.164617234468937923e+01 2.856546132146293646e-02
2.165390781563126055e+01 2.851704286419031245e-02
2.166164328657314542e+01 2.846818532374299771e-02
2.166937875751503029e+01 2.841329916845101652e-02
2.167711422845691160e+01 2.835884067511724310e-02
2.168484969939879647e+01 2.830307496188111047e-02
2.169258517034068134e+01 2.824603092447839497e-02
2.170032064128256266e+01 2.818968599550336629e-02
2.170805611222444753e+01 2.812867858832727649e-02
2.171579158316633240e+01 2.806743304839727851e-02
2.172352705410821727e+01 2.800571690997736771e-02
2.173126252505009859e+01 2.794220054472965759e-02
2.173899799599198346e+01 2.787845185000507528e-02
2.174673346693386833e+01 2.781223207927583860e-02
2.175446893787574965e+01 2.774498611390809749e-02
2.176220440881763452e+01 2.767768403228683394e-02
2.176993987975951939e+01 2.760886870165707788e-02
2.177767535070140070e+01 2.753969140994744561e-02
2.178541082164328557e+01 2.747456473097436777e-02
2.179314629258517044e+01 2.741465128913554705e-02
2.180088176352705176e+01 2.735428742271034386e-02
2.180861723446893663e+01 2.729892324961783606e-02
2.181635270541082150e+01 2.724431878584848699e-02
2.182408817635270282e+01 2.719257092035907986e-02
2.183182364729458769e+01 2.715185855284876076e-02
2.183955911823647256e+01 2.711078946249188826e-02
2.184729458917835387e+01 2.707795223791355232e-02
2.185503006012023874e+01 2.705042403631809089e-02
2.186276553106212361e+01 2.702272840092403983e-02
2.187050100200400848e+01 2.700667385395015205e-02
2.187823647294588980e+01 2.699095628927980495e-02
2.188597194388777467e+01 2.698119054776608114e-02
2.189370741482965954e+01 2.698032882786254374e-02
2.190144288577154086e+01 2.697952524372841318e-02
2.190917835671342573e+01 2.698531775498687682e-02
2.191691382765531060e+01 2.699326812584443985e-02
2.192464929859719192e+01 2.700167415478863658e-02
2.193238476953907679e+01 2.701102201348196813e-02
2.194012024048096166e+01 2.702091355953435345e-02
2.194785571142284653e+01 2.703260788714817106e-02
2.195559118236472784e+01 2.704571062326139447e-02
2.196332665330661271e+01 2.705896389860093509e-02
2.197106212424849758e+01 2.706833624760163551e-02
2.197879759519037890e+01 2.707734088629876884e-02
2.198653306613226377e+01 2.708330649529768278e-02
2.199426853707414864e+01 2.708294328107101190e-02
2.200200400801602996e+01 2.708373662668315043e-02
2.200973947895791483e+01 2.707784389740014799e-02
2.201747494989979970e+01 2.706771405322901114e-02
2.202521042084168101e+01 2.705656169410057196e-02
2.203294589178356588e+01 2.704153700193689946e-02
2.204068136272545075e+01 2.702618981858409888e-02
2.204841683366733207e+01 2.700925509820202575e-02
2.205615230460921694e+01 2.699062242114364310e-02
2.206388777555110181e+01 2.697144430505606788e-02
2.207162324649298313e+01 2.695407292631573151e-02
2.207935871743486800e+01 2.693630594163348366e-02
2.208709418837675287e+01 2.691847764585950445e-02
2.209482965931863774e+01 2.690186282642753959e-02
2.210256513026051906e+01 2.688472752646608316e-02
2.211030060120240393e+01 2.686827445557502317e-02
2.211803607214428880e+01 2.685210482888390759e-02
2.212577154308617011e+01 2.683590533306559958e-02
2.213350701402805498e+01 2.682229461917022204e-02
2.214124248496993985e+01 2.680821317629885486e-02
2.214897795591182117e+01 2.679381938278000558e-02
2.215671342685370604e+01 2.677927066961923591e-02
2.216444889779559091e+01 2.676474965936341890e-02
2.217218436873747578e+01 2.674646128552397514e-02
2.217991983967935710e+01 2.672751513553181871e-02
2.218765531062124197e+01 2.670784682624748399e-02
2.219539078156312684e+01 2.668557743059951637e-02
2.220312625250500815e+01 2.666337816472759414e-02
2.221086172344689302e+01 2.663639011290021286e-02
2.221859719438877789e+01 2.660632734719951126e-02
2.222633266533065921e+01 2.657644755203792883e-02
2.223406813627254408e+01 2.653773182709924863e-02
2.224180360721442895e+01 2.649912092564312219e-02
2.224953907815631027e+01 2.645767110992958832e-02
2.225727454909819514e+01 2.641147152699378428e-02
2.226501002004008001e+01 2.636527917803167462e-02
2.227274549098196132e+01 2.631122456580501853e-02
2.228048096192384619e+01 2.625482388967081970e-02
2.228821643286573106e+01 2.619756002311653120e-02
2.229595190380761238e+01 2.613551597841701213e-02
2.230368737474949725e+01 2.607352003588142564e-02
2.231142284569138212e+01 2.600968645041867519e-02
2.231915831663326699e+01 2.594433504687823980e-02
2.232689378757514831e+01 2.587898499682052614e-02
2.233462925851703318e+01 2.580980952904441891e-02
2.234236472945891805e+01 2.574039081262913947e-02
2.235010020040079937e+01 2.567045059997694750e-02
2.235783567134268424e+01 2.559938983348554811e-02
2.236557114228456911e+01 2.552867119266200371e-02
2.237330661322645042e+01 2.545847252268263611e-02
2.238104208416833529e+01 2.538856895241617048e-02
2.238877755511022016e+01 2.531855923480811829e-02
2.239651302605210503e+01 2.524588693763437156e-02
2.240424849699398635e+01 2.517358684465594021e-02
2.241198396793587122e+01 2.510355296140618850e-02
2.241971943887775609e+01 2.503592497127006544e-02
2.242745490981963741e+01 2.496888052556851118e-02
2.243519038076152228e+01 2.490277786058553086e-02
2.244292585170340715e+01 2.483719354838800561e-02
2.245066132264528846e+01 2.477256661650624817e-02
2.245839679358717333e+01 2.470982705958665177e-02
2.246613226452905820e+01 2.464723442843197096e-02
2.247386773547093952e+01 2.458524303087800816e-02
2.248160320641282439e+01 2.452392979062332015e-02
2.248933867735470926e+01 2.446344691444980388e-02
2.249707414829659058e+01 2.441296125621717980e-02
2.250480961923847545e+01 2.435598306645100908e-02
2.251254509018036032e+01 2.430054030244679572e-02
2.252028056112224164e+01 2.425209753163911491e-02
2.252801603206412651e+01 2.420316294229257759e-02
2.253575150300601138e+01 2.415970530241666817e-02
2.254348697394789625e+01 2.411723767110465419e-02
2.255122244488977756e+01 2.407622750180330937e-02
2.255895791583166243e+01 2.404152446505770577e-02
2.256669338677354730e+01 2.400627201806198111e-02
2.257442885771542862e+01 2.397685699260422923e-02
2.258216432865731349e+01 2.395104710512423879e-02
2.258989979959919836e+01 2.392457122939711800e-02
2.259763527054107968e+01 2.390795324267695060e-02
2.260537074148296455e+01 2.389102767273012726e-02
2.261310621242484942e+01 2.387651951180254015e-02
2.262084168336673429e+01 2.386635630609848166e-02
2.262857715430861560e+01 2.385598683089084487e-02
2.263631262525050047e+01 2.385214276857035298e-02
2.264404809619238534e+01 2.385000934669087927e-02
2.265178356713426666e+01 2.384814068232155373e-02
2.265951903807615153e+01 2.384917236322209658e-02
2.266725450901803640e+01 2.385034154883489826e-02
2.267498997995991772e+01 2.385166519562861853e-02
2.268272545090180259e+01 2.385310904711874375e-02
2.269046092184368746e+01 2.385456063167907745e-02
2.269819639278556878e+01 2.385555133554387308e-02
2.270593186372745365e+01 2.385666926029951507e-02
2.271366733466933852e+01 2.385550988171426107e-02
2.272140280561121983e+01 2.384929433765319712e-02
2.272913827655310470e+01 2.384351293185317175e-02
2.273687374749498957e+01 2.383225493150306282e-02
2.274460921843687089e+01 2.381897194472657603e-02
2.275234468937875576e+01 2.380519674380226353e-02
2.276008016032064063e+01 2.378382611301490049e-02
2.276781563126252195e+01 2.376258852893817566e-02
2.277555110220440682e+01 2.373526474678079590e-02
2.278328657314629169e+01 2.370147088330631577e-02
2.279102204408817656e+01 2.366801649397894114e-02
2.279875751503005787e+01 2.362594902642659034e-02
2.280649298597194274e+01 2.358272783767989544e-02
2.281422845691382761e+01 2.353772350974433006e-02
2.282196392785570893e+01 2.348760892636308703e-02
2.282969939879759380e+01 2.343719343753868090e-02
2.283743486973947867e+01 2.338183127605802242e-02
2.284517034068136354e+01 2.332386500185364142e-02
2.285290581162324486e+01 2.326560020235761417e-02
2.286064128256512973e+01 2.320245153594537035e-02
2.286837675350701460e+01 2.313919193433704863e-02
2.287611222444889592e+01 2.307509532878200889e-02
2.288384769539078079e+01 2.300992304377963427e-02
2.289158316633266566e+01 2.294451837317987644e-02
2.289931863727454697e+01 2.288022879703284496e-02
2.290705410821643184e+01 2.281611185397758312e-02
2.291478957915831671e+01 2.275251137864199233e-02
2.292252505010019803e+01 2.269109185988622129e-02
2.293026052104208290e+01 2.262984115251774273e-02
2.293799599198396777e+01 2.257185740618654693e-02
2.294573146292584909e+01 2.251597662249169365e-02
2.295346693386773396e+01 2.246011299270916917e-02
2.296120240480961883e+01 2.240808697742911054e-02
2.296893787575150014e+01 2.235629359049130793e-02
2.297667334669338501e+01 2.230597088259311453e-02
2.298440881763526988e+01 2.225803583367647748e-02
2.299214428857715120e+01 2.221047655119184894e-02
2.299987975951903607e+01 2.216720112845577476e-02
2.300761523046092094e+01 2.211941123892235267e-02
2.301535070140280581e+01 2.207237591102897967e-02
2.302308617234468713e+01 2.202903374955925836e-02
2.303082164328657200e+01 2.198589308169505291e-02
2.303855711422845687e+01 2.194530359774541847e-02
2.304629258517033819e+01 2.190694114425954103e-02
2.305402805611222306e+01 2.186884736802175919e-02
2.306176352705410793e+01 2.183505994840830716e-02
2.306949899799599280e+01 2.180174289194992260e-02
2.307723446893787411e+01 2.176996295235256521e-02
2.308496993987975898e+01 2.174136784319453952e-02
2.309270541082164385e+01 2.171271552485518411e-02
2.310044088176352517e+01 2.168792651220410872e-02
2.310817635270541004e+01 2.166480070190616308e-02
2.311591182364729491e+01 2.164212190918437043e-02
2.312364729458917623e+01 2.162383215507091005e-02
2.313138276553106110e+01 2.160549173574329365e-02
2.313911823647294597e+01 2.158938119989489701e-02
2.314685370741482728e+01 2.157565956199977014e-02
2.315458917835671215e+01 2.156180174202700084e-02
2.316232464929859702e+01 2.155245293719677477e-02
2.317006012024047834e+01 2.154368569690523136e-02
2.317779559118236321e+01 2.153578923688414040e-02
2.318553106212424808e+01 2.153058626496549485e-02
2.319326653306612940e+01 2.152539685461446126e-02
2.320100200400801427e+01 2.152265249429977101e-02
2.320873747494989914e+01 2.152122387721308247e-02
2.321647294589178045e+01 2.151979466262695512e-02
2.322420841683366532e+01 2.152064274785252251e-02
2.323194388777555019e+01 2.152149277483930701e-02
2.323967935871743506e+01 2.152196546940071675e-02
2.324741482965931638e+01 2.152195570465370925e-02
2.325515030060120125e+01 2.152209742172922838e-02
2.326288577154308612e+01 2.152121783135188191e-02
2.327062124248496744e+01 2.152017690939489469e-02
2.327835671342685231e+01 2.151900869210863002e-02
2.328609218436873718e+01 2.151701012171614719e-02
2.329382765531062205e+01 2.151510829964451907e-02
2.330156312625250337e+01 2.150892830834842326e-02
2.330929859719438824e+01 2.149981565419823923e-02
2.331703406813627311e+01 2.149083945860934958e-02
2.332476953907815442e+01 2.147641178883098051e-02
2.333250501002003929e+01 2.146200675635305880e-02
2.334024048096192416e+01 2.144534250375578627e-02
2.334797595190380548e+01 2.142468173619126864e-02
2.335571142284569035e+01 2.140407912172324206e-02
2.336344689378757522e+01 2.137724677659063460e-02
2.337118236472945654e+01 2.134847047591110700e-02
2.337891783567134141e+01 2.131856031688852265e-02
2.338665330661322628e+01 2.128119716303320322e-02
2.339438877755510759e+01 2.124393546652686773e-02
2.340212424849699246e+01 2.120405638914630436e-02
2.340985971943887733e+01 2.116186870835527756e-02
2.341759519038075865e+01 2.111968356930749718e-02
2.342533066132264352e+01 2.107227877166192170e-02
2.343306613226452839e+01 2.102450688395125084e-02
2.344080160320640971e+01 2.097522101435672984e-02
2.344853707414829458e+01 2.092248024185039065e-02
2.345627254509017945e+01 2.086981013524731587e-02
2.346400801603206432e+01 2.081636704265036122e-02
2.347174348697394564e+01 2.076261844292327102e-02
2.347947895791583051e+01 2.070852946621156224e-02
2.348721442885771538e+01 2.065072311647545705e-02
2.349494989979959669e+01 2.059294422395955768e-02
2.350268537074148156e+01 2.054226097324403366e-02
2.351042084168336643e+01 2.050267157135502588e-02
2.351815631262525130e+01 2.046327154575749638e-02
2.352589178356713262e+01 2.042477230319751647e-02
2.353362725450901749e+01 2.038661417197907416e-02
2.354136272545090236e+01 2.034870123266744810e-02
2.354909819639278368e+01 2.031175115240177118e-02
2.355683366733466855e+01 2.027501133658853039e-02
2.356456913827655342e+01 2.023845938792331878e-02
2.357230460921843473e+01 2.020235289501815662e-02
2.358004008016031960e+01 2.016691349511951642e-02
2.358777555110220447e+01 2.013058594777815749e-02
2.359551102204408579e+01 2.009478735020218607e-02
2.360324649298597066e+01 2.006003745695421683e-02
2.361098196392785553e+01 2.002663892595850370e-02
2.361871743486973685e+01 1.999390609218095610e-02
2.362645290581162172e+01 1.995783489519604298e-02
2.363418837675350659e+01 1.992163231699356496e-02
2.364192384769538791e+01 1.988519902178449358e-02
2.364965931863727278e+01 1.984513640252752800e-02
2.365739478957915765e+01 1.980609134914339611e-02
2.366513026052103896e+01 1.976457482909815822e-02
2.367286573146292383e+01 1.972135762053162447e-02
2.368060120240480870e+01 1.967858086688012084e-02
2.368833667334669357e+01 1.962380327449322198e-02
2.369607214428857489e+01 1.956877404147481028e-02
2.370380761523045976e+01 1.951055540783767916e-02
2.371154308617234463e+01 1.944684298277351425e-02
2.371927855711422595e+01 1.938363707869254771e-02
2.372701402805611082e+01 1.931490928054617820e-02
2.373474949899799569e+01 1.924408160401411272e-02
2.374248496993987700e+01 1.917215188308541221e-02
2.375022044088176187e+01 1.909610618583221578e-02
2.375795591182364674e+01 1.901907042029935685e-02
2.376569138276553161e+01 1.893720071296941740e-02
2.377342685370741293e+01 1.885088953758688041e-02
2.378116232464929780e+01 1.876404131263376823e-02
2.378889779559118267e+01 1.867679610554771538e-02
2.379663326653306399e+01 1.858866735216736787e-02
2.380436873747494886e+01 1.850547836229596982e-02
2.381210420841683373e+01 1.843468007252718061e-02
2.381983967935871505e+01 1.836263399540034522e-02
2.382757515030059992e+01 1.829613243084499477e-02
2.383531062124248479e+01 1.823159048832745377e-02
2.384304609218436610e+01 1.816792134174624596e-02
2.385078156312625097e+01 1.812190460972078546e-02
2.385851703406813584e+01 1.807532326356917074e-02
2.386625250501001716e+01 1.804215372526295560e-02
2.387398797595190203e+01 1.802363503508500400e-02
2.388172344689378690e+01 1.800399016692906182e-02
2.388945891783566822e+01 1.800532495810737432e-02
2.389719438877755309e+01 1.800958650308676773e-02
2.390492985971943796e+01 1.801789468544394077e-02
2.391266533066132283e+01 1.803926137540554780e-02
2.392040080160320414e+01 1.806084636562425155e-02
2.392813627254508901e+01 1.809591996152500742e-02
2.393587174348697388e+01 1.813812609939104842e-02
2.394360721442885520e+01 1.818049408786179266e-02
2.395134268537074007e+01 1.823898767696525286e-02
2.395907815631262494e+01 1.829745918452975809e-02
2.396681362725450626e+01 1.835530026055736189e-02
2.397454909819639113e+01 1.841236512760373659e-02
2.398228456913827600e+01 1.846988850514532168e-02
2.399002004008016087e+01 1.852541518018965133e-02
2.399775551102204219e+01 1.858069930377525061e-02
2.400549098196392706e+01 1.862438964505363365e-02
2.401322645290581193e+01 1.866066222817634040e-02
2.402096192384769324e+01 1.869690340964401745e-02
2.402869739478957811e+01 1.872348489273553684e-02
2.403643286573146298e+01 1.874302943694266393e-02
2.404416833667334430e+01 1.876249362546327654e-02
2.405190380761522917e+01 1.876821524455549867e-02
2.405963927855711404e+01 1.877366758128193314e-02
2.406737474949899536e+01 1.877548817935265763e-02
2.407511022044088023e+01 1.877067428173676000e-02
2.408284569138276510e+01 1.876549791192972869e-02
2.409058116232464641e+01 1.875464477977811101e-02
2.409831663326653128e+01 1.874136798607227081e-02
2.410605210420841615e+01 1.872637385668227822e-02
2.411378757515029747e+01 1.870262915604538681e-02
2.412152304609218234e+01 1.867857288067736876e-02
2.412925851703406721e+01 1.865124716206443753e-02
2.413699398797595208e+01 1.862085871228636932e-02
2.414472945891783340e+01 1.858995947661779002e-02
2.415246492985971827e+01 1.855728353475684725e-02
2.416020040080160314e+01 1.852385815552922907e-02
2.416793587174348446e+01 1.848912028314699668e-02
2.417567134268536932e+01 1.845220083829080329e-02
2.418340681362725419e+01 1.841482891565924054e-02
2.419114228456913551e+01 1.837432532678906147e-02
2.419887775551102038e+01 1.833228473640588496e-02
2.420661322645290525e+01 1.828980784983457245e-02
2.421434869739479012e+01 1.824491505027615867e-02
2.422208416833667144e+01 1.819974016632060210e-02
2.422981963927855631e+01 1.815283840264921705e-02
2.423755511022044118e+01 1.810407546190559783e-02
2.424529058116232250e+01 1.805510142218550232e-02
2.425302605210420737e+01 1.800306964196097745e-02
2.426076152304609224e+01 1.795045561825196756e-02
2.426849699398797355e+01 1.789682398359679349e-02
2.427623246492985842e+01 1.784021800109009473e-02
2.428396793587174329e+01 1.778353114944929494e-02
2.429170340681362461e+01 1.772314461247042824e-02
2.429943887775550948e+01 1.766061740927982876e-02
2.430717434869739435e+01 1.759804514409700829e-02
2.431490981963927567e+01 1.753512163911873784e-02
2.432264529058116054e+01 1.747217803319051077e-02
2.433038076152304541e+01 1.740868753553189222e-02
2.433811623246492672e+01 1.734441900034582040e-02
2.434585170340681159e+01 1.728013136447299758e-02
2.435358717434869646e+01 1.721435174857641540e-02
2.436132264529058133e+01 1.714820494155455330e-02
2.436905811623246265e+01 1.708203102799829218e-02
2.437679358717434752e+01 1.701570908664399792e-02
2.438452905811623239e+01 1.694941186320182702e-02
2.439226452905811371e+01 1.688225129727580903e-02
2.439999999999999858e+01 1.681443410647507838e-02
