9.500000000000000000e+00 3.571036984654862536e-05
9.504008016032063466e+00 3.571987521231851346e-05
9.508016032064128709e+00 3.572938141293497739e-05
9.512024048096192175e+00 3.573888844839796970e-05
9.516032064128255641e+00 3.574839631870751073e-05
9.520040080160320883e+00 3.575790515141928134e-05
9.524048096192384349e+00 3.576742744770134422e-05
9.528056112224449592e+00 3.577695058024496163e-05
9.532064128256513058e+00 3.578647454905013357e-05
9.536072144288576524e+00 3.579599935411683970e-05
9.540080160320641767e+00 3.580552499544510035e-05
9.544088176352705233e+00 3.581505147303489520e-05
9.548096192384768699e+00 3.582457878688625813e-05
9.552104208416833941e+00 3.583441744138298379e-05
9.556112224448897408e+00 3.584453810813418038e-05
9.560120240480962650e+00 3.585466024302012703e-05
9.564128256513026116e+00 3.586479584436787893e-05
9.568136272545089582e+00 3.587493253279147441e-05
9.572144288577154825e+00 3.588507030829096088e-05
9.576152304609218291e+00 3.589520917086630447e-05
9.580160320641281757e+00 3.590534912051751874e-05
9.584168336673347000e+00 3.591549015724460368e-05
9.588176352705410466e+00 3.592563228104755251e-05
9.592184368737475708e+00 3.593577549192637880e-05
9.596192384769539174e+00 3.594591978988106898e-05
9.600200400801602640e+00 3.595604709602759114e-05
9.604208416833667883e+00 3.596583119452179930e-05
9.608216432865731349e+00 3.597561622391660740e-05
9.612224448897794815e+00 3.598540218421202220e-05
9.616232464929860058e+00 3.599518907540805049e-05
9.620240480961923524e+00 3.600497689750468548e-05
9.624248496993988766e+00 3.601476565050193396e-05
9.628256513026052232e+00 3.602455533439979593e-05
9.632264529058115698e+00 3.603434594919825782e-05
9.636272545090180941e+00 3.604413749489733320e-05
9.640280561122244407e+00 3.605392997149700851e-05
9.644288577154307873e+00 3.606372337899729731e-05
9.648296593186373116e+00 3.607351771739820636e-05
9.652304609218436582e+00 3.608342529270398076e-05
9.656312625250501824e+00 3.609341683998743510e-05
9.660320641282565290e+00 3.610341042296165822e-05
9.664328657314628757e+00 3.611341678135951752e-05
9.668336673346693999e+00 3.612342415441247262e-05
9.672344689378757465e+00 3.613343254212052349e-05
9.676352705410820931e+00 3.614344194448364982e-05
9.680360721442886174e+00 3.615345351247304957e-05
9.684368737474949640e+00 3.616347773364592263e-05
9.688376753507014882e+00 3.617350297118205200e-05
9.692384769539078349e+00 3.618352922508144445e-05
9.696392785571141815e+00 3.619355649534409999e-05
9.700400801603207057e+00 3.620361240860310971e-05
9.704408817635270523e+00 3.621391791038028709e-05
9.708416833667333989e+00 3.622422454463449084e-05
9.712424849699399232e+00 3.623453231136571420e-05
9.716432865731462698e+00 3.624484121057394362e-05
9.720440881763526164e+00 3.659172328688564137e-05
9.724448897795591407e+00 3.966274624276791794e-05
9.728456913827654873e+00 4.273551094984901670e-05
9.732464929859720115e+00 4.581001769485713230e-05
9.736472945891783581e+00 4.888626676451503835e-05
9.740480961923847048e+00 5.317613384487845213e-05
9.744488977955912290e+00 6.635804933883422392e-05
9.748496993987975756e+00 7.954745735424844277e-05
9.752505010020039222e+00 9.274383611025328780e-05
9.756513026052104465e+00 1.059472025562138069e-04
9.760521042084167931e+00 1.180605832768277748e-04
9.764529058116233173e+00 1.228355056199964589e-04
9.768537074148296639e+00 1.276130413523713693e-04
9.772545090180360106e+00 1.323931908638549581e-04
9.776553106212425348e+00 1.371759545443497724e-04
9.780561122244488814e+00 1.405925087095076086e-04
9.784569138276552280e+00 1.356001198804172414e-04
9.788577154308617523e+00 1.306049647618776847e-04
9.792585170340680989e+00 1.256070429401351363e-04
9.796593186372746231e+00 1.206063540014270662e-04
9.800601202404809698e+00 1.169778750410714098e-04
9.804609218436873164e+00 1.211409777360875637e-04
9.808617234468938406e+00 1.253062013886143311e-04
9.812625250501001872e+00 1.294735462391079402e-04
9.816633266533065338e+00 1.336430125280301754e-04
9.820641282565130581e+00 1.385216677660554882e-04
9.824649298597194047e+00 1.471158575578495101e-04
9.828657314629259290e+00 1.557144273934501870e-04
9.832665330661322756e+00 1.643173777693200091e-04
9.836673346693386222e+00 1.729247091819329321e-04
9.840681362725451464e+00 1.810876911121539923e-04
9.844689378757514930e+00 1.870634051044536795e-04
9.848697394789578397e+00 1.930421566002895521e-04
9.852705410821643639e+00 1.990223975148754066e-04
9.856713426853707105e+00 2.050048153863045142e-04
9.860721442885772348e+00 2.147007681027378952e-04
9.864729458917835814e+00 2.413095713400083882e-04
9.868737474949899280e+00 2.679313604206059107e-04
9.872745490981964522e+00 2.945661365008669366e-04
9.876753507014027988e+00 3.212139007370928118e-04
9.880761523046091455e+00 3.499459287391017354e-04
9.884769539078156697e+00 3.875242859242015634e-04
9.888777555110220163e+00 4.251209605861256389e-04
9.892785571142283629e+00 4.627359543554264258e-04
9.896793587174348872e+00 5.003692688626563880e-04
9.900801603206412338e+00 5.342457673330549845e-04
9.904809619238477580e+00 5.530342852034989378e-04
9.908817635270541047e+00 5.718315385615944848e-04
9.912825651302604513e+00 5.906375279738456090e-04
9.916833667334669755e+00 6.094522540067560772e-04
9.920841683366733221e+00 6.284497641374564353e-04
9.924849699398798464e+00 6.481109942903017038e-04
9.928857715430861930e+00 6.677813501644645853e-04
9.932865731462925396e+00 6.874608323515824957e-04
9.936873747494990639e+00 7.071494414432924177e-04
9.940881763527054105e+00 7.294200339557004942e-04
9.944889779559117571e+00 7.608250295018028232e-04
9.948897795591182813e+00 7.922446149953562894e-04
9.952905811623246279e+00 8.236709663190831072e-04
9.956913827655309746e+00 8.551082316950211733e-04
9.960921843687374988e+00 8.891902513969148847e-04
9.964929859719438454e+00 9.320972382865867550e-04
9.968937875751503697e+00 9.750230612311556631e-04
9.972945891783567163e+00 1.017967720821404999e-03
9.976953907815630629e+00 1.060931217648175074e-03
9.980961923847695871e+00 1.111603116906784670e-03
9.984969939879759337e+00 1.186652926384694495e-03
9.988977955911822804e+00 1.261735742763149971e-03
9.992985971943888046e+00 1.336851567077536416e-03
9.996993987975951512e+00 1.412000400363140921e-03
1.000100200400801675e+01 1.492666944942429991e-03
1.000501002004008022e+01 1.589780141053054492e-03
1.000901803607214369e+01 1.686861606478683899e-03
1.001302605210420893e+01 1.783911340431285813e-03
1.001703406813627240e+01 1.880929342122697077e-03
1.002104208416833586e+01 1.986411863938194414e-03
1.002505010020040110e+01 2.116037638959709661e-03
1.002905811623246457e+01 2.245621113120144924e-03
1.003306613226452981e+01 2.375162285368995468e-03
1.003707414829659328e+01 2.504661154655527140e-03
1.004108216432865675e+01 2.653701969912666738e-03
1.004509018036072199e+01 2.855635307746802465e-03
1.004909819639278545e+01 3.057502431026825479e-03
1.005310621242484892e+01 3.259303338108695842e-03
1.005711422845691416e+01 3.461038027348376216e-03
1.006112224448897763e+01 3.686455435857402627e-03
1.006513026052104109e+01 3.972853825549481355e-03
1.006913827655310634e+01 4.259152402237654199e-03
1.007314629258516980e+01 4.545351163450114980e-03
1.007715430861723505e+01 4.831450106715566226e-03
1.008116232464929851e+01 5.137887282165043770e-03
1.008517034068136198e+01 5.494245517601756626e-03
1.008917835671342722e+01 5.850477403180583298e-03
1.009318637274549069e+01 6.206582935774997839e-03
1.009719438877755593e+01 6.562562112259106607e-03
1.010120240480961940e+01 6.967817489186871847e-03
1.010521042084168286e+01 7.488175661579014354e-03
1.010921843687374810e+01 8.008340602588216381e-03
1.011322645290581157e+01 8.528312312208135779e-03
1.011723446893787504e+01 9.048090790433123420e-03
1.012124248496994028e+01 9.646948534785136989e-03
1.012525050100200374e+01 1.042199619386727574e-02
1.012925851703406721e+01 1.119675582719098332e-02
1.013326653306613245e+01 1.197122743474783244e-02
1.013727454909819592e+01 1.274541101652837925e-02
1.014128256513026116e+01 1.360303648120247608e-02
1.014529058116232463e+01 1.463823541874395041e-02
1.014929859719438809e+01 1.567304851642125837e-02
1.015330661322645334e+01 1.670747577422312599e-02
1.015731462925851680e+01 1.774151719213688805e-02
1.016132264529058205e+01 1.887264315317724317e-02
1.016533066132264551e+01 2.020120460349438332e-02
1.016933867735470898e+01 2.152927031188166251e-02
1.017334669338677422e+01 2.285684027832458540e-02
1.017735470941883769e+01 2.418391450280688720e-02
1.018136272545090115e+01 2.567728589830497662e-02
1.018537074148296639e+01 2.749381361780659297e-02
1.018937875751502986e+01 2.930966289057255689e-02
1.019338677354709333e+01 3.112483371658302314e-02
1.019739478957915857e+01 3.293932609581814996e-02
1.020140280561122204e+01 3.496635415581423462e-02
1.020541082164328728e+01 3.738849299050455571e-02
1.020941883767535074e+01 3.980968686201638573e-02
1.021342685370741421e+01 4.222993579238273204e-02
1.021743486973947945e+01 4.464923980363665057e-02
1.022144288577154292e+01 4.734347066038984558e-02
1.022545090180360638e+01 5.052699087037255260e-02
1.022945891783567163e+01 5.370926560755997364e-02
1.023346693386773509e+01 5.689029490099228870e-02
1.023747494989980034e+01 6.007007877971531212e-02
1.024148296593186380e+01 6.358497675284909001e-02
1.024549098196392727e+01 6.767110644366809702e-02
1.024949899799599251e+01 7.175563589154493327e-02
1.025350701402805598e+01 7.583856513379493014e-02
1.025751503006011944e+01 7.991989420773884523e-02
1.026152304609218469e+01 8.447688412599582697e-02
1.026553106212424815e+01 8.981062165959423360e-02
1.026953907815631339e+01 9.514226457978781915e-02
1.027354709418837686e+01 1.004718129354274930e-01
1.027755511022044033e+01 1.057992667753715060e-01
1.028156312625250557e+01 1.116184919484471960e-01
1.028557114228456904e+01 1.182077378716459293e-01
1.028957915831663250e+01 1.247943979298897083e-01
1.029358717434869774e+01 1.313784721834959091e-01
1.029759519038076121e+01 1.379599606927731648e-01
1.030160320641282468e+01 1.445550920786923543e-01
1.030561122244488992e+01 1.511720230136111010e-01
1.030961923847695338e+01 1.577864286654338810e-01
1.031362725450901863e+01 1.643983090466982766e-01
1.031763527054108209e+01 1.710076641699299904e-01
1.032164328657314556e+01 1.772201818554124675e-01
1.032565130260521080e+01 1.828630101818936871e-01
1.032965931863727427e+01 1.885036831247369760e-01
1.033366733466933951e+01 1.941422006946436074e-01
1.033767535070140298e+01 1.997785629023047238e-01
1.034168336673346644e+01 2.049987400291560236e-01
1.034569138276553169e+01 2.096453151076932975e-01
1.034969939879759515e+01 2.142901695486210401e-01
1.035370741482965862e+01 2.189333033604777823e-01
1.035771543086172386e+01 2.235747165518019997e-01
1.036172344689378733e+01 2.277966029255223124e-01
1.036573146292585079e+01 2.314632580845694121e-01
1.036973947895791603e+01 2.351286479221011694e-01
1.037374749498997950e+01 2.387927724443877631e-01
1.037775551102204474e+01 2.424556316577059223e-01
1.038176352705410821e+01 2.455358445361295605e-01
1.038577154308617168e+01 2.478751764930906265e-01
1.038977955911823692e+01 2.502136929782048935e-01
1.039378757515030038e+01 2.525513939955138509e-01
1.039779559118236385e+01 2.548882795490619579e-01
1.040180360721442909e+01 2.566229276406058468e-01
1.040581162324649256e+01 2.576220211127894788e-01
1.040981963927855780e+01 2.586207573046871433e-01
1.041382765531062127e+01 2.596191362180084727e-01
1.041783567134268473e+01 2.606171578544645984e-01
1.042184368737474998e+01 2.615565257596384474e-01
1.042585170340681344e+01 2.624271326469396204e-01
1.042985971943887691e+01 2.632974250374203740e-01
1.043386773547094215e+01 2.641674029325870032e-01
1.043787575150300562e+01 2.650370663339447486e-01
1.044188376753507086e+01 2.659854348208248176e-01
1.044589178356713433e+01 2.670225535039662534e-01
1.044989979959919779e+01 2.680592998797515225e-01
1.045390781563126303e+01 2.690956739499638650e-01
1.045791583166332650e+01 2.701316757163848004e-01
1.046192384769538997e+01 2.706648182387801360e-01
1.046593186372745521e+01 2.706534942378832631e-01
1.046993987975951867e+01 2.706421582489912381e-01
1.047394789579158392e+01 2.706308102721622921e-01
1.047795591182364738e+01 2.706194503074544899e-01
1.048196392785571085e+01 2.703996296755736828e-01
1.048597194388777609e+01 2.699629496239090987e-01
1.048997995991983956e+01 2.695264043714641899e-01
1.049398797595190302e+01 2.690899939175941391e-01
1.049799599198396827e+01 2.686537182616542396e-01
1.050200400801603173e+01 2.684162572412301939e-01
1.050601202404809698e+01 2.683775039748865221e-01
1.051002004008016044e+01 2.683387429973872473e-01
1.051402805611222391e+01 2.682999743087699507e-01
1.051803607214428915e+01 2.682611979090724907e-01
1.052204408817635262e+01 2.683139817883051781e-01
1.052605210420841608e+01 2.684546770187821174e-01
1.053006012024048133e+01 2.685952876827642499e-01
1.053406813627254479e+01 2.687358137806562519e-01
1.053807615230460826e+01 2.688762553128635213e-01
1.054208416833667350e+01 2.693779009722436224e-01
1.054609218436873697e+01 2.702127332101436630e-01
1.055010020040080221e+01 2.710471833700632827e-01
1.055410821643286567e+01 2.718812514538292424e-01
1.055811623246492914e+01 2.727149374632691359e-01
1.056212424849699438e+01 2.737383541444985413e-01
1.056613226452905785e+01 2.749298609586935949e-01
1.057014028056112309e+01 2.761208310076967987e-01
1.057414829659318656e+01 2.773112642940740447e-01
1.057815631262525002e+01 2.785011608203927236e-01
1.058216432865731527e+01 2.792444204347360737e-01
1.058617234468937873e+01 2.796074052038857727e-01
1.059018036072144220e+01 2.799702079626699702e-01
1.059418837675350744e+01 2.803328287119599138e-01
1.059819639278557091e+01 2.806952674526263514e-01
1.060220440881763437e+01 2.803980407211622561e-01
1.060621242484969962e+01 2.795614546125911870e-01
1.061022044088176308e+01 2.787252026101824653e-01
1.061422845691382832e+01 2.778892847127752419e-01
1.061823647294589179e+01 2.770537009192102218e-01
1.062224448897795526e+01 2.764655049415927213e-01
1.062625250501002050e+01 2.760716085307665657e-01
1.063026052104208397e+01 2.756778562637089980e-01
1.063426853707414743e+01 2.752842481399195851e-01
1.063827655310621267e+01 2.748907841588980050e-01
1.064228456913827614e+01 2.750667364267727621e-01
1.064629258517033961e+01 2.756719453842843004e-01
1.065030060120240485e+01 2.762768674785019973e-01
1.065430861723446831e+01 2.768815027104223891e-01
1.065831663326653356e+01 2.774858510810430112e-01
1.066232464929859702e+01 2.778435809611514151e-01
1.066633266533066049e+01 2.780227831786429848e-01
1.067034068136272573e+01 2.782018723015304840e-01
1.067434869739478920e+01 2.783808483302072645e-01
1.067835671342685444e+01 2.785597112650670115e-01
1.068236472945891791e+01 2.784784134470428829e-01
1.068637274549098137e+01 2.782164553079570779e-01
1.069038076152304662e+01 2.779545901854980627e-01
1.069438877755511008e+01 2.776928180793434286e-01
1.069839679358717355e+01 2.774311389891703228e-01
1.070240480961923879e+01 2.773391402562831454e-01
1.070641282565130226e+01 2.773601853676433415e-01
1.071042084168336572e+01 2.773811892069693585e-01
1.071442885771543096e+01 2.774021517745803300e-01
1.071843687374749443e+01 2.774230730707954451e-01
1.072244488977955967e+01 2.771802326877576550e-01
1.072645290581162314e+01 2.767689092922864802e-01
1.073046092184368661e+01 2.763577513183411716e-01
1.073446893787575185e+01 2.759467587646555198e-01
1.073847695390781531e+01 2.755359316299634265e-01
1.074248496993988056e+01 2.744470737984620601e-01
1.074649298597194402e+01 2.729431371242982407e-01
1.075050100200400749e+01 2.714398897225663854e-01
1.075450901803607273e+01 2.699373315879814994e-01
1.075851703406813620e+01 2.684354627152603645e-01
1.076252505010019966e+01 2.663415051771836906e-01
1.076653306613226491e+01 2.639004665181144960e-01
1.077054108216432837e+01 2.614605699145061690e-01
1.077454909819639184e+01 2.590218153575997717e-01
1.077855711422845708e+01 2.565842028386360885e-01
1.078256513026052055e+01 2.540392185009216486e-01
1.078657314629258579e+01 2.514344039854143342e-01
1.079058116232464926e+01 2.488308129947417735e-01
1.079458917835671272e+01 2.462284455195195010e-01
1.079859719438877796e+01 2.436273015503630512e-01
1.080260521042084143e+01 2.407634293361513300e-01
1.080661322645290667e+01 2.377587584165001822e-01
1.081062124248497014e+01 2.347554388518187929e-01
1.081462925851703361e+01 2.317534706795308930e-01
1.081863727454909885e+01 2.287528539370601854e-01
1.082264529058116231e+01 2.252659217577022976e-01
1.082665330661322578e+01 2.215294023961443259e-01
1.083066132264529102e+01 2.177945763413067781e-01
1.083466933867735449e+01 2.140614436400721521e-01
1.083867735470941795e+01 2.103300043393180607e-01
1.084268537074148320e+01 2.060795535296177372e-01
1.084669338677354666e+01 2.015746309459796048e-01
1.085070140280561191e+01 1.970717628130488341e-01
1.085470941883767537e+01 1.925709491876906321e-01
1.085871743486973884e+01 1.880721901267641272e-01
1.086272545090180408e+01 1.830180967232506728e-01
1.086673346693386755e+01 1.777040719223750287e-01
1.087074148296593101e+01 1.723924764054941827e-01
1.087474949899799626e+01 1.670833102398316672e-01
1.087875751503005972e+01 1.617765734926181753e-01
1.088276553106212319e+01 1.559925771537972461e-01
1.088677354709418843e+01 1.499957762171367781e-01
1.089078156312625190e+01 1.440017342972393921e-01
1.089478957915831714e+01 1.380104514704284802e-01
1.089879759519038060e+01 1.320219278130383145e-01
1.090280561122244407e+01 1.259377406526646925e-01
1.090681362725450931e+01 1.198141982757804508e-01
1.091082164328657278e+01 1.136934936566174753e-01
1.091482965931863802e+01 1.075756268604795979e-01
1.091883767535070149e+01 1.014605979526817109e-01
1.092284569138276495e+01 9.642291076400059946e-02
1.092685370741483020e+01 9.182634303467925030e-02
1.093086172344689366e+01 8.723191117702397412e-02
1.093486973947895713e+01 8.263961524018259563e-02
1.093887775551102237e+01 7.804945527330293953e-02
1.094288577154308584e+01 7.429073717941117594e-02
1.094689378757514930e+01 7.085622550798996444e-02
1.095090180360721455e+01 6.742334124817127294e-02
1.095490981963927801e+01 6.399208443738356455e-02
1.095891783567134325e+01 6.056245511304932105e-02
1.096292585170340672e+01 5.753679243788995673e-02
1.096693386773547019e+01 5.466138354182557141e-02
1.097094188376753543e+01 5.178738935720713504e-02
1.097494989979959890e+01 4.891480991653340826e-02
1.097895791583166414e+01 4.604364525229806548e-02
1.098296593186372760e+01 4.361369208671000280e-02
1.098697394789579107e+01 4.133942239041468042e-02
1.099098196392785631e+01 3.906627499479552873e-02
1.099498997995991978e+01 3.679424992563076757e-02
1.099899799599198325e+01 3.452334720869565388e-02
1.100300601202404849e+01 3.266530931555058220e-02
1.100701402805611195e+01 3.094520029166636030e-02
1.101102204408817542e+01 2.922570966423491609e-02
1.101503006012024066e+01 2.750683744342630882e-02
1.101903807615230413e+01 2.578858363941290491e-02
1.102304609218436937e+01 2.439490660790397808e-02
1.102705410821643284e+01 2.310401521200837124e-02
1.103106212424849630e+01 2.181358835545828961e-02
1.103507014028056155e+01 2.052362604589305639e-02
1.103907815631262501e+01 1.923412829095372603e-02
1.104308617234468848e+01 1.823007424048158839e-02
1.104709418837675372e+01 1.731149002463721470e-02
1.105110220440881719e+01 1.639323662706967596e-02
1.105511022044088065e+01 1.547531405321899388e-02
1.105911823647294590e+01 1.455772230852518841e-02
1.106312625250500936e+01 1.385207859022675146e-02
1.106713426853707460e+01 1.320636568213505446e-02
1.107114228456913807e+01 1.256088594378467274e-02
1.107515030060120154e+01 1.191563937900947008e-02
1.107915831663326678e+01 1.127062599164333628e-02
1.108316633266533024e+01 1.073802745493680419e-02
1.108717434869739549e+01 1.023543610544066021e-02
1.109118236472945895e+01 9.733026053967433477e-03
1.109519038076152242e+01 9.230797303498114448e-03
1.109919839679358766e+01 8.728749857013691840e-03
1.110320641282565113e+01 8.311300485928551501e-03
1.110721442885771459e+01 7.915093560703525058e-03
1.111122244488977984e+01 7.519020098491904260e-03
1.111523046092184330e+01 7.123080107202355883e-03
1.111923847695390677e+01 6.727273594743013278e-03
1.112324649298597201e+01 6.400636828484532193e-03
1.112725450901803548e+01 6.090301345233609283e-03
1.113126252505010072e+01 5.780070741810073437e-03
1.113527054108216419e+01 5.469945024426258254e-03
1.113927855711422765e+01 5.159924199294093142e-03
1.114328657314629289e+01 4.915708322863199253e-03
1.114729458917835636e+01 4.685994402337861561e-03
1.115130260521042160e+01 4.456358016433216440e-03
1.115531062124248507e+01 4.226799169741983324e-03
1.115931863727454854e+01 3.997317866856577202e-03
1.116332665330661378e+01 3.817453778507487808e-03
1.116733466933867724e+01 3.647795511665610172e-03
1.117134268537074071e+01 3.478194680965572549e-03
1.117535070140280595e+01 3.308651289808044876e-03
1.117935871743486942e+01 3.139165341593923905e-03
1.118336673346693289e+01 3.005722580312969287e-03
1.118737474949899813e+01 2.879178284259732538e-03
1.119138276553106159e+01 2.752676863039954513e-03
1.119539078156312684e+01 2.626218319191668798e-03
1.119939879759519030e+01 2.499802655253131455e-03
1.120340681362725377e+01 2.399670517254547802e-03
1.120741482965931901e+01 2.304203102677136218e-03
1.121142284569138248e+01 2.208768991882934570e-03
1.121543086172344772e+01 2.113368186303322179e-03
1.121943887775551119e+01 2.018000687369848802e-03
1.122344689378757465e+01 1.937287815601264904e-03
1.122745490981963989e+01 1.858982867918154355e-03
1.123146292585170336e+01 1.780705209253119654e-03
1.123547094188376683e+01 1.702454840779063939e-03
1.123947895791583207e+01 1.624231763668890346e-03
1.124348697394789554e+01 1.545378620368496186e-03
1.124749498997995900e+01 1.466453217784021226e-03
1.125150300601202424e+01 1.387553690801867235e-03
1.125551102204408771e+01 1.308680040539178567e-03
1.125951903807615295e+01 1.229832268112957330e-03
1.126352705410821642e+01 1.155178117399586774e-03
1.126753507014027988e+01 1.081116401404489747e-03
1.127154308617234513e+01 1.007078679381139029e-03
1.127555110220440859e+01 9.330649523662938420e-04
1.127955911823647206e+01 8.590752213966148512e-04
1.128356713426853730e+01 8.007669138995807514e-04
1.128757515030060077e+01 7.444123869724126241e-04
1.129158316633266423e+01 6.880761393009608793e-04
1.129559118236472948e+01 6.317581716748519108e-04
1.129959919839679294e+01 5.754584848837876812e-04
1.130360721442885819e+01 5.352909394545266562e-04
1.130761523046092165e+01 4.969268384592592357e-04
1.131162324649298512e+01 4.585754763589224340e-04
1.131563126252505036e+01 4.202368535580859122e-04
1.131963927855711383e+01 3.819109704613702348e-04
1.132364729458917907e+01 3.571072982310296152e-04
1.132765531062124253e+01 3.336477451378222795e-04
1.133166332665330600e+01 3.101959873864261821e-04
1.133567134268537124e+01 2.867520252243875556e-04
1.133967935871743471e+01 2.633158588992839120e-04
1.134368737474949818e+01 2.425310648151302723e-04
1.134769539078156342e+01 2.219830380779985236e-04
1.135170340681362688e+01 2.014418650032585671e-04
1.135571142284569035e+01 1.809075458084947086e-04
1.135971943887775559e+01 1.603800807112913890e-04
1.136372745490981906e+01 1.429871356531056833e-04
1.136773547094188430e+01 1.258353752614654061e-04
1.137174348697394777e+01 1.086893446466065172e-04
1.137575150300601123e+01 9.154904399040726464e-05
1.137975951903807648e+01 7.441447347474593763e-05
1.138376753507013994e+01 6.604856128576420656e-05
1.138777555110220518e+01 5.824468786326070870e-05
1.139178356713426865e+01 5.044342382586761506e-05
1.139579158316633212e+01 4.264476925640506283e-05
1.139979959919839736e+01 3.484872423769320955e-05
1.140380761523046083e+01 3.445372827339570129e-05
1.140781563126252429e+01 3.444818887564606626e-05
1.141182364729458953e+01 3.444264927271823774e-05
1.141583166332665300e+01 3.443710946461222926e-05
1.141983967935871647e+01 3.443156945132803406e-05
1.142384769539078171e+01 3.442601689479657525e-05
1.142785571142284518e+01 3.442046361857830765e-05
1.143186372745491042e+01 3.441491013675079488e-05
1.143587174348697388e+01 3.440935644931404370e-05
1.143987975951903735e+01 3.440380255626806767e-05
1.144388777555110259e+01 3.439824845761285324e-05
1.144789579158316606e+01 3.439269415334839363e-05
1.145190380761522952e+01 3.438713964347471595e-05
1.145591182364729477e+01 3.438158492799179986e-05
1.145991983967935823e+01 3.437603000689963182e-05
1.146392785571142170e+01 3.437046228297393628e-05
1.146793587174348694e+01 3.436489409592606505e-05
1.147194388777555041e+01 3.435932570283791728e-05
1.147595190380761565e+01 3.435375710370947266e-05
1.147995991983967912e+01 3.434818829854075829e-05
1.148396793587174258e+01 3.434263201416600230e-05
1.148797595190380783e+01 3.433707565273373853e-05
1.149198396793587129e+01 3.433151908569224314e-05
1.149599198396793653e+01 3.432596231304149578e-05
1.150000000000000000e+01 3.432040533478153036e-05
