2.044000000000000128e+01 4.179689999999999794e-03
2.048320000000000007e+01 4.179689999999999794e-03
2.052649999999999864e+01 4.179689999999999794e-03
2.056970000000000098e+01 4.179689999999999794e-03
2.061289999999999978e+01 4.179689999999999794e-03
2.065619999999999834e+01 4.179689999999999794e-03
2.069940000000000069e+01 4.179689999999999794e-03
2.074259999999999948e+01 4.179689999999999794e-03
2.078590000000000160e+01 4.179689999999999794e-03
2.082910000000000039e+01 4.179689999999999794e-03
2.087229999999999919e+01 4.179689999999999794e-03
2.091560000000000130e+01 4.179689999999999794e-03
2.095880000000000010e+01 4.179689999999999794e-03
2.100199999999999889e+01 4.179689999999999794e-03
2.104530000000000101e+01 4.179689999999999794e-03
2.108849999999999980e+01 4.179689999999999794e-03
2.113169999999999860e+01 4.179689999999999794e-03
2.117490000000000094e+01 4.179689999999999794e-03
2.121819999999999951e+01 4.179689999999999794e-03
2.126139999999999830e+01 4.179689999999999794e-03
2.130460000000000065e+01 4.179689999999999794e-03
2.134789999999999921e+01 4.179689999999999794e-03
2.139110000000000156e+01 4.179689999999999794e-03
2.143430000000000035e+01 4.179689999999999794e-03
2.147759999999999891e+01 4.179689999999999794e-03
2.152080000000000126e+01 4.179689999999999794e-03
2.156400000000000006e+01 4.179689999999999794e-03
2.160729999999999862e+01 4.179689999999999794e-03
2.165050000000000097e+01 4.179689999999999794e-03
2.169369999999999976e+01 4.179689999999999794e-03
2.173699999999999832e+01 4.179689999999999794e-03
2.178020000000000067e+01 4.179689999999999794e-03
2.182339999999999947e+01 4.179689999999999794e-03
2.186670000000000158e+01 4.179689999999999794e-03
2.190990000000000038e+01 4.179689999999999794e-03
2.195309999999999917e+01 4.179689999999999794e-03
2.199640000000000128e+01 4.179689999999999794e-03
2.203960000000000008e+01 4.179689999999999794e-03
2.208279999999999887e+01 4.179689999999999794e-03
2.212610000000000099e+01 4.179689999999999794e-03
2.216929999999999978e+01 4.179689999999999794e-03
2.221249999999999858e+01 4.179689999999999794e-03
2.225580000000000069e+01 4.179689999999999794e-03
2.229899999999999949e+01 4.179689999999999794e-03
2.234219999999999828e+01 4.179689999999999794e-03
2.238550000000000040e+01 4.179689999999999794e-03
2.242869999999999919e+01 4.179689999999999794e-03
2.247190000000000154e+01 4.179689999999999794e-03
2.251520000000000010e+01 4.179689999999999794e-03
2.255839999999999890e+01 4.179689999999999794e-03
2.260160000000000124e+01 4.179689999999999794e-03
2.264480000000000004e+01 4.179689999999999794e-03
2.268809999999999860e+01 4.179689999999999794e-03
2.273130000000000095e+01 4.179689999999999794e-03
2.277449999999999974e+01 4.179689999999999794e-03
2.281779999999999831e+01 4.179689999999999794e-03
2.286100000000000065e+01 4.179689999999999794e-03
2.290419999999999945e+01 4.179689999999999794e-03
2.294750000000000156e+01 4.179689999999999794e-03
2.299070000000000036e+01 4.179689999999999794e-03
2.303389999999999915e+01 4.179689999999999794e-03
2.307720000000000127e+01 4.179689999999999794e-03
2.312040000000000006e+01 4.179689999999999794e-03
2.316359999999999886e+01 4.179689999999999794e-03
2.320690000000000097e+01 4.179689999999999794e-03
2.325009999999999977e+01 4.179689999999999794e-03
2.329329999999999856e+01 4.179689999999999794e-03
2.333660000000000068e+01 4.179689999999999794e-03
2.337979999999999947e+01 4.179689999999999794e-03
2.342299999999999827e+01 4.179689999999999794e-03
2.346630000000000038e+01 4.179689999999999794e-03
2.350949999999999918e+01 4.179689999999999794e-03
2.355270000000000152e+01 4.179689999999999794e-03
2.359600000000000009e+01 4.179689999999999794e-03
2.363919999999999888e+01 4.179689999999999794e-03
2.368240000000000123e+01 4.179689999999999794e-03
2.372569999999999979e+01 4.179689999999999794e-03
2.376889999999999858e+01 4.179689999999999794e-03
2.381210000000000093e+01 4.179689999999999794e-03
2.385539999999999949e+01 4.179689999999999794e-03
2.389859999999999829e+01 4.179689999999999794e-03
2.394180000000000064e+01 4.179689999999999794e-03
2.398509999999999920e+01 4.179689999999999794e-03
2.402830000000000155e+01 4.179689999999999794e-03
2.407150000000000034e+01 4.179689999999999794e-03
2.411469999999999914e+01 4.179689999999999794e-03
2.415800000000000125e+01 4.179689999999999794e-03
2.420120000000000005e+01 4.179689999999999794e-03
2.424439999999999884e+01 4.179689999999999794e-03
2.428770000000000095e+01 4.179689999999999794e-03
2.433089999999999975e+01 4.179689999999999794e-03
2.437409999999999854e+01 4.179689999999999794e-03
2.441740000000000066e+01 4.179689999999999794e-03
2.446059999999999945e+01 4.179689999999999794e-03
2.450379999999999825e+01 4.179689999999999794e-03
2.454710000000000036e+01 4.179689999999999794e-03
2.459029999999999916e+01 4.179689999999999794e-03
2.463350000000000151e+01 4.179689999999999794e-03
2.467680000000000007e+01 4.179689999999999794e-03
2.471999999999999886e+01 4.179689999999999794e-03
