8.650000000000000355e+00 1.315525185287932108e-01
8.652985971943888188e+00 1.315343246766277063e-01
8.655971943887776021e+00 1.315135105251169778e-01
8.658957915831663854e+00 1.314912394007651253e-01
8.661943887775551687e+00 1.314674497398661546e-01
8.664929859719439520e+00 1.314423771057889601e-01
8.667915831663327353e+00 1.314163004682680491e-01
8.670901803607215186e+00 1.313891913992550620e-01
8.673887775551103019e+00 1.313616363479640781e-01
8.676873747494990852e+00 1.313335261245838770e-01
8.679859719438878685e+00 1.313052957263575182e-01
8.682845691382766518e+00 1.312773700873473837e-01
8.685831663326654350e+00 1.312495988104827871e-01
8.688817635270542183e+00 1.312223793332516764e-01
8.691803607214430016e+00 1.312450643759405788e-01
8.694789579158317849e+00 1.313003107450851914e-01
8.697775551102203906e+00 1.313556187161380451e-01
8.700761523046091739e+00 1.314291372343964481e-01
8.703747494989979572e+00 1.315026321003005816e-01
8.706733466933867405e+00 1.315722916646350493e-01
8.709719438877755238e+00 1.316312651598607331e-01
8.712705410821643071e+00 1.316891476418140527e-01
8.715691382765530903e+00 1.317577788480461531e-01
8.718677354709418736e+00 1.318343934932225681e-01
8.721663326653306569e+00 1.319099188014379587e-01
8.724649298597194402e+00 1.319710861645167765e-01
8.727635270541082235e+00 1.320298470767107823e-01
8.730621242484970068e+00 1.320913140334898650e-01
8.733607214428857901e+00 1.321658177941215095e-01
8.736593186372745734e+00 1.322400668662403744e-01
8.739579158316633567e+00 1.323010602378919542e-01
8.742565130260521400e+00 1.323507782221749196e-01
8.745551102204409233e+00 1.324008249248276037e-01
8.748537074148297066e+00 1.324561642767220215e-01
8.751523046092184899e+00 1.325141714932763781e-01
8.754509018036072732e+00 1.325716549127676780e-01
8.757494989979960565e+00 1.326193108455679948e-01
8.760480961923848398e+00 1.326683645237559661e-01
8.763466933867736230e+00 1.327251676701864946e-01
8.766452905811624063e+00 1.327900573129316697e-01
8.769438877755511896e+00 1.328564293405820329e-01
8.772424849699399729e+00 1.329092145483083687e-01
8.775410821643287562e+00 1.329598166578798146e-01
8.778396793587175395e+00 1.330128125320498012e-01
8.781382765531063228e+00 1.330741700933870397e-01
8.784368737474951061e+00 1.331368368396576851e-01
8.787354709418838894e+00 1.331920761338695469e-01
8.790340681362724951e+00 1.332380567469421684e-01
8.793326653306612783e+00 1.332854825213906913e-01
8.796312625250500616e+00 1.333431307687740763e-01
8.799298597194388449e+00 1.334049927744732078e-01
8.802284569138276282e+00 1.334668229374998127e-01
8.805270541082164115e+00 1.335176402299582399e-01
8.808256513026051948e+00 1.335699096716910783e-01
8.811242484969939781e+00 1.336316727750825328e-01
8.814228456913827614e+00 1.337065485379502761e-01
8.817214428857715447e+00 1.337820481526771632e-01
8.820200400801603280e+00 1.338467335693055704e-01
8.823186372745491113e+00 1.339077469247269558e-01
8.826172344689378946e+00 1.339696299395970180e-01
8.829158316633266779e+00 1.340460435829139985e-01
8.832144288577154612e+00 1.341224801171307102e-01
8.835130260521042445e+00 1.341865389122752494e-01
8.838116232464930278e+00 1.342297464940040985e-01
8.841102204408818110e+00 1.342739228929243356e-01
8.844088176352705943e+00 1.343235408699381683e-01
8.847074148296593776e+00 1.343761185285082538e-01
8.850060120240481609e+00 1.344299861639608185e-01
8.853046092184369442e+00 1.344691350913247707e-01
8.856032064128257275e+00 1.345098760990140752e-01
8.859018036072145108e+00 1.345543534305058408e-01
8.862004008016032941e+00 1.346046000344538474e-01
8.864989979959920774e+00 1.346564363257780617e-01
8.867975951903808607e+00 1.346994854235427364e-01
8.870961923847696440e+00 1.347388986042834247e-01
8.873947895791584273e+00 1.347805337779695856e-01
8.876933867735472106e+00 1.348283213948396897e-01
8.879919839679359939e+00 1.348783342263236151e-01
8.882905811623245995e+00 1.349229066819077061e-01
8.885891783567133828e+00 1.349572718074321109e-01
8.888877755511021661e+00 1.349931308491040816e-01
8.891863727454909494e+00 1.350319238453439319e-01
8.894849699398797327e+00 1.350727820911807875e-01
8.897835671342685160e+00 1.351136578051121417e-01
8.900821643286572993e+00 1.351249649435295741e-01
8.903807615230460826e+00 1.351321184673808795e-01
8.906793587174348659e+00 1.351404057290581384e-01
8.909779559118236492e+00 1.351532713811633979e-01
8.912765531062124325e+00 1.351657705634288775e-01
8.915751503006012157e+00 1.351773068125276533e-01
8.918737474949899990e+00 1.351883812110481198e-01
8.921723446893787823e+00 1.352000037947110045e-01
8.924709418837675656e+00 1.352191683666270905e-01
8.927695390781563489e+00 1.352401932695455888e-01
8.930681362725451322e+00 1.352629418900238578e-01
8.933667334669339155e+00 1.352868420518895942e-01
8.936653306613226988e+00 1.353131019903648091e-01
8.939639278557114821e+00 1.353410915763590960e-01
8.942625250501002654e+00 1.353707961318361686e-01
8.945611222444890487e+00 1.354030628678351000e-01
8.948597194388778320e+00 1.354221060034452029e-01
8.951583166332666153e+00 1.354399171914119071e-01
8.954569138276553986e+00 1.354579147096977021e-01
8.957555110220441819e+00 1.354750908357257866e-01
8.960541082164329652e+00 1.354927122554052121e-01
8.963527054108217484e+00 1.355018301716640616e-01
8.966513026052105317e+00 1.355028119519159080e-01
8.969498997995993150e+00 1.355029786761028088e-01
8.972484969939880983e+00 1.355066558916138419e-01
8.975470941883767040e+00 1.355105959054455078e-01
8.978456913827654873e+00 1.355136002033877629e-01
8.981442885771542706e+00 1.355143322852538079e-01
8.984428857715430539e+00 1.355148680243148662e-01
8.987414829659318372e+00 1.355158792672121471e-01
8.990400801603206205e+00 1.355174115736681451e-01
8.993386773547094037e+00 1.355194012474195409e-01
8.996372745490981870e+00 1.355185107313901793e-01
8.999358717434869703e+00 1.355171927431500500e-01
9.002344689378757536e+00 1.355052439814795617e-01
9.005330661322645369e+00 1.354898149889696979e-01
9.008316633266533202e+00 1.354748688404211199e-01
9.011302605210421035e+00 1.354580812261324263e-01
9.014288577154308868e+00 1.354387778657892283e-01
9.017274549098196701e+00 1.354200624260816777e-01
9.020260521042084534e+00 1.353981653939027308e-01
9.023246492985972367e+00 1.353756567140637912e-01
9.026232464929860200e+00 1.353539774576989485e-01
9.029218436873748033e+00 1.353328084821171229e-01
9.032204408817635866e+00 1.353125195542032866e-01
9.035190380761523699e+00 1.352909189117707800e-01
9.038176352705411531e+00 1.352668145524004439e-01
9.041162324649299364e+00 1.352435637240539390e-01
9.044148296593187197e+00 1.352200834045684530e-01
9.047134268537075030e+00 1.351970064370273672e-01
9.050120240480962863e+00 1.351739013576113979e-01
9.053106212424850696e+00 1.351451955318667686e-01
9.056092184368738529e+00 1.351165262997913452e-01
9.059078156312626362e+00 1.350831574154237602e-01
9.062064128256514195e+00 1.350422770843255349e-01
9.065050100200402028e+00 1.350005701824092963e-01
9.068036072144289861e+00 1.349529802310773241e-01
9.071022044088177694e+00 1.349021092456319237e-01
9.074008016032063750e+00 1.348501946397880069e-01
9.076993987975951583e+00 1.348047107742648965e-01
9.079979959919839416e+00 1.347581841456349794e-01
9.082965931863727249e+00 1.347082432306014599e-01
9.085951903807615082e+00 1.346517263055591607e-01
9.088937875751502915e+00 1.345947762181294582e-01
9.091923847695390748e+00 1.345527916624458253e-01
9.094909819639278581e+00 1.345190210906210826e-01
9.097895791583166414e+00 1.344852660396748667e-01
9.100881763527054247e+00 1.344440801605796265e-01
9.103867735470942080e+00 1.344020521343231578e-01
9.106853707414829913e+00 1.343602869892066842e-01
9.109839679358717746e+00 1.343192390352842269e-01
9.112825651302605579e+00 1.342780433005497653e-01
9.115811623246493411e+00 1.342323646915324353e-01
9.118797595190381244e+00 1.341834850239707055e-01
9.121783567134269077e+00 1.341339516590995540e-01
9.124769539078156910e+00 1.340912750581629842e-01
9.127755511022044743e+00 1.340482187494774768e-01
9.130741482965932576e+00 1.340030946347829377e-01
9.133727454909820409e+00 1.339536205062442087e-01
9.136713426853708242e+00 1.339031124452006727e-01
9.139699398797596075e+00 1.338567167116710976e-01
9.142685370741483908e+00 1.338134060014130322e-01
9.145671342685371741e+00 1.337694493443151167e-01
9.148657314629259574e+00 1.337163972322841232e-01
9.151643286573147407e+00 1.336613201374065307e-01
9.154629258517035240e+00 1.336065917368292333e-01
9.157615230460923073e+00 1.335565124757050470e-01
9.160601202404809129e+00 1.335065510646517295e-01
9.163587174348698738e+00 1.334514699376610214e-01
9.166573146292584795e+00 1.333917315911851975e-01
9.169559118236472628e+00 1.333318811563598272e-01
9.172545090180360461e+00 1.332787737881137302e-01
9.175531062124248294e+00 1.332265270767991339e-01
9.178517034068136127e+00 1.331726345094093877e-01
9.181503006012023960e+00 1.331118386706940937e-01
9.184488977955911793e+00 1.330505626035915767e-01
9.187474949899799626e+00 1.329952840838071193e-01
9.190460921843687458e+00 1.329460212221235671e-01
9.193446893787575291e+00 1.328960646115030231e-01
9.196432865731463124e+00 1.328494128783204442e-01
9.199418837675350957e+00 1.328025935023362525e-01
9.202404809619238790e+00 1.327559038447477247e-01
9.205390781563126623e+00 1.327134653989163193e-01
9.208376753507014456e+00 1.326696973505969157e-01
9.211362725450902289e+00 1.326210000225808427e-01
9.214348697394790122e+00 1.325667201545023544e-01
9.217334669338677955e+00 1.325110281116886890e-01
9.220320641282565788e+00 1.324590305818648950e-01
9.223306613226453621e+00 1.324072400990859155e-01
9.226292585170341454e+00 1.323533845673097731e-01
9.229278557114229287e+00 1.322884094223634732e-01
9.232264529058117120e+00 1.322224794886633081e-01
9.235250501002004953e+00 1.321596518817324539e-01
9.238236472945892785e+00 1.321014415932619535e-01
9.241222444889780618e+00 1.320423374370875702e-01
9.244208416833668451e+00 1.319743115633670028e-01
9.247194388777556284e+00 1.319026164746285035e-01
9.250180360721444117e+00 1.318304734314908189e-01
9.253166332665331950e+00 1.317681561627964404e-01
9.256152304609219783e+00 1.317045965378088601e-01
9.259138276553105840e+00 1.316406206632722564e-01
9.262124248496993673e+00 1.315766511941654227e-01
9.265110220440881506e+00 1.315114789536610818e-01
9.268096192384769338e+00 1.314464331877583103e-01
9.271082164328657171e+00 1.313808487778494460e-01
9.274068136272545004e+00 1.313145856555322233e-01
9.277054108216432837e+00 1.312477751051683850e-01
9.280040080160320670e+00 1.311810099386621631e-01
9.283026052104208503e+00 1.311137609531208836e-01
9.286012024048096336e+00 1.310458758353535424e-01
9.288997995991984169e+00 1.309783858282260738e-01
9.291983967935872002e+00 1.309153378438208393e-01
9.294969939879759835e+00 1.308544339263440770e-01
9.297955911823647668e+00 1.307937226893408633e-01
9.300941883767535501e+00 1.307408042531026382e-01
9.303927855711423334e+00 1.306889778896880294e-01
9.306913827655311167e+00 1.306383912339113273e-01
9.309899799599199000e+00 1.305909346929794435e-01
9.312885771543086832e+00 1.305420452889948235e-01
9.315871743486974665e+00 1.304959007290461270e-01
9.318857715430862498e+00 1.304508754327913522e-01
9.321843687374750331e+00 1.304044782565396410e-01
9.324829659318638164e+00 1.303591323870114393e-01
9.327815631262525997e+00 1.303130537686785773e-01
9.330801603206413830e+00 1.302640451269384825e-01
9.333787575150301663e+00 1.302082020642479909e-01
9.336773547094189496e+00 1.301520605626566018e-01
9.339759519038077329e+00 1.300949109520859459e-01
9.342745490981965162e+00 1.300368873442651341e-01
9.345731462925852995e+00 1.299788876144829797e-01
9.348717434869740828e+00 1.299180119080434459e-01
9.351703406813626884e+00 1.298573961499814300e-01
9.354689378757514717e+00 1.297959673282362836e-01
9.357675350701402550e+00 1.297310953261925914e-01
9.360661322645290383e+00 1.296660225412716028e-01
9.363647294589178216e+00 1.296012468552285024e-01
9.366633266533066049e+00 1.295366633128744727e-01
9.369619238476953882e+00 1.294713792900730465e-01
9.372605210420841715e+00 1.294083648742012649e-01
9.375591182364729548e+00 1.293447219008312943e-01
9.378577154308617381e+00 1.292811771737908400e-01
9.381563126252505214e+00 1.292213647195564752e-01
9.384549098196393047e+00 1.291601927513260084e-01
9.387535070140280880e+00 1.291012706302911983e-01
9.390521042084168712e+00 1.290446390703041402e-01
9.393507014028056545e+00 1.289869095100284191e-01
9.396492985971944378e+00 1.289323827284929169e-01
9.399478957915832211e+00 1.288783034629730762e-01
9.402464929859720044e+00 1.288269157219947281e-01
9.405450901803607877e+00 1.287779923875098931e-01
9.408436873747495710e+00 1.287291391126928197e-01
9.411422845691383543e+00 1.286798620778150659e-01
9.414408817635271376e+00 1.286299308796877983e-01
9.417394789579159209e+00 1.285797735177466317e-01
9.420380761523047042e+00 1.285306789353093671e-01
9.423366733466934875e+00 1.284814978172973687e-01
9.426352705410822708e+00 1.284317223267205099e-01
9.429338677354710541e+00 1.283823976809641831e-01
9.432324649298598374e+00 1.283323258516044507e-01
9.435310621242486206e+00 1.282772209132066743e-01
9.438296593186374039e+00 1.282159647106377032e-01
9.441282565130261872e+00 1.281539137052618849e-01
9.444268537074147929e+00 1.280936505457082597e-01
9.447254509018035762e+00 1.280333696973565416e-01
9.450240480961923595e+00 1.279734948104558345e-01
9.453226452905811428e+00 1.279237586145939576e-01
9.456212424849699261e+00 1.278736012751366113e-01
9.459198396793587094e+00 1.278199620549672344e-01
9.462184368737474927e+00 1.277615697191006594e-01
9.465170340681362759e+00 1.277033530709871523e-01
9.468156312625250592e+00 1.276500399564453325e-01
9.471142284569138425e+00 1.275987765866479218e-01
9.474128256513026258e+00 1.275479658186300935e-01
9.477114228456914091e+00 1.275011998966818216e-01
9.480100200400801924e+00 1.274541918074256763e-01
9.483086172344689757e+00 1.274073665367048691e-01
9.486072144288577590e+00 1.273633632380696823e-01
9.489058116232465423e+00 1.273185204069372523e-01
9.492044088176353256e+00 1.272645471453633936e-01
9.495030060120241089e+00 1.272059516988467975e-01
9.498016032064128922e+00 1.271463391943145060e-01
9.501002004008016755e+00 1.270745371111373367e-01
9.503987975951904588e+00 1.270229359061977037e-01
9.506973947895792421e+00 1.269630967930151788e-01
9.509959919839680254e+00 1.268862537498741949e-01
9.512945891783568086e+00 1.268093166415480699e-01
9.515931863727455919e+00 1.267356137832862384e-01
9.518917835671343752e+00 1.266636661291435650e-01
9.521903807615231585e+00 1.265922398737912291e-01
9.524889779559119418e+00 1.265006453248130325e-01
9.527875751503007251e+00 1.264093095018836155e-01
9.530861723446895084e+00 1.263226724978475102e-01
9.533847695390782917e+00 1.262463953160816998e-01
9.536833667334668974e+00 1.261706885349188068e-01
9.539819639278558583e+00 1.260956042432297697e-01
9.542805611222444639e+00 1.260206739665428177e-01
9.545791583166332472e+00 1.259455797416151324e-01
9.548777555110220305e+00 1.258788452490287035e-01
9.551763527054108138e+00 1.258141237974788329e-01
9.554749498997995971e+00 1.257477976048417267e-01
9.557735470941883804e+00 1.256743900019905436e-01
9.560721442885771637e+00 1.256020701333858403e-01
9.563707414829659470e+00 1.255413626855955977e-01
9.566693386773547303e+00 1.254892093842228384e-01
9.569679358717435136e+00 1.254373907370834040e-01
9.572665330661322969e+00 1.253781293753271631e-01
9.575651302605210802e+00 1.253181757279234476e-01
9.578637274549098635e+00 1.252564113711840399e-01
9.581623246492986468e+00 1.251897792383795671e-01
9.584609218436874301e+00 1.251223593884093488e-01
9.587595190380762133e+00 1.250456649362756134e-01
9.590581162324649966e+00 1.249605040559535474e-01
9.593567134268537799e+00 1.248746984479185002e-01
9.596553106212425632e+00 1.248018948971816172e-01
9.599539078156313465e+00 1.247321572635608361e-01
9.602525050100201298e+00 1.246583418738244214e-01
9.605511022044089131e+00 1.245667858833624242e-01
9.608496993987976964e+00 1.244762372411522267e-01
9.611482965931864797e+00 1.243964006096055369e-01
9.614468937875752630e+00 1.243265514776409342e-01
9.617454909819640463e+00 1.242561796167806765e-01
9.620440881763528296e+00 1.241811447486116521e-01
9.623426853707416129e+00 1.241047638508417650e-01
9.626412825651303962e+00 1.240303618357478377e-01
9.629398797595190018e+00 1.239712272527039860e-01
9.632384769539079628e+00 1.239120876784412933e-01
9.635370741482965684e+00 1.238472244873220079e-01
9.638356713426853517e+00 1.237753044223632581e-01
9.641342685370741350e+00 1.237038354356611858e-01
9.644328657314629183e+00 1.236462001538621708e-01
9.647314629258517016e+00 1.235930606516340291e-01
9.650300601202404849e+00 1.235393724564053941e-01
9.653286573146292682e+00 1.234766614892170294e-01
9.656272545090180515e+00 1.234140609237166647e-01
9.659258517034068348e+00 1.233573409319515951e-01
9.662244488977956181e+00 1.233086394149608689e-01
9.665230460921844013e+00 1.232599775540246384e-01
9.668216432865731846e+00 1.232024885914483475e-01
9.671202404809619679e+00 1.231423040893170479e-01
9.674188376753507512e+00 1.230833671657806661e-01
9.677174348697395345e+00 1.230352330618852408e-01
9.680160320641283178e+00 1.229874233301009590e-01
9.683146292585171011e+00 1.229355298195797808e-01
9.686132264529058844e+00 1.228768949112602343e-01
9.689118236472946677e+00 1.228184610109788466e-01
9.692104208416834510e+00 1.227618351123464097e-01
9.695090180360722343e+00 1.227059814012848027e-01
9.698076152304610176e+00 1.226502737423385558e-01
9.701062124248498009e+00 1.225827199118473959e-01
9.704048096192385842e+00 1.225161381219744966e-01
9.707034068136273675e+00 1.224539634658341897e-01
9.710020040080161507e+00 1.223997440949027155e-01
9.713006012024049340e+00 1.223468650689252535e-01
9.715991983967937173e+00 1.222826875619697495e-01
9.718977955911825006e+00 1.222130323466683183e-01
9.721963927855711063e+00 1.221444835524808231e-01
9.724949899799600672e+00 1.220874096369505835e-01
9.727935871743486729e+00 1.220298778291874914e-01
9.730921843687374562e+00 1.219673342052069870e-01
9.733907815631262395e+00 1.218941311037677749e-01
9.736893787575150228e+00 1.218196860024379491e-01
9.739879759519038060e+00 1.217550089585100331e-01
9.742865731462925893e+00 1.216957442483945634e-01
9.745851703406813726e+00 1.216351845577695462e-01
9.748837675350701559e+00 1.215606404523503492e-01
9.751823647294589392e+00 1.214834621732080594e-01
9.754809619238477225e+00 1.214102328017506865e-01
9.757795591182365058e+00 1.213503091608637841e-01
9.760781563126252891e+00 1.212894772715282926e-01
9.763767535070140724e+00 1.212229528411519625e-01
9.766753507014028557e+00 1.211532417739750317e-01
9.769739478957916390e+00 1.210837387632672929e-01
9.772725450901804223e+00 1.210300370796491415e-01
9.775711422845692056e+00 1.209792959445773058e-01
9.778697394789579889e+00 1.209263926721077381e-01
9.781683366733467722e+00 1.208629149770403532e-01
9.784669338677355555e+00 1.208009673523149502e-01
9.787655310621243387e+00 1.207463182392831264e-01
9.790641282565131220e+00 1.206977007290544746e-01
9.793627254509019053e+00 1.206501612044937194e-01
9.796613226452906886e+00 1.205932746065009609e-01
9.799599198396794719e+00 1.205360492393133393e-01
9.802585170340682552e+00 1.204815931559468367e-01
9.805571142284570385e+00 1.204420388224028277e-01
9.808557114228458218e+00 1.204029454930040655e-01
9.811543086172346051e+00 1.203625251193145423e-01
9.814529058116232108e+00 1.203206298926693396e-01
9.817515030060121717e+00 1.202789081703870555e-01
9.820501002004007773e+00 1.202447081389141081e-01
9.823486973947895606e+00 1.202118443464494368e-01
9.826472945891783439e+00 1.201780439191381944e-01
9.829458917835671272e+00 1.201400750048642052e-01
9.832444889779559105e+00 1.201021027573258154e-01
9.835430861723446938e+00 1.200678626965872575e-01
9.838416833667334771e+00 1.200377581775772390e-01
9.841402805611222604e+00 1.200080869765913494e-01
9.844388777555110437e+00 1.199744014811939818e-01
9.847374749498998270e+00 1.199400181657750974e-01
9.850360721442886103e+00 1.199067032200836908e-01
9.853346693386773936e+00 1.198766490614647934e-01
9.856332665330661769e+00 1.198478336950889733e-01
9.859318637274549602e+00 1.198161060142950846e-01
9.862304609218437434e+00 1.197799624001888996e-01
9.865290581162325267e+00 1.197443498966465902e-01
9.868276553106213100e+00 1.197138146355741506e-01
9.871262525050100933e+00 1.196844148991226819e-01
9.874248496993988766e+00 1.196540111542131607e-01
9.877234468937876599e+00 1.196200729720797995e-01
9.880220440881764432e+00 1.195859979345002266e-01
9.883206412825652265e+00 1.195580767815608708e-01
9.886192384769540098e+00 1.195388903534023162e-01
9.889178356713427931e+00 1.195200057975669972e-01
9.892164328657315764e+00 1.194988530783928221e-01
9.895150300601203597e+00 1.194774132819946821e-01
9.898136272545091430e+00 1.194566901300320449e-01
9.901122244488979263e+00 1.194372182683819533e-01
9.904108216432867096e+00 1.194178406241964835e-01
9.907094188376753152e+00 1.193979817505580326e-01
9.910080160320642761e+00 1.193762615643996911e-01
9.913066132264528818e+00 1.193539744951572640e-01
9.916052104208418427e+00 1.193340064021980590e-01
9.919038076152304484e+00 1.193152275637717752e-01
9.922024048096192317e+00 1.192967849136622877e-01
9.925010020040080150e+00 1.192960360427373773e-01
9.927995991983967983e+00 1.192956701700599864e-01
9.930981963927855816e+00 1.192941121178335978e-01
9.933967935871743649e+00 1.192891167761620796e-01
9.936953907815631482e+00 1.192849847736962565e-01
9.939939879759519314e+00 1.192794937428669072e-01
9.942925851703407147e+00 1.192738055925629398e-01
9.945911823647294980e+00 1.192689655034223223e-01
9.948897795591182813e+00 1.192616411949059263e-01
9.951883767535070646e+00 1.192526070615984729e-01
9.954869739478958479e+00 1.192436245193625455e-01
9.957855711422846312e+00 1.192360378182848318e-01
9.960841683366734145e+00 1.192271768851613095e-01
9.963827655310621978e+00 1.192190605791632607e-01
9.966813627254509811e+00 1.192111593667286029e-01
9.969799599198397644e+00 1.192023276514274366e-01
9.972785571142285477e+00 1.191965012535325386e-01
9.975771543086173310e+00 1.191899800390019554e-01
9.978757515030061143e+00 1.191829194306987805e-01
9.981743486973948976e+00 1.191759017338515775e-01
9.984729458917836808e+00 1.191681522613116800e-01
9.987715430861724641e+00 1.191608031788684990e-01
9.990701402805612474e+00 1.191537276249481636e-01
9.993687374749500307e+00 1.191460178266591924e-01
9.996673346693388140e+00 1.191452667220401912e-01
9.999659318637274197e+00 1.191453542931186910e-01
1.000264529058116381e+01 1.191673607494096315e-01
1.000563126252504986e+01 1.192228703153103420e-01
1.000861723446893947e+01 1.192788319361302724e-01
1.001160320641282553e+01 1.193318568645561906e-01
1.001458917835671336e+01 1.193821377030600817e-01
1.001757515030060119e+01 1.194332612431093510e-01
1.002056112224448903e+01 1.194883049278219062e-01
1.002354709418837686e+01 1.195450540289760555e-01
1.002653306613226469e+01 1.196010019248919531e-01
1.002951903807615253e+01 1.196491067081829202e-01
1.003250501002004036e+01 1.196987761117932203e-01
1.003549098196392819e+01 1.197512020537863237e-01
1.003847695390781602e+01 1.198060823597376923e-01
1.004146292585170386e+01 1.198619642808586433e-01
1.004444889779559169e+01 1.199167874979818194e-01
1.004743486973947952e+01 1.199718575792405456e-01
1.005042084168336736e+01 1.200275963901573928e-01
1.005340681362725519e+01 1.200877265274505612e-01
1.005639278557114302e+01 1.201480055414668735e-01
1.005937875751503086e+01 1.202048497214166789e-01
1.006236472945891869e+01 1.202565499116684117e-01
1.006535070140280652e+01 1.203072219572187546e-01
1.006833667334669435e+01 1.203634142170258436e-01
1.007132264529058219e+01 1.204204871054899012e-01
1.007430861723447002e+01 1.204760409729509346e-01
1.007729458917835785e+01 1.205281708246567357e-01
1.008028056112224569e+01 1.205803273817789428e-01
1.008326653306613352e+01 1.206484452419703673e-01
1.008625250501002135e+01 1.207382057294387745e-01
1.008923847695390918e+01 1.208285752400529850e-01
1.009222444889779524e+01 1.209083709420929187e-01
1.009521042084168485e+01 1.209851291669775397e-01
1.009819639278557091e+01 1.210634479169035022e-01
1.010118236472946052e+01 1.211517955075612912e-01
1.010416833667334657e+01 1.212408903739363580e-01
1.010715430861723441e+01 1.213247309985925337e-01
1.011014028056112224e+01 1.213989852633507588e-01
1.011312625250501007e+01 1.214730765306840654e-01
1.011611222444889790e+01 1.215566537549835485e-01
1.011909819639278574e+01 1.216436816165381712e-01
1.012208416833667357e+01 1.217291154912685386e-01
1.012507014028056140e+01 1.217951422060369743e-01
1.012805611222444924e+01 1.218602972807525109e-01
1.013104208416833707e+01 1.219291203729027939e-01
1.013402805611222490e+01 1.220055653064543166e-01
1.013701402805611274e+01 1.220807395933833639e-01
1.014000000000000057e+01 1.221483503814834032e-01
