1.700000000000000000e+01 0.000000000000000000e+00
1.701803607214428737e+01 0.000000000000000000e+00
1.703607214428857830e+01 0.000000000000000000e+00
1.705410821643286567e+01 0.000000000000000000e+00
1.707214428857715305e+01 0.000000000000000000e+00
1.709018036072144398e+01 0.000000000000000000e+00
1.710821643286573135e+01 0.000000000000000000e+00
1.712625250501001872e+01 0.000000000000000000e+00
1.714428857715430965e+01 0.000000000000000000e+00
1.716232464929859702e+01 0.000000000000000000e+00
1.718036072144288440e+01 0.000000000000000000e+00
1.719839679358717532e+01 0.000000000000000000e+00
1.721643286573146270e+01 0.000000000000000000e+00
1.723446893787575007e+01 0.000000000000000000e+00
1.725250501002004100e+01 0.000000000000000000e+00
1.727054108216432837e+01 0.000000000000000000e+00
1.728857715430861575e+01 0.000000000000000000e+00
1.730661322645290667e+01 0.000000000000000000e+00
1.732464929859719405e+01 0.000000000000000000e+00
1.734268537074148142e+01 0.000000000000000000e+00
1.736072144288577235e+01 0.000000000000000000e+00
1.737875751503005972e+01 0.000000000000000000e+00
1.739679358717434710e+01 0.000000000000000000e+00
1.741482965931863802e+01 0.000000000000000000e+00
1.743286573146292540e+01 0.000000000000000000e+00
1.745090180360721277e+01 0.000000000000000000e+00
1.746893787575150370e+01 0.000000000000000000e+00
1.748697394789579107e+01 0.000000000000000000e+00
1.750501002004008200e+01 0.000000000000000000e+00
1.752304609218436937e+01 0.000000000000000000e+00
1.754108216432865675e+01 0.000000000000000000e+00
1.755911823647294767e+01 0.000000000000000000e+00
1.757715430861723505e+01 0.000000000000000000e+00
1.759519038076152242e+01 0.000000000000000000e+00
1.761322645290581335e+01 0.000000000000000000e+00
1.763126252505010072e+01 0.000000000000000000e+00
1.764929859719438809e+01 0.000000000000000000e+00
1.766733466933867902e+01 0.000000000000000000e+00
1.768537074148296639e+01 0.000000000000000000e+00
1.770340681362725377e+01 0.000000000000000000e+00
1.772144288577154470e+01 0.000000000000000000e+00
1.773947895791583207e+01 0.000000000000000000e+00
1.775751503006011944e+01 0.000000000000000000e+00
1.777555110220441037e+01 0.000000000000000000e+00
1.779358717434869774e+01 0.000000000000000000e+00
1.781162324649298512e+01 0.000000000000000000e+00
1.782965931863727604e+01 0.000000000000000000e+00
1.784769539078156342e+01 0.000000000000000000e+00
1.786573146292585079e+01 0.000000000000000000e+00
1.788376753507014172e+01 0.000000000000000000e+00
1.790180360721442909e+01 0.000000000000000000e+00
1.791983967935871647e+01 0.000000000000000000e+00
1.793787575150300739e+01 0.000000000000000000e+00
1.795591182364729477e+01 0.000000000000000000e+00
1.797394789579158214e+01 0.000000000000000000e+00
1.799198396793587307e+01 0.000000000000000000e+00
1.801002004008016044e+01 0.000000000000000000e+00
1.802805611222444782e+01 0.000000000000000000e+00
1.804609218436873874e+01 0.000000000000000000e+00
1.806412825651302612e+01 0.000000000000000000e+00
1.808216432865731349e+01 0.000000000000000000e+00
1.810020040080160442e+01 0.000000000000000000e+00
1.811823647294589179e+01 0.000000000000000000e+00
1.813627254509017916e+01 0.000000000000000000e+00
1.815430861723447009e+01 0.000000000000000000e+00
1.817234468937875747e+01 0.000000000000000000e+00
1.819038076152304484e+01 0.000000000000000000e+00
1.820841683366733577e+01 0.000000000000000000e+00
1.822645290581162314e+01 0.000000000000000000e+00
1.824448897795591051e+01 0.000000000000000000e+00
1.826252505010020144e+01 0.000000000000000000e+00
1.828056112224448881e+01 0.000000000000000000e+00
1.829859719438877619e+01 0.000000000000000000e+00
1.831663326653306711e+01 0.000000000000000000e+00
1.833466933867735449e+01 0.000000000000000000e+00
1.835270541082164186e+01 0.000000000000000000e+00
1.837074148296593279e+01 0.000000000000000000e+00
1.838877755511022016e+01 0.000000000000000000e+00
1.840681362725450754e+01 0.000000000000000000e+00
1.842484969939879846e+01 0.000000000000000000e+00
1.844288577154308584e+01 0.000000000000000000e+00
1.846092184368737321e+01 0.000000000000000000e+00
1.847895791583166414e+01 0.000000000000000000e+00
1.849699398797595151e+01 0.000000000000000000e+00
1.851503006012023889e+01 0.000000000000000000e+00
1.853306613226452981e+01 0.000000000000000000e+00
1.855110220440881719e+01 0.000000000000000000e+00
1.856913827655310456e+01 0.000000000000000000e+00
1.858717434869739549e+01 0.000000000000000000e+00
1.860521042084168286e+01 0.000000000000000000e+00
1.862324649298597024e+01 0.000000000000000000e+00
1.864128256513026116e+01 0.000000000000000000e+00
1.865931863727454854e+01 0.000000000000000000e+00
1.867735470941883591e+01 0.000000000000000000e+00
1.869539078156312684e+01 0.000000000000000000e+00
1.871342685370741421e+01 0.000000000000000000e+00
1.873146292585170158e+01 0.000000000000000000e+00
1.874949899799599251e+01 0.000000000000000000e+00
1.876753507014027988e+01 0.000000000000000000e+00
1.878557114228457081e+01 0.000000000000000000e+00
1.880360721442885819e+01 0.000000000000000000e+00
1.882164328657314556e+01 0.000000000000000000e+00
1.883967935871743649e+01 0.000000000000000000e+00
1.885771543086172386e+01 0.000000000000000000e+00
1.887575150300601123e+01 0.000000000000000000e+00
1.889378757515030216e+01 0.000000000000000000e+00
1.891182364729458953e+01 0.000000000000000000e+00
1.892985971943887691e+01 0.000000000000000000e+00
1.894789579158316783e+01 0.000000000000000000e+00
1.896593186372745521e+01 0.000000000000000000e+00
1.898396793587174258e+01 0.000000000000000000e+00
1.900200400801603351e+01 0.000000000000000000e+00
1.902004008016032088e+01 0.000000000000000000e+00
1.903807615230460826e+01 0.000000000000000000e+00
1.905611222444889918e+01 0.000000000000000000e+00
1.907414829659318656e+01 0.000000000000000000e+00
1.909218436873747393e+01 0.000000000000000000e+00
1.911022044088176486e+01 0.000000000000000000e+00
1.912825651302605223e+01 0.000000000000000000e+00
1.914629258517033961e+01 0.000000000000000000e+00
1.916432865731463053e+01 0.000000000000000000e+00
1.918236472945891791e+01 0.000000000000000000e+00
1.920040080160320528e+01 0.000000000000000000e+00
1.921843687374749621e+01 0.000000000000000000e+00
1.923647294589178358e+01 0.000000000000000000e+00
1.925450901803607096e+01 0.000000000000000000e+00
1.927254509018036188e+01 0.000000000000000000e+00
1.929058116232464926e+01 0.000000000000000000e+00
1.930861723446893663e+01 0.000000000000000000e+00
1.932665330661322756e+01 0.000000000000000000e+00
1.934468937875751493e+01 0.000000000000000000e+00
1.936272545090180230e+01 0.000000000000000000e+00
1.938076152304609323e+01 0.000000000000000000e+00
1.939879759519038060e+01 0.000000000000000000e+00
1.941683366733466798e+01 0.000000000000000000e+00
1.943486973947895891e+01 0.000000000000000000e+00
1.945290581162324628e+01 0.000000000000000000e+00
1.947094188376753365e+01 0.000000000000000000e+00
1.948897795591182458e+01 0.000000000000000000e+00
1.950701402805611195e+01 0.000000000000000000e+00
1.952505010020040288e+01 0.000000000000000000e+00
1.954308617234469025e+01 0.000000000000000000e+00
1.956112224448897763e+01 0.000000000000000000e+00
1.957915831663326856e+01 0.000000000000000000e+00
1.959719438877755593e+01 0.000000000000000000e+00
1.961523046092184330e+01 0.000000000000000000e+00
1.963326653306613423e+01 0.000000000000000000e+00
1.965130260521042160e+01 0.000000000000000000e+00
1.966933867735470898e+01 0.000000000000000000e+00
1.968737474949899990e+01 0.000000000000000000e+00
1.970541082164328728e+01 0.000000000000000000e+00
1.972344689378757465e+01 0.000000000000000000e+00
1.974148296593186558e+01 0.000000000000000000e+00
1.975951903807615295e+01 0.000000000000000000e+00
1.977755511022044033e+01 0.000000000000000000e+00
1.979559118236473125e+01 0.000000000000000000e+00
1.981362725450901863e+01 0.000000000000000000e+00
1.983166332665330600e+01 0.000000000000000000e+00
1.984969939879759693e+01 0.000000000000000000e+00
1.986773547094188430e+01 0.000000000000000000e+00
1.988577154308617168e+01 0.000000000000000000e+00
1.990380761523046260e+01 0.000000000000000000e+00
1.992184368737474998e+01 0.000000000000000000e+00
1.993987975951903735e+01 0.000000000000000000e+00
1.995791583166332828e+01 0.000000000000000000e+00
1.997595190380761565e+01 0.000000000000000000e+00
1.999398797595190302e+01 0.000000000000000000e+00
2.001202404809619395e+01 0.000000000000000000e+00
2.003006012024048133e+01 0.000000000000000000e+00
2.004809619238476870e+01 0.000000000000000000e+00
2.006613226452905963e+01 0.000000000000000000e+00
2.008416833667334700e+01 0.000000000000000000e+00
2.010220440881763437e+01 0.000000000000000000e+00
2.012024048096192530e+01 0.000000000000000000e+00
2.013827655310621267e+01 0.000000000000000000e+00
2.015631262525050005e+01 0.000000000000000000e+00
2.017434869739479097e+01 0.000000000000000000e+00
2.019238476953907835e+01 0.000000000000000000e+00
2.021042084168336572e+01 0.000000000000000000e+00
2.022845691382765665e+01 0.000000000000000000e+00
2.024649298597194402e+01 0.000000000000000000e+00
2.026452905811623140e+01 0.000000000000000000e+00
2.028256513026052232e+01 0.000000000000000000e+00
2.030060120240480970e+01 0.000000000000000000e+00
2.031863727454909707e+01 0.000000000000000000e+00
2.033667334669338800e+01 0.000000000000000000e+00
2.035470941883767537e+01 0.000000000000000000e+00
2.037274549098196275e+01 0.000000000000000000e+00
2.039078156312625367e+01 0.000000000000000000e+00
2.040881763527054105e+01 0.000000000000000000e+00
2.042685370741482842e+01 0.000000000000000000e+00
2.044488977955911935e+01 0.000000000000000000e+00
2.046292585170340672e+01 0.000000000000000000e+00
2.048096192384769410e+01 0.000000000000000000e+00
2.049899799599198502e+01 0.000000000000000000e+00
2.051703406813627240e+01 0.000000000000000000e+00
2.053507014028055977e+01 0.000000000000000000e+00
2.055310621242485070e+01 0.000000000000000000e+00
2.057114228456913807e+01 0.000000000000000000e+00
2.058917835671342544e+01 0.000000000000000000e+00
2.060721442885771637e+01 0.000000000000000000e+00
2.062525050100200374e+01 0.000000000000000000e+00
2.064328657314629112e+01 0.000000000000000000e+00
2.066132264529058205e+01 0.000000000000000000e+00
2.067935871743486942e+01 0.000000000000000000e+00
2.069739478957915679e+01 0.000000000000000000e+00
2.071543086172344772e+01 0.000000000000000000e+00
2.073346693386773509e+01 0.000000000000000000e+00
2.075150300601202247e+01 0.000000000000000000e+00
2.076953907815631339e+01 0.000000000000000000e+00
2.078757515030060077e+01 0.000000000000000000e+00
2.080561122244488814e+01 0.000000000000000000e+00
2.082364729458917907e+01 0.000000000000000000e+00
2.084168336673346644e+01 0.000000000000000000e+00
2.085971943887775382e+01 0.000000000000000000e+00
2.087775551102204474e+01 0.000000000000000000e+00
2.089579158316633212e+01 0.000000000000000000e+00
2.091382765531061949e+01 0.000000000000000000e+00
2.093186372745491042e+01 0.000000000000000000e+00
2.094989979959919779e+01 0.000000000000000000e+00
2.096793587174348517e+01 0.000000000000000000e+00
2.098597194388777609e+01 0.000000000000000000e+00
2.100400801603206347e+01 0.000000000000000000e+00
2.102204408817635084e+01 0.000000000000000000e+00
2.104008016032064177e+01 0.000000000000000000e+00
2.105811623246492914e+01 0.000000000000000000e+00
2.107615230460921651e+01 0.000000000000000000e+00
2.109418837675350744e+01 0.000000000000000000e+00
2.111222444889779482e+01 0.000000000000000000e+00
2.113026052104208219e+01 0.000000000000000000e+00
2.114829659318637312e+01 0.000000000000000000e+00
2.116633266533066049e+01 0.000000000000000000e+00
2.118436873747494786e+01 0.000000000000000000e+00
2.120240480961923879e+01 0.000000000000000000e+00
2.122044088176352616e+01 0.000000000000000000e+00
2.123847695390781709e+01 0.000000000000000000e+00
2.125651302605210446e+01 0.000000000000000000e+00
2.127454909819639184e+01 0.000000000000000000e+00
2.129258517034068277e+01 0.000000000000000000e+00
2.131062124248497014e+01 0.000000000000000000e+00
2.132865731462925751e+01 0.000000000000000000e+00
2.134669338677354844e+01 0.000000000000000000e+00
2.136472945891783581e+01 0.000000000000000000e+00
2.138276553106212319e+01 0.000000000000000000e+00
2.140080160320641411e+01 0.000000000000000000e+00
2.141883767535070149e+01 0.000000000000000000e+00
2.143687374749498886e+01 0.000000000000000000e+00
2.145490981963927979e+01 0.000000000000000000e+00
2.147294589178356716e+01 0.000000000000000000e+00
2.149098196392785809e+01 0.000000000000000000e+00
2.150901803607214546e+01 0.000000000000000000e+00
2.152705410821643284e+01 0.000000000000000000e+00
2.154509018036072376e+01 0.000000000000000000e+00
2.156312625250501114e+01 0.000000000000000000e+00
2.158116232464929851e+01 0.000000000000000000e+00
2.159919839679358944e+01 0.000000000000000000e+00
2.161723446893787681e+01 0.000000000000000000e+00
2.163527054108216419e+01 0.000000000000000000e+00
2.165330661322645511e+01 0.000000000000000000e+00
2.167134268537074249e+01 0.000000000000000000e+00
2.168937875751502986e+01 0.000000000000000000e+00
2.170741482965932079e+01 0.000000000000000000e+00
2.172545090180360816e+01 0.000000000000000000e+00
2.174348697394789554e+01 0.000000000000000000e+00
2.176152304609218646e+01 0.000000000000000000e+00
2.177955911823647384e+01 0.000000000000000000e+00
2.179759519038076121e+01 0.000000000000000000e+00
2.181563126252505214e+01 0.000000000000000000e+00
2.183366733466933951e+01 0.000000000000000000e+00
2.185170340681362688e+01 0.000000000000000000e+00
2.186973947895791781e+01 0.000000000000000000e+00
2.188777555110220518e+01 0.000000000000000000e+00
2.190581162324649256e+01 0.000000000000000000e+00
2.192384769539078349e+01 0.000000000000000000e+00
2.194188376753507086e+01 0.000000000000000000e+00
2.195991983967935823e+01 0.000000000000000000e+00
2.197795591182364916e+01 0.000000000000000000e+00
2.199599198396793653e+01 0.000000000000000000e+00
2.201402805611222391e+01 0.000000000000000000e+00
2.203206412825651483e+01 0.000000000000000000e+00
2.205010020040080221e+01 0.000000000000000000e+00
2.206813627254508958e+01 0.000000000000000000e+00
2.208617234468938051e+01 0.000000000000000000e+00
2.210420841683366788e+01 0.000000000000000000e+00
2.212224448897795526e+01 0.000000000000000000e+00
2.214028056112224618e+01 0.000000000000000000e+00
2.215831663326653356e+01 0.000000000000000000e+00
2.217635270541082093e+01 0.000000000000000000e+00
2.219438877755511186e+01 0.000000000000000000e+00
2.221242484969939923e+01 0.000000000000000000e+00
2.223046092184368661e+01 0.000000000000000000e+00
2.224849699398797753e+01 0.000000000000000000e+00
2.226653306613226491e+01 0.000000000000000000e+00
2.228456913827655228e+01 0.000000000000000000e+00
2.230260521042084321e+01 0.000000000000000000e+00
2.232064128256513058e+01 0.000000000000000000e+00
2.233867735470941795e+01 0.000000000000000000e+00
2.235671342685370888e+01 0.000000000000000000e+00
2.237474949899799626e+01 0.000000000000000000e+00
2.239278557114228363e+01 0.000000000000000000e+00
2.241082164328657456e+01 0.000000000000000000e+00
2.242885771543086193e+01 0.000000000000000000e+00
2.244689378757514930e+01 0.000000000000000000e+00
2.246492985971944023e+01 0.000000000000000000e+00
2.248296593186372760e+01 0.000000000000000000e+00
2.250100200400801498e+01 0.000000000000000000e+00
2.251903807615230590e+01 0.000000000000000000e+00
2.253707414829659328e+01 0.000000000000000000e+00
2.255511022044088065e+01 0.000000000000000000e+00
2.257314629258517158e+01 0.000000000000000000e+00
2.259118236472945895e+01 0.000000000000000000e+00
2.260921843687374633e+01 0.000000000000000000e+00
2.262725450901803725e+01 0.000000000000000000e+00
2.264529058116232463e+01 0.000000000000000000e+00
2.266332665330661200e+01 0.000000000000000000e+00
2.268136272545090293e+01 0.000000000000000000e+00
2.269939879759519030e+01 0.000000000000000000e+00
2.271743486973947768e+01 0.000000000000000000e+00
2.273547094188376860e+01 0.000000000000000000e+00
2.275350701402805598e+01 0.000000000000000000e+00
2.277154308617234335e+01 0.000000000000000000e+00
2.278957915831663428e+01 0.000000000000000000e+00
2.280761523046092165e+01 0.000000000000000000e+00
2.282565130260520903e+01 0.000000000000000000e+00
2.284368737474949995e+01 0.000000000000000000e+00
2.286172344689378733e+01 0.000000000000000000e+00
2.287975951903807470e+01 0.000000000000000000e+00
2.289779559118236563e+01 0.000000000000000000e+00
2.291583166332665300e+01 0.000000000000000000e+00
2.293386773547094037e+01 0.000000000000000000e+00
2.295190380761523130e+01 0.000000000000000000e+00
2.296993987975951867e+01 0.000000000000000000e+00
2.298797595190380605e+01 0.000000000000000000e+00
2.300601202404809698e+01 0.000000000000000000e+00
2.302404809619238435e+01 0.000000000000000000e+00
2.304208416833667172e+01 0.000000000000000000e+00
2.306012024048096265e+01 0.000000000000000000e+00
2.307815631262525002e+01 0.000000000000000000e+00
2.309619238476953740e+01 0.000000000000000000e+00
2.311422845691382832e+01 0.000000000000000000e+00
2.313226452905811570e+01 0.000000000000000000e+00
2.315030060120240307e+01 0.000000000000000000e+00
2.316833667334669400e+01 0.000000000000000000e+00
2.318637274549098137e+01 0.000000000000000000e+00
2.320440881763526875e+01 0.000000000000000000e+00
2.322244488977955967e+01 0.000000000000000000e+00
2.324048096192384705e+01 0.000000000000000000e+00
2.325851703406813442e+01 0.000000000000000000e+00
2.327655310621242535e+01 0.000000000000000000e+00
2.329458917835671272e+01 0.000000000000000000e+00
2.331262525050100010e+01 0.000000000000000000e+00
2.333066132264529102e+01 0.000000000000000000e+00
2.334869739478957840e+01 0.000000000000000000e+00
2.336673346693386577e+01 0.000000000000000000e+00
2.338476953907815670e+01 0.000000000000000000e+00
2.340280561122244407e+01 0.000000000000000000e+00
2.342084168336673500e+01 0.000000000000000000e+00
2.343887775551102237e+01 0.000000000000000000e+00
2.345691382765530975e+01 0.000000000000000000e+00
2.347494989979960067e+01 0.000000000000000000e+00
2.349298597194388805e+01 0.000000000000000000e+00
2.351102204408817542e+01 0.000000000000000000e+00
2.352905811623246635e+01 0.000000000000000000e+00
2.354709418837675372e+01 0.000000000000000000e+00
2.356513026052104109e+01 0.000000000000000000e+00
2.358316633266533202e+01 0.000000000000000000e+00
2.360120240480961940e+01 0.000000000000000000e+00
2.361923847695390677e+01 0.000000000000000000e+00
2.363727454909819770e+01 0.000000000000000000e+00
2.365531062124248507e+01 0.000000000000000000e+00
2.367334669338677600e+01 0.000000000000000000e+00
2.369138276553106337e+01 0.000000000000000000e+00
2.370941883767535074e+01 0.000000000000000000e+00
2.372745490981964167e+01 0.000000000000000000e+00
2.374549098196392904e+01 0.000000000000000000e+00
2.376352705410821642e+01 0.000000000000000000e+00
2.378156312625250735e+01 0.000000000000000000e+00
2.379959919839679472e+01 0.000000000000000000e+00
2.381763527054108209e+01 0.000000000000000000e+00
2.383567134268537302e+01 0.000000000000000000e+00
2.385370741482966039e+01 0.000000000000000000e+00
2.387174348697394777e+01 0.000000000000000000e+00
2.388977955911823869e+01 0.000000000000000000e+00
2.390781563126252607e+01 0.000000000000000000e+00
2.392585170340681344e+01 0.000000000000000000e+00
2.394388777555110437e+01 0.000000000000000000e+00
2.396192384769539174e+01 0.000000000000000000e+00
2.397995991983967912e+01 0.000000000000000000e+00
2.399799599198397004e+01 0.000000000000000000e+00
2.401603206412825742e+01 0.000000000000000000e+00
2.403406813627254479e+01 0.000000000000000000e+00
2.405210420841683572e+01 0.000000000000000000e+00
2.407014028056112309e+01 0.000000000000000000e+00
2.408817635270541047e+01 0.000000000000000000e+00
2.410621242484970139e+01 0.000000000000000000e+00
2.412424849699398877e+01 0.000000000000000000e+00
2.414228456913827614e+01 0.000000000000000000e+00
2.416032064128256707e+01 0.000000000000000000e+00
2.417835671342685444e+01 0.000000000000000000e+00
2.419639278557114181e+01 0.000000000000000000e+00
2.421442885771543274e+01 0.000000000000000000e+00
2.423246492985972012e+01 0.000000000000000000e+00
2.425050100200400749e+01 0.000000000000000000e+00
2.426853707414829842e+01 0.000000000000000000e+00
2.428657314629258579e+01 0.000000000000000000e+00
2.430460921843687316e+01 0.000000000000000000e+00
2.432264529058116409e+01 0.000000000000000000e+00
2.434068136272545146e+01 0.000000000000000000e+00
2.435871743486973884e+01 0.000000000000000000e+00
2.437675350701402976e+01 0.000000000000000000e+00
2.439478957915831714e+01 0.000000000000000000e+00
2.441282565130260451e+01 0.000000000000000000e+00
2.443086172344689544e+01 0.000000000000000000e+00
2.444889779559118281e+01 0.000000000000000000e+00
2.446693386773547019e+01 0.000000000000000000e+00
2.448496993987976111e+01 0.000000000000000000e+00
2.450300601202404849e+01 0.000000000000000000e+00
2.452104208416833586e+01 0.000000000000000000e+00
2.453907815631262679e+01 0.000000000000000000e+00
2.455711422845691416e+01 0.000000000000000000e+00
2.457515030060120154e+01 0.000000000000000000e+00
2.459318637274549246e+01 0.000000000000000000e+00
2.461122244488977984e+01 0.000000000000000000e+00
2.462925851703406721e+01 0.000000000000000000e+00
2.464729458917835814e+01 0.000000000000000000e+00
2.466533066132264551e+01 0.000000000000000000e+00
2.468336673346693289e+01 0.000000000000000000e+00
2.470140280561122381e+01 0.000000000000000000e+00
2.471943887775551119e+01 0.000000000000000000e+00
2.473747494989979856e+01 0.000000000000000000e+00
2.475551102204408949e+01 0.000000000000000000e+00
2.477354709418837686e+01 0.000000000000000000e+00
2.479158316633266423e+01 0.000000000000000000e+00
2.480961923847695516e+01 0.000000000000000000e+00
2.482765531062124253e+01 0.000000000000000000e+00
2.484569138276552991e+01 0.000000000000000000e+00
2.486372745490982084e+01 0.000000000000000000e+00
2.488176352705410821e+01 0.000000000000000000e+00
2.489979959919839558e+01 0.000000000000000000e+00
2.491783567134268651e+01 0.000000000000000000e+00
2.493587174348697388e+01 0.000000000000000000e+00
2.495390781563126126e+01 0.000000000000000000e+00
2.497194388777555218e+01 0.000000000000000000e+00
2.498997995991983956e+01 0.000000000000000000e+00
2.500801603206412693e+01 0.000000000000000000e+00
2.502605210420841786e+01 0.000000000000000000e+00
2.504408817635270523e+01 0.000000000000000000e+00
2.506212424849699261e+01 0.000000000000000000e+00
2.508016032064128353e+01 0.000000000000000000e+00
2.509819639278557091e+01 0.000000000000000000e+00
2.511623246492985828e+01 0.000000000000000000e+00
2.513426853707414921e+01 0.000000000000000000e+00
2.515230460921843658e+01 0.000000000000000000e+00
2.517034068136272396e+01 0.000000000000000000e+00
2.518837675350701488e+01 0.000000000000000000e+00
2.520641282565130226e+01 0.000000000000000000e+00
2.522444889779558963e+01 0.000000000000000000e+00
2.524248496993988056e+01 0.000000000000000000e+00
2.526052104208416793e+01 0.000000000000000000e+00
2.527855711422845530e+01 0.000000000000000000e+00
2.529659318637274623e+01 0.000000000000000000e+00
2.531462925851703361e+01 0.000000000000000000e+00
2.533266533066132098e+01 0.000000000000000000e+00
2.535070140280561191e+01 0.000000000000000000e+00
2.536873747494989928e+01 0.000000000000000000e+00
2.538677354709418665e+01 0.000000000000000000e+00
2.540480961923847758e+01 0.000000000000000000e+00
2.542284569138276851e+01 0.000000000000000000e+00
2.544088176352705233e+01 0.000000000000000000e+00
2.545891783567134325e+01 0.000000000000000000e+00
2.547695390781563418e+01 0.000000000000000000e+00
2.549498997995991800e+01 0.000000000000000000e+00
2.551302605210420893e+01 0.000000000000000000e+00
2.553106212424849986e+01 0.000000000000000000e+00
2.554909819639278368e+01 0.000000000000000000e+00
2.556713426853707460e+01 0.000000000000000000e+00
2.558517034068136553e+01 0.000000000000000000e+00
2.560320641282564935e+01 0.000000000000000000e+00
2.562124248496994028e+01 0.000000000000000000e+00
2.563927855711423121e+01 0.000000000000000000e+00
2.565731462925851503e+01 0.000000000000000000e+00
2.567535070140280595e+01 0.000000000000000000e+00
2.569338677354709688e+01 0.000000000000000000e+00
2.571142284569138070e+01 0.000000000000000000e+00
2.572945891783567163e+01 0.000000000000000000e+00
2.574749498997996255e+01 0.000000000000000000e+00
2.576553106212424638e+01 0.000000000000000000e+00
2.578356713426853730e+01 0.000000000000000000e+00
2.580160320641282823e+01 0.000000000000000000e+00
2.581963927855711205e+01 0.000000000000000000e+00
2.583767535070140298e+01 0.000000000000000000e+00
2.585571142284569390e+01 0.000000000000000000e+00
2.587374749498997772e+01 0.000000000000000000e+00
2.589178356713426865e+01 0.000000000000000000e+00
2.590981963927855958e+01 0.000000000000000000e+00
2.592785571142284340e+01 0.000000000000000000e+00
2.594589178356713433e+01 0.000000000000000000e+00
2.596392785571142525e+01 0.000000000000000000e+00
2.598196392785571263e+01 0.000000000000000000e+00
2.600000000000000000e+01 0.000000000000000000e+00
