9.990000000000000213e+00 1.215556433850311091e-01
9.993446893787576002e+00 1.215325930322547210e-01
9.996893787575150014e+00 1.215094984520995042e-01
1.000034068136272580e+01 1.215113774723358686e-01
1.000378757515030159e+01 1.215514227558241594e-01
1.000723446893787560e+01 1.215928255592799434e-01
1.001068136272545139e+01 1.216390737608455119e-01
1.001412825651302541e+01 1.216881357183484530e-01
1.001757515030060119e+01 1.217371959983797741e-01
1.002102204408817698e+01 1.217901544123591862e-01
1.002446893787575100e+01 1.218445656262490406e-01
1.002791583166332678e+01 1.218977276314050506e-01
1.003136272545090257e+01 1.219626762784959823e-01
1.003480961923847659e+01 1.220277809158874238e-01
1.003825651302605237e+01 1.220935153836518600e-01
1.004170340681362816e+01 1.221750063461274904e-01
1.004515030060120218e+01 1.222563259244506401e-01
1.004859719438877796e+01 1.223400803870001163e-01
1.005204408817635375e+01 1.224390535284578391e-01
1.005549098196392777e+01 1.225379555341882531e-01
1.005893787575150355e+01 1.226371600157858399e-01
1.006238476953907757e+01 1.227360235271276051e-01
1.006583166332665336e+01 1.228357557844311221e-01
1.006927855711422914e+01 1.229322096760762512e-01
1.007272545090180316e+01 1.230275198455248187e-01
1.007617234468937895e+01 1.231248803668803654e-01
1.007961923847695473e+01 1.232301509895960961e-01
1.008306613226452875e+01 1.233415373944487248e-01
1.008651302605210454e+01 1.234536685330293454e-01
1.008995991983968032e+01 1.235736256572363551e-01
1.009340681362725434e+01 1.236952879951821460e-01
1.009685370741483013e+01 1.238182072765000308e-01
1.010030060120240591e+01 1.239402691282574243e-01
1.010374749498997993e+01 1.240620705278444869e-01
1.010719438877755572e+01 1.241828133399644624e-01
1.011064128256512973e+01 1.243009801606513171e-01
1.011408817635270552e+01 1.244192146935212268e-01
1.011753507014028131e+01 1.245376523306392230e-01
1.012098196392785532e+01 1.246632053113546773e-01
1.012442885771543111e+01 1.247888590610144316e-01
1.012787575150300690e+01 1.249135540728268656e-01
1.013132264529058091e+01 1.250363260045322666e-01
1.013476953907815670e+01 1.251605690638432911e-01
1.013821643286573249e+01 1.252853849625413241e-01
1.014166332665330650e+01 1.254103244533870121e-01
1.014511022044088229e+01 1.255350537098510189e-01
1.014855711422845630e+01 1.256621497714812685e-01
1.015200400801603209e+01 1.257898488941215087e-01
1.015545090180360788e+01 1.259155960043580602e-01
1.015889779559118189e+01 1.260474343921905160e-01
1.016234468937875768e+01 1.261792503698417611e-01
1.016579158316633347e+01 1.263111577665896879e-01
1.016923847695390748e+01 1.264408283969637725e-01
1.017268537074148327e+01 1.265704863127810886e-01
1.017613226452905906e+01 1.266993363287364227e-01
1.017957915831663307e+01 1.268415471323571242e-01
1.018302605210420886e+01 1.269823898735063794e-01
1.018647294589178465e+01 1.271227201541271778e-01
1.018991983967935866e+01 1.272618327192127641e-01
1.019336673346693445e+01 1.274007965694014255e-01
1.019681362725450846e+01 1.275395981200541651e-01
1.020026052104208425e+01 1.276791923803091144e-01
1.020370741482966004e+01 1.278156395185467697e-01
1.020715430861723405e+01 1.279580669464983333e-01
1.021060120240480984e+01 1.281045749432220826e-01
1.021404809619238563e+01 1.282508684377388353e-01
1.021749498997995964e+01 1.283972533707097019e-01
1.022094188376753543e+01 1.285450235174205313e-01
1.022438877755511122e+01 1.286914586563780161e-01
1.022783567134268523e+01 1.288377614442484664e-01
1.023128256513026102e+01 1.289839661969154616e-01
1.023472945891783681e+01 1.291294235951989944e-01
1.023817635270541082e+01 1.292670443726028906e-01
1.024162324649298661e+01 1.294029967028741401e-01
1.024507014028056062e+01 1.295397615969510197e-01
1.024851703406813641e+01 1.296848138970762288e-01
1.025196392785571220e+01 1.298299249105921149e-01
1.025541082164328621e+01 1.299756607221705385e-01
1.025885771543086200e+01 1.301228239601991410e-01
1.026230460921843779e+01 1.302686237714839601e-01
1.026575150300601180e+01 1.304150880447925986e-01
1.026919839679358759e+01 1.305613515004287739e-01
1.027264529058116338e+01 1.307076800909186542e-01
1.027609218436873739e+01 1.308551092646730862e-01
1.027953907815631318e+01 1.310039351499255045e-01
1.028298597194388719e+01 1.311528664911461861e-01
1.028643286573146298e+01 1.313012058710867624e-01
1.028987975951903877e+01 1.314481286182548891e-01
1.029332665330661278e+01 1.315959559788569266e-01
1.029677354709418857e+01 1.317449864330137443e-01
1.030022044088176436e+01 1.318922319194837378e-01
1.030366733466933837e+01 1.320408845546585108e-01
1.030711422845691416e+01 1.321775091822392223e-01
1.031056112224448995e+01 1.323109957565452299e-01
1.031400801603206396e+01 1.324435211329710316e-01
1.031745490981963975e+01 1.325894023193603666e-01
1.032090180360721554e+01 1.327324155502859482e-01
1.032434869739478955e+01 1.328732252945871162e-01
1.032779559118236534e+01 1.330111837005580055e-01
1.033124248496994113e+01 1.331473516061090490e-01
1.033468937875751514e+01 1.332782992690576818e-01
1.033813627254509093e+01 1.334049692015430166e-01
1.034158316633266494e+01 1.335305644726066387e-01
1.034503006012024073e+01 1.336565163834837755e-01
1.034847695390781652e+01 1.337810186557384373e-01
1.035192384769539053e+01 1.339055100648084695e-01
1.035537074148296632e+01 1.340299152915368219e-01
1.035881763527054211e+01 1.341534074349590433e-01
1.036226452905811612e+01 1.342779338834628466e-01
1.036571142284569191e+01 1.343976989296843116e-01
1.036915831663326770e+01 1.345155566181154283e-01
1.037260521042084171e+01 1.346344769816355535e-01
1.037605210420841750e+01 1.347503008524176538e-01
1.037949899799599152e+01 1.348673253017829421e-01
1.038294589178356730e+01 1.349845491003012488e-01
1.038639278557114309e+01 1.351019359066092662e-01
1.038983967935871711e+01 1.352192750097645502e-01
1.039328657314629289e+01 1.353358193600530668e-01
1.039673346693386868e+01 1.354551209165531789e-01
1.040018036072144270e+01 1.355729410190749384e-01
1.040362725450901848e+01 1.356908018790688175e-01
1.040707414829659427e+01 1.358102277825568305e-01
1.041052104208416829e+01 1.359288847155726010e-01
1.041396793587174407e+01 1.360384309665366165e-01
1.041741482965931986e+01 1.361413702363705736e-01
1.042086172344689388e+01 1.362443296426328054e-01
1.042430861723446966e+01 1.363363166978330543e-01
1.042775551102204368e+01 1.364222854724427003e-01
1.043120240480961947e+01 1.365082574627078660e-01
1.043464929859719525e+01 1.365855345147966859e-01
1.043809619238476927e+01 1.366603419998412561e-01
1.044154308617234506e+01 1.367351682118945200e-01
1.044498997995992084e+01 1.368065521242258775e-01
1.044843687374749486e+01 1.368797356745797555e-01
1.045188376753507065e+01 1.369509784632599869e-01
1.045533066132264643e+01 1.370161710307054859e-01
1.045877755511022045e+01 1.370828980243778417e-01
1.046222444889779624e+01 1.371475459597356894e-01
1.046567134268537203e+01 1.372112596492230385e-01
1.046911823647294604e+01 1.372749746555783357e-01
1.047256513026052183e+01 1.373386250268982256e-01
1.047601202404809584e+01 1.374021475119076297e-01
1.047945891783567163e+01 1.374656712151884064e-01
1.048290581162324742e+01 1.375295529051009935e-01
1.048635270541082143e+01 1.375970877732354269e-01
1.048979959919839722e+01 1.376630826621864645e-01
1.049324649298597301e+01 1.377298262794135753e-01
1.049669338677354702e+01 1.377984312887501062e-01
1.050014028056112281e+01 1.378618096423193662e-01
1.050358717434869860e+01 1.378160282269456360e-01
1.050703406813627261e+01 1.377662866016055032e-01
1.051048096192384840e+01 1.377165203013282213e-01
1.051392785571142241e+01 1.376600371616878149e-01
1.051737474949899820e+01 1.376030118520886747e-01
1.052082164328657399e+01 1.375459660231450887e-01
1.052426853707414800e+01 1.374872571285284673e-01
1.052771543086172379e+01 1.374300753489451077e-01
1.053116232464929958e+01 1.373712199586594740e-01
1.053460921843687359e+01 1.373117624768948331e-01
1.053805611222444938e+01 1.372538320349422358e-01
1.054150300601202517e+01 1.371927972872387380e-01
1.054494989979959918e+01 1.371300340415592955e-01
1.054839679358717497e+01 1.370672613367772685e-01
1.055184368737475076e+01 1.369997481844585085e-01
1.055529058116232477e+01 1.369245057505961150e-01
1.055873747494990056e+01 1.368492709136867047e-01
1.056218436873747457e+01 1.367728579457866689e-01
1.056563126252505036e+01 1.366974398012031355e-01
1.056907815631262615e+01 1.366219104087640357e-01
1.057252505010020016e+01 1.365412115173274543e-01
1.057597194388777595e+01 1.364605272926186774e-01
1.057941883767535174e+01 1.363798585868357116e-01
1.058286573146292575e+01 1.362963022558898174e-01
1.058631262525050154e+01 1.362121543718931016e-01
1.058975951903807733e+01 1.361282613936050379e-01
1.059320641282565134e+01 1.360240545422093938e-01
1.059665330661322713e+01 1.359183608188505032e-01
1.060010020040080292e+01 1.358104253076244106e-01
1.060354709418837693e+01 1.356901734029699880e-01
1.060699398797595272e+01 1.355699872052110733e-01
1.061044088176352673e+01 1.354496773031236001e-01
1.061388777555110252e+01 1.353290158290750000e-01
1.061733466933867831e+01 1.352084208375779195e-01
1.062078156312625232e+01 1.350885683709863727e-01
1.062422845691382811e+01 1.349680347957396553e-01
1.062767535070140390e+01 1.348475676587607974e-01
1.063112224448897791e+01 1.347298272074782532e-01
1.063456913827655370e+01 1.346140222960012789e-01
1.063801603206412949e+01 1.344982774814206805e-01
1.064146292585170350e+01 1.343762494503565053e-01
1.064490981963927929e+01 1.342519405087448103e-01
1.064835671342685330e+01 1.341289466521710383e-01
1.065180360721442909e+01 1.340030574409767361e-01
1.065525050100200488e+01 1.338776606122846768e-01
1.065869739478957889e+01 1.337540565260869896e-01
1.066214428857715468e+01 1.336246812089278146e-01
1.066559118236473047e+01 1.334961712652180388e-01
1.066903807615230448e+01 1.333674884323297616e-01
1.067248496993988027e+01 1.332375327492976158e-01
1.067593186372745606e+01 1.331062515341872310e-01
1.067937875751503007e+01 1.329749553566357823e-01
1.068282565130260586e+01 1.328391513225289366e-01
1.068627254509018165e+01 1.327028261470481474e-01
1.068971943887775566e+01 1.325644173633552525e-01
1.069316633266533145e+01 1.324215132393147254e-01
1.069661322645290724e+01 1.322792873980960793e-01
1.070006012024048125e+01 1.321412628966468494e-01
1.070350701402805704e+01 1.320072555749991772e-01
1.070695390781563106e+01 1.318734033011177975e-01
1.071040080160320684e+01 1.317339492675361212e-01
1.071384769539078263e+01 1.315927874132221398e-01
1.071729458917835665e+01 1.314538125799402657e-01
1.072074148296593243e+01 1.313137496859080322e-01
1.072418837675350822e+01 1.311761576195945300e-01
1.072763527054108224e+01 1.310383109389014478e-01
1.073108216432865802e+01 1.308937265343290968e-01
1.073452905811623381e+01 1.307512689094709191e-01
1.073797595190380783e+01 1.306080206975961944e-01
1.074142284569138361e+01 1.304625662770331207e-01
1.074486973947895763e+01 1.303187269119905622e-01
1.074831663326653342e+01 1.301741628800427153e-01
1.075176352705410920e+01 1.300294640887983966e-01
1.075521042084168322e+01 1.298863374804921367e-01
1.075865731462925901e+01 1.297451026806900609e-01
1.076210420841683479e+01 1.296077172586308224e-01
1.076555110220440881e+01 1.294692209990676857e-01
1.076899799599198460e+01 1.293255771833782819e-01
1.077244488977956038e+01 1.291795700700841265e-01
1.077589178356713440e+01 1.290336589072912377e-01
1.077933867735471019e+01 1.288866082810196101e-01
1.078278557114228420e+01 1.287377169869713678e-01
1.078623246492985999e+01 1.285903831576656053e-01
1.078967935871743578e+01 1.284438722409046441e-01
1.079312625250500979e+01 1.282977292609539244e-01
1.079657314629258558e+01 1.281527499051752506e-01
1.080002004008016137e+01 1.280069918881599766e-01
1.080346693386773538e+01 1.278632040668471748e-01
1.080691382765531117e+01 1.277208632716146375e-01
1.081036072144288696e+01 1.275781553292449078e-01
1.081380761523046097e+01 1.274367083475305973e-01
1.081725450901803676e+01 1.272977140911386862e-01
1.082070140280561255e+01 1.271626095973466264e-01
1.082414829659318656e+01 1.270275234217681515e-01
1.082759519038076235e+01 1.269014306202858877e-01
1.083104208416833814e+01 1.267861534605283780e-01
1.083448897795591215e+01 1.266703496224378667e-01
1.083793587174348794e+01 1.265505846426410175e-01
1.084138276553106195e+01 1.264288342139278376e-01
1.084482965931863774e+01 1.263060252451385646e-01
1.084827655310621353e+01 1.261841917150614834e-01
1.085172344689378754e+01 1.260626344456697856e-01
1.085517034068136333e+01 1.259405030978881235e-01
1.085861723446893912e+01 1.258186518742683835e-01
1.086206412825651313e+01 1.256969332829085684e-01
1.086551102204408892e+01 1.255749246211186054e-01
1.086895791583166471e+01 1.254426687092388970e-01
1.087240480961923872e+01 1.253125030579342880e-01
1.087585170340681451e+01 1.251807112150209456e-01
1.087929859719438852e+01 1.250396395424558937e-01
1.088274549098196431e+01 1.249002644951785618e-01
1.088619238476954010e+01 1.247617925120447085e-01
1.088963927855711411e+01 1.246223975134663348e-01
1.089308617234468990e+01 1.244849034264371018e-01
1.089653306613226569e+01 1.243503077221334019e-01
1.089997995991983970e+01 1.242200841486316154e-01
1.090342685370741549e+01 1.240911571350663128e-01
1.090687374749499128e+01 1.239570417647110068e-01
1.091032064128256529e+01 1.238200231202688795e-01
1.091376753507014108e+01 1.236844923411604402e-01
1.091721442885771509e+01 1.235647414731731036e-01
1.092066132264529088e+01 1.234527889372346587e-01
1.092410821643286667e+01 1.233408253306556429e-01
1.092755511022044068e+01 1.232402017745167777e-01
1.093100200400801647e+01 1.231414945973982322e-01
1.093444889779559226e+01 1.230428834711393832e-01
1.093789579158316627e+01 1.229498481078042937e-01
1.094134268537074206e+01 1.228552799429402098e-01
1.094478957915831785e+01 1.227610555217462651e-01
1.094823647294589186e+01 1.226702599364711960e-01
1.095168336673346765e+01 1.225785366194437620e-01
1.095513026052104344e+01 1.224892324787677372e-01
1.095857715430861745e+01 1.224033996982602929e-01
1.096202404809619324e+01 1.223156019515994064e-01
1.096547094188376903e+01 1.222280710778346074e-01
1.096891783567134304e+01 1.221382941718997389e-01
1.097236472945891883e+01 1.220483165221566829e-01
1.097581162324649284e+01 1.219573367824649951e-01
1.097925851703406863e+01 1.218658904623968198e-01
1.098270541082164442e+01 1.217740350810279093e-01
1.098615230460921843e+01 1.216803839339863219e-01
1.098959919839679422e+01 1.215856100784363097e-01
1.099304609218437001e+01 1.214922566545201393e-01
1.099649298597194402e+01 1.213898435067664178e-01
1.099993987975951981e+01 1.212844967651809797e-01
1.100338677354709560e+01 1.212364523522760085e-01
1.100683366733466961e+01 1.211691780301731858e-01
1.101028056112224540e+01 1.211036072079629683e-01
1.101372745490981941e+01 1.210412349109372121e-01
1.101717434869739520e+01 1.209952782097605539e-01
1.102062124248497099e+01 1.209507110179129513e-01
1.102406813627254500e+01 1.209062620635314445e-01
1.102751503006012079e+01 1.208627471172847856e-01
1.103096192384769658e+01 1.208191909215318716e-01
1.103440881763527059e+01 1.207765782241908004e-01
1.103785571142284638e+01 1.207324927832080091e-01
1.104130260521042217e+01 1.206901860820579625e-01
1.104474949899799618e+01 1.206478713109690598e-01
1.104819639278557197e+01 1.206042045652295919e-01
1.105164328657314599e+01 1.205632852191171056e-01
1.105509018036072177e+01 1.205224189706360916e-01
1.105853707414829756e+01 1.204829436541604154e-01
1.106198396793587335e+01 1.204421084314340612e-01
1.106543086172344736e+01 1.204033041357415040e-01
1.106887775551102315e+01 1.203646915999128930e-01
1.107232464929859717e+01 1.203253110177697899e-01
1.107577154308617295e+01 1.202888313815852761e-01
1.107921843687374874e+01 1.202509738572597048e-01
1.108266533066132276e+01 1.202125918847700842e-01
1.108611222444889854e+01 1.201758283905080965e-01
1.108955911823647433e+01 1.201376917283740742e-01
1.109300601202404835e+01 1.200999567538425655e-01
1.109645290581162413e+01 1.200645710251977694e-01
1.109989979959919992e+01 1.200291849230938485e-01
1.110334669338677394e+01 1.199936454534881319e-01
1.110679358717434972e+01 1.199586883383676195e-01
1.111024048096192374e+01 1.199242061861664765e-01
1.111368737474949953e+01 1.199120553532788402e-01
1.111713426853707531e+01 1.199161050523284838e-01
1.112058116232464933e+01 1.199197267744814555e-01
1.112402805611222512e+01 1.199245511751075993e-01
1.112747494989980090e+01 1.199298739492693638e-01
1.113092184368737492e+01 1.199365622548030225e-01
1.113436873747495071e+01 1.199430575389187903e-01
1.113781563126252649e+01 1.199517818119351931e-01
1.114126252505010051e+01 1.199613668595561344e-01
1.114470941883767630e+01 1.199722619198916179e-01
1.114815631262525031e+01 1.199847361750871477e-01
1.115160320641282610e+01 1.199984379965610692e-01
1.115505010020040189e+01 1.200103749065257325e-01
1.115849699398797590e+01 1.200229895169050848e-01
1.116194388777555169e+01 1.200359274722996028e-01
1.116539078156312748e+01 1.200466236254291857e-01
1.116883767535070149e+01 1.200573177035400424e-01
1.117228456913827728e+01 1.200694767639703120e-01
1.117573146292585307e+01 1.200804013794470604e-01
1.117917835671342708e+01 1.200910803651024372e-01
1.118262525050100287e+01 1.201017148595456968e-01
1.118607214428857688e+01 1.201113079465728761e-01
1.118951903807615267e+01 1.201207022619153186e-01
1.119296593186372846e+01 1.201302249753768564e-01
1.119641282565130425e+01 1.201383930732664168e-01
1.119985971943887826e+01 1.201451941914954968e-01
1.120330661322645405e+01 1.201507404542964813e-01
1.120675350701402806e+01 1.201551233968752852e-01
1.121020040080160385e+01 1.201599253778596749e-01
1.121364729458917964e+01 1.201799439160979172e-01
1.121709418837675365e+01 1.201999624337855288e-01
1.122054108216432944e+01 1.202193833950759849e-01
1.122398797595190523e+01 1.202342296566829699e-01
1.122743486973947924e+01 1.202504410641729304e-01
1.123088176352705503e+01 1.202669335321178284e-01
1.123432865731463082e+01 1.202875613167386365e-01
1.123777555110220483e+01 1.203092483364721355e-01
1.124122244488978062e+01 1.203311447968194309e-01
1.124466933867735463e+01 1.203541781502617952e-01
1.124811623246493042e+01 1.203785783950188926e-01
1.125156312625250621e+01 1.204036221059952422e-01
1.125501002004008022e+01 1.204294447469594770e-01
1.125845691382765601e+01 1.204566351323082957e-01
1.126190380761523180e+01 1.204807391575244691e-01
1.126535070140280581e+01 1.205037256533929430e-01
1.126879759519038160e+01 1.205269897130076678e-01
1.127224448897795739e+01 1.205514890912311732e-01
1.127569138276553140e+01 1.205763381164634412e-01
1.127913827655310719e+01 1.206009991629262007e-01
1.128258517034068120e+01 1.206274561916535482e-01
1.128603206412825699e+01 1.206537162179340261e-01
1.128947895791583278e+01 1.206785223501172372e-01
1.129292585170340679e+01 1.206978285972261644e-01
1.129637274549098258e+01 1.207176452924565713e-01
1.129981963927855837e+01 1.207384588145540699e-01
1.130326653306613238e+01 1.207610053986651194e-01
1.130671342685370817e+01 1.207832858533280929e-01
1.131016032064128396e+01 1.208086858700335720e-01
1.131360721442885797e+01 1.208384238177612896e-01
1.131705410821643376e+01 1.208695326188187757e-01
1.132050100200400955e+01 1.209030185097016152e-01
1.132394789579158356e+01 1.209402971780288438e-01
1.132739478957915935e+01 1.209770354077041032e-01
1.133084168336673514e+01 1.210141803527784721e-01
1.133428857715430915e+01 1.210509600661002355e-01
1.133773547094188494e+01 1.210887510329107658e-01
1.134118236472945895e+01 1.211272899432525585e-01
1.134462925851703474e+01 1.211666047847093225e-01
1.134807615230461053e+01 1.212055688968482897e-01
1.135152304609218454e+01 1.212394383832403610e-01
1.135496993987976033e+01 1.212732785667658408e-01
1.135841683366733612e+01 1.213062059485819355e-01
1.136186372745491013e+01 1.213424547471120551e-01
1.136531062124248592e+01 1.213782800331963951e-01
1.136875751503006171e+01 1.214097820690835938e-01
1.137220440881763572e+01 1.214345331301826952e-01
1.137565130260521151e+01 1.214583908110039301e-01
1.137909819639278552e+01 1.214833537841200212e-01
1.138254509018036131e+01 1.215081514727235495e-01
1.138599198396793710e+01 1.215329497700205902e-01
1.138943887775551111e+01 1.215573832855663117e-01
1.139288577154308690e+01 1.215815331794311005e-01
1.139633266533066269e+01 1.216056836329372226e-01
1.139977955911823670e+01 1.216305903739252486e-01
1.140322645290581249e+01 1.216544756626224966e-01
1.140667334669338828e+01 1.216784046046842649e-01
1.141012024048096229e+01 1.217040499458475061e-01
1.141356713426853808e+01 1.217283829900569214e-01
1.141701402805611210e+01 1.217540918530102267e-01
1.142046092184368788e+01 1.217805695287910162e-01
1.142390781563126367e+01 1.218072269005587710e-01
1.142735470941883946e+01 1.218352863991225832e-01
1.143080160320641347e+01 1.218683944923874829e-01
1.143424849699398926e+01 1.219015044944845860e-01
1.143769539078156328e+01 1.219341639026447488e-01
1.144114228456913906e+01 1.219663882311664699e-01
1.144458917835671485e+01 1.219999910465261184e-01
1.144803607214428887e+01 1.220328177154922505e-01
1.145148296593186465e+01 1.220640603118612749e-01
1.145492985971944044e+01 1.220953046117422142e-01
1.145837675350701446e+01 1.221262802880126869e-01
1.146182364729459024e+01 1.221570114491355857e-01
1.146527054108216603e+01 1.221877264263965396e-01
1.146871743486974005e+01 1.222019434559997314e-01
1.147216432865731583e+01 1.222083425566611176e-01
1.147561122244488985e+01 1.222152768985641513e-01
1.147905811623246564e+01 1.222192126373838339e-01
1.148250501002004142e+01 1.222214644610855466e-01
1.148595190380761544e+01 1.222223375516354044e-01
1.148939879759519123e+01 1.222207050234688508e-01
1.149284569138276701e+01 1.222178907604642012e-01
1.149629258517034103e+01 1.222195594579931627e-01
1.149973947895791682e+01 1.222420637240248242e-01
1.150318637274549260e+01 1.222659588389518048e-01
1.150663326653306662e+01 1.222930623922491716e-01
1.151008016032064241e+01 1.223325189531006135e-01
1.151352705410821642e+01 1.223733520761067922e-01
1.151697394789579221e+01 1.224131127863158641e-01
1.152042084168336800e+01 1.224515589114873182e-01
1.152386773547094201e+01 1.224925462419144545e-01
1.152731462925851780e+01 1.225323735693813476e-01
1.153076152304609359e+01 1.225732838464126812e-01
1.153420841683366760e+01 1.226149174998765745e-01
1.153765531062124339e+01 1.226564664224632645e-01
1.154110220440881918e+01 1.226972788081815424e-01
1.154454909819639319e+01 1.227394502676858734e-01
1.154799599198396898e+01 1.227775807569553984e-01
1.155144288577154299e+01 1.228163280207366648e-01
1.155488977955911878e+01 1.228550778907341323e-01
1.155833667334669457e+01 1.228950277773983579e-01
1.156178356713427036e+01 1.229353070028645634e-01
1.156523046092184437e+01 1.229750517462074727e-01
1.156867735470942016e+01 1.230144710212655035e-01
1.157212424849699417e+01 1.230529977275135467e-01
1.157557114228456996e+01 1.230858316890426213e-01
1.157901803607214575e+01 1.231038143004478669e-01
1.158246492985971976e+01 1.231203830947926320e-01
1.158591182364729555e+01 1.231370084894894135e-01
1.158935871743487134e+01 1.231523444874239454e-01
1.159280561122244535e+01 1.231676799411415973e-01
1.159625250501002114e+01 1.231815341033137001e-01
1.159969939879759693e+01 1.231953157454405562e-01
1.160314629258517094e+01 1.232097422511601592e-01
1.160659318637274673e+01 1.232231498493671640e-01
1.161004008016032074e+01 1.232362563048990806e-01
1.161348697394789653e+01 1.232486501276044283e-01
1.161693386773547232e+01 1.232608642558977591e-01
1.162038076152304633e+01 1.232737116594027210e-01
1.162382765531062212e+01 1.232851362375583099e-01
1.162727454909819791e+01 1.232894281348401455e-01
1.163072144288577192e+01 1.232935666009752629e-01
1.163416833667334771e+01 1.232967071408850174e-01
1.163761523046092350e+01 1.232926500447206891e-01
1.164106212424849751e+01 1.232888265609134171e-01
1.164450901803607330e+01 1.232835977658516269e-01
1.164795591182364731e+01 1.232801988726399955e-01
1.165140280561122310e+01 1.232761182078479512e-01
1.165484969939879889e+01 1.232711491140541238e-01
1.165829659318637290e+01 1.232669564656011935e-01
1.166174348697394869e+01 1.232627634407208184e-01
1.166519038076152448e+01 1.232576735393486334e-01
1.166863727454909849e+01 1.232529879512845594e-01
1.167208416833667428e+01 1.232481849911292032e-01
1.167553106212425007e+01 1.232418569829792504e-01
1.167897795591182408e+01 1.232352651425691059e-01
1.168242484969939987e+01 1.232300267649414360e-01
1.168587174348697388e+01 1.232179893105696533e-01
1.168931863727454967e+01 1.232058568696461909e-01
1.169276553106212546e+01 1.231939030873135943e-01
1.169621242484970125e+01 1.231756520629984919e-01
1.169965931863727526e+01 1.231585347617592391e-01
1.170310621242485105e+01 1.231399315029669539e-01
1.170655310621242506e+01 1.231188858247182355e-01
1.171000000000000085e+01 1.230978423082211004e-01
