2.150000000000000000e+01 0.000000000000000000e+00
2.151703406813627240e+01 0.000000000000000000e+00
2.153406813627254479e+01 0.000000000000000000e+00
2.155110220440881719e+01 0.000000000000000000e+00
2.156813627254508958e+01 0.000000000000000000e+00
2.158517034068136198e+01 0.000000000000000000e+00
2.160220440881763437e+01 0.000000000000000000e+00
2.161923847695390677e+01 0.000000000000000000e+00
2.163627254509017916e+01 0.000000000000000000e+00
2.165330661322645156e+01 0.000000000000000000e+00
2.167034068136272396e+01 0.000000000000000000e+00
2.168737474949899635e+01 0.000000000000000000e+00
2.170440881763526875e+01 0.000000000000000000e+00
2.172144288577154470e+01 0.000000000000000000e+00
2.173847695390781709e+01 0.000000000000000000e+00
2.175551102204408949e+01 0.000000000000000000e+00
2.177254509018036188e+01 0.000000000000000000e+00
2.178957915831663428e+01 0.000000000000000000e+00
2.180661322645290667e+01 0.000000000000000000e+00
2.182364729458917907e+01 0.000000000000000000e+00
2.184068136272545146e+01 0.000000000000000000e+00
2.185771543086172386e+01 0.000000000000000000e+00
2.187474949899799626e+01 0.000000000000000000e+00
2.189178356713426865e+01 0.000000000000000000e+00
2.190881763527054105e+01 0.000000000000000000e+00
2.192585170340681344e+01 0.000000000000000000e+00
2.194288577154308584e+01 0.000000000000000000e+00
2.195991983967935823e+01 0.000000000000000000e+00
2.197695390781563063e+01 0.000000000000000000e+00
2.199398797595190302e+01 0.000000000000000000e+00
2.201102204408817542e+01 0.000000000000000000e+00
2.202805611222444782e+01 0.000000000000000000e+00
2.204509018036072021e+01 0.000000000000000000e+00
2.206212424849699261e+01 0.000000000000000000e+00
2.207915831663326500e+01 0.000000000000000000e+00
2.209619238476953740e+01 0.000000000000000000e+00
2.211322645290581335e+01 0.000000000000000000e+00
2.213026052104208574e+01 0.000000000000000000e+00
2.214729458917835814e+01 0.000000000000000000e+00
2.216432865731463053e+01 0.000000000000000000e+00
2.218136272545090293e+01 0.000000000000000000e+00
2.219839679358717532e+01 0.000000000000000000e+00
2.221543086172344772e+01 0.000000000000000000e+00
2.223246492985972012e+01 0.000000000000000000e+00
2.224949899799599251e+01 0.000000000000000000e+00
2.226653306613226491e+01 0.000000000000000000e+00
2.228356713426853730e+01 0.000000000000000000e+00
2.230060120240480970e+01 0.000000000000000000e+00
2.231763527054108209e+01 0.000000000000000000e+00
2.233466933867735449e+01 0.000000000000000000e+00
2.235170340681362688e+01 0.000000000000000000e+00
2.236873747494989928e+01 0.000000000000000000e+00
2.238577154308617168e+01 0.000000000000000000e+00
2.240280561122244407e+01 0.000000000000000000e+00
2.241983967935871647e+01 0.000000000000000000e+00
2.243687374749498886e+01 0.000000000000000000e+00
2.245390781563126126e+01 0.000000000000000000e+00
2.247094188376753365e+01 0.000000000000000000e+00
2.248797595190380605e+01 0.000000000000000000e+00
2.250501002004008200e+01 0.000000000000000000e+00
2.252204408817635084e+01 0.000000000000000000e+00
2.253907815631262679e+01 0.000000000000000000e+00
2.255611222444889918e+01 0.000000000000000000e+00
2.257314629258517158e+01 0.000000000000000000e+00
2.259018036072144398e+01 0.000000000000000000e+00
2.260721442885771637e+01 0.000000000000000000e+00
2.262424849699398877e+01 0.000000000000000000e+00
2.264128256513026116e+01 0.000000000000000000e+00
2.265831663326653356e+01 0.000000000000000000e+00
2.267535070140280595e+01 0.000000000000000000e+00
2.269238476953907835e+01 0.000000000000000000e+00
2.270941883767535074e+01 0.000000000000000000e+00
2.272645290581162314e+01 0.000000000000000000e+00
2.274348697394789554e+01 0.000000000000000000e+00
2.276052104208416793e+01 0.000000000000000000e+00
2.277755511022044033e+01 0.000000000000000000e+00
2.279458917835671272e+01 0.000000000000000000e+00
2.281162324649298512e+01 0.000000000000000000e+00
2.282865731462925751e+01 0.000000000000000000e+00
2.284569138276552991e+01 0.000000000000000000e+00
2.286272545090180230e+01 0.000000000000000000e+00
2.287975951903807470e+01 0.000000000000000000e+00
2.289679358717434710e+01 0.000000000000000000e+00
2.291382765531061949e+01 0.000000000000000000e+00
2.293086172344689544e+01 0.000000000000000000e+00
2.294789579158316783e+01 0.000000000000000000e+00
2.296492985971944023e+01 0.000000000000000000e+00
2.298196392785571263e+01 0.000000000000000000e+00
2.299899799599198502e+01 0.000000000000000000e+00
2.301603206412825742e+01 0.000000000000000000e+00
2.303306613226452981e+01 0.000000000000000000e+00
2.305010020040080221e+01 0.000000000000000000e+00
2.306713426853707460e+01 0.000000000000000000e+00
2.308416833667334700e+01 0.000000000000000000e+00
2.310120240480961940e+01 0.000000000000000000e+00
2.311823647294589179e+01 0.000000000000000000e+00
2.313527054108216419e+01 0.000000000000000000e+00
2.315230460921843658e+01 0.000000000000000000e+00
2.316933867735470898e+01 0.000000000000000000e+00
2.318637274549098137e+01 0.000000000000000000e+00
2.320340681362725377e+01 0.000000000000000000e+00
2.322044088176352616e+01 0.000000000000000000e+00
2.323747494989979856e+01 0.000000000000000000e+00
2.325450901803607096e+01 0.000000000000000000e+00
2.327154308617234335e+01 0.000000000000000000e+00
2.328857715430861575e+01 0.000000000000000000e+00
2.330561122244488814e+01 0.000000000000000000e+00
2.332264529058116409e+01 0.000000000000000000e+00
2.333967935871743649e+01 0.000000000000000000e+00
2.335671342685370888e+01 0.000000000000000000e+00
2.337374749498998128e+01 0.000000000000000000e+00
2.339078156312625367e+01 0.000000000000000000e+00
2.340781563126252607e+01 0.000000000000000000e+00
2.342484969939879846e+01 0.000000000000000000e+00
2.344188376753507086e+01 0.000000000000000000e+00
2.345891783567134325e+01 0.000000000000000000e+00
2.347595190380761565e+01 0.000000000000000000e+00
2.349298597194388805e+01 0.000000000000000000e+00
2.351002004008016044e+01 0.000000000000000000e+00
2.352705410821643284e+01 0.000000000000000000e+00
2.354408817635270523e+01 0.000000000000000000e+00
2.356112224448897763e+01 0.000000000000000000e+00
2.357815631262525002e+01 0.000000000000000000e+00
2.359519038076152242e+01 0.000000000000000000e+00
2.361222444889779482e+01 0.000000000000000000e+00
2.362925851703406721e+01 0.000000000000000000e+00
2.364629258517033961e+01 0.000000000000000000e+00
2.366332665330661200e+01 0.000000000000000000e+00
2.368036072144288440e+01 0.000000000000000000e+00
2.369739478957915679e+01 0.000000000000000000e+00
2.371442885771543274e+01 0.000000000000000000e+00
2.373146292585170158e+01 0.000000000000000000e+00
2.374849699398797753e+01 0.000000000000000000e+00
2.376553106212424993e+01 0.000000000000000000e+00
2.378256513026052232e+01 0.000000000000000000e+00
2.379959919839679472e+01 0.000000000000000000e+00
2.381663326653306711e+01 0.000000000000000000e+00
2.383366733466933951e+01 0.000000000000000000e+00
2.385070140280561191e+01 0.000000000000000000e+00
2.386773547094188430e+01 0.000000000000000000e+00
2.388476953907815670e+01 0.000000000000000000e+00
2.390180360721442909e+01 0.000000000000000000e+00
2.391883767535070149e+01 0.000000000000000000e+00
2.393587174348697388e+01 0.000000000000000000e+00
2.395290581162324628e+01 0.000000000000000000e+00
2.396993987975951867e+01 0.000000000000000000e+00
2.398697394789579107e+01 0.000000000000000000e+00
2.400400801603206347e+01 0.000000000000000000e+00
2.402104208416833586e+01 0.000000000000000000e+00
2.403807615230460826e+01 0.000000000000000000e+00
2.405511022044088065e+01 0.000000000000000000e+00
2.407214428857715305e+01 0.000000000000000000e+00
2.408917835671342544e+01 0.000000000000000000e+00
2.410621242484969784e+01 0.000000000000000000e+00
2.412324649298597024e+01 0.000000000000000000e+00
2.414028056112224618e+01 0.000000000000000000e+00
2.415731462925851503e+01 0.000000000000000000e+00
2.417434869739479097e+01 0.000000000000000000e+00
2.419138276553106337e+01 0.000000000000000000e+00
2.420841683366733577e+01 0.000000000000000000e+00
2.422545090180360816e+01 0.000000000000000000e+00
2.424248496993988056e+01 0.000000000000000000e+00
2.425951903807615295e+01 0.000000000000000000e+00
2.427655310621242535e+01 0.000000000000000000e+00
2.429358717434869774e+01 0.000000000000000000e+00
2.431062124248497014e+01 0.000000000000000000e+00
2.432765531062124253e+01 0.000000000000000000e+00
2.434468937875751493e+01 0.000000000000000000e+00
2.436172344689378733e+01 0.000000000000000000e+00
2.437875751503005972e+01 0.000000000000000000e+00
2.439579158316633212e+01 0.000000000000000000e+00
2.441282565130260451e+01 0.000000000000000000e+00
2.442985971943887691e+01 0.000000000000000000e+00
2.444689378757514930e+01 0.000000000000000000e+00
2.446392785571142170e+01 0.000000000000000000e+00
2.448096192384769410e+01 0.000000000000000000e+00
2.449799599198396649e+01 0.000000000000000000e+00
2.451503006012023889e+01 0.000000000000000000e+00
2.453206412825651483e+01 0.000000000000000000e+00
2.454909819639278368e+01 0.000000000000000000e+00
2.456613226452905963e+01 0.000000000000000000e+00
2.458316633266533202e+01 0.000000000000000000e+00
2.460020040080160442e+01 0.000000000000000000e+00
2.461723446893787681e+01 0.000000000000000000e+00
2.463426853707414921e+01 0.000000000000000000e+00
2.465130260521042160e+01 0.000000000000000000e+00
2.466833667334669400e+01 0.000000000000000000e+00
2.468537074148296639e+01 0.000000000000000000e+00
2.470240480961923879e+01 0.000000000000000000e+00
2.471943887775551119e+01 0.000000000000000000e+00
2.473647294589178358e+01 0.000000000000000000e+00
2.475350701402805598e+01 0.000000000000000000e+00
2.477054108216432837e+01 0.000000000000000000e+00
2.478757515030060077e+01 0.000000000000000000e+00
2.480460921843687316e+01 0.000000000000000000e+00
2.482164328657314556e+01 0.000000000000000000e+00
2.483867735470941795e+01 0.000000000000000000e+00
2.485571142284569035e+01 0.000000000000000000e+00
2.487274549098196275e+01 0.000000000000000000e+00
2.488977955911823514e+01 0.000000000000000000e+00
2.490681362725450754e+01 0.000000000000000000e+00
2.492384769539078349e+01 0.000000000000000000e+00
2.494088176352705233e+01 0.000000000000000000e+00
2.495791583166332828e+01 0.000000000000000000e+00
2.497494989979960067e+01 0.000000000000000000e+00
2.499198396793587307e+01 0.000000000000000000e+00
2.500901803607214546e+01 0.000000000000000000e+00
2.502605210420841786e+01 0.000000000000000000e+00
2.504308617234469025e+01 0.000000000000000000e+00
2.506012024048096265e+01 0.000000000000000000e+00
2.507715430861723505e+01 0.000000000000000000e+00
2.509418837675350744e+01 0.000000000000000000e+00
2.511122244488977984e+01 0.000000000000000000e+00
2.512825651302605223e+01 0.000000000000000000e+00
2.514529058116232463e+01 0.000000000000000000e+00
2.516232464929859702e+01 0.000000000000000000e+00
2.517935871743486942e+01 0.000000000000000000e+00
2.519639278557114181e+01 0.000000000000000000e+00
2.521342685370741421e+01 0.000000000000000000e+00
2.523046092184368661e+01 0.000000000000000000e+00
2.524749498997995900e+01 0.000000000000000000e+00
2.526452905811623140e+01 0.000000000000000000e+00
2.528156312625250379e+01 0.000000000000000000e+00
2.529859719438877619e+01 0.000000000000000000e+00
2.531563126252504858e+01 0.000000000000000000e+00
2.533266533066132098e+01 0.000000000000000000e+00
2.534969939879759693e+01 0.000000000000000000e+00
2.536673346693386577e+01 0.000000000000000000e+00
2.538376753507014172e+01 0.000000000000000000e+00
2.540080160320641411e+01 0.000000000000000000e+00
2.541783567134268651e+01 0.000000000000000000e+00
2.543486973947895891e+01 0.000000000000000000e+00
2.545190380761523130e+01 0.000000000000000000e+00
2.546893787575150370e+01 0.000000000000000000e+00
2.548597194388777609e+01 0.000000000000000000e+00
2.550300601202404849e+01 0.000000000000000000e+00
2.552004008016032088e+01 0.000000000000000000e+00
2.553707414829659328e+01 0.000000000000000000e+00
2.555410821643286567e+01 0.000000000000000000e+00
2.557114228456913807e+01 0.000000000000000000e+00
2.558817635270541047e+01 0.000000000000000000e+00
2.560521042084168286e+01 0.000000000000000000e+00
2.562224448897795526e+01 0.000000000000000000e+00
2.563927855711422765e+01 0.000000000000000000e+00
2.565631262525050005e+01 0.000000000000000000e+00
2.567334669338677244e+01 0.000000000000000000e+00
2.569038076152304484e+01 0.000000000000000000e+00
2.570741482965931723e+01 0.000000000000000000e+00
2.572444889779558963e+01 0.000000000000000000e+00
2.574148296593186558e+01 0.000000000000000000e+00
2.575851703406813442e+01 0.000000000000000000e+00
2.577555110220441037e+01 0.000000000000000000e+00
2.579258517034067921e+01 0.000000000000000000e+00
2.580961923847695516e+01 0.000000000000000000e+00
2.582665330661322756e+01 0.000000000000000000e+00
2.584368737474949995e+01 0.000000000000000000e+00
2.586072144288577235e+01 0.000000000000000000e+00
2.587775551102204474e+01 0.000000000000000000e+00
2.589478957915831714e+01 0.000000000000000000e+00
2.591182364729458953e+01 0.000000000000000000e+00
2.592885771543086193e+01 0.000000000000000000e+00
2.594589178356713433e+01 0.000000000000000000e+00
2.596292585170340672e+01 0.000000000000000000e+00
2.597995991983967912e+01 0.000000000000000000e+00
2.599699398797595151e+01 0.000000000000000000e+00
2.601402805611222391e+01 0.000000000000000000e+00
2.603106212424849630e+01 0.000000000000000000e+00
2.604809619238476870e+01 0.000000000000000000e+00
2.606513026052104109e+01 0.000000000000000000e+00
2.608216432865731349e+01 0.000000000000000000e+00
2.609919839679358589e+01 0.000000000000000000e+00
2.611623246492985828e+01 0.000000000000000000e+00
2.613326653306613423e+01 0.000000000000000000e+00
2.615030060120240307e+01 0.000000000000000000e+00
2.616733466933867902e+01 0.000000000000000000e+00
2.618436873747494786e+01 0.000000000000000000e+00
2.620140280561122381e+01 0.000000000000000000e+00
2.621843687374749621e+01 0.000000000000000000e+00
2.623547094188376860e+01 0.000000000000000000e+00
2.625250501002004100e+01 0.000000000000000000e+00
2.626953907815631339e+01 0.000000000000000000e+00
2.628657314629258579e+01 0.000000000000000000e+00
2.630360721442885819e+01 0.000000000000000000e+00
2.632064128256513058e+01 0.000000000000000000e+00
2.633767535070140298e+01 0.000000000000000000e+00
2.635470941883767537e+01 0.000000000000000000e+00
2.637174348697394777e+01 0.000000000000000000e+00
2.638877755511022016e+01 0.000000000000000000e+00
2.640581162324649256e+01 0.000000000000000000e+00
2.642284569138276495e+01 0.000000000000000000e+00
2.643987975951903735e+01 0.000000000000000000e+00
2.645691382765530975e+01 0.000000000000000000e+00
2.647394789579158214e+01 0.000000000000000000e+00
2.649098196392785454e+01 0.000000000000000000e+00
2.650801603206412693e+01 0.000000000000000000e+00
2.652505010020040288e+01 0.000000000000000000e+00
2.654208416833667172e+01 0.000000000000000000e+00
2.655911823647294767e+01 0.000000000000000000e+00
2.657615230460921651e+01 0.000000000000000000e+00
2.659318637274549246e+01 0.000000000000000000e+00
2.661022044088176131e+01 0.000000000000000000e+00
2.662725450901803725e+01 0.000000000000000000e+00
2.664428857715430965e+01 0.000000000000000000e+00
2.666132264529058205e+01 0.000000000000000000e+00
2.667835671342685444e+01 0.000000000000000000e+00
2.669539078156312684e+01 0.000000000000000000e+00
2.671242484969939923e+01 0.000000000000000000e+00
2.672945891783567163e+01 0.000000000000000000e+00
2.674649298597194402e+01 0.000000000000000000e+00
2.676352705410821642e+01 0.000000000000000000e+00
2.678056112224448881e+01 0.000000000000000000e+00
2.679759519038076121e+01 0.000000000000000000e+00
2.681462925851703361e+01 0.000000000000000000e+00
2.683166332665330600e+01 0.000000000000000000e+00
2.684869739478957840e+01 0.000000000000000000e+00
2.686573146292585079e+01 0.000000000000000000e+00
2.688276553106212319e+01 0.000000000000000000e+00
2.689979959919839558e+01 0.000000000000000000e+00
2.691683366733466798e+01 0.000000000000000000e+00
2.693386773547094037e+01 0.000000000000000000e+00
2.695090180360721632e+01 0.000000000000000000e+00
2.696793587174348517e+01 0.000000000000000000e+00
2.698496993987976111e+01 0.000000000000000000e+00
2.700200400801602996e+01 0.000000000000000000e+00
2.701903807615230590e+01 0.000000000000000000e+00
2.703607214428857830e+01 0.000000000000000000e+00
2.705310621242485070e+01 0.000000000000000000e+00
2.707014028056112309e+01 0.000000000000000000e+00
2.708717434869739549e+01 0.000000000000000000e+00
2.710420841683366788e+01 0.000000000000000000e+00
2.712124248496994028e+01 0.000000000000000000e+00
2.713827655310621267e+01 0.000000000000000000e+00
2.715531062124248507e+01 0.000000000000000000e+00
2.717234468937875747e+01 0.000000000000000000e+00
2.718937875751502986e+01 0.000000000000000000e+00
2.720641282565130226e+01 0.000000000000000000e+00
2.722344689378757465e+01 0.000000000000000000e+00
2.724048096192384705e+01 0.000000000000000000e+00
2.725751503006011944e+01 0.000000000000000000e+00
2.727454909819639184e+01 0.000000000000000000e+00
2.729158316633266423e+01 0.000000000000000000e+00
2.730861723446893663e+01 0.000000000000000000e+00
2.732565130260520903e+01 0.000000000000000000e+00
2.734268537074148497e+01 0.000000000000000000e+00
2.735971943887775382e+01 0.000000000000000000e+00
2.737675350701402976e+01 0.000000000000000000e+00
2.739378757515029861e+01 0.000000000000000000e+00
2.741082164328657456e+01 0.000000000000000000e+00
2.742785571142284340e+01 0.000000000000000000e+00
2.744488977955911935e+01 0.000000000000000000e+00
2.746192384769539174e+01 0.000000000000000000e+00
2.747895791583166414e+01 0.000000000000000000e+00
2.749599198396793653e+01 0.000000000000000000e+00
2.751302605210420893e+01 0.000000000000000000e+00
2.753006012024048133e+01 0.000000000000000000e+00
2.754709418837675372e+01 0.000000000000000000e+00
2.756412825651302612e+01 0.000000000000000000e+00
2.758116232464929851e+01 0.000000000000000000e+00
2.759819639278557091e+01 0.000000000000000000e+00
2.761523046092184330e+01 0.000000000000000000e+00
2.763226452905811570e+01 0.000000000000000000e+00
2.764929859719438809e+01 0.000000000000000000e+00
2.766633266533066049e+01 0.000000000000000000e+00
2.768336673346693289e+01 0.000000000000000000e+00
2.770040080160320528e+01 0.000000000000000000e+00
2.771743486973947768e+01 0.000000000000000000e+00
2.773446893787575007e+01 0.000000000000000000e+00
2.775150300601202247e+01 0.000000000000000000e+00
2.776853707414829842e+01 0.000000000000000000e+00
2.778557114228456726e+01 0.000000000000000000e+00
2.780260521042084321e+01 0.000000000000000000e+00
2.781963927855711205e+01 0.000000000000000000e+00
2.783667334669338800e+01 0.000000000000000000e+00
2.785370741482966039e+01 0.000000000000000000e+00
2.787074148296593279e+01 0.000000000000000000e+00
2.788777555110220518e+01 0.000000000000000000e+00
2.790480961923847758e+01 0.000000000000000000e+00
2.792184368737474998e+01 0.000000000000000000e+00
2.793887775551102237e+01 0.000000000000000000e+00
2.795591182364729477e+01 0.000000000000000000e+00
2.797294589178356716e+01 0.000000000000000000e+00
2.798997995991983956e+01 0.000000000000000000e+00
2.800701402805611195e+01 0.000000000000000000e+00
2.802404809619238435e+01 0.000000000000000000e+00
2.804108216432865675e+01 0.000000000000000000e+00
2.805811623246492914e+01 0.000000000000000000e+00
2.807515030060120154e+01 0.000000000000000000e+00
2.809218436873747393e+01 0.000000000000000000e+00
2.810921843687374633e+01 0.000000000000000000e+00
2.812625250501001872e+01 0.000000000000000000e+00
2.814328657314629112e+01 0.000000000000000000e+00
2.816032064128256707e+01 0.000000000000000000e+00
2.817735470941883591e+01 0.000000000000000000e+00
2.819438877755511186e+01 0.000000000000000000e+00
2.821142284569138070e+01 0.000000000000000000e+00
2.822845691382765665e+01 0.000000000000000000e+00
2.824549098196392904e+01 0.000000000000000000e+00
2.826252505010020144e+01 0.000000000000000000e+00
2.827955911823647384e+01 0.000000000000000000e+00
2.829659318637274623e+01 0.000000000000000000e+00
2.831362725450901863e+01 0.000000000000000000e+00
2.833066132264529102e+01 0.000000000000000000e+00
2.834769539078156342e+01 0.000000000000000000e+00
2.836472945891783581e+01 0.000000000000000000e+00
2.838176352705410821e+01 0.000000000000000000e+00
2.839879759519038060e+01 0.000000000000000000e+00
2.841583166332665300e+01 0.000000000000000000e+00
2.843286573146292540e+01 0.000000000000000000e+00
2.844989979959919779e+01 0.000000000000000000e+00
2.846693386773547019e+01 0.000000000000000000e+00
2.848396793587174258e+01 0.000000000000000000e+00
2.850100200400801498e+01 0.000000000000000000e+00
2.851803607214428737e+01 0.000000000000000000e+00
2.853507014028055977e+01 0.000000000000000000e+00
2.855210420841683572e+01 0.000000000000000000e+00
2.856913827655310456e+01 0.000000000000000000e+00
2.858617234468938051e+01 0.000000000000000000e+00
2.860320641282564935e+01 0.000000000000000000e+00
2.862024048096192530e+01 0.000000000000000000e+00
2.863727454909819414e+01 0.000000000000000000e+00
2.865430861723447009e+01 0.000000000000000000e+00
2.867134268537074249e+01 0.000000000000000000e+00
2.868837675350701488e+01 0.000000000000000000e+00
2.870541082164328728e+01 0.000000000000000000e+00
2.872244488977955967e+01 0.000000000000000000e+00
2.873947895791583207e+01 0.000000000000000000e+00
2.875651302605210446e+01 0.000000000000000000e+00
2.877354709418837686e+01 0.000000000000000000e+00
2.879058116232464926e+01 0.000000000000000000e+00
2.880761523046092165e+01 0.000000000000000000e+00
2.882464929859719405e+01 0.000000000000000000e+00
2.884168336673346644e+01 0.000000000000000000e+00
2.885871743486973884e+01 0.000000000000000000e+00
2.887575150300601123e+01 0.000000000000000000e+00
2.889278557114228363e+01 0.000000000000000000e+00
2.890981963927855602e+01 0.000000000000000000e+00
2.892685370741482842e+01 0.000000000000000000e+00
2.894388777555110082e+01 0.000000000000000000e+00
2.896092184368737321e+01 0.000000000000000000e+00
2.897795591182364916e+01 0.000000000000000000e+00
2.899498997995991800e+01 0.000000000000000000e+00
2.901202404809619395e+01 0.000000000000000000e+00
2.902905811623246279e+01 0.000000000000000000e+00
2.904609218436873874e+01 0.000000000000000000e+00
2.906312625250501114e+01 0.000000000000000000e+00
2.908016032064128353e+01 0.000000000000000000e+00
2.909719438877755593e+01 0.000000000000000000e+00
2.911422845691382832e+01 0.000000000000000000e+00
2.913126252505010072e+01 0.000000000000000000e+00
2.914829659318637312e+01 0.000000000000000000e+00
2.916533066132264551e+01 0.000000000000000000e+00
2.918236472945891791e+01 0.000000000000000000e+00
2.919939879759519030e+01 0.000000000000000000e+00
2.921643286573146270e+01 0.000000000000000000e+00
2.923346693386773509e+01 0.000000000000000000e+00
2.925050100200400749e+01 0.000000000000000000e+00
2.926753507014027988e+01 0.000000000000000000e+00
2.928456913827655228e+01 0.000000000000000000e+00
2.930160320641282468e+01 0.000000000000000000e+00
2.931863727454909707e+01 0.000000000000000000e+00
2.933567134268536947e+01 0.000000000000000000e+00
2.935270541082164186e+01 0.000000000000000000e+00
2.936973947895791781e+01 0.000000000000000000e+00
2.938677354709418665e+01 0.000000000000000000e+00
2.940380761523046260e+01 0.000000000000000000e+00
2.942084168336673144e+01 0.000000000000000000e+00
2.943787575150300739e+01 0.000000000000000000e+00
2.945490981963927624e+01 0.000000000000000000e+00
2.947194388777555218e+01 0.000000000000000000e+00
2.948897795591182458e+01 0.000000000000000000e+00
2.950601202404809698e+01 0.000000000000000000e+00
2.952304609218436937e+01 0.000000000000000000e+00
2.954008016032064177e+01 0.000000000000000000e+00
2.955711422845691416e+01 0.000000000000000000e+00
2.957414829659318656e+01 0.000000000000000000e+00
2.959118236472945895e+01 0.000000000000000000e+00
2.960821643286573135e+01 0.000000000000000000e+00
2.962525050100200374e+01 0.000000000000000000e+00
2.964228456913827614e+01 0.000000000000000000e+00
2.965931863727454854e+01 0.000000000000000000e+00
2.967635270541082093e+01 0.000000000000000000e+00
2.969338677354709333e+01 0.000000000000000000e+00
2.971042084168336572e+01 0.000000000000000000e+00
2.972745490981964167e+01 0.000000000000000000e+00
2.974448897795591051e+01 0.000000000000000000e+00
2.976152304609218646e+01 0.000000000000000000e+00
2.977855711422845530e+01 0.000000000000000000e+00
2.979559118236473125e+01 0.000000000000000000e+00
2.981262525050100010e+01 0.000000000000000000e+00
2.982965931863727604e+01 0.000000000000000000e+00
2.984669338677354489e+01 0.000000000000000000e+00
2.986372745490982084e+01 0.000000000000000000e+00
2.988076152304608968e+01 0.000000000000000000e+00
2.989779559118236563e+01 0.000000000000000000e+00
2.991482965931863447e+01 0.000000000000000000e+00
2.993186372745491042e+01 0.000000000000000000e+00
2.994889779559118281e+01 0.000000000000000000e+00
2.996593186372745521e+01 0.000000000000000000e+00
2.998296593186372760e+01 0.000000000000000000e+00
3.000000000000000000e+01 0.000000000000000000e+00
