8.500000000000000000e+00 3.652690468142537697e-05
8.506012024048096976e+00 3.652867049103046733e-05
8.512024048096192175e+00 3.653043630793984805e-05
8.518036072144289150e+00 3.653220213215097804e-05
8.524048096192384349e+00 3.653395512337573228e-05
8.530060120240481325e+00 3.653570189210863828e-05
8.536072144288576524e+00 3.653744866772576730e-05
8.542084168336673500e+00 3.653920206127801197e-05
8.548096192384768699e+00 3.654096792127845916e-05
8.554108216432865675e+00 3.654296688730629351e-05
8.560120240480962650e+00 3.654507391200663180e-05
8.566132264529057849e+00 3.654718096083867449e-05
8.572144288577154825e+00 3.654928803379891823e-05
8.578156312625250024e+00 3.655139513088386649e-05
8.584168336673347000e+00 3.655370060913431352e-05
8.590180360721442199e+00 3.655609385607516768e-05
8.596192384769539174e+00 3.655848713861719609e-05
8.602204408817636150e+00 3.656114656500199467e-05
8.608216432865731349e+00 3.656426560033334351e-05
8.614228456913828325e+00 3.656738466788668626e-05
8.620240480961923524e+00 3.657050376765720497e-05
8.626252505010020499e+00 3.657362289964007497e-05
8.632264529058115698e+00 3.657674206383048509e-05
8.638276553106212674e+00 3.657986126022362420e-05
8.644288577154307873e+00 3.658298048881466081e-05
8.650300601202404849e+00 3.658610818936783613e-05
8.656312625250501824e+00 3.658939607489029074e-05
8.662324649298597024e+00 3.659269138975385034e-05
8.668336673346693999e+00 3.659599845819878769e-05
8.674348697394789198e+00 3.659930558050602839e-05
8.680360721442886174e+00 3.660261161206728597e-05
8.686372745490981373e+00 3.660589976508551682e-05
8.692384769539078349e+00 3.660918797140447494e-05
8.698396793587173548e+00 3.661247623101832597e-05
8.704408817635270523e+00 3.661524428970118716e-05
8.710420841683367499e+00 3.661782317051214691e-05
8.716432865731462698e+00 3.662040201308511885e-05
8.722444889779559674e+00 3.662298081741855799e-05
8.728456913827654873e+00 3.662555958351091935e-05
8.734468937875751848e+00 3.662813831136063083e-05
8.740480961923847048e+00 8.832874168727064003e-05
8.746492985971944023e+00 7.346057598421120187e-04
8.752505010020039222e+00 1.380986134724535410e-03
8.758517034068136198e+00 2.027494509893439014e-03
8.764529058116233173e+00 3.882207849173655804e-03
8.770541082164328373e+00 6.132866356283570193e-03
8.776553106212425348e+00 8.383938345693200261e-03
8.782565130260520547e+00 1.010633804480547300e-02
8.788577154308617523e+00 1.111803046846634828e-02
8.794589178356712722e+00 1.212990963940376379e-02
8.800601202404809698e+00 1.282281634112137150e-02
8.806613226452906673e+00 1.064316454853485132e-02
8.812625250501001872e+00 8.463131803066067244e-03
8.818637274549098848e+00 6.282718097494957056e-03
8.824649298597194047e+00 4.983773657311248335e-03
8.830661322645291023e+00 3.943097216797486655e-03
8.836673346693386222e+00 2.902237877087310118e-03
8.842685370741483197e+00 2.333885618850050150e-03
8.848697394789578397e+00 2.351056088710020038e-03
8.854709418837675372e+00 2.368250152924657442e-03
8.860721442885772348e+00 2.433898891662614715e-03
8.866733466933867547e+00 2.854863817181634011e-03
8.872745490981964522e+00 3.275911978269075830e-03
8.878757515030059722e+00 3.697043378110590698e-03
8.884769539078156697e+00 4.680392655530729758e-03
8.890781563126251896e+00 5.810316634260639934e-03
8.896793587174348872e+00 6.940409674083596915e-03
8.902805611222444071e+00 8.639905713211009156e-03
8.908817635270541047e+00 1.099003763030987832e-02
8.914829659318638022e+00 1.334030573543887842e-02
8.920841683366733221e+00 1.591320710677739114e-02
8.926853707414830197e+00 1.985306259607262647e-02
8.932865731462925396e+00 2.379314227977627830e-02
8.938877755511022372e+00 2.773344615780297048e-02
8.944889779559117571e+00 3.288791246572341648e-02
8.950901803607214546e+00 3.832116096018933077e-02
8.956913827655309746e+00 4.375382681013455233e-02
8.962925851703406721e+00 5.016179089694927651e-02
8.968937875751503697e+00 5.759850814824753890e-02
8.974949899799598896e+00 6.503531233658652044e-02
8.980961923847695871e+00 7.310466231964256323e-02
8.986973947895791071e+00 8.449452828836864771e-02
8.992985971943888046e+00 9.588451548530446678e-02
8.998997995991983245e+00 1.072746238650392342e-01
9.005010020040080221e+00 1.236388726388157056e-01
9.011022044088175420e+00 1.409848414707839115e-01
9.017034068136272396e+00 1.583165274366050146e-01
9.023046092184369371e+00 1.774583237519692103e-01
9.029058116232464570e+00 1.983599759410348551e-01
9.035070140280561546e+00 2.192443689684789865e-01
9.041082164328656745e+00 2.388777055865708432e-01
9.047094188376753721e+00 2.528764689008189959e-01
9.053106212424848920e+00 2.668608697096605531e-01
9.059118236472945895e+00 2.808306641698763428e-01
9.065130260521042871e+00 2.837078146985067550e-01
9.071142284569138070e+00 2.846787505802766960e-01
9.077154308617235046e+00 2.856487516490214262e-01
9.083166332665330245e+00 2.835995170951313704e-01
9.089178356713427220e+00 2.788404917333856536e-01
9.095190380761522420e+00 2.740855015910372283e-01
9.101202404809619395e+00 2.696906838410320084e-01
9.107214428857714594e+00 2.667235778483978414e-01
9.113226452905811570e+00 2.637590520559637830e-01
9.119238476953908545e+00 2.607971059921077583e-01
9.125250501002003745e+00 2.615172662805280712e-01
9.131262525050100720e+00 2.627701160486958232e-01
9.137274549098195919e+00 2.640217428347639284e-01
9.143286573146292895e+00 2.670801477064323470e-01
9.149298597194388094e+00 2.716343375263740034e-01
9.155310621242485070e+00 2.761787231017501232e-01
9.161322645290582045e+00 2.808389384113180176e-01
9.167334669338677244e+00 2.859233189901436711e-01
9.173346693386774220e+00 2.910027501681994311e-01
9.179358717434869419e+00 2.960772330896662141e-01
9.185370741482966395e+00 3.000980328426583466e-01
9.191382765531061594e+00 3.039897693473843088e-01
9.197394789579158569e+00 3.078777279516033971e-01
9.203406813627253769e+00 3.107182778277832180e-01
9.209418837675350744e+00 3.127583749092663346e-01
9.215430861723447720e+00 3.147964765241397234e-01
9.221442885771542919e+00 3.164468096461365287e-01
9.227454909819639894e+00 3.168744542753942905e-01
9.233466933867735094e+00 3.173015920096758369e-01
9.239478957915832069e+00 3.177282229820302950e-01
9.245490981963927268e+00 3.173610153418348068e-01
9.251503006012024244e+00 3.169227550920933334e-01
9.257515030060119443e+00 3.164966583773785036e-01
9.263527054108216419e+00 3.158125242507774932e-01
9.269539078156313394e+00 3.149469568995012514e-01
9.275551102204408593e+00 3.140820122570580630e-01
9.281563126252505569e+00 3.131832911302147582e-01
9.287575150300600768e+00 3.121873570851887991e-01
9.293587174348697744e+00 3.111737984041400562e-01
9.299599198396792943e+00 3.101554060162587390e-01
9.305611222444889918e+00 3.092615074153869381e-01
9.311623246492985118e+00 3.083771388402991032e-01
9.317635270541082093e+00 3.074934641866352014e-01
9.323647294589179069e+00 3.067590854042572257e-01
9.329659318637274268e+00 3.061215692718122217e-01
9.335671342685371243e+00 3.054845258309999978e-01
9.341683366733466443e+00 3.049514400600987774e-01
9.347695390781563418e+00 3.046847172239529056e-01
9.353707414829658617e+00 3.044207047107598818e-01
9.359719438877755593e+00 3.041584238163979048e-01
9.365731462925850792e+00 3.043349079009098901e-01
9.371743486973947768e+00 3.045325990198185506e-01
9.377755511022044743e+00 3.047300161809046726e-01
9.383767535070139942e+00 3.051788312761960498e-01
9.389779559118236918e+00 3.057770163426044019e-01
9.395791583166332117e+00 3.063745731665554750e-01
9.401803607214429093e+00 3.070284702669715537e-01
9.407815631262524292e+00 3.078146152408127167e-01
9.413827655310621267e+00 3.086000600831205753e-01
9.419839679358718243e+00 3.093848048296157782e-01
9.425851703406813442e+00 3.101031787371974491e-01
9.431863727454910418e+00 3.108191042285872174e-01
9.437875751503005617e+00 3.115343812232311826e-01
9.443887775551102592e+00 3.121026952209647320e-01
9.449899799599197792e+00 3.125905610610529850e-01
9.455911823647294767e+00 3.130853563886167867e-01
9.461923847695389966e+00 3.135275054448428689e-01
9.467935871743486942e+00 3.138580995596776391e-01
9.473947895791583917e+00 3.141883636833929239e-01
9.479959919839679117e+00 3.145182978081408343e-01
9.485971943887776092e+00 3.147901902164150223e-01
9.491983967935871291e+00 3.150613806477167711e-01
9.497995991983968267e+00 3.153322564743878398e-01
9.504008016032063466e+00 3.157484839487848527e-01
9.510020040080160442e+00 3.162376974146083319e-01
9.516032064128257417e+00 3.167271572247460365e-01
9.522044088176352616e+00 3.172375488343031624e-01
9.528056112224449592e+00 3.177883673505098039e-01
9.534068136272544791e+00 3.183394716348889597e-01
9.540080160320641767e+00 3.188903451053776705e-01
9.546092184368736966e+00 3.194032658354385990e-01
9.552104208416833941e+00 3.199192194656850785e-01
9.558116232464929141e+00 3.204405990489437861e-01
9.564128256513026116e+00 3.208418089790061045e-01
9.570140280561123092e+00 3.211882369088106537e-01
9.576152304609218291e+00 3.215348285460170596e-01
9.582164328657315266e+00 3.217567219158270486e-01
9.588176352705410466e+00 3.217566389440872920e-01
9.594188376753507441e+00 3.217564796615274836e-01
9.600200400801602640e+00 3.217462653345410928e-01
9.606212424849699616e+00 3.214464819187776157e-01
9.612224448897794815e+00 3.211464284787104995e-01
9.618236472945891791e+00 3.207667052608993430e-01
9.624248496993988766e+00 3.203093571445223553e-01
9.630260521042083965e+00 3.198245996032167415e-01
9.636272545090180941e+00 3.193397208067245696e-01
9.642284569138276140e+00 3.188936622112513164e-01
9.648296593186373116e+00 3.185110248931950494e-01
9.654308617234468315e+00 3.181301274103918164e-01
9.660320641282565290e+00 3.177608092100228099e-01
9.666332665330660490e+00 3.175860017660047663e-01
9.672344689378757465e+00 3.174110984012022962e-01
9.678356713426854441e+00 3.172360992308392857e-01
9.684368737474949640e+00 3.172619305016797786e-01
9.690380761523046615e+00 3.173632686613758191e-01
9.696392785571141815e+00 3.174645398432903720e-01
9.702404809619238790e+00 3.176654372282928240e-01
9.708416833667333989e+00 3.180158298849518062e-01
9.714428857715430965e+00 3.183661877543657592e-01
9.720440881763526164e+00 3.187274055311466459e-01
9.726452905811623140e+00 3.192262705815845925e-01
9.732464929859720115e+00 3.197251185150644104e-01
9.738476953907815314e+00 3.202239489615422152e-01
9.744488977955912290e+00 3.207109511864018603e-01
9.750501002004007489e+00 3.211935644578770011e-01
9.756513026052104465e+00 3.216721659881171536e-01
9.762525050100199664e+00 3.220799730491223922e-01
9.768537074148296639e+00 3.223900169839737928e-01
9.774549098196391839e+00 3.227000116420267184e-01
9.780561122244488814e+00 3.229948867102317989e-01
9.786573146292585790e+00 3.231433087111765246e-01
9.792585170340680989e+00 3.232916656922840692e-01
9.798597194388777964e+00 3.234399575357730372e-01
9.804609218436873164e+00 3.234733135880321075e-01
9.810621242484970139e+00 3.234716328573112865e-01
9.816633266533067115e+00 3.234698749292755360e-01
9.822645290581162314e+00 3.234033005933485971e-01
9.828657314629257513e+00 3.232542501483803288e-01
9.834669338677354489e+00 3.231051176368482380e-01
9.840681362725451464e+00 3.229333571069763487e-01
9.846693386773546663e+00 3.226799364476062859e-01
9.852705410821643639e+00 3.224239521345932946e-01
9.858717434869738838e+00 3.221648530537123967e-01
9.864729458917835814e+00 3.219907319446786431e-01
9.870741482965932789e+00 3.218395837664690395e-01
9.876753507014027988e+00 3.216883467983122635e-01
9.882765531062124964e+00 3.215889971906954470e-01
9.888777555110220163e+00 3.215505408689541822e-01
9.894789579158317139e+00 3.215119500420889342e-01
9.900801603206412338e+00 3.214710319364318947e-01
9.906813627254509314e+00 3.214157326923390845e-01
9.912825651302604513e+00 3.213603054754101129e-01
9.918837675350701488e+00 3.213047502559059354e-01
9.924849699398798464e+00 3.211844788748550172e-01
9.930861723446893663e+00 3.210486316065557233e-01
9.936873747494990639e+00 3.209126917273378288e-01
9.942885771543085838e+00 3.207337337413934120e-01
9.948897795591182813e+00 3.205082100046889315e-01
9.954909819639278012e+00 3.202774927230087609e-01
9.960921843687374988e+00 3.200372767917528116e-01
9.966933867735470187e+00 3.197511977975917019e-01
9.972945891783567163e+00 3.194651020957164356e-01
9.978957915831664138e+00 3.191789899110996087e-01
9.984969939879759337e+00 3.189528540966452552e-01
9.990981963927856313e+00 3.187392487197679980e-01
9.996993987975951512e+00 3.185255917345247711e-01
1.000300601202404849e+01 3.182819953983276329e-01
1.000901803607214369e+01 3.180085793885437107e-01
1.001503006012024066e+01 3.177352714552693080e-01
1.002104208416833586e+01 3.174094288023445176e-01
1.002705410821643284e+01 3.170689289516607223e-01
1.003306613226452981e+01 3.167281045472638557e-01
1.003907815631262501e+01 3.163869559243799312e-01
1.004509018036072199e+01 3.161928856007299449e-01
1.005110220440881719e+01 3.160246698648365715e-01
1.005711422845691416e+01 3.158555715916172568e-01
1.006312625250500936e+01 3.157765932218793425e-01
1.006913827655310634e+01 3.157802928015762678e-01
1.007515030060120154e+01 3.157825300091461895e-01
1.008116232464929851e+01 3.157962467854444344e-01
1.008717434869739549e+01 3.158623641678707794e-01
1.009318637274549069e+01 3.159267984538012275e-01
1.009919839679358766e+01 3.159895509150160153e-01
1.010521042084168286e+01 3.160083904998866600e-01
1.011122244488977984e+01 3.160191905295076098e-01
1.011723446893787504e+01 3.160284595965854315e-01
1.012324649298597201e+01 3.159273941136714892e-01
1.012925851703406721e+01 3.157326305513292741e-01
1.013527054108216419e+01 3.155370094644056045e-01
1.014128256513026116e+01 3.152961004466577899e-01
1.014729458917835636e+01 3.148909171085150227e-01
1.015330661322645334e+01 3.144855731615124883e-01
1.015931863727454854e+01 3.140800688881700831e-01
1.016533066132264551e+01 3.134986431415286989e-01
1.017134268537074071e+01 3.128952192841717439e-01
1.017735470941883769e+01 3.122923005865805290e-01
1.018336673346693289e+01 3.115949237516253412e-01
1.018937875751502986e+01 3.108032968571139976e-01
1.019539078156312684e+01 3.100127690205682351e-01
1.020140280561122204e+01 3.092026691068535116e-01
1.020741482965931901e+01 3.083259517188710608e-01
1.021342685370741421e+01 3.074506583975139540e-01
1.021943887775551119e+01 3.065767882834663505e-01
1.022545090180360816e+01 3.057082942030115436e-01
1.023146292585170336e+01 3.048416136683048117e-01
1.023747494989980034e+01 3.039763381021437505e-01
1.024348697394789554e+01 3.031527506468782995e-01
1.024949899799599251e+01 3.023595366127442841e-01
1.025551102204408771e+01 3.015674707136767885e-01
1.026152304609218469e+01 3.008068514602477150e-01
1.026753507014027988e+01 3.001364061718173604e-01
1.027354709418837686e+01 2.994666673920191036e-01
1.027955911823647384e+01 2.987976347894006901e-01
1.028557114228456904e+01 2.982336740647420492e-01
1.029158316633266601e+01 2.976782767691948384e-01
1.029759519038076121e+01 2.971231684191718569e-01
1.030360721442885819e+01 2.966206220918784497e-01
1.030961923847695338e+01 2.961529557673084900e-01
1.031563126252505036e+01 2.956852562984199073e-01
1.032164328657314556e+01 2.952252203292684007e-01
1.032765531062124253e+01 2.947855464816765414e-01
1.033366733466933951e+01 2.943457358905889887e-01
1.033967935871743471e+01 2.939057888448653455e-01
1.034569138276553169e+01 2.934513961537407178e-01
1.035170340681362688e+01 2.929961195033613519e-01
1.035771543086172386e+01 2.925407668862759492e-01
1.036372745490981906e+01 2.920793399942437363e-01
1.036973947895791603e+01 2.916141951541983413e-01
1.037575150300601123e+01 2.911490170697612068e-01
1.038176352705410821e+01 2.906814850842806552e-01
1.038777555110220518e+01 2.902083479620048423e-01
1.039378757515030038e+01 2.897352072698325398e-01
1.039979959919839736e+01 2.892620631671029563e-01
1.040581162324649256e+01 2.887852644516316070e-01
1.041182364729458953e+01 2.883083505823367254e-01
1.041783567134268473e+01 2.877290741364419979e-01
1.042384769539078171e+01 2.871361827856627746e-01
1.042985971943887691e+01 2.865495854265249775e-01
1.043587174348697388e+01 2.859629297204489551e-01
1.044188376753507086e+01 2.853886777206230962e-01
1.044789579158316606e+01 2.848415561502000148e-01
1.045390781563126303e+01 2.842941918469493734e-01
1.045991983967935823e+01 2.837465851864479083e-01
1.046593186372745521e+01 2.832289022471330409e-01
1.047194388777555041e+01 2.827112428402705491e-01
1.047795591182364738e+01 2.821931988389652091e-01
1.048396793587174258e+01 2.816499457624284664e-01
1.048997995991983956e+01 2.810936675951879460e-01
1.049599198396793653e+01 2.805371834603245240e-01
1.050200400801603173e+01 2.799493768933057347e-01
1.050801603206412871e+01 2.792994184926264611e-01
1.051402805611222391e+01 2.786496856013544465e-01
1.052004008016032088e+01 2.779992714864170655e-01
1.052605210420841786e+01 2.772142964114954755e-01
1.053206412825651306e+01 2.764302129023897825e-01
1.053807615230460826e+01 2.754752316204250318e-01
1.054408817635270523e+01 2.742519716524877693e-01
1.055010020040080221e+01 2.729813541369736640e-01
1.055611222444889741e+01 2.717132402517348222e-01
1.056212424849699438e+01 2.704067115456619264e-01
1.056813627254508958e+01 2.690283822460730612e-01
1.057414829659318656e+01 2.676534147825394561e-01
1.058016032064128353e+01 2.662802932789709032e-01
1.058617234468937873e+01 2.648555082421688023e-01
1.059218436873747393e+01 2.634345051036486862e-01
1.059819639278557091e+01 2.620172810302459077e-01
1.060420841683366788e+01 2.606084995011552774e-01
1.061022044088176308e+01 2.592054475565322980e-01
1.061623246492986006e+01 2.578597974121026870e-01
1.062224448897795526e+01 2.567621113317146153e-01
1.062825651302605223e+01 2.557283053277274454e-01
1.063426853707414921e+01 2.546966592439165455e-01
1.064028056112224441e+01 2.536729545576050238e-01
1.064629258517033961e+01 2.527691755091255321e-01
1.065230460921843658e+01 2.518668466786257443e-01
1.065831663326653356e+01 2.509659671713631579e-01
1.066432865731462876e+01 2.501700132043446212e-01
1.067034068136272573e+01 2.494150352837921913e-01
1.067635270541082093e+01 2.486606760775708913e-01
1.068236472945891791e+01 2.479575315804879443e-01
1.068837675350701488e+01 2.473325188787365292e-01
1.069438877755511008e+01 2.467073717634046259e-01
1.070040080160320528e+01 2.460850328202754955e-01
1.070641282565130226e+01 2.455036103651077883e-01
1.071242484969939923e+01 2.449217947557734976e-01
1.071843687374749443e+01 2.443395867904893382e-01
1.072444889779559141e+01 2.436786613316067052e-01
1.073046092184368661e+01 2.429903729647435451e-01
1.073647294589178358e+01 2.423023237191425927e-01
1.074248496993988056e+01 2.415009707713098031e-01
1.074849699398797576e+01 2.405398628851201648e-01
1.075450901803607273e+01 2.395806397607337657e-01
1.076052104208416793e+01 2.385820730765307596e-01
1.076653306613226491e+01 2.371524801019839201e-01
1.077254509018036011e+01 2.357276378133462136e-01
1.077855711422845708e+01 2.343075421109256651e-01
1.078456913827655228e+01 2.323151970766565433e-01
1.079058116232464926e+01 2.301552229666657678e-01
1.079659318637274623e+01 2.280580727992751466e-01
1.080260521042084143e+01 2.253405972602915974e-01
1.080861723446893841e+01 2.218150578450892862e-01
1.081462925851703361e+01 2.183060986694917993e-01
1.082064128256513058e+01 2.146007466234443051e-01
1.082665330661322578e+01 2.091346275378814235e-01
1.083266533066132276e+01 2.036962600951866542e-01
1.083867735470941795e+01 1.982856195750130890e-01
1.084468937875751493e+01 1.912647363169437953e-01
1.085070140280561191e+01 1.838201488328049804e-01
1.085671342685370711e+01 1.764151172877291562e-01
1.086272545090180408e+01 1.682778678644880066e-01
1.086873747494989928e+01 1.592565332636598219e-01
1.087474949899799626e+01 1.502843502401078613e-01
1.088076152304609323e+01 1.412548199886385913e-01
1.088677354709418843e+01 1.315431090882889509e-01
1.089278557114228363e+01 1.218852634739449187e-01
1.089879759519038060e+01 1.122812342825705439e-01
1.090480961923847758e+01 1.029395191816765837e-01
1.091082164328657278e+01 9.370232443502339581e-02
1.091683366733466976e+01 8.451731722873878638e-02
1.092284569138276495e+01 7.604474314802214807e-02
1.092885771543086193e+01 6.835295314628828112e-02
1.093486973947895891e+01 6.070506801105763489e-02
1.094088176352705410e+01 5.341426837984250553e-02
1.094689378757514930e+01 4.798250110171700666e-02
1.095290581162324628e+01 4.258202262380954284e-02
1.095891783567134325e+01 3.721280367672375605e-02
1.096492985971943845e+01 3.314305463978448052e-02
1.097094188376753543e+01 2.937460632929614346e-02
1.097695390781563063e+01 2.562822251571771764e-02
1.098296593186372760e+01 2.248758868272392880e-02
1.098897795591182458e+01 1.996313935364216544e-02
1.099498997995991978e+01 1.745400634992736247e-02
1.100100200400801498e+01 1.510329163411394844e-02
1.100701402805611195e+01 1.347252331526130852e-02
1.101302605210420893e+01 1.185063069419227053e-02
1.101903807615230413e+01 1.023760730034229544e-02
1.102505010020040110e+01 9.111147593702177694e-03
1.103106212424849630e+01 8.081598445784432538e-03
1.103707414829659328e+01 7.057709605878488557e-03
1.104308617234469025e+01 6.239084279914631180e-03
1.104909819639278545e+01 5.613686232080817781e-03
1.105511022044088065e+01 4.991739786274696639e-03
1.106112224448897763e+01 4.414774844217509049e-03
1.106713426853707460e+01 4.021468039278450549e-03
1.107314629258516980e+01 3.630339986009980917e-03
1.107915831663326678e+01 3.241389085818642025e-03
1.108517034068136198e+01 2.950945402700863498e-03
1.109118236472945895e+01 2.677758624345947473e-03
1.109719438877755593e+01 2.406100625677684134e-03
1.110320641282565113e+01 2.177475133524650434e-03
1.110921843687374810e+01 1.986342462423264926e-03
1.111523046092184330e+01 1.796278409986267486e-03
1.112124248496994028e+01 1.618616741936661652e-03
1.112725450901803548e+01 1.485648514659350730e-03
1.113326653306613245e+01 1.354442616718544695e-03
1.113927855711422765e+01 1.223729078874763064e-03
1.114529058116232463e+01 1.128200997300996336e-03
1.115130260521042160e+01 1.037753259446188040e-03
1.115731462925851680e+01 9.476456377819831483e-04
1.116332665330661378e+01 8.727909624519778397e-04
1.116933867735470898e+01 8.102336004407055580e-04
1.117535070140280595e+01 7.479119638227722192e-04
1.118136272545090115e+01 6.890167948902208971e-04
1.118737474949899813e+01 6.412101994415245155e-04
1.119338677354709333e+01 5.935843902287832883e-04
1.119939879759519030e+01 5.461392495418445009e-04
1.120541082164328728e+01 5.082132240755829391e-04
1.121142284569138248e+01 4.714673534096009452e-04
1.121743486973947945e+01 4.348619294194816802e-04
1.122344689378757465e+01 4.030262998425740146e-04
1.122945891783567163e+01 3.747511216961759133e-04
1.123547094188376860e+01 3.465843805770393252e-04
1.124148296593186380e+01 3.204811985827202107e-04
1.124749498997995900e+01 3.004377015771497522e-04
1.125350701402805598e+01 2.804705523374605484e-04
1.125951903807615295e+01 2.605797022611024464e-04
1.126553106212424815e+01 2.484025758529267015e-04
1.127154308617234513e+01 2.369343377837137383e-04
1.127755511022044033e+01 2.255095219900163817e-04
1.128356713426853730e+01 2.160527841482130481e-04
1.128957915831663428e+01 2.079483757657380600e-04
1.129559118236472948e+01 1.998745076712502304e-04
1.130160320641282468e+01 1.916244895138378512e-04
1.130761523046092165e+01 1.828036770310816875e-04
1.131362725450901863e+01 1.740173868997073651e-04
1.131963927855711383e+01 1.652681791539293665e-04
1.132565130260521080e+01 1.540184012366116050e-04
1.133166332665330600e+01 1.426552476941586362e-04
1.133767535070140298e+01 1.313410205140993592e-04
1.134368737474949995e+01 1.230958194455611973e-04
1.134969939879759515e+01 1.167858427342376599e-04
1.135571142284569035e+01 1.105028482293551970e-04
1.136172344689378733e+01 1.058414120347849180e-04
1.136773547094188430e+01 1.051588844933861648e-04
1.137374749498997950e+01 1.044784575619572885e-04
1.137975951903807648e+01 1.038001299217060591e-04
1.138577154308617168e+01 1.032429581054204390e-04
1.139178356713426865e+01 1.026922970092234886e-04
1.139779559118236563e+01 1.021431737791185377e-04
1.140380761523046083e+01 1.009210081705454220e-04
1.140981963927855602e+01 9.931374346050999571e-05
1.141583166332665300e+01 9.771280003554946186e-05
1.142184368737474998e+01 9.604192346903547774e-05
1.142785571142284518e+01 9.420570447238717378e-05
1.143386773547094215e+01 9.237692171139986932e-05
1.143987975951903735e+01 9.055557049489587444e-05
1.144589178356713433e+01 8.766218963731583515e-05
1.145190380761523130e+01 8.475917561313649283e-05
1.145791583166332650e+01 8.186860050173129012e-05
1.146392785571142348e+01 7.717447416988711464e-05
1.146993987975951867e+01 7.153973396127971348e-05
1.147595190380761565e+01 6.593015823224445998e-05
1.148196392785571085e+01 5.991081290528078255e-05
1.148797595190380783e+01 5.302420627023490059e-05
1.149398797595190302e+01 4.616884833645381486e-05
1.150000000000000000e+01 3.934471904875470302e-05
