1.543999999999999950e+01 1.559125503953778247e-01
1.544523046092184337e+01 1.558929481670501271e-01
1.545046092184368725e+01 1.558742126245598048e-01
1.545569138276553112e+01 1.558520698536606519e-01
1.546092184368737499e+01 1.558354466559454532e-01
1.546615230460921708e+01 1.558150315971635891e-01
1.547138276553106095e+01 1.557983476001631173e-01
1.547661322645290483e+01 1.557824086038581135e-01
1.548184368737474870e+01 1.557635518211581138e-01
1.548707414829659257e+01 1.557490977870798765e-01
1.549230460921843644e+01 1.557310892722834628e-01
1.549753507014028031e+01 1.557127874457613359e-01
1.550276553106212418e+01 1.556830139317745554e-01
1.550799599198396805e+01 1.556293657412135267e-01
1.551322645290581193e+01 1.555743458631877740e-01
1.551845691382765402e+01 1.555196588845061401e-01
1.552368737474949789e+01 1.554630245185337767e-01
1.552891783567134176e+01 1.554080059103533917e-01
1.553414829659318563e+01 1.553515082924966650e-01
1.553937875751502951e+01 1.552966897792857348e-01
1.554460921843687338e+01 1.552355798943451382e-01
1.554983967935871725e+01 1.551777316262729634e-01
1.555507014028056112e+01 1.551181284630106239e-01
1.556030060120240499e+01 1.550572282858166673e-01
1.556553106212424886e+01 1.549980836828608877e-01
1.557076152304609096e+01 1.549363003900995350e-01
1.557599198396793483e+01 1.548730796963042056e-01
1.558122244488977870e+01 1.548137654426964549e-01
1.558645290581162257e+01 1.547496299886766125e-01
1.559168336673346644e+01 1.546866441440531148e-01
1.559691382765531031e+01 1.546236827509511746e-01
1.560214428857715419e+01 1.545565142308355511e-01
1.560737474949899806e+01 1.544916523485820314e-01
1.561260521042084193e+01 1.544225525258859366e-01
1.561783567134268580e+01 1.543525966066889854e-01
1.562306613226452789e+01 1.542820531510631643e-01
1.562829659318637177e+01 1.542057366074528757e-01
1.563352705410821564e+01 1.541319885723309024e-01
1.563875751503005951e+01 1.540552966384092504e-01
1.564398797595190338e+01 1.539760259323540714e-01
1.564921843687374725e+01 1.538928845994947114e-01
1.565444889779559112e+01 1.538079900516400311e-01
1.565967935871743499e+01 1.537211553470987924e-01
1.566490981963927887e+01 1.536343268156235009e-01
1.567014028056112274e+01 1.535457362718051777e-01
1.567537074148296483e+01 1.534571449462829862e-01
1.568060120240480870e+01 1.533679609811259004e-01
1.568583166332665257e+01 1.532804701665565206e-01
1.569106212424849645e+01 1.531894428742998637e-01
1.569629258517034032e+01 1.531020655491757421e-01
1.570152304609218419e+01 1.530196086101349995e-01
1.570675350701402806e+01 1.529351281734941392e-01
1.571198396793587193e+01 1.528549927288830046e-01
1.571721442885771580e+01 1.527789523714212783e-01
1.572244488977955967e+01 1.527009304967150150e-01
1.572767535070140177e+01 1.526361725101414435e-01
1.573290581162324564e+01 1.525681529987919227e-01
1.573813627254508951e+01 1.525066060150459812e-01
1.574336673346693338e+01 1.524501244693688695e-01
1.574859719438877725e+01 1.523953291511756514e-01
1.575382765531062113e+01 1.523445166965474717e-01
1.575905811623246500e+01 1.523010349252143791e-01
1.576428857715430887e+01 1.522540024169409811e-01
1.576951903807615274e+01 1.522126469716957864e-01
1.577474949899799483e+01 1.521716575603584976e-01
1.577997995991983871e+01 1.521319944269051705e-01
1.578521042084168258e+01 1.520976408214763376e-01
1.579044088176352645e+01 1.520639551522153243e-01
1.579567134268537032e+01 1.520266552067820742e-01
1.580090180360721419e+01 1.519863298599187229e-01
1.580613226452905806e+01 1.519454366441210513e-01
1.581136272545090193e+01 1.519008199026903316e-01
1.581659318637274581e+01 1.518570609710207797e-01
1.582182364729458968e+01 1.518103891320194410e-01
1.582705410821643177e+01 1.517572718039479629e-01
1.583228456913827564e+01 1.517051816141916087e-01
1.583751503006011951e+01 1.516467233629880673e-01
1.584274549098196339e+01 1.515854189259586149e-01
1.584797595190380726e+01 1.515214788258302525e-01
1.585320641282565113e+01 1.514525708520291503e-01
1.585843687374749500e+01 1.513771802984813231e-01
1.586366733466933887e+01 1.513043623502994539e-01
1.586889779559118274e+01 1.512195903950047104e-01
1.587412825651302661e+01 1.511344344863738420e-01
1.587935871743486871e+01 1.510478939233561579e-01
1.588458917835671258e+01 1.509530692005119079e-01
1.588981963927855645e+01 1.508571346057523133e-01
1.589505010020040032e+01 1.507592220451643705e-01
1.590028056112224419e+01 1.506585936888787391e-01
1.590551102204408807e+01 1.505551027778121165e-01
1.591074148296593194e+01 1.504460930480728542e-01
1.591597194388777581e+01 1.503367711086702752e-01
1.592120240480961968e+01 1.502291085911896251e-01
1.592643286573146355e+01 1.501198177129277056e-01
1.593166332665330565e+01 1.500105632687772916e-01
1.593689378757514952e+01 1.499044969660285609e-01
1.594212424849699339e+01 1.498006990666325977e-01
1.594735470941883726e+01 1.496984177759860535e-01
1.595258517034068113e+01 1.496029707331883729e-01
1.595781563126252500e+01 1.495081692115559913e-01
1.596304609218436887e+01 1.494164331150796277e-01
1.596827655310621275e+01 1.493306264205467582e-01
1.597350701402805662e+01 1.492447431116629419e-01
1.597873747494989871e+01 1.491644573808141305e-01
1.598396793587174258e+01 1.490866733796367138e-01
1.598919839679358645e+01 1.490117486952727277e-01
1.599442885771543033e+01 1.489269825101002254e-01
1.599965931863727420e+01 1.488397874176145275e-01
1.600488977955911807e+01 1.488671726681606300e-01
1.601012024048096194e+01 1.488787331652526025e-01
1.601535070140280581e+01 1.488885458814376006e-01
1.602058116232464968e+01 1.488956356126597547e-01
1.602581162324649355e+01 1.488999713783577261e-01
1.603104208416833742e+01 1.489042594304859080e-01
1.603627254509018130e+01 1.489023620866229414e-01
1.604150300601202517e+01 1.488975834104598328e-01
1.604673346693386904e+01 1.488927631284216180e-01
1.605196392785571291e+01 1.488761827393913773e-01
1.605719438877755323e+01 1.488611460121631036e-01
1.606242484969939710e+01 1.488408935629640939e-01
1.606765531062124097e+01 1.488101156881014853e-01
1.607288577154308484e+01 1.487827476519432701e-01
1.607811623246492871e+01 1.487511073256265748e-01
1.608334669338677259e+01 1.487171145899301439e-01
1.608857715430861646e+01 1.486847940108723121e-01
1.609380761523046033e+01 1.486465495321309671e-01
1.609903807615230420e+01 1.486100854575614361e-01
1.610426853707414807e+01 1.485739525311337850e-01
1.610949899799599194e+01 1.485347896133844825e-01
1.611472945891783581e+01 1.484990568031581415e-01
1.611995991983967969e+01 1.484634170758762362e-01
1.612519038076152356e+01 1.484272516374338935e-01
1.613042084168336743e+01 1.483917079089866198e-01
1.613565130260521130e+01 1.483600836373505927e-01
1.614088176352705517e+01 1.483284184221737301e-01
1.614611222444889904e+01 1.482990226663971622e-01
1.615134268537074291e+01 1.482708462807094119e-01
1.615657314629258678e+01 1.482431773884405057e-01
1.616180360721442710e+01 1.482178855660216121e-01
1.616703406813627097e+01 1.481933584148646954e-01
1.617226452905811485e+01 1.481701527121820072e-01
1.617749498997995872e+01 1.481478653254783839e-01
1.618272545090180259e+01 1.481278056951147171e-01
1.618795591182364646e+01 1.481086863527941444e-01
1.619318637274549033e+01 1.480913538450928935e-01
1.619841683366733420e+01 1.480756219978372479e-01
1.620364729458917807e+01 1.480591126369251165e-01
1.620887775551102195e+01 1.480459625165697624e-01
1.621410821643286582e+01 1.480327815088615107e-01
1.621933867735470969e+01 1.480225089945124695e-01
1.622456913827655356e+01 1.480160518237989831e-01
1.622979959919839743e+01 1.480082114600042575e-01
1.623503006012024130e+01 1.480042035578940929e-01
1.624026052104208517e+01 1.479999347800746712e-01
1.624549098196392904e+01 1.479965163508303039e-01
1.625072144288577292e+01 1.479952293192017543e-01
1.625595190380761679e+01 1.479930393804602673e-01
1.626118236472945711e+01 1.479928885294537200e-01
1.626641282565130098e+01 1.479942828427464330e-01
1.627164328657314485e+01 1.479956462089633551e-01
1.627687374749498872e+01 1.479977448292062459e-01
1.628210420841683259e+01 1.479983958088394169e-01
1.628733466933867646e+01 1.480012401219424623e-01
1.629256513026052033e+01 1.480040922983842100e-01
1.629779559118236421e+01 1.480071494613602878e-01
1.630302605210420808e+01 1.480062466847920644e-01
1.630825651302605195e+01 1.480058518267090006e-01
1.631348697394789582e+01 1.480045372406870174e-01
1.631871743486973969e+01 1.480049973430676014e-01
1.632394789579158356e+01 1.480056516146155410e-01
1.632917835671342743e+01 1.480044811221060408e-01
1.633440881763527130e+01 1.480016382674517184e-01
1.633963927855711518e+01 1.480004475786613483e-01
1.634486973947895905e+01 1.479993974826422642e-01
1.635010020040080292e+01 1.479967459358968729e-01
1.635533066132264679e+01 1.479957642262672013e-01
1.636056112224449066e+01 1.479922533977106325e-01
1.636579158316633098e+01 1.479904648557744951e-01
1.637102204408817485e+01 1.479901529044852504e-01
1.637625250501001872e+01 1.479859219208237431e-01
1.638148296593186259e+01 1.479823535746773722e-01
1.638671342685370647e+01 1.479805665922271085e-01
1.639194388777555034e+01 1.479753128878487645e-01
1.639717434869739421e+01 1.479725390624869463e-01
1.640240480961923808e+01 1.479679984854674335e-01
1.640763527054108195e+01 1.479615125478476179e-01
1.641286573146292582e+01 1.479577417474649270e-01
1.641809619238476969e+01 1.479522340728277041e-01
1.642332665330661357e+01 1.479449388982982394e-01
1.642855711422845744e+01 1.479400322574325466e-01
1.643378757515030131e+01 1.479315941153802882e-01
1.643901803607214518e+01 1.479230479604379811e-01
1.644424849699398905e+01 1.479134366941347034e-01
1.644947895791583292e+01 1.479051478621022098e-01
1.645470941883767679e+01 1.478963474189962379e-01
1.645993987975952066e+01 1.478876057959978563e-01
1.646517034068136098e+01 1.478771141679452727e-01
1.647040080160320485e+01 1.478680571024643675e-01
1.647563126252504873e+01 1.478567133073698803e-01
1.648086172344689260e+01 1.478470568070499314e-01
1.648609218436873647e+01 1.478350116225674027e-01
1.649132264529058034e+01 1.478238533493756446e-01
1.649655310621242421e+01 1.478111105453113194e-01
1.650178356713426808e+01 1.478145022240854867e-01
1.650701402805611195e+01 1.478371316071919184e-01
1.651224448897795583e+01 1.478593088000457745e-01
1.651747494989979970e+01 1.478792769167472376e-01
1.652270541082164357e+01 1.478992782466703737e-01
1.652793587174348744e+01 1.479196075640613894e-01
1.653316633266533131e+01 1.479355499674483709e-01
1.653839679358717518e+01 1.479514345833213285e-01
1.654362725450901905e+01 1.479657145532299600e-01
1.654885771543086292e+01 1.479792511648211628e-01
1.655408817635270680e+01 1.479947615767734370e-01
1.655931863727455067e+01 1.480036778482099469e-01
1.656454909819639454e+01 1.480150411247182496e-01
1.656977955911823841e+01 1.480260097518892037e-01
1.657501002004007873e+01 1.480362022173522529e-01
1.658024048096192260e+01 1.480466932283280024e-01
1.658547094188376647e+01 1.480572673177797394e-01
1.659070140280561034e+01 1.480656483396107226e-01
1.659593186372745421e+01 1.480765569244006929e-01
1.660116232464929809e+01 1.480917999407577457e-01
1.660639278557114196e+01 1.481062495241398380e-01
1.661162324649298583e+01 1.481205144026391807e-01
1.661685370741482970e+01 1.481390082108691719e-01
1.662208416833667357e+01 1.481566633953483592e-01
1.662731462925851744e+01 1.481829264823093240e-01
1.663254509018036131e+01 1.482145323645741586e-01
1.663777555110220518e+01 1.482443530102117712e-01
1.664300601202404906e+01 1.482806513490831923e-01
1.664823647294589293e+01 1.483210927775801824e-01
1.665346693386773680e+01 1.483596933857368461e-01
1.665869739478958067e+01 1.484095740255183815e-01
1.666392785571142454e+01 1.484584864305432683e-01
1.666915831663326486e+01 1.485096780942069816e-01
1.667438877755510873e+01 1.485650765450670929e-01
1.667961923847695260e+01 1.486208314287824073e-01
1.668484969939879647e+01 1.486807944904774692e-01
1.669008016032064035e+01 1.487431977590831234e-01
1.669531062124248422e+01 1.488027201961572288e-01
1.670054108216432809e+01 1.488654279174842499e-01
1.670577154308617196e+01 1.489253516655282550e-01
1.671100200400801583e+01 1.489834572323566197e-01
1.671623246492985970e+01 1.490393876581805332e-01
1.672146292585170357e+01 1.490970455583299770e-01
1.672669338677354745e+01 1.491501062501845165e-01
1.673192384769539132e+01 1.492028278924694695e-01
1.673715430861723519e+01 1.492538283571364921e-01
1.674238476953907906e+01 1.492971096893042915e-01
1.674761523046092293e+01 1.493392874638445611e-01
1.675284569138276680e+01 1.493806754320324004e-01
1.675807615230461067e+01 1.494136856517877254e-01
1.676330661322645454e+01 1.494452109563972064e-01
1.676853707414829842e+01 1.494716947165818377e-01
1.677376753507014229e+01 1.494929767833189649e-01
1.677899799599198261e+01 1.495150388522672180e-01
1.678422845691382648e+01 1.495288905082666764e-01
1.678945891783567035e+01 1.495383139393856864e-01
1.679468937875751422e+01 1.495478147787631384e-01
1.679991983967935809e+01 1.495514345721143945e-01
1.680515030060120196e+01 1.495516567505765504e-01
1.681038076152304583e+01 1.495487256200871140e-01
1.681561122244488971e+01 1.495422632008006625e-01
1.682084168336673358e+01 1.495359849452081724e-01
1.682607214428857745e+01 1.495276624219469275e-01
1.683130260521042132e+01 1.495201538880366332e-01
1.683653306613226519e+01 1.495119087166648653e-01
1.684176352705410906e+01 1.495052438196735056e-01
1.684699398797595293e+01 1.494994059339537773e-01
1.685222444889779680e+01 1.494934796569905855e-01
1.685745490981964068e+01 1.494917188079898374e-01
1.686268537074148455e+01 1.494900279064195758e-01
1.686791583166332842e+01 1.494956948633812399e-01
1.687314629258516874e+01 1.495099568473722829e-01
1.687837675350701261e+01 1.495219550875525050e-01
1.688360721442885648e+01 1.495503901732561924e-01
1.688883767535070035e+01 1.495783522117951625e-01
1.689406813627254422e+01 1.496098109259471343e-01
1.689929859719438809e+01 1.496572431267820802e-01
1.690452905811623197e+01 1.497044349866268886e-01
1.690975951903807584e+01 1.497624479996430558e-01
1.691498997995991971e+01 1.498283613672973247e-01
1.692022044088176358e+01 1.498942809270345233e-01
1.692545090180360745e+01 1.499727354327409501e-01
1.693068136272545132e+01 1.500519326622228589e-01
1.693591182364729519e+01 1.501331404407467707e-01
1.694114228456913906e+01 1.502204915342561509e-01
1.694637274549098294e+01 1.503087740878322198e-01
1.695160320641282681e+01 1.503968046128419389e-01
1.695683366733467068e+01 1.504858757763072319e-01
1.696206412825651455e+01 1.505721977344241791e-01
1.696729458917835842e+01 1.506590684640083389e-01
1.697252505010020229e+01 1.507444838245156071e-01
1.697775551102204616e+01 1.508286511344662795e-01
1.698298597194388648e+01 1.509043929575933085e-01
1.698821643286573035e+01 1.509766635685794722e-01
1.699344689378757423e+01 1.510581970697865428e-01
1.699867735470941810e+01 1.511512017245773831e-01
1.700390781563126197e+01 1.511374569234665011e-01
1.700913827655310584e+01 1.511102830685873144e-01
1.701436873747494971e+01 1.510931217590518738e-01
1.701959919839679358e+01 1.510769935189645308e-01
1.702482965931863745e+01 1.510524510369381790e-01
1.703006012024048133e+01 1.510276818735345472e-01
1.703529058116232520e+01 1.510023360389483593e-01
1.704052104208416907e+01 1.509737629259256253e-01
1.704575150300601294e+01 1.509452239921051653e-01
1.705098196392785681e+01 1.509164827352870442e-01
1.705621242484970068e+01 1.508862221813073723e-01
1.706144288577154455e+01 1.508576626555014899e-01
1.706667334669338842e+01 1.508295628906176633e-01
1.707190380761523230e+01 1.508041919625908722e-01
1.707713426853707261e+01 1.507783592080197133e-01
1.708236472945891649e+01 1.507532017085498055e-01
1.708759519038076036e+01 1.507292893372150222e-01
1.709282565130260423e+01 1.507059300179158234e-01
1.709805611222444810e+01 1.506828951862939359e-01
1.710328657314629197e+01 1.506631076011368808e-01
1.710851703406813584e+01 1.506404773203463832e-01
1.711374749498997971e+01 1.506192762549334874e-01
1.711897795591182359e+01 1.505965550826216803e-01
1.712420841683366746e+01 1.505729540627712693e-01
1.712943887775551133e+01 1.505492760000000374e-01
1.713466933867735520e+01 1.505258875961734411e-01
1.713989979959919907e+01 1.505012049362822457e-01
1.714513026052104294e+01 1.504759606836859054e-01
1.715036072144288681e+01 1.504493483179851765e-01
1.715559118236473068e+01 1.504200991244944996e-01
1.716082164328657456e+01 1.503909167825518145e-01
1.716605210420841843e+01 1.503625416048115782e-01
1.717128256513026230e+01 1.503341284505878284e-01
1.717651302605210617e+01 1.503038671101837587e-01
1.718174348697395004e+01 1.502758660839047522e-01
1.718697394789579036e+01 1.502452493470856354e-01
1.719220440881763423e+01 1.502174147296419238e-01
1.719743486973947810e+01 1.501897201114115454e-01
1.720266533066132197e+01 1.501625180890218403e-01
1.720789579158316585e+01 1.501420438902706378e-01
1.721312625250500972e+01 1.501204436469124881e-01
1.721835671342685359e+01 1.500989161969664420e-01
1.722358717434869746e+01 1.500843891331503088e-01
1.722881763527054133e+01 1.500677463606919504e-01
1.723404809619238520e+01 1.500540916127836022e-01
1.723927855711422907e+01 1.500423401096566411e-01
1.724450901803607294e+01 1.500313563587109267e-01
1.724973947895791682e+01 1.500219932943528400e-01
1.725496993987976069e+01 1.500136900873812740e-01
1.726020040080160456e+01 1.500050568253271932e-01
1.726543086172344843e+01 1.499981893101309804e-01
1.727066132264529230e+01 1.499911611463028982e-01
1.727589178356713617e+01 1.499876119730408908e-01
1.728112224448898004e+01 1.499785872846601531e-01
1.728635270541082036e+01 1.499729453489629938e-01
1.729158316633266423e+01 1.499631504675177640e-01
1.729681362725450811e+01 1.499540316268061502e-01
1.730204408817635198e+01 1.499472700843116901e-01
1.730727454909819585e+01 1.499360746800813271e-01
1.731250501002003972e+01 1.499255862827609254e-01
1.731773547094188359e+01 1.499153827554558782e-01
1.732296593186372746e+01 1.499036505086918103e-01
1.732819639278557133e+01 1.498948374934937211e-01
1.733342685370741521e+01 1.498855958268863753e-01
1.733865731462925908e+01 1.498789840553368391e-01
1.734388777555110295e+01 1.498725159444767030e-01
1.734911823647294682e+01 1.498663715934126506e-01
1.735434869739479069e+01 1.498589815542009374e-01
1.735957915831663456e+01 1.498536248652945491e-01
1.736480961923847843e+01 1.498510756683111012e-01
1.737004008016032230e+01 1.498502488197513971e-01
1.737527054108216618e+01 1.498523630065013990e-01
1.738050100200401005e+01 1.498553468586033832e-01
1.738573146292585392e+01 1.498583438742417673e-01
1.739096192384769424e+01 1.498642786133769222e-01
1.739619238476953811e+01 1.498703751727862299e-01
1.740142284569138198e+01 1.498758771833958447e-01
1.740665330661322585e+01 1.498846054045485654e-01
1.741188376753506972e+01 1.498933366676039047e-01
1.741711422845691359e+01 1.499012764002649045e-01
1.742234468937875747e+01 1.499078897914745412e-01
1.742757515030060134e+01 1.499122150941690490e-01
1.743280561122244521e+01 1.499167143839603977e-01
1.743803607214428908e+01 1.499204967650022424e-01
1.744326653306613295e+01 1.499203513111397046e-01
1.744849699398797682e+01 1.499154933402079004e-01
1.745372745490982069e+01 1.499105735452946064e-01
1.745895791583166456e+01 1.499010007355954244e-01
1.746418837675350844e+01 1.498869427058413251e-01
1.746941883767535231e+01 1.498727559226763761e-01
1.747464929859719618e+01 1.498515906883153281e-01
1.747987975951904005e+01 1.498298400856118429e-01
1.748511022044088037e+01 1.498083211866419184e-01
1.749034068136272424e+01 1.497746141387784058e-01
1.749557114228456811e+01 1.497408683701923482e-01
1.750080160320641198e+01 1.496988759049244222e-01
1.750603206412825585e+01 1.496297766484489533e-01
1.751126252505009973e+01 1.495607486154868770e-01
1.751649298597194360e+01 1.494884524028894657e-01
1.752172344689378747e+01 1.494150795996209702e-01
1.752695390781563134e+01 1.493416022378486196e-01
1.753218436873747521e+01 1.492665880070945250e-01
1.753741482965931908e+01 1.491914073962298803e-01
1.754264529058116295e+01 1.491176693815749466e-01
1.754787575150300682e+01 1.490464364888848814e-01
1.755310621242485070e+01 1.489747508012614075e-01
1.755833667334669457e+01 1.489073845581506406e-01
1.756356713426853844e+01 1.488405386020655585e-01
1.756879759519038231e+01 1.487747527102397105e-01
1.757402805611222618e+01 1.487154158324814068e-01
1.757925851703407005e+01 1.486607131353775701e-01
1.758448897795591392e+01 1.486065155703776564e-01
1.758971943887775780e+01 1.485606867627409788e-01
1.759494989979960167e+01 1.485115785453064441e-01
1.760018036072144199e+01 1.484720046101691004e-01
1.760541082164328586e+01 1.484382706128006824e-01
1.761064128256512973e+01 1.484021374106149482e-01
1.761587174348697360e+01 1.483797579335489614e-01
1.762110220440881747e+01 1.483613919053154706e-01
1.762633266533066134e+01 1.483420585581309847e-01
1.763156312625250521e+01 1.483302236012166708e-01
1.763679358717434908e+01 1.483151876323352547e-01
1.764202404809619296e+01 1.483046514532952997e-01
1.764725450901803683e+01 1.483022782685461949e-01
1.765248496993988070e+01 1.482955597558760497e-01
1.765771543086172457e+01 1.482935973324294165e-01
1.766294589178356844e+01 1.482928482191674946e-01
1.766817635270541231e+01 1.482904777320075973e-01
1.767340681362725618e+01 1.482889115266670943e-01
1.767863727454910006e+01 1.482858948912989250e-01
1.768386773547094393e+01 1.482820309460557706e-01
1.768909819639278425e+01 1.482778359483507002e-01
1.769432865731462812e+01 1.482719950196460801e-01
1.769955911823647199e+01 1.482629011691305732e-01
1.770478957915831586e+01 1.482518563973637959e-01
1.771002004008015973e+01 1.482417126427478526e-01
1.771525050100200360e+01 1.482243270545707259e-01
1.772048096192384747e+01 1.482053527426506478e-01
1.772571142284569135e+01 1.481861342194706055e-01
1.773094188376753522e+01 1.481573373893671219e-01
1.773617234468937909e+01 1.481272817608579595e-01
1.774140280561122296e+01 1.480946306799333922e-01
1.774663326653306683e+01 1.480543112075629053e-01
1.775186372745491070e+01 1.480139774803816144e-01
1.775709418837675457e+01 1.479684985136763553e-01
1.776232464929859844e+01 1.479217642214860906e-01
1.776755511022044232e+01 1.478747134138717334e-01
1.777278557114228619e+01 1.478177768892506572e-01
1.777801603206413006e+01 1.477610525450468726e-01
1.778324649298597393e+01 1.477040571945936187e-01
1.778847695390781780e+01 1.476427939982241366e-01
1.779370741482966167e+01 1.475798266869033648e-01
1.779893787575150554e+01 1.475152924317133796e-01
1.780416833667334586e+01 1.474481895951876287e-01
1.780939879759518973e+01 1.473799692162569286e-01
1.781462925851703361e+01 1.473107084227738284e-01
1.781985971943887748e+01 1.472431138145371410e-01
1.782509018036072135e+01 1.471725408862571138e-01
1.783032064128256522e+01 1.471028967625293560e-01
1.783555110220440909e+01 1.470315627979722484e-01
1.784078156312625296e+01 1.469622768018502834e-01
1.784601202404809683e+01 1.468914554923893279e-01
1.785124248496994070e+01 1.468189470212220571e-01
1.785647294589178458e+01 1.467462540549986094e-01
1.786170340681362845e+01 1.466734690885968806e-01
1.786693386773547232e+01 1.466005864182618745e-01
1.787216432865731619e+01 1.465284776903364450e-01
1.787739478957916006e+01 1.464579510823124930e-01
1.788262525050100393e+01 1.463858584434797883e-01
1.788785571142284780e+01 1.463139887990691779e-01
1.789308617234469168e+01 1.462431332128996120e-01
1.789831663326653199e+01 1.461705677229761802e-01
1.790354709418837587e+01 1.460941906805563739e-01
1.790877755511021974e+01 1.460180354672853675e-01
1.791400801603206361e+01 1.459427045475026330e-01
1.791923847695390748e+01 1.458653193173343188e-01
1.792446893787575135e+01 1.457905114142662439e-01
1.792969939879759522e+01 1.457151582685295987e-01
1.793492985971943909e+01 1.456412667337693423e-01
1.794016032064128296e+01 1.455678086081277356e-01
1.794539078156312684e+01 1.454958065381309895e-01
1.795062124248497071e+01 1.454236830074054909e-01
1.795585170340681458e+01 1.453563703317111711e-01
1.796108216432865845e+01 1.452887888723112808e-01
1.796631262525050232e+01 1.452223436884287899e-01
1.797154308617234619e+01 1.451566354641320999e-01
1.797677354709419006e+01 1.450924958243429708e-01
1.798200400801603394e+01 1.450327114717890886e-01
1.798723446893787781e+01 1.449736418791207349e-01
1.799246492985972168e+01 1.449153915913254931e-01
1.799769539078156555e+01 1.448416691867419615e-01
1.800292585170340942e+01 1.448189934986871819e-01
1.800815631262525329e+01 1.448323702607933472e-01
1.801338677354709361e+01 1.448309485799250118e-01
1.801861723446893748e+01 1.448295201797260012e-01
1.802384769539078135e+01 1.448304283414262594e-01
1.802907815631262523e+01 1.448331391209740360e-01
1.803430861723446910e+01 1.448371943601544920e-01
1.803953907815631297e+01 1.448440681757943715e-01
1.804476953907815684e+01 1.448510285903574779e-01
1.805000000000000071e+01 1.448575015315574088e-01
