5.650000000000000355e+00 1.018447008663886516e-01
5.651983967935872322e+00 1.018778755791120150e-01
5.653967935871743400e+00 1.019110509500524980e-01
5.655951903807615366e+00 1.019442269555125152e-01
5.657935871743487333e+00 1.019774035954920943e-01
5.659919839679359299e+00 1.020105808699911243e-01
5.661903807615230377e+00 1.020454819834820948e-01
5.663887775551102344e+00 1.020804563221722056e-01
5.665871743486974310e+00 1.021154313307991723e-01
5.667855711422846277e+00 1.021504070093630506e-01
5.669839679358717355e+00 1.021853833578637710e-01
5.671823647294589321e+00 1.022203603763014029e-01
5.673807615230461288e+00 1.022553380646759186e-01
5.675791583166333254e+00 1.022903164229873041e-01
5.677775551102204332e+00 1.023252954512355456e-01
5.679759519038076299e+00 1.023602751494206570e-01
5.681743486973948265e+00 1.027131036513798390e-01
5.683727454909820231e+00 1.031100063979227405e-01
5.685711422845691310e+00 1.034633704596909093e-01
5.687695390781563276e+00 1.036724211007547108e-01
5.689679358717435242e+00 1.038815911411413578e-01
5.691663326653307209e+00 1.039847954886175541e-01
5.693647294589178287e+00 1.040131859873186515e-01
5.695631262525050253e+00 1.040415722986431507e-01
5.697615230460922220e+00 1.039990164539298378e-01
5.699599198396794186e+00 1.039518906735463627e-01
5.701583166332665265e+00 1.039497783614005688e-01
5.703567134268537231e+00 1.040553432020543123e-01
5.705551102204409197e+00 1.041609569370736399e-01
5.707535070140281164e+00 1.041954702106385328e-01
5.709519038076152242e+00 1.041912748515894521e-01
5.711503006012024208e+00 1.041862420020086277e-01
5.713486973947896175e+00 1.036466745026094344e-01
5.715470941883768141e+00 1.031067123517590695e-01
5.717454909819639219e+00 1.024593157092812956e-01
5.719438877755511186e+00 1.016171604961267211e-01
5.721422845691383152e+00 1.007744213675185185e-01
5.723406813627255119e+00 1.006557721389048921e-01
5.725390781563126197e+00 1.008344272190146579e-01
5.727374749498998163e+00 1.010534927536123340e-01
5.729358717434870130e+00 1.018736669879223289e-01
5.731342685370742096e+00 1.026943809979808109e-01
5.733326653306613174e+00 1.034068305363534945e-01
5.735310621242485141e+00 1.039673670870905065e-01
5.737294589178357107e+00 1.045282644144160528e-01
5.739278557114229073e+00 1.048946002895807666e-01
5.741262525050100152e+00 1.052031021202679273e-01
5.743246492985972118e+00 1.054728657894247607e-01
5.745230460921844085e+00 1.054681845342517604e-01
5.747214428857716051e+00 1.054634761598519793e-01
5.749198396793587129e+00 1.053180793696881223e-01
5.751182364729459096e+00 1.050189083827645781e-01
5.753166332665331062e+00 1.047195036406925461e-01
5.755150300601203028e+00 1.045896500059340789e-01
5.757134268537074107e+00 1.044940226796304134e-01
5.759118236472946073e+00 1.044335162888056917e-01
5.761102204408818039e+00 1.045275328105934043e-01
5.763086172344690006e+00 1.046216240507037154e-01
5.765070140280561084e+00 1.047376532040537600e-01
5.767054108216433050e+00 1.048724431967074933e-01
5.769038076152305017e+00 1.050073017394076713e-01
5.771022044088176983e+00 1.047049706742942815e-01
5.773006012024048061e+00 1.043500983565185669e-01
5.774989979959920028e+00 1.039364342846755551e-01
5.776973947895791994e+00 1.033439539190652706e-01
5.778957915831663961e+00 1.027510454263033113e-01
5.780941883767535039e+00 1.022849274122368257e-01
5.782925851703407005e+00 1.019030470329689297e-01
5.784909819639278972e+00 1.015208828305885075e-01
5.786893787575150938e+00 1.018198915584081210e-01
5.788877755511022016e+00 1.021515429233893768e-01
5.790861723446893983e+00 1.026008915447492315e-01
5.792845691382765949e+00 1.033141808989486848e-01
5.794829659318637916e+00 1.040279335742915479e-01
5.796813627254508994e+00 1.047056833208291210e-01
5.798797595190380960e+00 1.053652565892011783e-01
5.800781563126252927e+00 1.060202208394010331e-01
5.802765531062124893e+00 1.063409374601095581e-01
5.804749498997995971e+00 1.066618538309395819e-01
5.806733466933867938e+00 1.069087071372410436e-01
5.808717434869739904e+00 1.070290520679723217e-01
5.810701402805611870e+00 1.071494564289894036e-01
5.812685370741482949e+00 1.072448933395432902e-01
5.814669338677354915e+00 1.073308036301800217e-01
5.816653306613226881e+00 1.074191444448527044e-01
5.818637274549098848e+00 1.075361340818930811e-01
5.820621242484969926e+00 1.076531887772797791e-01
5.822605210420841892e+00 1.075592296720239011e-01
5.824589178356713859e+00 1.071864758834198267e-01
5.826573146292585825e+00 1.068134375167209132e-01
5.828557114228456904e+00 1.064536100622025111e-01
5.830541082164328870e+00 1.060972082290467799e-01
5.832525050100200836e+00 1.057857698375038596e-01
5.834509018036072803e+00 1.057552451482085820e-01
5.836492985971943881e+00 1.057246750072076413e-01
5.838476953907815847e+00 1.058690245293002624e-01
5.840460921843687814e+00 1.061938795229625115e-01
5.842444889779558892e+00 1.065189953669803680e-01
5.844428857715430858e+00 1.069131058456229133e-01
5.846412825651302825e+00 1.073199729047328160e-01
5.848396793587174791e+00 1.077481302186314993e-01
5.850380761523046758e+00 1.082607822513157458e-01
5.852364729458917836e+00 1.087740471578580587e-01
5.854348697394789802e+00 1.091875995765404367e-01
5.856332665330661769e+00 1.095207757619012373e-01
5.858316633266532847e+00 1.098541605319764414e-01
5.860300601202404813e+00 1.099520523504322611e-01
5.862284569138276780e+00 1.100260200507070102e-01
5.864268537074148746e+00 1.101036053664037895e-01
5.866252505010019824e+00 1.101913719817664422e-01
5.868236472945891791e+00 1.102791747897253344e-01
5.870220440881763757e+00 1.103444337203044190e-01
5.872204408817635723e+00 1.103955816173365218e-01
5.874188376753506802e+00 1.104467399790776405e-01
5.876172344689378768e+00 1.103384004588027767e-01
5.878156312625250735e+00 1.102248446455646319e-01
5.880140280561122701e+00 1.101968271409825423e-01
5.882124248496993779e+00 1.103485988282045804e-01
5.884108216432865746e+00 1.105004515263632026e-01
5.886092184368737712e+00 1.109442133785069756e-01
5.888076152304609678e+00 1.115278510413422325e-01
5.890060120240480757e+00 1.121026610503234600e-01
5.892044088176352723e+00 1.123829994669892501e-01
5.894028056112224689e+00 1.126635083276015664e-01
5.896012024048096656e+00 1.128267213265857910e-01
5.897995991983967734e+00 1.128015936542813707e-01
5.899979959919839700e+00 1.127764226031356953e-01
5.901963927855711667e+00 1.126221870798410629e-01
5.903947895791583633e+00 1.124219843147892667e-01
5.905931863727454711e+00 1.122360008072992577e-01
5.907915831663326678e+00 1.121924503090761388e-01
5.909899799599198644e+00 1.121488438509451735e-01
5.911883767535070611e+00 1.122225656128707783e-01
5.913867735470941689e+00 1.124424954323600817e-01
5.915851703406813655e+00 1.126625528924836417e-01
5.917835671342685622e+00 1.129667108824351091e-01
5.919819639278557588e+00 1.132921550386631337e-01
5.921803607214428666e+00 1.135861149207249565e-01
5.923787575150300633e+00 1.137045601324911809e-01
5.925771543086172599e+00 1.138230619826936380e-01
5.927755511022044566e+00 1.138611894734852109e-01
5.929739478957915644e+00 1.138210234554134087e-01
5.931723446893787610e+00 1.137808036280930496e-01
5.933707414829659577e+00 1.133049743039405283e-01
5.935691382765531543e+00 1.127582160179757126e-01
5.937675350701402621e+00 1.122424214596068059e-01
5.939659318637274588e+00 1.118412304207785368e-01
5.941643286573146554e+00 1.114386649835196891e-01
5.943627254509018520e+00 1.113149769890776769e-01
5.945611222444889599e+00 1.114035933301592285e-01
5.947595190380761565e+00 1.114922456693910741e-01
5.949579158316633531e+00 1.116698978509158141e-01
5.951563126252505498e+00 1.118552429870848797e-01
5.953547094188376576e+00 1.119108086935003826e-01
5.955531062124248542e+00 1.116251129627311017e-01
5.957515030060120509e+00 1.113392018340255418e-01
5.959498997995992475e+00 1.111603717030851673e-01
5.961482965931863554e+00 1.110437744377252428e-01
5.963466933867735520e+00 1.109268139891897709e-01
5.965450901803607486e+00 1.114241966250560656e-01
5.967434869739479453e+00 1.119322990531000650e-01
5.969418837675350531e+00 1.126142478815393422e-01
5.971402805611222497e+00 1.136379551347981715e-01
5.973386773547094464e+00 1.146623066293392806e-01
5.975370741482966430e+00 1.152996984149140258e-01
5.977354709418837508e+00 1.157640241117285085e-01
5.979338677354709475e+00 1.162147139266765661e-01
5.981322645290581441e+00 1.164456959511050160e-01
5.983306613226453408e+00 1.167157152177305951e-01
5.985290581162324486e+00 1.168797213387815642e-01
5.987274549098196452e+00 1.168830476193545714e-01
5.989258517034068419e+00 1.168859829822307961e-01
5.991242484969940385e+00 1.164407299384984662e-01
5.993226452905811463e+00 1.158462521310865412e-01
5.995210420841683430e+00 1.152485363008197566e-01
5.997194388777555396e+00 1.146380473093150526e-01
5.999178356713427362e+00 1.140255695230081301e-01
6.001162324649298441e+00 1.136028307585973951e-01
6.003146292585170407e+00 1.134259017998893310e-01
6.005130260521042374e+00 1.132486682779070414e-01
6.007114228456914340e+00 1.136472395539301350e-01
6.009098196392785418e+00 1.141782614851279548e-01
6.011082164328657385e+00 1.147469520175061486e-01
6.013066132264529351e+00 1.155008405180419362e-01
6.015050100200401317e+00 1.162555784858907565e-01
6.017034068136272396e+00 1.166934405271651543e-01
6.019018036072144362e+00 1.168397140274924639e-01
6.021002004008016328e+00 1.169861233001802253e-01
6.022985971943888295e+00 1.169456339098302322e-01
6.024969939879759373e+00 1.168782724589422228e-01
6.026953907815631339e+00 1.167753059520774406e-01
6.028937875751503306e+00 1.165526039956587406e-01
6.030921843687375272e+00 1.163295410810396419e-01
6.032905811623246350e+00 1.164504428621539606e-01
6.034889779559118317e+00 1.168182751603423219e-01
6.036873747494990283e+00 1.171864756935638435e-01
6.038857715430861361e+00 1.175547920609708308e-01
6.040841683366733328e+00 1.179234936602955863e-01
6.042825651302605294e+00 1.182279476047112116e-01
6.044809619238477261e+00 1.183743973457343224e-01
6.046793587174349227e+00 1.185209410259612517e-01
6.048777555110220305e+00 1.183189728770729920e-01
6.050761523046092272e+00 1.179236486768756725e-01
6.052745490981964238e+00 1.175275226507099535e-01
6.054729458917835316e+00 1.172795334534190437e-01
6.056713426853707283e+00 1.170314955384967048e-01
6.058697394789579249e+00 1.168811482595755180e-01
6.060681362725451216e+00 1.169116079466452768e-01
6.062665330661323182e+00 1.169420731109584444e-01
6.064649298597194260e+00 1.170071809898282356e-01
6.066633266533066227e+00 1.170867873696168071e-01
6.068617234468938193e+00 1.171571839862712017e-01
6.070601202404809271e+00 1.170806396846525571e-01
6.072585170340681238e+00 1.170039182443376735e-01
6.074569138276553204e+00 1.168947406025340613e-01
6.076553106212425170e+00 1.167394172650159101e-01
6.078537074148297137e+00 1.165838217248114234e-01
6.080521042084168215e+00 1.166324647705950929e-01
6.082505010020040181e+00 1.167433986890138164e-01
6.084488977955912148e+00 1.168409151372864913e-01
6.086472945891783226e+00 1.168400584161557593e-01
6.088456913827655193e+00 1.168391175330651954e-01
6.090440881763527159e+00 1.169063931317739363e-01
6.092424849699399125e+00 1.170494329958980673e-01
6.094408817635270204e+00 1.171925630843657362e-01
6.096392785571142170e+00 1.173102232635159919e-01
6.098376753507014136e+00 1.174226311063725492e-01
6.100360721442886103e+00 1.175257666439101095e-01
6.102344689378757181e+00 1.175869548582458013e-01
6.104328657314629147e+00 1.176481339028947193e-01
6.106312625250501114e+00 1.176572930716483362e-01
6.108296593186373080e+00 1.176212573518156806e-01
6.110280561122244158e+00 1.175850950341954665e-01
6.112264529058116125e+00 1.176329580155933557e-01
6.114248496993988091e+00 1.176912675119249352e-01
6.116232464929860058e+00 1.177383426318620863e-01
6.118216432865731136e+00 1.177504462910682753e-01
6.120200400801603102e+00 1.177624872348579932e-01
6.122184368737475069e+00 1.176671152082239130e-01
6.124168336673347035e+00 1.174989985833399808e-01
6.126152304609218113e+00 1.173305971250003937e-01
6.128136272545090080e+00 1.171792078851474767e-01
6.130120240480962046e+00 1.170284509813072499e-01
6.132104208416834012e+00 1.169089264345484491e-01
6.134088176352705091e+00 1.168611421467933842e-01
6.136072144288577057e+00 1.168132190604945636e-01
6.138056112224449024e+00 1.168967821416069391e-01
6.140040080160320990e+00 1.170487184990370022e-01
6.142024048096192068e+00 1.171992930549930062e-01
6.144008016032064035e+00 1.172244253626402305e-01
6.145991983967936001e+00 1.172495064417010679e-01
6.147975951903807967e+00 1.172420710658872434e-01
6.149959919839679046e+00 1.171782522966668683e-01
6.151943887775551012e+00 1.171134935740391209e-01
6.153927855711422978e+00 1.170359692843410820e-01
6.155911823647294945e+00 1.169533660691475102e-01
6.157895791583166023e+00 1.168754301305117149e-01
6.159879759519037989e+00 1.168584398199445235e-01
6.161863727454909956e+00 1.168414229294172380e-01
6.163847695390781922e+00 1.168502160240196541e-01
6.165831663326653000e+00 1.168936841078153932e-01
6.167815631262524967e+00 1.169371241253813060e-01
6.169799599198396933e+00 1.169784910087970226e-01
6.171783567134268900e+00 1.170192538241349167e-01
6.173767535070139978e+00 1.170599539240573111e-01
6.175751503006011944e+00 1.171004202206771677e-01
6.177735470941883911e+00 1.171408550855667086e-01
6.179719438877755877e+00 1.171535328080736821e-01
6.181703406813626955e+00 1.171371584885201045e-01
6.183687374749498922e+00 1.171206933193604804e-01
6.185671342685370888e+00 1.170711254868239126e-01
6.187655310621242855e+00 1.170152436493762521e-01
6.189639278557113933e+00 1.169534778175991274e-01
6.191623246492985899e+00 1.168680338351202053e-01
6.193607214428857866e+00 1.167824114291328569e-01
6.195591182364729832e+00 1.167064832969108845e-01
6.197575150300600910e+00 1.166384706700561019e-01
6.199559118236472877e+00 1.165703005994975922e-01
6.201543086172344843e+00 1.165056353354678859e-01
6.203527054108216809e+00 1.164412434713130717e-01
6.205511022044087888e+00 1.163747143259820094e-01
6.207494989979959854e+00 1.163023078833858442e-01
6.209478957915831820e+00 1.162297389894794142e-01
6.211462925851703787e+00 1.161159144217094735e-01
6.213446893787574865e+00 1.159757416081298731e-01
6.215430861723446831e+00 1.158353277171683682e-01
6.217414829659318798e+00 1.155845150292495321e-01
6.219398797595189876e+00 1.153293528812811691e-01
6.221382765531061843e+00 1.150002048096885332e-01
6.223366733466933809e+00 1.145132555241810401e-01
6.225350701402805775e+00 1.140256620772411161e-01
6.227334669338677742e+00 1.136313865442734883e-01
6.229318637274548820e+00 1.132823141867004280e-01
6.231302605210420786e+00 1.129417059412212571e-01
6.233286573146292753e+00 1.129292499409281364e-01
6.235270541082163831e+00 1.129167050338468897e-01
6.237254509018035797e+00 1.130080777061314712e-01
6.239238476953907764e+00 1.132690574726593624e-01
6.241222444889779730e+00 1.135303266221833057e-01
6.243206412825651697e+00 1.137239251565120568e-01
6.245190380761522775e+00 1.138930507579566098e-01
6.247174348697394741e+00 1.140344115903642180e-01
6.249158316633266708e+00 1.138862514789289043e-01
6.251142284569137786e+00 1.137374167555657983e-01
6.253126252505009752e+00 1.135872174136105667e-01
6.255110220440881719e+00 1.134357553589842166e-01
6.257094188376753685e+00 1.132840466306253568e-01
6.259078156312625651e+00 1.132502228320830251e-01
6.261062124248496730e+00 1.132466162856917841e-01
6.263046092184368696e+00 1.132599735670929003e-01
6.265030060120240663e+00 1.133707918108897428e-01
6.267014028056111741e+00 1.134816639407923988e-01
6.268997995991983707e+00 1.135824201770869041e-01
6.270981963927855674e+00 1.136731657551985353e-01
6.272965931863727640e+00 1.137639422117088794e-01
6.274949899799599606e+00 1.137577028574015270e-01
6.276933867735470685e+00 1.137351575388106661e-01
6.278917835671342651e+00 1.136930658012206968e-01
6.280901803607214617e+00 1.135779486857975973e-01
6.282885771543085696e+00 1.134626685053079093e-01
6.284869739478957662e+00 1.133486318697037171e-01
6.286853707414829628e+00 1.132355109878488975e-01
6.288837675350701595e+00 1.131221901087095527e-01
6.290821643286573561e+00 1.128615483069383141e-01
6.292805611222444639e+00 1.125874226516205417e-01
6.294789579158316606e+00 1.121997457604441278e-01
6.296773547094188572e+00 1.115084461206482386e-01
6.298757515030059650e+00 1.108162941556751768e-01
6.300741482965931617e+00 1.101820733373661543e-01
6.302725450901803583e+00 1.095825937059530381e-01
6.304709418837675550e+00 1.089823574210606050e-01
6.306693386773547516e+00 1.091319589044779520e-01
6.308677354709418594e+00 1.092973448555750321e-01
6.310661322645290561e+00 1.095433095071939866e-01
6.312645290581162527e+00 1.099504956618124751e-01
6.314629258517033605e+00 1.103580774106691642e-01
6.316613226452905572e+00 1.107162967821930660e-01
6.318597194388777538e+00 1.110521849340520839e-01
6.320581162324649505e+00 1.113913047035446635e-01
6.322565130260520583e+00 1.117987687145186315e-01
6.324549098196392549e+00 1.122066269590514809e-01
6.326533066132264516e+00 1.126006635358494656e-01
6.328517034068136482e+00 1.129732643944611065e-01
6.330501002004007560e+00 1.133462185199951983e-01
6.332484969939879527e+00 1.135898971582899042e-01
6.334468937875751493e+00 1.137901974581978504e-01
6.336452905811623459e+00 1.139816347559655108e-01
6.338436873747494538e+00 1.140940031840637359e-01
6.340420841683366504e+00 1.142064431070550223e-01
6.342404809619238470e+00 1.142885949001792301e-01
6.344388777555110437e+00 1.143344886602780525e-01
6.346372745490981515e+00 1.143803630068934568e-01
6.348356713426853482e+00 1.141799214918925998e-01
6.350340681362725448e+00 1.139211123736076081e-01
6.352324649298597414e+00 1.136366667933649960e-01
6.354308617234468493e+00 1.132276598340591911e-01
6.356292585170340459e+00 1.128181292747783004e-01
6.358276553106212425e+00 1.122186673059570455e-01
6.360260521042084392e+00 1.114417315705032996e-01
6.362244488977955470e+00 1.106639262458005007e-01
6.364228456913827436e+00 1.099203106382706935e-01
6.366212424849699403e+00 1.091809977355868988e-01
6.368196392785571369e+00 1.085163826034597212e-01
6.370180360721442447e+00 1.081114538812489728e-01
6.372164328657314414e+00 1.077060110761927786e-01
6.374148296593186380e+00 1.078947385754728538e-01
6.376132264529058347e+00 1.085166297466226837e-01
6.378116232464929425e+00 1.091391431170861820e-01
6.380100200400801391e+00 1.100741928610548259e-01
6.382084168336673358e+00 1.110328383211727221e-01
6.384068136272545324e+00 1.118956529116530013e-01
6.386052104208416402e+00 1.125179296845361665e-01
6.388036072144288369e+00 1.131408258008867324e-01
6.390020040080160335e+00 1.135582544129054711e-01
6.392004008016032301e+00 1.138601637032811281e-01
6.393987975951903380e+00 1.141623374654768264e-01
6.395971943887775346e+00 1.142501583017298539e-01
6.397955911823647313e+00 1.143366980441294506e-01
6.399939879759519279e+00 1.144582158567550162e-01
6.401923847695390357e+00 1.146457697786647661e-01
6.403907815631262324e+00 1.148334738859592002e-01
6.405891783567134290e+00 1.152649713166472994e-01
6.407875751503006256e+00 1.158006053166034249e-01
6.409859719438877335e+00 1.163538077935928478e-01
6.411843687374749301e+00 1.171989006308845199e-01
6.413827655310621267e+00 1.180448556893226586e-01
6.415811623246492346e+00 1.186898069258507660e-01
6.417795591182364312e+00 1.190436531883199978e-01
6.419779559118236278e+00 1.193978182260659326e-01
6.421763527054108245e+00 1.191231043367379089e-01
6.423747494989980211e+00 1.186523227604502073e-01
6.425731462925851289e+00 1.181589327285223756e-01
6.427715430861723256e+00 1.174981203898257387e-01
6.429699398797595222e+00 1.168365111656080174e-01
6.431683366733466301e+00 1.161206139417128164e-01
6.433667334669338267e+00 1.153436181861289267e-01
6.435651302605210233e+00 1.145657005868237627e-01
6.437635270541082200e+00 1.142269669669240956e-01
6.439619238476954166e+00 1.139816916562983035e-01
6.441603206412825244e+00 1.137427305975870495e-01
6.443587174348697211e+00 1.135339981418074795e-01
6.445571142284569177e+00 1.133249697972828485e-01
6.447555110220440255e+00 1.131082960985543839e-01
6.449539078156312222e+00 1.128848448741865129e-01
6.451523046092184188e+00 1.126611589507339056e-01
6.453507014028056155e+00 1.127164415046823520e-01
6.455490981963928121e+00 1.128078096853125933e-01
6.457474949899799199e+00 1.129695932195249330e-01
6.459458917835671166e+00 1.133552273177954733e-01
6.461442885771543132e+00 1.137412671174180545e-01
6.463426853707414210e+00 1.141256909043598250e-01
6.465410821643286177e+00 1.145091022471105141e-01
6.467394789579158143e+00 1.148928655408997662e-01
6.469378757515030109e+00 1.152919307254316877e-01
6.471362725450902076e+00 1.156922018486501724e-01
6.473346693386773154e+00 1.161654906821290856e-01
6.475330661322645120e+00 1.168082231758166695e-01
6.477314629258517087e+00 1.174515882186604743e-01
6.479298597194388165e+00 1.181050449515487905e-01
6.481282565130260132e+00 1.187641706855938201e-01
6.483266533066132098e+00 1.194211040768437815e-01
6.485250501002004064e+00 1.197383870811091766e-01
6.487234468937876031e+00 1.200559457723214540e-01
6.489218436873747109e+00 1.202291145088722896e-01
6.491202404809619075e+00 1.201474339305661082e-01
6.493186372745491042e+00 1.200655950715504294e-01
6.495170340681362120e+00 1.198100720603534897e-01
6.497154308617234086e+00 1.194853057342144670e-01
6.499138276553106053e+00 1.191469100778359824e-01
6.501122244488978019e+00 1.185971907323631752e-01
6.503106212424849986e+00 1.180208248797774140e-01
6.505090180360721064e+00 1.173827667343930597e-01
6.507074148296593030e+00 1.166607289904149913e-01
6.509058116232464997e+00 1.159386514712665434e-01
6.511042084168336075e+00 1.154176273500375216e-01
6.513026052104208041e+00 1.149541992628521220e-01
6.515010020040080008e+00 1.146053925776862742e-01
6.516993987975951974e+00 1.150167035573982921e-01
6.518977955911823052e+00 1.154280369799647599e-01
6.520961923847695019e+00 1.160287590960731585e-01
6.522945891783566985e+00 1.168307212131282635e-01
6.524929859719438952e+00 1.176327272129319285e-01
6.526913827655310030e+00 1.184043163593002240e-01
6.528897795591181996e+00 1.191700865482213101e-01
6.530881763527053963e+00 1.198215148907697813e-01
6.532865731462925929e+00 1.199929142382199498e-01
6.534849699398797007e+00 1.201643228520568596e-01
6.536833667334668974e+00 1.203448338590488303e-01
6.538817635270540940e+00 1.205329093229513260e-01
6.540801603206412906e+00 1.207212896218329973e-01
6.542785571142283985e+00 1.208240495810151971e-01
6.544769539078155951e+00 1.209172529152711395e-01
6.546753507014027917e+00 1.209817958185753772e-01
6.548737474949899884e+00 1.209620520717442915e-01
6.550721442885770962e+00 1.209422295462855845e-01
6.552705410821642928e+00 1.209028788686347528e-01
6.554689378757514895e+00 1.208510004515570835e-01
6.556673346693386861e+00 1.207991185424856506e-01
6.558657314629257939e+00 1.209709781857151861e-01
6.560641282565129906e+00 1.211520695562189887e-01
6.562625250501001872e+00 1.214122212761385711e-01
6.564609218436873839e+00 1.218431351926089895e-01
6.566593186372744917e+00 1.222740811849987175e-01
6.568577154308616883e+00 1.226972184467787358e-01
6.570561122244488850e+00 1.231165066062551439e-01
6.572545090180360816e+00 1.235282963158945008e-01
6.574529058116231894e+00 1.236163296752037510e-01
6.576513026052103861e+00 1.237043693511523518e-01
6.578496993987975827e+00 1.236601872159510396e-01
6.580480961923847794e+00 1.233970319802587395e-01
6.582464929859718872e+00 1.231338566884397079e-01
6.584448897795590838e+00 1.225971827178400919e-01
6.586432865731462805e+00 1.219594701831825528e-01
6.588416833667334771e+00 1.213241658747753193e-01
6.590400801603205849e+00 1.207155694524897627e-01
6.592384769539077816e+00 1.201069270452658350e-01
6.594368737474949782e+00 1.196718825050018670e-01
6.596352705410821748e+00 1.194597264262352437e-01
6.598336673346692827e+00 1.192475541339905326e-01
6.600320641282564793e+00 1.195056805065595057e-01
6.602304609218436759e+00 1.198874067073768396e-01
6.604288577154308726e+00 1.203017618767553004e-01
6.606272545090179804e+00 1.209076903924665991e-01
6.608256513026051771e+00 1.215136617042902739e-01
6.610240480961923737e+00 1.220531759738237715e-01
6.612224448897795703e+00 1.225260242851363424e-01
6.614208416833666782e+00 1.229989059279527064e-01
6.616192384769538748e+00 1.233237723542323916e-01
6.618176352705410714e+00 1.236231532097780694e-01
6.620160320641282681e+00 1.239102929116359664e-01
6.622144288577153759e+00 1.241504084565212551e-01
6.624128256513025725e+00 1.243905406942301811e-01
6.626112224448897692e+00 1.245833742955353290e-01
6.628096192384768770e+00 1.247391349493710000e-01
6.630080160320640736e+00 1.248949063338190002e-01
6.632064128256512703e+00 1.250563360088159937e-01
6.634048096192384669e+00 1.252183055599722650e-01
6.636032064128256636e+00 1.253762002821208477e-01
6.638016032064127714e+00 1.255229555670701880e-01
6.639999999999999680e+00 1.256697209433782214e-01
