5.000000000000000000e+00 0.000000000000000000e+00
5.044088176352705233e+00 7.401253869608001550e-07
5.088176352705410466e+00 0.000000000000000000e+00
5.132264529058116587e+00 2.835092651734566340e-06
5.176352705410821819e+00 1.131833120107877037e-06
5.220440881763527052e+00 8.186335067590972473e-07
5.264529058116232285e+00 0.000000000000000000e+00
5.308617234468937518e+00 7.709881807627836748e-07
5.352705410821643639e+00 2.177164158568547828e-07
5.396793587174348872e+00 1.986818970544914687e-06
5.440881763527054105e+00 2.316769115746583183e-06
5.484969939879759337e+00 3.009812348443401284e-06
5.529058116232464570e+00 2.157738696526622279e-06
5.573146292585170691e+00 1.918140697335921444e-06
5.617234468937875924e+00 1.744738703036734441e-06
5.661322645290581157e+00 1.946130681635531473e-06
5.705410821643286390e+00 6.818307240137008016e-07
5.749498997995992511e+00 3.271964579961086481e-06
5.793587174348697744e+00 0.000000000000000000e+00
5.837675350701402976e+00 0.000000000000000000e+00
5.881763527054108209e+00 0.000000000000000000e+00
5.925851703406813442e+00 0.000000000000000000e+00
5.969939879759518675e+00 0.000000000000000000e+00
6.014028056112224796e+00 1.964990914107935134e-07
6.058116232464930029e+00 3.652433891960987018e-06
6.102204408817635262e+00 4.625968777942273307e-06
6.146292585170340494e+00 0.000000000000000000e+00
6.190380761523046615e+00 0.000000000000000000e+00
6.234468937875751848e+00 3.655798824239710511e-06
6.278557114228457081e+00 1.097326209800099016e-06
6.322645290581162314e+00 4.089786975836062681e-07
6.366733466933867547e+00 0.000000000000000000e+00
6.410821643286572780e+00 0.000000000000000000e+00
6.454909819639278901e+00 5.358924292608118918e-06
6.498997995991984133e+00 0.000000000000000000e+00
6.543086172344689366e+00 4.349630236387047286e-06
6.587174348697394599e+00 0.000000000000000000e+00
6.631262525050100720e+00 0.000000000000000000e+00
6.675350701402805953e+00 5.371547325072414314e-06
6.719438877755511186e+00 9.379064609210496542e-06
6.763527054108216419e+00 8.087371462683429472e-07
6.807615230460921651e+00 4.738885206729373691e-06
6.851703406813626884e+00 1.513990523625475577e-05
6.895791583166333005e+00 2.872690277086376849e-06
6.939879759519038238e+00 4.044442436875388189e-06
6.983967935871743471e+00 6.576818885167036669e-06
7.028056112224449592e+00 2.348103979243023226e-06
7.072144288577154825e+00 4.822594465489219904e-06
7.116232464929860058e+00 4.804035799854186171e-06
7.160320641282565290e+00 6.487597174395703787e-06
7.204408817635270523e+00 5.752374971884233918e-06
7.248496993987975756e+00 6.467955448926174532e-06
7.292585170340680989e+00 0.000000000000000000e+00
7.336673346693387110e+00 4.342343995141344756e-06
7.380761523046092343e+00 0.000000000000000000e+00
7.424849699398797576e+00 5.197737677982647579e-06
7.468937875751503697e+00 3.784863099539267381e-06
7.513026052104208929e+00 0.000000000000000000e+00
7.557114228456914162e+00 1.882101927996205032e-06
7.601202404809619395e+00 0.000000000000000000e+00
7.645290581162324628e+00 5.612188995181281380e-06
7.689378757515029861e+00 0.000000000000000000e+00
7.733466933867735094e+00 0.000000000000000000e+00
7.777555110220441215e+00 0.000000000000000000e+00
7.821643286573146447e+00 2.683692664714090167e-06
7.865731462925851680e+00 0.000000000000000000e+00
7.909819639278557801e+00 7.575684231362796308e-06
7.953907815631263034e+00 0.000000000000000000e+00
7.997995991983968267e+00 1.726314733568619644e-06
8.042084168336673500e+00 3.713075730876838682e-06
8.086172344689378733e+00 2.804846318828105053e-06
8.130260521042083965e+00 2.854309072903657920e-05
8.174348697394789198e+00 1.149335395376200990e-04
8.218436873747496207e+00 4.396887319936969751e-04
8.262525050100201440e+00 4.591428297238457851e-04
8.306613226452906673e+00 2.744056274522759268e-04
8.350701402805611906e+00 2.215314704724419736e-04
8.394789579158317139e+00 2.420934510641813684e-04
8.438877755511022372e+00 3.070952371804960683e-04
8.482965931863727604e+00 4.444728890499547043e-04
8.527054108216432837e+00 6.039266371974695569e-04
8.571142284569138070e+00 6.827966402809681644e-04
8.615230460921843303e+00 6.381113239150039938e-04
8.659318637274548536e+00 5.665159388278735893e-04
8.703406813627253769e+00 5.063645444752327279e-04
8.747494989979960778e+00 4.905749730203081208e-04
8.791583166332666011e+00 4.946747211987632129e-04
8.835671342685371243e+00 5.078070857076939651e-04
8.879759519038076476e+00 5.189212665911587495e-04
8.923847695390781709e+00 5.165350000902208406e-04
8.967935871743486942e+00 4.939069541280081662e-04
9.012024048096192175e+00 4.478704119219655650e-04
9.056112224448899184e+00 4.108593217122266466e-04
9.100200400801604417e+00 3.766841553281578478e-04
9.144288577154309650e+00 3.731251784642546890e-04
9.188376753507014882e+00 3.722997980219704258e-04
9.232464929859720115e+00 3.750557924711232891e-04
9.276553106212425348e+00 4.061139513996280177e-04
9.320641282565130581e+00 4.248649015383859401e-04
9.364729458917835814e+00 4.644132851840915115e-04
9.408817635270541047e+00 4.889453831114025893e-04
9.452905811623246279e+00 5.260919051521085544e-04
9.496993987975951512e+00 5.427879805809931188e-04
9.541082164328656745e+00 5.488373851401765228e-04
9.585170340681361978e+00 5.501221748366844121e-04
9.629258517034067211e+00 5.462750878409518892e-04
9.673346693386774220e+00 5.374129215784938804e-04
9.717434869739479453e+00 5.322129917812214997e-04
9.761523046092184686e+00 5.459605024342210292e-04
9.805611222444889918e+00 5.535284535925143147e-04
9.849699398797595151e+00 5.671925764971683624e-04
9.893787575150302160e+00 5.964784837874362224e-04
9.937875751503007393e+00 6.112874774631391929e-04
9.981963927855712626e+00 6.234536492624000777e-04
1.002605210420841786e+01 6.169545702557231379e-04
1.007014028056112309e+01 6.106726845677320744e-04
1.011422845691382832e+01 5.889011541997820308e-04
1.015831663326653356e+01 5.695527811878485372e-04
1.020240480961923879e+01 5.444223226298977591e-04
1.024649298597194402e+01 5.160975790537744145e-04
1.029058116232464926e+01 4.873698716779106539e-04
1.033466933867735449e+01 4.713282071039247463e-04
1.037875751503005972e+01 4.613508812761362874e-04
1.042284569138276495e+01 4.681553988755323683e-04
1.046693386773547019e+01 4.660066692243881284e-04
1.051102204408817542e+01 4.769271581109378990e-04
1.055511022044088243e+01 4.832945205666590587e-04
1.059919839679358766e+01 4.920055666516550720e-04
1.064328657314629289e+01 4.978295091720853337e-04
1.068737474949899813e+01 5.041734851262630671e-04
1.073146292585170336e+01 5.092867380220637797e-04
1.077555110220441037e+01 5.068904767891066433e-04
1.081963927855711560e+01 5.049210566602104584e-04
1.086372745490982084e+01 4.824370267103716557e-04
1.090781563126252607e+01 4.655298108285514441e-04
1.095190380761523130e+01 4.571694421217934942e-04
1.099599198396793653e+01 4.380566319561618612e-04
1.104008016032064177e+01 4.169699802406349716e-04
1.108416833667334700e+01 4.049846008170672647e-04
1.112825651302605223e+01 3.950738133875577370e-04
1.117234468937875747e+01 3.899340701261502047e-04
1.121643286573146270e+01 3.830062988801048274e-04
1.126052104208416793e+01 3.811231301414885449e-04
1.130460921843687316e+01 3.886159908673937559e-04
1.134869739478957840e+01 3.949639344714147107e-04
1.139278557114228363e+01 3.947530504978467554e-04
1.143687374749499064e+01 4.022465526985590499e-04
1.148096192384769587e+01 4.038175196449616633e-04
1.152505010020040110e+01 4.068931741981214449e-04
1.156913827655310634e+01 4.118070022493538975e-04
1.161322645290581157e+01 4.099475073724114156e-04
1.165731462925851858e+01 3.978326197958663587e-04
1.170140280561122381e+01 3.874147478195785472e-04
1.174549098196392904e+01 3.799167343534022513e-04
1.178957915831663428e+01 3.641973645924944021e-04
1.183366733466933951e+01 3.459325214826356322e-04
1.187775551102204474e+01 3.289264812781345884e-04
1.192184368737474998e+01 3.117664682114700252e-04
1.196593186372745521e+01 2.979996815243239183e-04
1.201002004008016044e+01 2.802248753772601324e-04
1.205410821643286567e+01 2.665918527792643009e-04
1.209819639278557091e+01 2.512713713184580372e-04
1.214228456913827614e+01 2.393080962314290819e-04
1.218637274549098137e+01 2.279540497774304344e-04
1.223046092184368661e+01 2.207172296224086468e-04
1.227454909819639362e+01 2.145529609715136150e-04
1.231863727454909885e+01 2.060294615572608786e-04
1.236272545090180408e+01 2.010585499857033269e-04
1.240681362725450931e+01 1.948364764884771632e-04
1.245090180360721455e+01 1.878696265726342851e-04
1.249498997995992156e+01 1.785008746845662066e-04
1.253907815631262679e+01 1.718057397540372956e-04
1.258316633266533202e+01 1.653071480895305825e-04
1.262725450901803725e+01 1.557443281696795870e-04
1.267134268537074249e+01 1.495571202999894573e-04
1.271543086172344772e+01 1.427537444586524595e-04
1.275951903807615295e+01 1.340712485391190112e-04
1.280360721442885819e+01 1.258565464824673607e-04
1.284769539078156342e+01 1.183214556830128154e-04
1.289178356713426865e+01 1.112581760749979632e-04
1.293587174348697388e+01 1.040881037770741976e-04
1.297995991983967912e+01 9.871913197274170967e-05
1.302404809619238435e+01 9.334125574461599520e-05
1.306813627254509136e+01 9.020386921207932394e-05
1.311222444889779659e+01 8.513931442805530117e-05
1.315631262525050182e+01 8.017581893418371480e-05
1.320040080160320706e+01 7.611192434304033189e-05
1.324448897795591229e+01 7.180168968791233010e-05
1.328857715430861752e+01 6.909973396566908190e-05
1.333266533066132276e+01 6.703477589589592212e-05
1.337675350701402799e+01 6.351717560045750982e-05
1.342084168336673322e+01 6.040504537124081032e-05
1.346492985971944023e+01 5.743545578382550505e-05
1.350901803607214546e+01 5.414266330898944492e-05
1.355310621242485070e+01 5.203599668458909423e-05
1.359719438877755593e+01 5.002090452416494510e-05
1.364128256513026116e+01 4.728243443542527524e-05
1.368537074148296639e+01 4.388378694189763875e-05
1.372945891783567163e+01 4.064954111036204012e-05
1.377354709418837686e+01 3.742156770813757287e-05
1.381763527054108209e+01 3.502080852390928890e-05
1.386172344689378733e+01 3.304984778735253569e-05
1.390581162324649434e+01 3.199241010483258840e-05
1.394989979959919957e+01 3.031499016795073930e-05
1.399398797595190480e+01 2.813418404530703204e-05
1.403807615230461003e+01 2.650240087829143327e-05
1.408216432865731527e+01 2.454895304144200820e-05
1.412625250501002050e+01 2.280951801579626827e-05
1.417034068136272573e+01 2.117803501563120217e-05
1.421442885771543096e+01 1.964163381567212707e-05
1.425851703406813620e+01 1.684325447833212203e-05
1.430260521042084143e+01 1.423200247483975751e-05
1.434669338677354844e+01 1.155966491041933851e-05
1.439078156312625367e+01 9.082529782055731067e-06
1.443486973947895891e+01 7.091260254655740092e-06
1.447895791583166414e+01 5.098525117649851224e-06
1.452304609218436937e+01 3.283143312798321723e-06
1.456713426853707460e+01 1.524738367293692725e-06
1.461122244488977984e+01 0.000000000000000000e+00
1.465531062124248507e+01 0.000000000000000000e+00
1.469939879759519030e+01 0.000000000000000000e+00
1.474348697394789554e+01 0.000000000000000000e+00
1.478757515030060254e+01 0.000000000000000000e+00
1.483166332665330778e+01 0.000000000000000000e+00
1.487575150300601301e+01 0.000000000000000000e+00
1.491983967935871824e+01 0.000000000000000000e+00
1.496392785571142348e+01 0.000000000000000000e+00
1.500801603206412871e+01 0.000000000000000000e+00
1.505210420841683394e+01 0.000000000000000000e+00
1.509619238476953917e+01 0.000000000000000000e+00
1.514028056112224441e+01 0.000000000000000000e+00
1.518436873747494964e+01 0.000000000000000000e+00
1.522845691382765665e+01 0.000000000000000000e+00
1.527254509018036188e+01 0.000000000000000000e+00
1.531663326653306711e+01 0.000000000000000000e+00
1.536072144288577235e+01 0.000000000000000000e+00
1.540480961923847758e+01 0.000000000000000000e+00
1.544889779559118281e+01 0.000000000000000000e+00
1.549298597194388805e+01 0.000000000000000000e+00
1.553707414829659328e+01 0.000000000000000000e+00
1.558116232464929851e+01 0.000000000000000000e+00
1.562525050100200374e+01 0.000000000000000000e+00
1.566933867735471075e+01 0.000000000000000000e+00
1.571342685370741599e+01 0.000000000000000000e+00
1.575751503006012122e+01 0.000000000000000000e+00
1.580160320641282645e+01 0.000000000000000000e+00
1.584569138276553169e+01 0.000000000000000000e+00
1.588977955911823692e+01 0.000000000000000000e+00
1.593386773547094215e+01 0.000000000000000000e+00
1.597795591182364738e+01 0.000000000000000000e+00
1.602204408817635084e+01 0.000000000000000000e+00
1.606613226452905963e+01 0.000000000000000000e+00
1.611022044088176486e+01 0.000000000000000000e+00
1.615430861723447009e+01 0.000000000000000000e+00
1.619839679358717532e+01 0.000000000000000000e+00
1.624248496993988056e+01 0.000000000000000000e+00
1.628657314629258579e+01 0.000000000000000000e+00
1.633066132264529102e+01 0.000000000000000000e+00
1.637474949899799626e+01 0.000000000000000000e+00
1.641883767535070149e+01 0.000000000000000000e+00
1.646292585170340672e+01 0.000000000000000000e+00
1.650701402805611195e+01 0.000000000000000000e+00
1.655110220440882074e+01 0.000000000000000000e+00
1.659519038076152242e+01 0.000000000000000000e+00
1.663927855711423121e+01 0.000000000000000000e+00
1.668336673346693289e+01 0.000000000000000000e+00
1.672745490981964167e+01 0.000000000000000000e+00
1.677154308617234335e+01 0.000000000000000000e+00
1.681563126252505214e+01 0.000000000000000000e+00
1.685971943887775382e+01 0.000000000000000000e+00
1.690380761523046260e+01 0.000000000000000000e+00
1.694789579158316783e+01 0.000000000000000000e+00
1.699198396793587307e+01 0.000000000000000000e+00
1.703607214428857830e+01 0.000000000000000000e+00
1.708016032064128353e+01 0.000000000000000000e+00
1.712424849699398877e+01 0.000000000000000000e+00
1.716833667334669400e+01 0.000000000000000000e+00
1.721242484969939923e+01 0.000000000000000000e+00
1.725651302605210446e+01 0.000000000000000000e+00
1.730060120240480970e+01 0.000000000000000000e+00
1.734468937875751493e+01 0.000000000000000000e+00
1.738877755511022372e+01 0.000000000000000000e+00
1.743286573146292540e+01 0.000000000000000000e+00
1.747695390781563418e+01 0.000000000000000000e+00
1.752104208416833586e+01 0.000000000000000000e+00
1.756513026052104465e+01 0.000000000000000000e+00
1.760921843687374633e+01 0.000000000000000000e+00
1.765330661322645511e+01 0.000000000000000000e+00
1.769739478957915679e+01 0.000000000000000000e+00
1.774148296593186558e+01 0.000000000000000000e+00
1.778557114228456726e+01 0.000000000000000000e+00
1.782965931863727604e+01 0.000000000000000000e+00
1.787374749498998128e+01 0.000000000000000000e+00
1.791783567134268651e+01 0.000000000000000000e+00
1.796192384769539174e+01 0.000000000000000000e+00
1.800601202404809698e+01 0.000000000000000000e+00
1.805010020040080221e+01 0.000000000000000000e+00
1.809418837675350744e+01 0.000000000000000000e+00
1.813827655310621267e+01 0.000000000000000000e+00
1.818236472945891791e+01 0.000000000000000000e+00
1.822645290581162314e+01 0.000000000000000000e+00
1.827054108216432837e+01 0.000000000000000000e+00
1.831462925851703716e+01 0.000000000000000000e+00
1.835871743486973884e+01 0.000000000000000000e+00
1.840280561122244762e+01 0.000000000000000000e+00
1.844689378757514930e+01 0.000000000000000000e+00
1.849098196392785809e+01 0.000000000000000000e+00
1.853507014028055977e+01 0.000000000000000000e+00
1.857915831663326856e+01 0.000000000000000000e+00
1.862324649298597024e+01 0.000000000000000000e+00
1.866733466933867902e+01 0.000000000000000000e+00
1.871142284569138425e+01 0.000000000000000000e+00
1.875551102204408949e+01 0.000000000000000000e+00
1.879959919839679472e+01 0.000000000000000000e+00
1.884368737474949995e+01 0.000000000000000000e+00
1.888777555110220518e+01 0.000000000000000000e+00
1.893186372745491042e+01 0.000000000000000000e+00
1.897595190380761565e+01 0.000000000000000000e+00
1.902004008016032088e+01 0.000000000000000000e+00
1.906412825651302612e+01 0.000000000000000000e+00
1.910821643286573135e+01 0.000000000000000000e+00
1.915230460921844013e+01 0.000000000000000000e+00
1.919639278557114181e+01 0.000000000000000000e+00
1.924048096192385060e+01 0.000000000000000000e+00
1.928456913827655228e+01 0.000000000000000000e+00
1.932865731462926107e+01 0.000000000000000000e+00
1.937274549098196275e+01 0.000000000000000000e+00
1.941683366733467153e+01 0.000000000000000000e+00
1.946092184368737321e+01 0.000000000000000000e+00
1.950501002004008200e+01 0.000000000000000000e+00
1.954909819639278723e+01 0.000000000000000000e+00
1.959318637274549246e+01 0.000000000000000000e+00
1.963727454909819770e+01 0.000000000000000000e+00
1.968136272545090293e+01 0.000000000000000000e+00
1.972545090180360816e+01 0.000000000000000000e+00
1.976953907815631339e+01 0.000000000000000000e+00
1.981362725450901863e+01 0.000000000000000000e+00
1.985771543086172386e+01 0.000000000000000000e+00
1.990180360721442909e+01 0.000000000000000000e+00
1.994589178356713433e+01 0.000000000000000000e+00
1.998997995991984311e+01 0.000000000000000000e+00
2.003406813627254479e+01 0.000000000000000000e+00
2.007815631262525358e+01 0.000000000000000000e+00
2.012224448897795526e+01 0.000000000000000000e+00
2.016633266533066404e+01 0.000000000000000000e+00
2.021042084168336572e+01 0.000000000000000000e+00
2.025450901803607451e+01 0.000000000000000000e+00
2.029859719438877619e+01 0.000000000000000000e+00
2.034268537074148497e+01 0.000000000000000000e+00
2.038677354709418665e+01 0.000000000000000000e+00
2.043086172344689544e+01 0.000000000000000000e+00
2.047494989979960067e+01 0.000000000000000000e+00
2.051903807615230590e+01 0.000000000000000000e+00
2.056312625250501114e+01 0.000000000000000000e+00
2.060721442885771637e+01 0.000000000000000000e+00
2.065130260521042160e+01 0.000000000000000000e+00
2.069539078156312684e+01 0.000000000000000000e+00
2.073947895791583207e+01 0.000000000000000000e+00
2.078356713426853730e+01 0.000000000000000000e+00
2.082765531062124253e+01 0.000000000000000000e+00
2.087174348697394777e+01 0.000000000000000000e+00
2.091583166332665655e+01 0.000000000000000000e+00
2.095991983967935823e+01 0.000000000000000000e+00
2.100400801603206347e+01 0.000000000000000000e+00
2.104809619238476870e+01 0.000000000000000000e+00
2.109218436873747748e+01 0.000000000000000000e+00
2.113627254509018272e+01 0.000000000000000000e+00
2.118036072144288795e+01 0.000000000000000000e+00
2.122444889779559318e+01 0.000000000000000000e+00
2.126853707414829842e+01 0.000000000000000000e+00
2.131262525050100365e+01 0.000000000000000000e+00
2.135671342685370888e+01 0.000000000000000000e+00
2.140080160320641411e+01 0.000000000000000000e+00
2.144488977955911935e+01 0.000000000000000000e+00
2.148897795591182458e+01 0.000000000000000000e+00
2.153306613226452981e+01 0.000000000000000000e+00
2.157715430861723505e+01 0.000000000000000000e+00
2.162124248496994028e+01 0.000000000000000000e+00
2.166533066132264551e+01 0.000000000000000000e+00
2.170941883767535074e+01 0.000000000000000000e+00
2.175350701402805598e+01 0.000000000000000000e+00
2.179759519038076121e+01 0.000000000000000000e+00
2.184168336673346644e+01 0.000000000000000000e+00
2.188577154308617168e+01 0.000000000000000000e+00
2.192985971943888046e+01 0.000000000000000000e+00
2.197394789579158569e+01 0.000000000000000000e+00
2.201803607214429093e+01 0.000000000000000000e+00
2.206212424849699616e+01 0.000000000000000000e+00
2.210621242484970139e+01 0.000000000000000000e+00
2.215030060120240663e+01 0.000000000000000000e+00
2.219438877755511186e+01 0.000000000000000000e+00
2.223847695390781709e+01 0.000000000000000000e+00
2.228256513026052232e+01 0.000000000000000000e+00
2.232665330661322756e+01 0.000000000000000000e+00
2.237074148296593279e+01 0.000000000000000000e+00
2.241482965931863802e+01 0.000000000000000000e+00
2.245891783567134325e+01 0.000000000000000000e+00
2.250300601202404849e+01 0.000000000000000000e+00
2.254709418837675372e+01 0.000000000000000000e+00
2.259118236472945895e+01 0.000000000000000000e+00
2.263527054108216419e+01 0.000000000000000000e+00
2.267935871743486942e+01 0.000000000000000000e+00
2.272344689378757465e+01 0.000000000000000000e+00
2.276753507014027988e+01 0.000000000000000000e+00
2.281162324649298867e+01 0.000000000000000000e+00
2.285571142284569390e+01 0.000000000000000000e+00
2.289979959919839914e+01 0.000000000000000000e+00
2.294388777555110437e+01 0.000000000000000000e+00
2.298797595190380960e+01 0.000000000000000000e+00
2.303206412825651483e+01 0.000000000000000000e+00
2.307615230460922007e+01 0.000000000000000000e+00
2.312024048096192530e+01 0.000000000000000000e+00
2.316432865731463053e+01 0.000000000000000000e+00
2.320841683366733577e+01 0.000000000000000000e+00
2.325250501002004100e+01 0.000000000000000000e+00
2.329659318637274623e+01 0.000000000000000000e+00
2.334068136272545146e+01 0.000000000000000000e+00
2.338476953907815670e+01 0.000000000000000000e+00
2.342885771543086193e+01 0.000000000000000000e+00
2.347294589178356716e+01 0.000000000000000000e+00
2.351703406813627240e+01 0.000000000000000000e+00
2.356112224448897763e+01 0.000000000000000000e+00
2.360521042084168286e+01 0.000000000000000000e+00
2.364929859719438809e+01 0.000000000000000000e+00
2.369338677354709688e+01 0.000000000000000000e+00
2.373747494989980211e+01 0.000000000000000000e+00
2.378156312625250735e+01 0.000000000000000000e+00
2.382565130260521258e+01 0.000000000000000000e+00
2.386973947895791781e+01 0.000000000000000000e+00
2.391382765531062304e+01 0.000000000000000000e+00
2.395791583166332828e+01 0.000000000000000000e+00
2.400200400801603351e+01 0.000000000000000000e+00
2.404609218436873874e+01 0.000000000000000000e+00
2.409018036072144398e+01 0.000000000000000000e+00
2.413426853707414921e+01 0.000000000000000000e+00
2.417835671342685444e+01 0.000000000000000000e+00
2.422244488977955967e+01 0.000000000000000000e+00
2.426653306613226491e+01 0.000000000000000000e+00
2.431062124248497014e+01 0.000000000000000000e+00
2.435470941883767537e+01 0.000000000000000000e+00
2.439879759519038060e+01 0.000000000000000000e+00
2.444288577154308584e+01 0.000000000000000000e+00
2.448697394789579107e+01 0.000000000000000000e+00
2.453106212424849630e+01 0.000000000000000000e+00
2.457515030060120509e+01 0.000000000000000000e+00
2.461923847695391032e+01 0.000000000000000000e+00
2.466332665330661555e+01 0.000000000000000000e+00
2.470741482965932079e+01 0.000000000000000000e+00
2.475150300601202602e+01 0.000000000000000000e+00
2.479559118236473125e+01 0.000000000000000000e+00
2.483967935871743649e+01 0.000000000000000000e+00
2.488376753507014172e+01 0.000000000000000000e+00
2.492785571142284695e+01 0.000000000000000000e+00
2.497194388777555218e+01 0.000000000000000000e+00
2.501603206412825742e+01 0.000000000000000000e+00
2.506012024048096265e+01 0.000000000000000000e+00
2.510420841683366788e+01 0.000000000000000000e+00
2.514829659318637312e+01 0.000000000000000000e+00
2.519238476953907835e+01 0.000000000000000000e+00
2.523647294589178358e+01 0.000000000000000000e+00
2.528056112224448881e+01 0.000000000000000000e+00
2.532464929859719405e+01 0.000000000000000000e+00
2.536873747494989928e+01 0.000000000000000000e+00
2.541282565130260807e+01 0.000000000000000000e+00
2.545691382765531330e+01 0.000000000000000000e+00
2.550100200400801853e+01 0.000000000000000000e+00
2.554509018036072376e+01 0.000000000000000000e+00
2.558917835671342900e+01 0.000000000000000000e+00
2.563326653306613423e+01 0.000000000000000000e+00
2.567735470941883946e+01 0.000000000000000000e+00
2.572144288577154470e+01 0.000000000000000000e+00
2.576553106212424993e+01 0.000000000000000000e+00
2.580961923847695516e+01 0.000000000000000000e+00
2.585370741482966039e+01 0.000000000000000000e+00
2.589779559118236563e+01 0.000000000000000000e+00
2.594188376753507086e+01 0.000000000000000000e+00
2.598597194388777609e+01 0.000000000000000000e+00
2.603006012024048133e+01 0.000000000000000000e+00
2.607414829659318656e+01 0.000000000000000000e+00
2.611823647294589179e+01 0.000000000000000000e+00
2.616232464929859702e+01 0.000000000000000000e+00
2.620641282565130226e+01 0.000000000000000000e+00
2.625050100200400749e+01 0.000000000000000000e+00
2.629458917835671627e+01 0.000000000000000000e+00
2.633867735470942151e+01 0.000000000000000000e+00
2.638276553106212674e+01 0.000000000000000000e+00
2.642685370741483197e+01 0.000000000000000000e+00
2.647094188376753721e+01 0.000000000000000000e+00
2.651503006012024244e+01 0.000000000000000000e+00
2.655911823647294767e+01 0.000000000000000000e+00
2.660320641282565290e+01 0.000000000000000000e+00
2.664729458917835814e+01 0.000000000000000000e+00
2.669138276553106337e+01 0.000000000000000000e+00
2.673547094188376860e+01 0.000000000000000000e+00
2.677955911823647384e+01 0.000000000000000000e+00
2.682364729458917907e+01 0.000000000000000000e+00
2.686773547094188430e+01 0.000000000000000000e+00
2.691182364729458953e+01 0.000000000000000000e+00
2.695591182364729477e+01 0.000000000000000000e+00
2.700000000000000000e+01 0.000000000000000000e+00
