1.550000000000000000e+01 0.000000000000000000e+00
1.551102204408817720e+01 0.000000000000000000e+00
1.552204408817635262e+01 0.000000000000000000e+00
1.553306613226452981e+01 0.000000000000000000e+00
1.554408817635270523e+01 0.000000000000000000e+00
1.555511022044088243e+01 0.000000000000000000e+00
1.556613226452905785e+01 0.000000000000000000e+00
1.557715430861723505e+01 0.000000000000000000e+00
1.558817635270541047e+01 0.000000000000000000e+00
1.559919839679358766e+01 0.000000000000000000e+00
1.561022044088176308e+01 0.000000000000000000e+00
1.562124248496994028e+01 0.000000000000000000e+00
1.563226452905811570e+01 0.000000000000000000e+00
1.564328657314629289e+01 0.000000000000000000e+00
1.565430861723446831e+01 0.000000000000000000e+00
1.566533066132264551e+01 0.000000000000000000e+00
1.567635270541082093e+01 0.000000000000000000e+00
1.568737474949899813e+01 0.000000000000000000e+00
1.569839679358717355e+01 0.000000000000000000e+00
1.570941883767535074e+01 0.000000000000000000e+00
1.572044088176352616e+01 0.000000000000000000e+00
1.573146292585170336e+01 0.000000000000000000e+00
1.574248496993988056e+01 0.000000000000000000e+00
1.575350701402805598e+01 0.000000000000000000e+00
1.576452905811623317e+01 0.000000000000000000e+00
1.577555110220440859e+01 0.000000000000000000e+00
1.578657314629258579e+01 0.000000000000000000e+00
1.579759519038076121e+01 0.000000000000000000e+00
1.580861723446893841e+01 0.000000000000000000e+00
1.581963927855711383e+01 0.000000000000000000e+00
1.583066132264529102e+01 0.000000000000000000e+00
1.584168336673346644e+01 0.000000000000000000e+00
1.585270541082164364e+01 0.000000000000000000e+00
1.586372745490981906e+01 0.000000000000000000e+00
1.587474949899799626e+01 0.000000000000000000e+00
1.588577154308617168e+01 0.000000000000000000e+00
1.589679358717434887e+01 0.000000000000000000e+00
1.590781563126252429e+01 0.000000000000000000e+00
1.591883767535070149e+01 0.000000000000000000e+00
1.592985971943887691e+01 0.000000000000000000e+00
1.594088176352705410e+01 0.000000000000000000e+00
1.595190380761523130e+01 0.000000000000000000e+00
1.596292585170340672e+01 0.000000000000000000e+00
1.597394789579158392e+01 0.000000000000000000e+00
1.598496993987975934e+01 0.000000000000000000e+00
1.599599198396793653e+01 0.000000000000000000e+00
1.600701402805611195e+01 0.000000000000000000e+00
1.601803607214428737e+01 0.000000000000000000e+00
1.602905811623246635e+01 0.000000000000000000e+00
1.604008016032064177e+01 0.000000000000000000e+00
1.605110220440881719e+01 0.000000000000000000e+00
1.606212424849699261e+01 0.000000000000000000e+00
1.607314629258517158e+01 0.000000000000000000e+00
1.608416833667334700e+01 0.000000000000000000e+00
1.609519038076152242e+01 0.000000000000000000e+00
1.610621242484969784e+01 0.000000000000000000e+00
1.611723446893787681e+01 0.000000000000000000e+00
1.612825651302605223e+01 0.000000000000000000e+00
1.613927855711422765e+01 0.000000000000000000e+00
1.615030060120240307e+01 0.000000000000000000e+00
1.616132264529058205e+01 0.000000000000000000e+00
1.617234468937875747e+01 0.000000000000000000e+00
1.618336673346693289e+01 0.000000000000000000e+00
1.619438877755511186e+01 0.000000000000000000e+00
1.620541082164328728e+01 0.000000000000000000e+00
1.621643286573146270e+01 0.000000000000000000e+00
1.622745490981963812e+01 0.000000000000000000e+00
1.623847695390781709e+01 0.000000000000000000e+00
1.624949899799599251e+01 0.000000000000000000e+00
1.626052104208416793e+01 0.000000000000000000e+00
1.627154308617234335e+01 0.000000000000000000e+00
1.628256513026052232e+01 0.000000000000000000e+00
1.629358717434869774e+01 0.000000000000000000e+00
1.630460921843687316e+01 0.000000000000000000e+00
1.631563126252504858e+01 0.000000000000000000e+00
1.632665330661322756e+01 0.000000000000000000e+00
1.633767535070140298e+01 0.000000000000000000e+00
1.634869739478957840e+01 0.000000000000000000e+00
1.635971943887775382e+01 0.000000000000000000e+00
1.637074148296593279e+01 0.000000000000000000e+00
1.638176352705410821e+01 0.000000000000000000e+00
1.639278557114228363e+01 0.000000000000000000e+00
1.640380761523046260e+01 0.000000000000000000e+00
1.641482965931863802e+01 0.000000000000000000e+00
1.642585170340681344e+01 0.000000000000000000e+00
1.643687374749498886e+01 0.000000000000000000e+00
1.644789579158316783e+01 0.000000000000000000e+00
1.645891783567134325e+01 0.000000000000000000e+00
1.646993987975951867e+01 0.000000000000000000e+00
1.648096192384769410e+01 0.000000000000000000e+00
1.649198396793587307e+01 0.000000000000000000e+00
1.650300601202404849e+01 0.000000000000000000e+00
1.651402805611222391e+01 0.000000000000000000e+00
1.652505010020039933e+01 0.000000000000000000e+00
1.653607214428857830e+01 0.000000000000000000e+00
1.654709418837675372e+01 0.000000000000000000e+00
1.655811623246492914e+01 0.000000000000000000e+00
1.656913827655310456e+01 0.000000000000000000e+00
1.658016032064128353e+01 0.000000000000000000e+00
1.659118236472945895e+01 0.000000000000000000e+00
1.660220440881763437e+01 0.000000000000000000e+00
1.661322645290581335e+01 0.000000000000000000e+00
1.662424849699398877e+01 0.000000000000000000e+00
1.663527054108216419e+01 0.000000000000000000e+00
1.664629258517033961e+01 0.000000000000000000e+00
1.665731462925851858e+01 0.000000000000000000e+00
1.666833667334669400e+01 0.000000000000000000e+00
1.667935871743486942e+01 0.000000000000000000e+00
1.669038076152304484e+01 0.000000000000000000e+00
1.670140280561122381e+01 0.000000000000000000e+00
1.671242484969939923e+01 0.000000000000000000e+00
1.672344689378757465e+01 0.000000000000000000e+00
1.673446893787575007e+01 0.000000000000000000e+00
1.674549098196392904e+01 0.000000000000000000e+00
1.675651302605210446e+01 0.000000000000000000e+00
1.676753507014027988e+01 0.000000000000000000e+00
1.677855711422845530e+01 0.000000000000000000e+00
1.678957915831663428e+01 0.000000000000000000e+00
1.680060120240480970e+01 0.000000000000000000e+00
1.681162324649298512e+01 0.000000000000000000e+00
1.682264529058116409e+01 0.000000000000000000e+00
1.683366733466933951e+01 0.000000000000000000e+00
1.684468937875751493e+01 0.000000000000000000e+00
1.685571142284569035e+01 0.000000000000000000e+00
1.686673346693386932e+01 0.000000000000000000e+00
1.687775551102204474e+01 0.000000000000000000e+00
1.688877755511022016e+01 0.000000000000000000e+00
1.689979959919839558e+01 0.000000000000000000e+00
1.691082164328657456e+01 0.000000000000000000e+00
1.692184368737474998e+01 0.000000000000000000e+00
1.693286573146292540e+01 0.000000000000000000e+00
1.694388777555110082e+01 0.000000000000000000e+00
1.695490981963927979e+01 0.000000000000000000e+00
1.696593186372745521e+01 0.000000000000000000e+00
1.697695390781563063e+01 0.000000000000000000e+00
1.698797595190380605e+01 0.000000000000000000e+00
1.699899799599198502e+01 0.000000000000000000e+00
1.701002004008016044e+01 0.000000000000000000e+00
1.702104208416833586e+01 0.000000000000000000e+00
1.703206412825651483e+01 0.000000000000000000e+00
1.704308617234469025e+01 0.000000000000000000e+00
1.705410821643286567e+01 0.000000000000000000e+00
1.706513026052104109e+01 0.000000000000000000e+00
1.707615230460922007e+01 0.000000000000000000e+00
1.708717434869739549e+01 0.000000000000000000e+00
1.709819639278557091e+01 0.000000000000000000e+00
1.710921843687374633e+01 0.000000000000000000e+00
1.712024048096192530e+01 0.000000000000000000e+00
1.713126252505010072e+01 0.000000000000000000e+00
1.714228456913827614e+01 0.000000000000000000e+00
1.715330661322645156e+01 0.000000000000000000e+00
1.716432865731463053e+01 0.000000000000000000e+00
1.717535070140280595e+01 0.000000000000000000e+00
1.718637274549098137e+01 0.000000000000000000e+00
1.719739478957915679e+01 0.000000000000000000e+00
1.720841683366733577e+01 0.000000000000000000e+00
1.721943887775551119e+01 0.000000000000000000e+00
1.723046092184368661e+01 0.000000000000000000e+00
1.724148296593186558e+01 0.000000000000000000e+00
1.725250501002004100e+01 0.000000000000000000e+00
1.726352705410821642e+01 0.000000000000000000e+00
1.727454909819639184e+01 0.000000000000000000e+00
1.728557114228457081e+01 0.000000000000000000e+00
1.729659318637274623e+01 0.000000000000000000e+00
1.730761523046092165e+01 0.000000000000000000e+00
1.731863727454909707e+01 0.000000000000000000e+00
1.732965931863727604e+01 0.000000000000000000e+00
1.734068136272545146e+01 0.000000000000000000e+00
1.735170340681362688e+01 0.000000000000000000e+00
1.736272545090180230e+01 0.000000000000000000e+00
1.737374749498998128e+01 0.000000000000000000e+00
1.738476953907815670e+01 0.000000000000000000e+00
1.739579158316633212e+01 0.000000000000000000e+00
1.740681362725450754e+01 0.000000000000000000e+00
1.741783567134268651e+01 0.000000000000000000e+00
1.742885771543086193e+01 0.000000000000000000e+00
1.743987975951903735e+01 0.000000000000000000e+00
1.745090180360721632e+01 0.000000000000000000e+00
1.746192384769539174e+01 0.000000000000000000e+00
1.747294589178356716e+01 0.000000000000000000e+00
1.748396793587174258e+01 0.000000000000000000e+00
1.749498997995992156e+01 0.000000000000000000e+00
1.750601202404809698e+01 0.000000000000000000e+00
1.751703406813627240e+01 0.000000000000000000e+00
1.752805611222444782e+01 0.000000000000000000e+00
1.753907815631262679e+01 0.000000000000000000e+00
1.755010020040080221e+01 0.000000000000000000e+00
1.756112224448897763e+01 0.000000000000000000e+00
1.757214428857715305e+01 0.000000000000000000e+00
1.758316633266533202e+01 0.000000000000000000e+00
1.759418837675350744e+01 0.000000000000000000e+00
1.760521042084168286e+01 0.000000000000000000e+00
1.761623246492985828e+01 0.000000000000000000e+00
1.762725450901803725e+01 0.000000000000000000e+00
1.763827655310621267e+01 0.000000000000000000e+00
1.764929859719438809e+01 0.000000000000000000e+00
1.766032064128256707e+01 0.000000000000000000e+00
1.767134268537074249e+01 0.000000000000000000e+00
1.768236472945891791e+01 0.000000000000000000e+00
1.769338677354709333e+01 0.000000000000000000e+00
1.770440881763526875e+01 0.000000000000000000e+00
1.771543086172344772e+01 0.000000000000000000e+00
1.772645290581162314e+01 0.000000000000000000e+00
1.773747494989979856e+01 0.000000000000000000e+00
1.774849699398797753e+01 0.000000000000000000e+00
1.775951903807615295e+01 0.000000000000000000e+00
1.777054108216432837e+01 0.000000000000000000e+00
1.778156312625250379e+01 0.000000000000000000e+00
1.779258517034068277e+01 0.000000000000000000e+00
1.780360721442885819e+01 0.000000000000000000e+00
1.781462925851703361e+01 0.000000000000000000e+00
1.782565130260520903e+01 0.000000000000000000e+00
1.783667334669338800e+01 0.000000000000000000e+00
1.784769539078156342e+01 0.000000000000000000e+00
1.785871743486973884e+01 0.000000000000000000e+00
1.786973947895791781e+01 0.000000000000000000e+00
1.788076152304609323e+01 0.000000000000000000e+00
1.789178356713426865e+01 0.000000000000000000e+00
1.790280561122244407e+01 0.000000000000000000e+00
1.791382765531061949e+01 0.000000000000000000e+00
1.792484969939879846e+01 0.000000000000000000e+00
1.793587174348697388e+01 0.000000000000000000e+00
1.794689378757514930e+01 0.000000000000000000e+00
1.795791583166332828e+01 0.000000000000000000e+00
1.796893787575150370e+01 0.000000000000000000e+00
1.797995991983967912e+01 0.000000000000000000e+00
1.799098196392785454e+01 0.000000000000000000e+00
1.800200400801603351e+01 0.000000000000000000e+00
1.801302605210420893e+01 0.000000000000000000e+00
1.802404809619238435e+01 0.000000000000000000e+00
1.803507014028055977e+01 0.000000000000000000e+00
1.804609218436873874e+01 0.000000000000000000e+00
1.805711422845691416e+01 0.000000000000000000e+00
1.806813627254508958e+01 0.000000000000000000e+00
1.807915831663326856e+01 0.000000000000000000e+00
1.809018036072144398e+01 0.000000000000000000e+00
1.810120240480961940e+01 0.000000000000000000e+00
1.811222444889779482e+01 0.000000000000000000e+00
1.812324649298597024e+01 0.000000000000000000e+00
1.813426853707414921e+01 0.000000000000000000e+00
1.814529058116232463e+01 0.000000000000000000e+00
1.815631262525050005e+01 0.000000000000000000e+00
1.816733466933867902e+01 0.000000000000000000e+00
1.817835671342685444e+01 0.000000000000000000e+00
1.818937875751502986e+01 0.000000000000000000e+00
1.820040080160320528e+01 0.000000000000000000e+00
1.821142284569138425e+01 0.000000000000000000e+00
1.822244488977955967e+01 0.000000000000000000e+00
1.823346693386773509e+01 0.000000000000000000e+00
1.824448897795591051e+01 0.000000000000000000e+00
1.825551102204408949e+01 0.000000000000000000e+00
1.826653306613226491e+01 0.000000000000000000e+00
1.827755511022044033e+01 0.000000000000000000e+00
1.828857715430861930e+01 0.000000000000000000e+00
1.829959919839679472e+01 0.000000000000000000e+00
1.831062124248497014e+01 0.000000000000000000e+00
1.832164328657314556e+01 0.000000000000000000e+00
1.833266533066132098e+01 0.000000000000000000e+00
1.834368737474949995e+01 0.000000000000000000e+00
1.835470941883767537e+01 0.000000000000000000e+00
1.836573146292585079e+01 0.000000000000000000e+00
1.837675350701402976e+01 0.000000000000000000e+00
1.838777555110220518e+01 0.000000000000000000e+00
1.839879759519038060e+01 0.000000000000000000e+00
1.840981963927855602e+01 0.000000000000000000e+00
1.842084168336673500e+01 0.000000000000000000e+00
1.843186372745491042e+01 0.000000000000000000e+00
1.844288577154308584e+01 0.000000000000000000e+00
1.845390781563126126e+01 0.000000000000000000e+00
1.846492985971944023e+01 0.000000000000000000e+00
1.847595190380761565e+01 0.000000000000000000e+00
1.848697394789579107e+01 0.000000000000000000e+00
1.849799599198397004e+01 0.000000000000000000e+00
1.850901803607214546e+01 0.000000000000000000e+00
1.852004008016032088e+01 0.000000000000000000e+00
1.853106212424849630e+01 0.000000000000000000e+00
1.854208416833667172e+01 0.000000000000000000e+00
1.855310621242485070e+01 0.000000000000000000e+00
1.856412825651302612e+01 0.000000000000000000e+00
1.857515030060120154e+01 0.000000000000000000e+00
1.858617234468938051e+01 0.000000000000000000e+00
1.859719438877755593e+01 0.000000000000000000e+00
1.860821643286573135e+01 0.000000000000000000e+00
1.861923847695390677e+01 0.000000000000000000e+00
1.863026052104208574e+01 0.000000000000000000e+00
1.864128256513026116e+01 0.000000000000000000e+00
1.865230460921843658e+01 0.000000000000000000e+00
1.866332665330661200e+01 0.000000000000000000e+00
1.867434869739479097e+01 0.000000000000000000e+00
1.868537074148296639e+01 0.000000000000000000e+00
1.869639278557114181e+01 0.000000000000000000e+00
1.870741482965932079e+01 0.000000000000000000e+00
1.871843687374749621e+01 0.000000000000000000e+00
1.872945891783567163e+01 0.000000000000000000e+00
1.874048096192384705e+01 0.000000000000000000e+00
1.875150300601202247e+01 0.000000000000000000e+00
1.876252505010020144e+01 0.000000000000000000e+00
1.877354709418837686e+01 0.000000000000000000e+00
1.878456913827655228e+01 0.000000000000000000e+00
1.879559118236473125e+01 0.000000000000000000e+00
1.880661322645290667e+01 0.000000000000000000e+00
1.881763527054108209e+01 0.000000000000000000e+00
1.882865731462925751e+01 0.000000000000000000e+00
1.883967935871743649e+01 0.000000000000000000e+00
1.885070140280561191e+01 0.000000000000000000e+00
1.886172344689378733e+01 0.000000000000000000e+00
1.887274549098196275e+01 0.000000000000000000e+00
1.888376753507014172e+01 0.000000000000000000e+00
1.889478957915831714e+01 0.000000000000000000e+00
1.890581162324649256e+01 0.000000000000000000e+00
1.891683366733466798e+01 0.000000000000000000e+00
1.892785571142284695e+01 0.000000000000000000e+00
1.893887775551102237e+01 0.000000000000000000e+00
1.894989979959919779e+01 0.000000000000000000e+00
1.896092184368737321e+01 0.000000000000000000e+00
1.897194388777555218e+01 0.000000000000000000e+00
1.898296593186372760e+01 0.000000000000000000e+00
1.899398797595190302e+01 0.000000000000000000e+00
1.900501002004008200e+01 0.000000000000000000e+00
1.901603206412825742e+01 0.000000000000000000e+00
1.902705410821643284e+01 0.000000000000000000e+00
1.903807615230460826e+01 0.000000000000000000e+00
1.904909819639278723e+01 0.000000000000000000e+00
1.906012024048096265e+01 0.000000000000000000e+00
1.907114228456913807e+01 0.000000000000000000e+00
1.908216432865731349e+01 0.000000000000000000e+00
1.909318637274549246e+01 0.000000000000000000e+00
1.910420841683366788e+01 0.000000000000000000e+00
1.911523046092184330e+01 0.000000000000000000e+00
1.912625250501001872e+01 0.000000000000000000e+00
1.913727454909819770e+01 0.000000000000000000e+00
1.914829659318637312e+01 0.000000000000000000e+00
1.915931863727454854e+01 0.000000000000000000e+00
1.917034068136272396e+01 0.000000000000000000e+00
1.918136272545090293e+01 0.000000000000000000e+00
1.919238476953907835e+01 0.000000000000000000e+00
1.920340681362725377e+01 0.000000000000000000e+00
1.921442885771543274e+01 0.000000000000000000e+00
1.922545090180360816e+01 0.000000000000000000e+00
1.923647294589178358e+01 0.000000000000000000e+00
1.924749498997995900e+01 0.000000000000000000e+00
1.925851703406813797e+01 0.000000000000000000e+00
1.926953907815631339e+01 0.000000000000000000e+00
1.928056112224448881e+01 0.000000000000000000e+00
1.929158316633266423e+01 0.000000000000000000e+00
1.930260521042084321e+01 0.000000000000000000e+00
1.931362725450901863e+01 0.000000000000000000e+00
1.932464929859719405e+01 0.000000000000000000e+00
1.933567134268536947e+01 0.000000000000000000e+00
1.934669338677354844e+01 0.000000000000000000e+00
1.935771543086172386e+01 0.000000000000000000e+00
1.936873747494989928e+01 0.000000000000000000e+00
1.937975951903807470e+01 0.000000000000000000e+00
1.939078156312625367e+01 0.000000000000000000e+00
1.940180360721442909e+01 0.000000000000000000e+00
1.941282565130260451e+01 0.000000000000000000e+00
1.942384769539078349e+01 0.000000000000000000e+00
1.943486973947895891e+01 0.000000000000000000e+00
1.944589178356713433e+01 0.000000000000000000e+00
1.945691382765530975e+01 0.000000000000000000e+00
1.946793587174348872e+01 0.000000000000000000e+00
1.947895791583166414e+01 0.000000000000000000e+00
1.948997995991983956e+01 0.000000000000000000e+00
1.950100200400801498e+01 0.000000000000000000e+00
1.951202404809619395e+01 0.000000000000000000e+00
1.952304609218436937e+01 0.000000000000000000e+00
1.953406813627254479e+01 0.000000000000000000e+00
1.954509018036072376e+01 0.000000000000000000e+00
1.955611222444889918e+01 0.000000000000000000e+00
1.956713426853707460e+01 0.000000000000000000e+00
1.957815631262525002e+01 0.000000000000000000e+00
1.958917835671342544e+01 0.000000000000000000e+00
1.960020040080160442e+01 0.000000000000000000e+00
1.961122244488977984e+01 0.000000000000000000e+00
1.962224448897795526e+01 0.000000000000000000e+00
1.963326653306613423e+01 0.000000000000000000e+00
1.964428857715430965e+01 0.000000000000000000e+00
1.965531062124248507e+01 0.000000000000000000e+00
1.966633266533066049e+01 0.000000000000000000e+00
1.967735470941883591e+01 0.000000000000000000e+00
1.968837675350701488e+01 0.000000000000000000e+00
1.969939879759519030e+01 0.000000000000000000e+00
1.971042084168336572e+01 0.000000000000000000e+00
1.972144288577154470e+01 0.000000000000000000e+00
1.973246492985972012e+01 0.000000000000000000e+00
1.974348697394789554e+01 0.000000000000000000e+00
1.975450901803607451e+01 0.000000000000000000e+00
1.976553106212424993e+01 0.000000000000000000e+00
1.977655310621242535e+01 0.000000000000000000e+00
1.978757515030060077e+01 0.000000000000000000e+00
1.979859719438877619e+01 0.000000000000000000e+00
1.980961923847695516e+01 0.000000000000000000e+00
1.982064128256513058e+01 0.000000000000000000e+00
1.983166332665330600e+01 0.000000000000000000e+00
1.984268537074148497e+01 0.000000000000000000e+00
1.985370741482966039e+01 0.000000000000000000e+00
1.986472945891783581e+01 0.000000000000000000e+00
1.987575150300601123e+01 0.000000000000000000e+00
1.988677354709418665e+01 0.000000000000000000e+00
1.989779559118236563e+01 0.000000000000000000e+00
1.990881763527054105e+01 0.000000000000000000e+00
1.991983967935871647e+01 0.000000000000000000e+00
1.993086172344689544e+01 0.000000000000000000e+00
1.994188376753507086e+01 0.000000000000000000e+00
1.995290581162324628e+01 0.000000000000000000e+00
1.996392785571142525e+01 0.000000000000000000e+00
1.997494989979960067e+01 0.000000000000000000e+00
1.998597194388777609e+01 0.000000000000000000e+00
1.999699398797595151e+01 0.000000000000000000e+00
2.000801603206412693e+01 0.000000000000000000e+00
2.001903807615230590e+01 0.000000000000000000e+00
2.003006012024048133e+01 0.000000000000000000e+00
2.004108216432865675e+01 0.000000000000000000e+00
2.005210420841683572e+01 0.000000000000000000e+00
2.006312625250501114e+01 0.000000000000000000e+00
2.007414829659318656e+01 0.000000000000000000e+00
2.008517034068136198e+01 0.000000000000000000e+00
2.009619238476953740e+01 0.000000000000000000e+00
2.010721442885771637e+01 0.000000000000000000e+00
2.011823647294589179e+01 0.000000000000000000e+00
2.012925851703406721e+01 0.000000000000000000e+00
2.014028056112224618e+01 0.000000000000000000e+00
2.015130260521042160e+01 0.000000000000000000e+00
2.016232464929859702e+01 0.000000000000000000e+00
2.017334669338677600e+01 0.000000000000000000e+00
2.018436873747495142e+01 0.000000000000000000e+00
2.019539078156312684e+01 0.000000000000000000e+00
2.020641282565130226e+01 0.000000000000000000e+00
2.021743486973947768e+01 0.000000000000000000e+00
2.022845691382765665e+01 0.000000000000000000e+00
2.023947895791583207e+01 0.000000000000000000e+00
2.025050100200400749e+01 0.000000000000000000e+00
2.026152304609218646e+01 0.000000000000000000e+00
2.027254509018036188e+01 0.000000000000000000e+00
2.028356713426853730e+01 0.000000000000000000e+00
2.029458917835671272e+01 0.000000000000000000e+00
2.030561122244488814e+01 0.000000000000000000e+00
2.031663326653306711e+01 0.000000000000000000e+00
2.032765531062124253e+01 0.000000000000000000e+00
2.033867735470941795e+01 0.000000000000000000e+00
2.034969939879759693e+01 0.000000000000000000e+00
2.036072144288577235e+01 0.000000000000000000e+00
2.037174348697394777e+01 0.000000000000000000e+00
2.038276553106212319e+01 0.000000000000000000e+00
2.039378757515030216e+01 0.000000000000000000e+00
2.040480961923847758e+01 0.000000000000000000e+00
2.041583166332665300e+01 0.000000000000000000e+00
2.042685370741482842e+01 0.000000000000000000e+00
2.043787575150300739e+01 0.000000000000000000e+00
2.044889779559118281e+01 0.000000000000000000e+00
2.045991983967935823e+01 0.000000000000000000e+00
2.047094188376753721e+01 0.000000000000000000e+00
2.048196392785571263e+01 0.000000000000000000e+00
2.049298597194388805e+01 0.000000000000000000e+00
2.050400801603206347e+01 0.000000000000000000e+00
2.051503006012023889e+01 0.000000000000000000e+00
2.052605210420841786e+01 0.000000000000000000e+00
2.053707414829659328e+01 0.000000000000000000e+00
2.054809619238476870e+01 0.000000000000000000e+00
2.055911823647294767e+01 0.000000000000000000e+00
2.057014028056112309e+01 0.000000000000000000e+00
2.058116232464929851e+01 0.000000000000000000e+00
2.059218436873747393e+01 0.000000000000000000e+00
2.060320641282565290e+01 0.000000000000000000e+00
2.061422845691382832e+01 0.000000000000000000e+00
2.062525050100200374e+01 0.000000000000000000e+00
2.063627254509017916e+01 0.000000000000000000e+00
2.064729458917835814e+01 0.000000000000000000e+00
2.065831663326653356e+01 0.000000000000000000e+00
2.066933867735470898e+01 0.000000000000000000e+00
2.068036072144288795e+01 0.000000000000000000e+00
2.069138276553106337e+01 0.000000000000000000e+00
2.070240480961923879e+01 0.000000000000000000e+00
2.071342685370741421e+01 0.000000000000000000e+00
2.072444889779558963e+01 0.000000000000000000e+00
2.073547094188376860e+01 0.000000000000000000e+00
2.074649298597194402e+01 0.000000000000000000e+00
2.075751503006011944e+01 0.000000000000000000e+00
2.076853707414829842e+01 0.000000000000000000e+00
2.077955911823647384e+01 0.000000000000000000e+00
2.079058116232464926e+01 0.000000000000000000e+00
2.080160320641282468e+01 0.000000000000000000e+00
2.081262525050100010e+01 0.000000000000000000e+00
2.082364729458917907e+01 0.000000000000000000e+00
2.083466933867735449e+01 0.000000000000000000e+00
2.084569138276552991e+01 0.000000000000000000e+00
2.085671342685370888e+01 0.000000000000000000e+00
2.086773547094188430e+01 0.000000000000000000e+00
2.087875751503005972e+01 0.000000000000000000e+00
2.088977955911823869e+01 0.000000000000000000e+00
2.090080160320641411e+01 0.000000000000000000e+00
2.091182364729458953e+01 0.000000000000000000e+00
2.092284569138276495e+01 0.000000000000000000e+00
2.093386773547094037e+01 0.000000000000000000e+00
2.094488977955911935e+01 0.000000000000000000e+00
2.095591182364729477e+01 0.000000000000000000e+00
2.096693386773547019e+01 0.000000000000000000e+00
2.097795591182364916e+01 0.000000000000000000e+00
2.098897795591182458e+01 0.000000000000000000e+00
2.100000000000000000e+01 0.000000000000000000e+00
