1.450000000000000000e+01 3.740853431951116732e-05
1.450400801603206347e+01 3.740162765820463604e-05
1.450801603206412871e+01 3.739472071747232347e-05
1.451202404809619217e+01 3.738781349731426349e-05
1.451603206412825564e+01 3.738090599773042223e-05
1.452004008016032088e+01 3.737399809149482470e-05
1.452404809619238435e+01 3.736707731022341863e-05
1.452805611222444959e+01 3.736015624905820152e-05
1.453206412825651306e+01 3.735323490799917338e-05
1.453607214428857652e+01 3.734631328704633420e-05
1.454008016032064177e+01 3.733939164067506626e-05
1.454408817635270523e+01 3.733248218394308380e-05
1.454809619238476870e+01 3.732557244778533361e-05
1.455210420841683394e+01 3.731866243220182923e-05
1.455611222444889741e+01 3.731175213719255035e-05
1.456012024048096265e+01 3.730484118100930215e-05
1.456412825651302612e+01 3.729791760196753245e-05
1.456813627254508958e+01 3.729099374303194493e-05
1.457214428857715482e+01 3.728406960420253959e-05
1.457615230460921829e+01 3.727714518547932323e-05
1.458016032064128176e+01 3.727022048686228905e-05
1.458416833667334700e+01 3.726329550835143028e-05
1.458817635270541047e+01 3.725637024994676725e-05
1.459218436873747571e+01 3.724944471164829318e-05
1.459619238476953917e+01 3.724251889345600130e-05
1.460020040080160264e+01 3.723562174385782619e-05
1.460420841683366788e+01 3.722927531534358771e-05
1.460821643286573135e+01 3.722292836980261341e-05
1.461222444889779482e+01 3.721658090723487617e-05
1.461623246492986006e+01 3.721023292764039634e-05
1.462024048096192352e+01 3.720388443101916713e-05
1.462424849699398877e+01 3.719753541737119533e-05
1.462825651302605223e+01 3.719118588669646737e-05
1.463226452905811570e+01 3.718483583899499003e-05
1.463627254509018094e+01 3.717848527426677010e-05
1.464028056112224441e+01 3.717213419251180079e-05
1.464428857715430787e+01 3.716578259373007532e-05
1.464829659318637312e+01 3.715943047792160048e-05
1.465230460921843658e+01 3.715307784508638304e-05
1.465631262525050182e+01 3.714672469522440945e-05
1.466032064128256529e+01 3.714037102833569326e-05
1.466432865731462876e+01 3.713401684442022769e-05
1.466833667334669400e+01 3.712766214347800598e-05
1.467234468937875747e+01 3.712130692550904166e-05
1.467635270541082093e+01 3.711495119051332796e-05
1.468036072144288617e+01 3.710859379225661398e-05
1.468436873747494964e+01 3.710222428680021032e-05
1.468837675350701488e+01 3.709585426345246703e-05
1.469238476953907835e+01 3.708948372221336379e-05
1.469639278557114181e+01 3.708311266308293448e-05
1.470040080160320706e+01 3.707668500407799192e-05
1.470440881763527052e+01 3.706975249219026351e-05
1.470841683366733399e+01 3.706281969883757282e-05
1.471242484969939923e+01 3.705588662401992662e-05
1.471643286573146270e+01 3.704895326773731135e-05
1.472044088176352616e+01 3.704201962998974736e-05
1.472444889779559141e+01 3.703508571077720752e-05
1.472845691382765487e+01 3.702815151009971218e-05
1.473246492985972012e+01 3.702121702795725455e-05
1.473647294589178358e+01 3.701428226434983463e-05
1.474048096192384705e+01 3.700735333468442069e-05
1.474448897795591229e+01 3.700046897092601532e-05
1.474849699398797576e+01 3.699358432758536474e-05
1.475250501002003922e+01 3.698669940466245540e-05
1.475651302605210446e+01 3.697981420215729406e-05
1.476052104208416793e+01 3.697297841234049702e-05
1.476452905811623317e+01 3.696647490688426287e-05
1.476853707414829664e+01 3.695997113596609379e-05
1.477254509018036011e+01 3.695346709958598300e-05
1.477655310621242535e+01 3.694696279774394406e-05
1.478056112224448881e+01 3.694045823043997018e-05
1.478456913827655228e+01 3.693395339767404782e-05
1.478857715430861752e+01 3.692744829944619053e-05
1.479258517034068099e+01 3.692094293575641186e-05
1.479659318637274623e+01 3.691443730660467793e-05
1.480060120240480970e+01 3.690784481643939751e-05
1.480460921843687316e+01 3.690076129994437258e-05
1.480861723446893841e+01 3.689367773786563940e-05
1.481262525050100187e+01 3.688659413020319797e-05
1.481663326653306534e+01 3.687951047695705507e-05
1.482064128256513058e+01 3.777025398572645201e-05
1.482464929859719405e+01 4.337334201783398240e-05
1.482865731462925929e+01 4.897427779806965217e-05
1.483266533066132276e+01 5.457306130565394065e-05
1.483667334669338622e+01 6.016969251981482171e-05
1.484068136272545146e+01 6.854969976594397184e-05
1.484468937875751493e+01 9.052379822924154918e-05
1.484869739478957840e+01 1.124894383757403304e-04
1.485270541082164364e+01 1.344466201238104087e-04
1.485671342685370711e+01 1.563953433917927393e-04
1.486072144288577235e+01 1.774206851318693343e-04
1.486472945891783581e+01 1.942707403897865029e-04
1.486873747494989928e+01 2.111142938224734437e-04
1.487274549098196452e+01 2.279513453671856693e-04
1.487675350701402799e+01 2.447818949611561953e-04
1.488076152304609145e+01 2.629911599689846360e-04
1.488476953907815670e+01 2.870976517785713738e-04
1.488877755511022016e+01 3.111948317935000607e-04
1.489278557114228363e+01 3.352826999239118580e-04
1.489679358717434887e+01 3.593612560799481440e-04
1.490080160320641234e+01 3.928063383993892323e-04
1.490480961923847758e+01 4.637347561081999652e-04
1.490881763527054105e+01 5.346360195742530345e-04
1.491282565130260451e+01 6.055101283905867582e-04
1.491683366733466976e+01 6.763570821502394538e-04
1.492084168336673322e+01 7.757687670587538930e-04
1.492484969939879846e+01 9.826816369929718305e-04
1.492885771543086193e+01 1.189515096347756960e-03
1.493286573146292540e+01 1.396269143933082145e-03
1.493687374749499064e+01 1.602943778558921012e-03
1.494088176352705410e+01 1.848850689707241162e-03
1.494488977955911757e+01 2.234014325603146320e-03
1.494889779559118281e+01 2.619030228972281729e-03
1.495290581162324628e+01 3.003898397600273090e-03
1.495691382765530975e+01 3.388618829273261964e-03
1.496092184368737499e+01 3.812181808125241628e-03
1.496492985971943845e+01 4.366089522592381776e-03
1.496893787575150370e+01 4.919784093100179438e-03
1.497294589178356716e+01 5.473265516454146537e-03
1.497695390781563063e+01 6.026533789460524447e-03
1.498096192384769587e+01 6.618424095280062841e-03
1.498496993987975934e+01 7.333041060627993289e-03
1.498897795591182280e+01 8.047383133325921450e-03
1.499298597194388805e+01 8.761450309254927710e-03
1.499699398797595151e+01 9.475242584295126211e-03
1.500100200400801675e+01 1.024791629360102818e-02
1.500501002004008022e+01 1.119766315141893821e-02
1.500901803607214369e+01 1.214694155490146817e-02
1.501302605210420893e+01 1.309575149352795731e-02
1.501703406813627240e+01 1.404409295677647856e-02
1.502104208416833586e+01 1.510257375435245832e-02
1.502505010020040110e+01 1.647526095693871775e-02
1.502905811623246457e+01 1.784727017043308966e-02
1.503306613226452981e+01 1.921860137961088968e-02
1.503707414829659328e+01 2.058925456924501698e-02
1.504108216432865675e+01 2.214632936852683684e-02
1.504509018036072199e+01 2.420837116042127632e-02
1.504909819639278545e+01 2.626939321362798535e-02
1.505310621242484892e+01 2.832939550524881875e-02
1.505711422845691416e+01 3.038837801238565214e-02
1.506112224448897763e+01 3.271344765269290633e-02
1.506513026052104109e+01 3.572398140826540947e-02
1.506913827655310634e+01 3.873292893693922739e-02
1.507314629258516980e+01 4.174029020315551952e-02
1.507715430861723505e+01 4.474606517136080208e-02
1.508116232464929851e+01 4.806724232000160468e-02
1.508517034068136198e+01 5.216248357376142980e-02
1.508917835671342722e+01 5.625547972455782753e-02
1.509318637274549069e+01 6.034623072211641598e-02
1.509719438877755593e+01 6.443473651617002973e-02
1.510120240480961940e+01 6.881427400368621272e-02
1.510521042084168286e+01 7.387546374183352749e-02
1.510921843687374810e+01 7.893376956194525507e-02
1.511322645290581157e+01 8.398919148925887423e-02
1.511723446893787504e+01 8.904172954901867776e-02
1.512124248496994028e+01 9.426736421363025864e-02
1.512525050100200374e+01 9.988160217439519262e-02
1.512925851703406721e+01 1.054926337479133586e-01
1.513326653306613245e+01 1.111004589622527766e-01
1.513727454909819592e+01 1.167050778454740978e-01
1.514128256513026116e+01 1.222962707546216554e-01
1.514529058116232463e+01 1.278625525826798670e-01
1.514929859719438809e+01 1.334256463376781443e-01
1.515330661322645334e+01 1.389855520475254680e-01
1.515731462925851680e+01 1.445422697401234080e-01
1.516132264529058205e+01 1.498816351808349989e-01
1.516533066132264551e+01 1.547832402456560674e-01
1.516933867735470898e+01 1.596820272041796218e-01
1.517334669338677422e+01 1.645779960810772047e-01
1.517735470941883769e+01 1.694711469010138916e-01
1.518136272545090115e+01 1.739847809288776193e-01
1.518537074148296639e+01 1.777647817892808457e-01
1.518937875751502986e+01 1.815425969148766749e-01
1.519338677354709333e+01 1.853182263248019934e-01
1.519739478957915857e+01 1.890916700381933824e-01
1.520140280561122204e+01 1.924103266710817939e-01
1.520541082164328728e+01 1.948867439824815140e-01
1.520941883767535074e+01 1.973617041690391982e-01
1.521342685370741421e+01 1.998352072523015555e-01
1.521743486973947945e+01 2.023072532538154611e-01
1.522144288577154292e+01 2.043596022216753461e-01
1.522545090180360638e+01 2.056674117716082162e-01
1.522945891783567163e+01 2.069744339309190773e-01
1.523346693386773509e+01 2.082806687112543353e-01
1.523747494989980034e+01 2.095861161242626725e-01
1.524148296593186380e+01 2.105973379872392026e-01
1.524549098196392727e+01 2.111084480627016813e-01
1.524949899799599251e+01 2.116192285568078979e-01
1.525350701402805598e+01 2.121296794744384206e-01
1.525751503006011944e+01 2.126398008204742340e-01
1.526152304609218469e+01 2.130119641302768985e-01
1.526553106212424815e+01 2.131593906086429457e-01
1.526953907815631339e+01 2.133066968664758811e-01
1.527354709418837686e+01 2.134538829055618592e-01
1.527755511022044033e+01 2.136009487276871177e-01
1.528156312625250557e+01 2.137259513282626644e-01
1.528557114228456904e+01 2.138165352362267901e-01
1.528957915831663250e+01 2.139070314981224297e-01
1.529358717434869774e+01 2.139974401152544559e-01
1.529759519038076121e+01 2.140877610889274640e-01
1.530160320641282468e+01 2.142225792580771671e-01
1.530561122244488992e+01 2.144241352930841560e-01
1.530961923847695338e+01 2.146255303594706842e-01
1.531362725450901863e+01 2.148267644669586418e-01
1.531763527054108209e+01 2.150278376252693080e-01
1.532164328657314556e+01 2.153062667106850625e-01
1.532565130260521080e+01 2.156960018237585319e-01
1.532965931863727427e+01 2.160854601298083377e-01
1.533366733466933951e+01 2.164746416454458033e-01
1.533767535070140298e+01 2.168635463872812807e-01
1.534168336673346644e+01 2.173320911380785536e-01
1.534569138276553169e+01 2.179106374747417085e-01
1.534969939879759515e+01 2.184887903014162136e-01
1.535370741482965862e+01 2.190665496416573377e-01
1.535771543086172386e+01 2.196439155190198778e-01
1.536172344689378733e+01 2.202815135083303621e-01
1.536573146292585079e+01 2.209990202267537729e-01
1.536973947895791603e+01 2.217160469026384917e-01
1.537374749498997950e+01 2.224325935646918606e-01
1.537775551102204474e+01 2.231486602416225540e-01
1.538176352705410821e+01 2.239043794004385302e-01
1.538577154308617168e+01 2.247106558635880713e-01
1.538977955911823692e+01 2.255163962961414525e-01
1.539378757515030038e+01 2.263216007301449839e-01
1.539779559118236385e+01 2.271262691976458914e-01
1.540180360721442909e+01 2.279377852184823749e-01
1.540581162324649256e+01 2.287578026468294889e-01
1.540981963927855780e+01 2.295773032678985748e-01
1.541382765531062127e+01 2.303962870892083681e-01
1.541783567134268473e+01 2.312147541182786037e-01
1.542184368737474998e+01 2.320218131829578923e-01
1.542585170340681344e+01 2.328155802723219370e-01
1.542985971943887691e+01 2.336088444271288422e-01
1.543386773547094215e+01 2.344016056546970317e-01
1.543787575150300562e+01 2.351938639623444571e-01
1.544188376753507086e+01 2.359525846083977696e-01
1.544589178356713433e+01 2.366735806286869581e-01
1.544989979959919779e+01 2.373941148804658563e-01
1.545390781563126303e+01 2.381141873704554213e-01
1.545791583166332650e+01 2.388337981053756665e-01
1.546192384769538997e+01 2.395066682687394810e-01
1.546593186372745521e+01 2.401289831079334025e-01
1.546993987975951867e+01 2.407508927105497243e-01
1.547394789579158392e+01 2.413723970824884768e-01
1.547795591182364738e+01 2.419934962296486081e-01
1.548196392785571085e+01 2.425671898354403166e-01
1.548597194388777609e+01 2.430916014602340358e-01
1.548997995991983956e+01 2.436156641658333011e-01
1.549398797595190302e+01 2.441393779573195477e-01
1.549799599198396827e+01 2.446627428397745996e-01
1.550200400801603173e+01 2.451002884748892663e-01
1.550601202404809698e+01 2.454519595082140515e-01
1.551002004008016044e+01 2.458032078222568140e-01
1.551402805611222391e+01 2.461540334067563451e-01
1.551803607214428915e+01 2.465044362514511589e-01
1.552204408817635262e+01 2.467930247332696392e-01
1.552605210420841608e+01 2.470222891296096346e-01
1.553006012024048133e+01 2.472512403912798806e-01
1.553406813627254479e+01 2.474798785106914201e-01
1.553807615230460826e+01 2.477082034802553512e-01
1.554208416833667350e+01 2.478549204981133069e-01
1.554609218436873697e+01 2.479263914708358940e-01
1.555010020040080221e+01 2.479976919955071690e-01
1.555410821643286567e+01 2.480688220680169476e-01
1.555811623246492914e+01 2.481397816842554338e-01
1.556212424849699438e+01 2.481223210782346200e-01
1.556613226452905785e+01 2.480265473469759618e-01
1.557014028056112309e+01 2.479307555189422252e-01
1.557414829659318656e+01 2.478349455937371715e-01
1.557815631262525002e+01 2.477391175709648674e-01
1.558216432865731527e+01 2.475512174601212645e-01
1.558617234468937873e+01 2.472850032892949801e-01
1.559018036072144220e+01 2.470189273869921875e-01
1.559418837675350744e+01 2.467529897566274610e-01
1.559819639278557091e+01 2.464871904016157356e-01
1.560220440881763437e+01 2.461240502908482730e-01
1.560621242484969962e+01 2.456814190984324964e-01
1.561022044088176308e+01 2.452390890371590748e-01
1.561422845691382832e+01 2.447970601145728897e-01
1.561823647294589179e+01 2.443553323382194886e-01
1.562224448897795526e+01 2.438315683835334535e-01
1.562625250501002050e+01 2.432435176288494927e-01
1.563026052104208397e+01 2.426559035033045431e-01
1.563426853707414743e+01 2.420687260178162326e-01
1.563827655310621267e+01 2.414819851833023556e-01
1.564228456913827614e+01 2.408322861510970581e-01
1.564629258517033961e+01 2.401352802263461150e-01
1.565030060120240485e+01 2.394388136970199976e-01
1.565430861723446831e+01 2.387428865765942043e-01
1.565831663326653356e+01 2.380474988785435397e-01
1.566232464929859702e+01 2.373128846257371027e-01
1.566633266533066049e+01 2.365500638998530303e-01
1.567034068136272573e+01 2.357878461061792275e-01
1.567434869739478920e+01 2.350262312597714009e-01
1.567835671342685444e+01 2.342652193756842860e-01
1.568236472945891791e+01 2.334797705403343637e-01
1.568637274549098137e+01 2.326775553775102812e-01
1.569038076152304662e+01 2.318759826047431805e-01
1.569438877755511008e+01 2.310750522380694560e-01
1.569839679358717355e+01 2.302747642935241423e-01
1.570240480961923879e+01 2.294481693658385335e-01
1.570641282565130226e+01 2.286042866563721132e-01
1.571042084168336572e+01 2.277610914203644366e-01
1.571442885771543096e+01 2.269185836703063175e-01
1.571843687374749443e+01 2.260767634186899300e-01
1.572244488977955967e+01 2.251802267285020198e-01
1.572645290581162314e+01 2.242490238568421723e-01
1.573046092184368661e+01 2.233185936060763099e-01
1.573446893787575185e+01 2.223889359902384844e-01
1.573847695390781531e+01 2.214600510233637465e-01
1.574248496993988056e+01 2.203845399526212223e-01
1.574649298597194402e+01 2.192196412077250245e-01
1.575050100200400749e+01 2.180557384024985335e-01
1.575450901803607273e+01 2.168928315550236741e-01
1.575851703406813620e+01 2.157309206833840087e-01
1.576252505010019966e+01 2.142928919771718010e-01
1.576653306613226491e+01 2.126934473358363387e-01
1.577054108216432837e+01 2.110954127731447250e-01
1.577454909819639184e+01 2.094987883146864349e-01
1.577855711422845708e+01 2.079035739860508603e-01
1.578256513026052055e+01 2.059048080567111028e-01
1.578657314629258579e+01 2.036801509010388589e-01
1.579058116232464926e+01 2.014575010108551334e-01
1.579458917835671272e+01 1.992368584225746586e-01
1.579859719438877796e+01 1.970182231726118893e-01
1.580260521042084143e+01 1.942967023110305502e-01
1.580661322645290667e+01 1.913059451754572093e-01
1.581062124248497014e+01 1.883179491916257275e-01
1.581462925851703361e+01 1.853327143819471223e-01
1.581863727454909885e+01 1.823502407688321336e-01
1.582264529058116231e+01 1.788276404397978747e-01
1.582665330661322578e+01 1.750287836156017851e-01
1.583066132264529102e+01 1.712334733688908039e-01
1.583466933867735449e+01 1.674417097284535694e-01
1.583867735470941795e+01 1.636534927230734182e-01
1.584268537074148320e+01 1.594331444830444366e-01
1.584669338677354666e+01 1.550022749515851117e-01
1.585070140280561191e+01 1.505755744664915574e-01
1.585470941883767537e+01 1.461530430616029830e-01
1.585871743486973884e+01 1.417346807707528522e-01
1.586272545090180408e+01 1.370928055014077884e-01
1.586673346693386755e+01 1.323482247040969062e-01
1.587074148296593101e+01 1.276081343393945522e-01
1.587474949899799626e+01 1.228725344437406469e-01
1.587875751503005972e+01 1.181414250535812865e-01
1.588276553106212319e+01 1.134181653739773782e-01
1.588677354709418843e+01 1.087009015083269803e-01
1.589078156312625190e+01 1.039881235756640321e-01
1.589478957915831714e+01 9.927983161238833343e-02
1.589879759519038060e+01 9.457602565490803859e-02
1.590280561122244407e+01 9.010913842798591589e-02
1.590681362725450931e+01 8.574609793579027195e-02
1.591082164328657278e+01 8.138724542695502384e-02
1.591482965931863802e+01 7.703258090327708141e-02
1.591883767535070149e+01 7.268210436656107054e-02
1.592284569138276495e+01 6.876379236887077140e-02
1.592685370741483020e+01 6.502397500962678323e-02
1.593086172344689366e+01 6.128776005718448300e-02
1.593486973947895713e+01 5.755514751309129262e-02
1.593887775551102237e+01 5.382613737889449523e-02
1.594288577154308584e+01 5.061951609214565551e-02
1.594689378757514930e+01 4.761764405113379922e-02
1.595090180360721455e+01 4.461867274075807799e-02
1.595490981963927801e+01 4.162260216226844334e-02
1.595891783567134325e+01 3.862943231690950385e-02
1.596292585170340672e+01 3.614895531263211809e-02
1.596693386773547019e+01 3.385934258933671198e-02
1.597094188376753543e+01 3.157194886901864422e-02
1.597494989979959890e+01 2.928677415263410480e-02
1.597895791583166414e+01 2.700381844113521057e-02
1.598296593186372760e+01 2.518528389182749655e-02
1.598697394789579107e+01 2.353083192913794572e-02
1.599098196392785631e+01 2.187798774130429030e-02
1.599498997995991978e+01 2.022675132901932682e-02
1.599899799599198325e+01 1.857712269297363827e-02
1.600300601202404849e+01 1.732181751915879905e-02
1.600701402805611195e+01 1.619724321687296409e-02
1.601102204408817542e+01 1.507223994443236681e-02
1.601503006012023889e+01 1.394680767711655237e-02
1.601903807615230590e+01 1.282094639020405283e-02
1.602304609218436937e+01 1.197266995477515479e-02
1.602705410821643284e+01 1.121188070840853715e-02
1.603106212424849630e+01 1.045080146232359869e-02
1.603507014028055977e+01 9.689432199811498503e-03
1.603907815631262679e+01 8.927772904162717404e-03
1.604308617234469025e+01 8.359137645233447392e-03
1.604709418837675372e+01 7.848039903413858709e-03
1.605110220440881719e+01 7.336747467527802297e-03
1.605511022044088065e+01 6.825260326359655107e-03
1.605911823647294412e+01 6.313578468693805366e-03
1.606312625250501114e+01 5.937425649451411568e-03
1.606713426853707460e+01 5.599417946527900092e-03
1.607114228456913807e+01 5.261281556539279536e-03
1.607515030060120154e+01 4.923016472073609047e-03
1.607915831663326500e+01 4.584622685718945170e-03
1.608316633266533202e+01 4.336830474251628272e-03
1.608717434869739549e+01 4.113066716530151476e-03
1.609118236472945895e+01 3.889217805339261359e-03
1.609519038076152242e+01 3.665283735775177847e-03
1.609919839679358589e+01 3.441264502934117397e-03
1.610320641282564935e+01 3.273406367841535415e-03
1.610721442885771637e+01 3.119549322177167430e-03
1.611122244488977984e+01 2.965634541508585346e-03
1.611523046092184330e+01 2.811662022863502686e-03
1.611923847695390677e+01 2.657631763269767411e-03
1.612324649298597024e+01 2.540988719455594159e-03
1.612725450901803725e+01 2.433086947538509130e-03
1.613126252505010072e+01 2.325144700822505840e-03
1.613527054108216419e+01 2.217161977224157109e-03
1.613927855711422765e+01 2.109138774660129865e-03
1.614328657314629112e+01 2.022264226773592272e-03
1.614729458917835814e+01 1.940009249564698035e-03
1.615130260521042160e+01 1.857723436083687099e-03
1.615531062124248507e+01 1.775406784743515601e-03
1.615931863727454854e+01 1.693059293957212968e-03
1.616332665330661200e+01 1.622433675818202563e-03
1.616733466933867902e+01 1.554189231413777555e-03
1.617134268537074249e+01 1.485919226156670473e-03
1.617535070140280595e+01 1.417623658731590776e-03
1.617935871743486942e+01 1.349302527823306903e-03
1.618336673346693289e+01 1.290107842635348839e-03
1.618737474949899635e+01 1.232634568433210688e-03
1.619138276553106337e+01 1.175139788957132222e-03
1.619539078156312684e+01 1.117623503100878763e-03
1.619939879759519030e+01 1.060085709758061892e-03
1.620340681362725377e+01 1.004233832706223194e-03
1.620741482965931723e+01 9.486623299800623363e-04
1.621142284569138425e+01 8.930699364024772841e-04
1.621543086172344772e+01 8.374566508413517187e-04
1.621943887775551119e+01 7.818224721644219779e-04
1.622344689378757465e+01 7.341042071315091733e-04
1.622745490981963812e+01 6.876602999430021703e-04
1.623146292585170158e+01 6.411989531201219396e-04
1.623547094188376860e+01 5.947201657178657246e-04
1.623947895791583207e+01 5.482239367913550182e-04
1.624348697394789554e+01 5.100935696376250302e-04
1.624749498997995900e+01 4.732018087627470654e-04
1.625150300601202247e+01 4.362962101836996261e-04
1.625551102204408949e+01 3.993767731508202274e-04
1.625951903807615295e+01 3.624434969145448300e-04
1.626352705410821642e+01 3.315687763464271617e-04
1.626753507014027988e+01 3.015106948718635589e-04
1.627154308617234335e+01 2.714413527683882639e-04
1.627555110220441037e+01 2.413607494260939428e-04
1.627955911823647384e+01 2.112688842351526791e-04
1.628356713426853730e+01 1.941634122888497526e-04
1.628757515030060077e+01 1.786582865837494033e-04
1.629158316633266423e+01 1.631473551369987628e-04
1.629559118236472770e+01 1.476306176342043273e-04
1.629959919839679472e+01 1.321080737609590407e-04
1.630360721442885819e+01 1.217776863883489189e-04
1.630761523046092165e+01 1.120211948178703899e-04
1.631162324649298512e+01 1.022611605031363373e-04
1.631563126252504858e+01 9.249758330027008340e-05
1.631963927855711560e+01 8.273046306538646671e-05
1.632364729458917907e+01 7.650353278270180914e-05
1.632765531062124253e+01 7.062488505121396437e-05
1.633166332665330600e+01 6.474410414239113764e-05
1.633567134268536947e+01 5.886118996961269722e-05
1.633967935871743293e+01 5.297614244625792329e-05
1.634368737474949995e+01 5.090053888668740682e-05
1.634769539078156342e+01 4.915568252740722463e-05
1.635170340681362688e+01 4.741019179502413926e-05
1.635571142284569035e+01 4.566406666377644322e-05
1.635971943887775382e+01 4.391730710790242223e-05
1.636372745490982084e+01 4.194418068188496431e-05
1.636773547094188430e+01 3.995334447581824023e-05
1.637174348697394777e+01 3.796178600098088586e-05
1.637575150300601123e+01 3.596950522804891870e-05
1.637975951903807470e+01 3.397650212769836307e-05
1.638376753507014172e+01 3.386264907999172210e-05
1.638777555110220518e+01 3.386876637773444146e-05
1.639178356713426865e+01 3.387488384098634838e-05
1.639579158316633212e+01 3.388100146974746998e-05
1.639979959919839558e+01 3.388711926401776560e-05
1.640380761523046260e+01 3.389313824963317249e-05
1.640781563126252607e+01 3.389915216834991685e-05
1.641182364729458953e+01 3.390516621803603393e-05
1.641583166332665300e+01 3.391118039869153050e-05
1.641983967935871647e+01 3.391719471031639978e-05
1.642384769539077993e+01 3.392320915291064179e-05
1.642785571142284695e+01 3.392922372647426329e-05
1.643186372745491042e+01 3.393523843100725073e-05
1.643587174348697388e+01 3.394125326650961088e-05
1.643987975951903735e+01 3.394726823298133698e-05
1.644388777555110082e+01 3.395328333042245612e-05
1.644789579158316783e+01 3.395929855883294120e-05
1.645190380761523130e+01 3.396531391821279900e-05
1.645591182364729477e+01 3.397132940856202273e-05
1.645991983967935823e+01 3.397734502988062597e-05
1.646392785571142170e+01 3.398336078216859514e-05
1.646793587174348517e+01 3.398937666542594380e-05
1.647194388777555218e+01 3.399539267965267196e-05
1.647595190380761565e+01 3.400140882484876606e-05
1.647995991983967912e+01 3.400742510101423287e-05
1.648396793587174258e+01 3.401344150814907241e-05
1.648797595190380605e+01 3.401945804625329143e-05
1.649198396793587307e+01 3.402547471532687640e-05
1.649599198396793653e+01 3.403149151536983408e-05
1.650000000000000000e+01 3.403750844638217803e-05
