5.620000000000000107e+00 1.083980000000000013e-03
5.631210000000000271e+00 1.083980000000000013e-03
5.642420000000000435e+00 1.083980000000000013e-03
5.653640000000000221e+00 1.083980000000000013e-03
5.664850000000000385e+00 1.083980000000000013e-03
5.676059999999999661e+00 1.083980000000000013e-03
5.687269999999999825e+00 1.083980000000000013e-03
5.698479999999999990e+00 1.083980000000000013e-03
5.709699999999999775e+00 1.083980000000000013e-03
5.720909999999999940e+00 1.083980000000000013e-03
5.732120000000000104e+00 1.083980000000000013e-03
5.743330000000000268e+00 1.083980000000000013e-03
5.754550000000000054e+00 1.083980000000000013e-03
5.765760000000000218e+00 1.083980000000000013e-03
5.776970000000000383e+00 1.083980000000000013e-03
5.788179999999999659e+00 1.083980000000000013e-03
5.799389999999999823e+00 1.083980000000000013e-03
5.810609999999999609e+00 1.083980000000000013e-03
5.821819999999999773e+00 1.083980000000000013e-03
5.833029999999999937e+00 1.083980000000000013e-03
5.844240000000000101e+00 1.083980000000000013e-03
5.855450000000000266e+00 1.083980000000000013e-03
5.866670000000000051e+00 1.083980000000000013e-03
5.877880000000000216e+00 1.083980000000000013e-03
5.889090000000000380e+00 1.083980000000000013e-03
5.900299999999999656e+00 1.083980000000000013e-03
5.911520000000000330e+00 1.083980000000000013e-03
5.922729999999999606e+00 1.083980000000000013e-03
5.933939999999999770e+00 1.083980000000000013e-03
5.945149999999999935e+00 1.083980000000000013e-03
5.956360000000000099e+00 1.083980000000000013e-03
5.967579999999999885e+00 1.083980000000000013e-03
5.978790000000000049e+00 1.083980000000000013e-03
5.990000000000000213e+00 1.083980000000000013e-03
6.001210000000000377e+00 1.083980000000000013e-03
6.012419999999999654e+00 1.083980000000000013e-03
6.023640000000000327e+00 1.083980000000000013e-03
6.034849999999999604e+00 1.083980000000000013e-03
6.046059999999999768e+00 1.083980000000000013e-03
6.057269999999999932e+00 1.083980000000000013e-03
6.068480000000000096e+00 1.083980000000000013e-03
6.079699999999999882e+00 1.083980000000000013e-03
6.090910000000000046e+00 1.083980000000000013e-03
6.102120000000000211e+00 1.083980000000000013e-03
6.113330000000000375e+00 1.083980000000000013e-03
6.124550000000000161e+00 1.083980000000000013e-03
6.135760000000000325e+00 1.083980000000000013e-03
6.146969999999999601e+00 1.083980000000000013e-03
6.158179999999999765e+00 1.083980000000000013e-03
6.169389999999999930e+00 1.083980000000000013e-03
6.180609999999999715e+00 1.083980000000000013e-03
6.191819999999999879e+00 1.083980000000000013e-03
6.203030000000000044e+00 1.083980000000000013e-03
6.214240000000000208e+00 1.083980000000000013e-03
6.225450000000000372e+00 1.083980000000000013e-03
6.236670000000000158e+00 1.083980000000000013e-03
6.247880000000000322e+00 1.083980000000000013e-03
6.259089999999999598e+00 1.083980000000000013e-03
6.270299999999999763e+00 1.083980000000000013e-03
6.281520000000000437e+00 1.083980000000000013e-03
6.292729999999999713e+00 1.083980000000000013e-03
6.303939999999999877e+00 1.083980000000000013e-03
6.315150000000000041e+00 1.083980000000000013e-03
6.326360000000000205e+00 1.083980000000000013e-03
6.337579999999999991e+00 1.083980000000000013e-03
6.348790000000000155e+00 1.083980000000000013e-03
6.360000000000000320e+00 1.083980000000000013e-03
6.371209999999999596e+00 1.083980000000000013e-03
6.382419999999999760e+00 1.083980000000000013e-03
6.393640000000000434e+00 1.083980000000000013e-03
6.404849999999999710e+00 1.083980000000000013e-03
6.416059999999999874e+00 1.083980000000000013e-03
6.427270000000000039e+00 1.083980000000000013e-03
6.438480000000000203e+00 1.083980000000000013e-03
6.449699999999999989e+00 1.083980000000000013e-03
6.460910000000000153e+00 1.083980000000000013e-03
6.472120000000000317e+00 1.083980000000000013e-03
6.483329999999999593e+00 1.083980000000000013e-03
6.494550000000000267e+00 1.083980000000000013e-03
6.505760000000000431e+00 1.083980000000000013e-03
6.516969999999999708e+00 1.083980000000000013e-03
6.528179999999999872e+00 1.083980000000000013e-03
6.539390000000000036e+00 1.083980000000000013e-03
6.550609999999999822e+00 1.083980000000000013e-03
6.561819999999999986e+00 1.083980000000000013e-03
6.573030000000000150e+00 1.083980000000000013e-03
6.584240000000000315e+00 1.083980000000000013e-03
6.595449999999999591e+00 1.083980000000000013e-03
6.606670000000000265e+00 1.083980000000000013e-03
6.617880000000000429e+00 1.083980000000000013e-03
6.629089999999999705e+00 1.083980000000000013e-03
6.640299999999999869e+00 1.083980000000000013e-03
6.651519999999999655e+00 1.083980000000000013e-03
6.662729999999999819e+00 1.083980000000000013e-03
6.673939999999999984e+00 1.083980000000000013e-03
6.685150000000000148e+00 1.083980000000000013e-03
6.696360000000000312e+00 1.083980000000000013e-03
6.707580000000000098e+00 1.083980000000000013e-03
6.718790000000000262e+00 1.083980000000000013e-03
6.730000000000000426e+00 1.083980000000000013e-03
