1.325000000000000000e+01 2.490229999999999961e-03
1.327580000000000027e+01 2.490229999999999961e-03
1.330150000000000077e+01 2.490229999999999961e-03
1.332729999999999926e+01 2.490229999999999961e-03
1.335299999999999976e+01 2.490229999999999961e-03
1.337880000000000003e+01 2.490229999999999961e-03
1.340450000000000053e+01 2.490229999999999961e-03
1.343030000000000079e+01 2.490229999999999961e-03
1.345609999999999928e+01 2.490229999999999961e-03
1.348179999999999978e+01 2.490229999999999961e-03
1.350760000000000005e+01 2.490229999999999961e-03
1.353330000000000055e+01 2.490229999999999961e-03
1.355910000000000082e+01 2.490229999999999961e-03
1.358479999999999954e+01 2.490229999999999961e-03
1.361059999999999981e+01 2.490229999999999961e-03
1.363640000000000008e+01 2.490229999999999961e-03
1.366210000000000058e+01 2.490229999999999961e-03
1.368790000000000084e+01 2.490229999999999961e-03
1.371359999999999957e+01 2.490229999999999961e-03
1.373939999999999984e+01 2.490229999999999961e-03
1.376520000000000010e+01 2.490229999999999961e-03
1.379090000000000060e+01 2.490229999999999961e-03
1.381670000000000087e+01 2.490229999999999961e-03
1.384239999999999959e+01 2.490229999999999961e-03
1.386819999999999986e+01 2.490229999999999961e-03
1.389390000000000036e+01 2.490229999999999961e-03
1.391970000000000063e+01 2.490229999999999961e-03
1.394549999999999912e+01 2.490229999999999961e-03
1.397119999999999962e+01 2.490229999999999961e-03
1.399699999999999989e+01 2.490229999999999961e-03
1.402270000000000039e+01 2.490229999999999961e-03
1.404850000000000065e+01 2.490229999999999961e-03
1.407419999999999938e+01 2.490229999999999961e-03
1.409999999999999964e+01 2.490229999999999961e-03
1.412579999999999991e+01 2.490229999999999961e-03
1.415150000000000041e+01 2.490229999999999961e-03
1.417730000000000068e+01 2.490229999999999961e-03
1.420299999999999940e+01 2.490229999999999961e-03
1.422879999999999967e+01 2.490229999999999961e-03
1.425450000000000017e+01 2.490229999999999961e-03
1.428030000000000044e+01 2.490229999999999961e-03
1.430610000000000070e+01 2.490229999999999961e-03
1.433179999999999943e+01 2.490229999999999961e-03
1.435759999999999970e+01 2.490229999999999961e-03
1.438330000000000020e+01 2.490229999999999961e-03
1.440910000000000046e+01 2.490229999999999961e-03
1.443479999999999919e+01 2.490229999999999961e-03
1.446059999999999945e+01 2.490229999999999961e-03
1.448639999999999972e+01 2.490229999999999961e-03
1.451210000000000022e+01 2.490229999999999961e-03
1.453790000000000049e+01 2.490229999999999961e-03
1.456359999999999921e+01 2.490229999999999961e-03
1.458939999999999948e+01 2.490229999999999961e-03
1.461519999999999975e+01 2.490229999999999961e-03
1.464090000000000025e+01 2.490229999999999961e-03
1.466670000000000051e+01 2.490229999999999961e-03
1.469239999999999924e+01 2.490229999999999961e-03
1.471819999999999951e+01 2.490229999999999961e-03
1.474390000000000001e+01 2.490229999999999961e-03
1.476970000000000027e+01 2.490229999999999961e-03
1.479550000000000054e+01 2.490229999999999961e-03
1.482119999999999926e+01 2.490229999999999961e-03
1.484699999999999953e+01 2.490229999999999961e-03
1.487270000000000003e+01 2.490229999999999961e-03
1.489850000000000030e+01 2.490229999999999961e-03
1.492420000000000080e+01 2.490229999999999961e-03
1.494999999999999929e+01 2.490229999999999961e-03
1.497579999999999956e+01 2.490229999999999961e-03
1.500150000000000006e+01 2.490229999999999961e-03
1.502730000000000032e+01 2.490229999999999961e-03
1.505300000000000082e+01 2.490229999999999961e-03
1.507879999999999932e+01 2.490229999999999961e-03
1.510449999999999982e+01 2.490229999999999961e-03
1.513030000000000008e+01 2.490229999999999961e-03
1.515610000000000035e+01 2.490229999999999961e-03
1.518180000000000085e+01 2.490229999999999961e-03
1.520759999999999934e+01 2.490229999999999961e-03
1.523329999999999984e+01 2.490229999999999961e-03
1.525910000000000011e+01 2.490229999999999961e-03
1.528480000000000061e+01 2.490229999999999961e-03
1.531060000000000088e+01 2.490229999999999961e-03
1.533639999999999937e+01 2.490229999999999961e-03
1.536209999999999987e+01 2.490229999999999961e-03
1.538790000000000013e+01 2.490229999999999961e-03
1.541360000000000063e+01 2.490229999999999961e-03
1.543939999999999912e+01 2.490229999999999961e-03
1.546519999999999939e+01 2.490229999999999961e-03
1.549089999999999989e+01 2.490229999999999961e-03
1.551670000000000016e+01 2.490229999999999961e-03
1.554240000000000066e+01 2.490229999999999961e-03
1.556819999999999915e+01 2.490229999999999961e-03
1.559389999999999965e+01 2.490229999999999961e-03
1.561969999999999992e+01 2.490229999999999961e-03
1.564550000000000018e+01 2.490229999999999961e-03
1.567120000000000068e+01 2.490229999999999961e-03
1.569699999999999918e+01 2.490229999999999961e-03
1.572269999999999968e+01 2.490229999999999961e-03
1.574849999999999994e+01 2.490229999999999961e-03
1.577420000000000044e+01 2.490229999999999961e-03
1.580000000000000071e+01 2.490229999999999961e-03
