7.490000000000000213e+00 1.040341680106327132e-01
7.492585170340681167e+00 1.041092336340410096e-01
7.495170340681363008e+00 1.041765442753180559e-01
7.497755511022043962e+00 1.042375304435844419e-01
7.500340681362725803e+00 1.042911488777786139e-01
7.502925851703406757e+00 1.043343631917000719e-01
7.505511022044088598e+00 1.043745584848786434e-01
7.508096192384769552e+00 1.044098796210062713e-01
7.510681362725451393e+00 1.044401750904328380e-01
7.513266533066132347e+00 1.044637578562649660e-01
7.515851703406814188e+00 1.044795908264383039e-01
7.518436873747495142e+00 1.044872839297206063e-01
7.521022044088176983e+00 1.044856582559905711e-01
7.523607214428857937e+00 1.044756570084448277e-01
7.526192384769538890e+00 1.044602605404974932e-01
7.528777555110220732e+00 1.044389859998510334e-01
7.531362725450901685e+00 1.044012202767259367e-01
7.533947895791583527e+00 1.043482231211310673e-01
7.536533066132264480e+00 1.042908365689421829e-01
7.539118236472946322e+00 1.042165556381689923e-01
7.541703406813627275e+00 1.041351012312495133e-01
7.544288577154309117e+00 1.040463896899189583e-01
7.546873747494990070e+00 1.039466827983109715e-01
7.549458917835671912e+00 1.038433779999423379e-01
7.552044088176352865e+00 1.037258643056057639e-01
7.554629258517033819e+00 1.035956823857234615e-01
7.557214428857715660e+00 1.034633257989141797e-01
7.559799599198396614e+00 1.032875445313770901e-01
7.562384769539078455e+00 1.031033866692209616e-01
7.564969939879759409e+00 1.029078622927563913e-01
7.567555110220441250e+00 1.026718887286047349e-01
7.570140280561122204e+00 1.024317699703286427e-01
7.572725450901804045e+00 1.022079103522506582e-01
7.575310621242484999e+00 1.019998526127328942e-01
7.577895791583166840e+00 1.017871502893139130e-01
7.580480961923847794e+00 1.016898415813852763e-01
7.583066132264529635e+00 1.016122556731742510e-01
7.585651302605210589e+00 1.015550938509006684e-01
7.588236472945891542e+00 1.016058985591174468e-01
7.590821643286573384e+00 1.016546339645611474e-01
7.593406813627254337e+00 1.017209321503653174e-01
7.595991983967936179e+00 1.018045011452592963e-01
7.598577154308617132e+00 1.018861033059355325e-01
7.601162324649298974e+00 1.019392207671643846e-01
7.603747494989979927e+00 1.019855539267248562e-01
7.606332665330661769e+00 1.020295698465577688e-01
7.608917835671342722e+00 1.020682062635523413e-01
7.611503006012024564e+00 1.021063747818987677e-01
7.614088176352705517e+00 1.021743098646181319e-01
7.616673346693387359e+00 1.022739925544546014e-01
7.619258517034068312e+00 1.023750180016440720e-01
7.621843687374749265e+00 1.025454461782997623e-01
7.624428857715431107e+00 1.027324765443907162e-01
7.627014028056112060e+00 1.029235260946720909e-01
7.629599198396793902e+00 1.031276642941399702e-01
7.632184368737474855e+00 1.033326666056953586e-01
7.634769539078156697e+00 1.035181985894411405e-01
7.637354709418837651e+00 1.036836878787265881e-01
7.639939879759519492e+00 1.038480191675865416e-01
7.642525050100200446e+00 1.039816311160177975e-01
7.645110220440882287e+00 1.041085192696077355e-01
7.647695390781563241e+00 1.042350582356593586e-01
7.650280561122244194e+00 1.043584576505325878e-01
7.652865731462926036e+00 1.044826216571980854e-01
7.655450901803606989e+00 1.046118504388675735e-01
7.658036072144288831e+00 1.047459490770757951e-01
7.660621242484969784e+00 1.048805632864969195e-01
7.663206412825651626e+00 1.050146936606802944e-01
7.665791583166332579e+00 1.051492238540733953e-01
7.668376753507014421e+00 1.052796379042525848e-01
7.670961923847695374e+00 1.053821408445590746e-01
7.673547094188377216e+00 1.054856897651387793e-01
7.676132264529058169e+00 1.055909266967837434e-01
7.678717434869739122e+00 1.056979592184357220e-01
7.681302605210420964e+00 1.058061136887101100e-01
7.683887775551101917e+00 1.059076310785157654e-01
7.686472945891783759e+00 1.060093425081697072e-01
7.689058116232464712e+00 1.061107340026254675e-01
7.691643286573146554e+00 1.061980494924994189e-01
7.694228456913827507e+00 1.062883243379197096e-01
7.696813627254509349e+00 1.063708455466082087e-01
7.699398797595190302e+00 1.064439750597339085e-01
7.701983967935872144e+00 1.065196673370324559e-01
7.704569138276553097e+00 1.065940373481812364e-01
7.707154308617234939e+00 1.066689006938306428e-01
7.709739478957915892e+00 1.067476173855499422e-01
7.712324649298596846e+00 1.068419724998935921e-01
7.714909819639278687e+00 1.069382453952622547e-01
7.717494989979959641e+00 1.070516468820376238e-01
7.720080160320641482e+00 1.071843476914030313e-01
7.722665330661322436e+00 1.073199003484048564e-01
7.725250501002004277e+00 1.074628144880125508e-01
7.727835671342685231e+00 1.076095267016260459e-01
7.730420841683367073e+00 1.077565568546300229e-01
7.733006012024048026e+00 1.078901542134517860e-01
7.735591182364729868e+00 1.080260619779328246e-01
7.738176352705410821e+00 1.081419838615002432e-01
7.740761523046092663e+00 1.082330352521138767e-01
7.743346693386773616e+00 1.083256997079285328e-01
7.745931863727454569e+00 1.084035782242903923e-01
7.748517034068136411e+00 1.084786323794540291e-01
7.751102204408817364e+00 1.085552920427086399e-01
7.753687374749499206e+00 1.086373197317452854e-01
7.756272545090180159e+00 1.087207326405484620e-01
7.758857715430862001e+00 1.088258254867507241e-01
7.761442885771542954e+00 1.089571839204205722e-01
7.764028056112224796e+00 1.090908589774039067e-01
7.766613226452905749e+00 1.092801348819399526e-01
7.769198396793587591e+00 1.094871912818944915e-01
7.771783567134268544e+00 1.097002797631935200e-01
7.774368737474949498e+00 1.099372907975784963e-01
7.776953907815631339e+00 1.101777454440198700e-01
7.779539078156312293e+00 1.104129520494324113e-01
7.782124248496994134e+00 1.106399195798219437e-01
7.784709418837675088e+00 1.108700594733496442e-01
7.787294589178356929e+00 1.110548310373621061e-01
7.789879759519037883e+00 1.112282210901025942e-01
7.792464929859719724e+00 1.113998959585726922e-01
7.795050100200400678e+00 1.115321317536367013e-01
7.797635270541082519e+00 1.116675714007844544e-01
7.800220440881763473e+00 1.118044099776830530e-01
7.802805611222445314e+00 1.119413092694174217e-01
7.805390781563126268e+00 1.120806601049390838e-01
7.807975951903807221e+00 1.122083834764113219e-01
7.810561122244489063e+00 1.123337903560707868e-01
7.813146292585170016e+00 1.124632067165526605e-01
7.815731462925851858e+00 1.126204958886424662e-01
7.818316633266532811e+00 1.127790343201025003e-01
7.820901803607214653e+00 1.129386182801278699e-01
7.823486973947895606e+00 1.130995600964570524e-01
7.826072144288577448e+00 1.132626422720515447e-01
7.828657314629258401e+00 1.134182382926243321e-01
7.831242484969940243e+00 1.135731420970676059e-01
7.833827655310621196e+00 1.137279355352669163e-01
7.836412825651303038e+00 1.138591337019917160e-01
7.838997995991983991e+00 1.139932723405419207e-01
7.841583166332664945e+00 1.141135024707320006e-01
7.844168336673346786e+00 1.142129585660566493e-01
7.846753507014027740e+00 1.143150935064608797e-01
7.849338677354709581e+00 1.143958876120469564e-01
7.851923847695390535e+00 1.144711315457593026e-01
7.854509018036072376e+00 1.145488257527769727e-01
7.857094188376753330e+00 1.146271154550972532e-01
7.859679358717435171e+00 1.147077685101359767e-01
7.862264529058116125e+00 1.148015582588313294e-01
7.864849699398797966e+00 1.149135465875623097e-01
7.867434869739478920e+00 1.150266563784206192e-01
7.870020040080159873e+00 1.151708576126668215e-01
7.872605210420841715e+00 1.153264207720322565e-01
7.875190380761522668e+00 1.154834239102844190e-01
7.877775551102204510e+00 1.156510831226165159e-01
7.880360721442885463e+00 1.158199350558725554e-01
7.882945891783567305e+00 1.160004546726459002e-01
7.885531062124248258e+00 1.161981792674367103e-01
7.888116232464930100e+00 1.163985889908084465e-01
7.890701402805611053e+00 1.165878323120392857e-01
7.893286573146292895e+00 1.167748756902589752e-01
7.895871743486973848e+00 1.169639060922002816e-01
7.898456913827654802e+00 1.171430480732004037e-01
7.901042084168336643e+00 1.173237499813950674e-01
7.903627254509017597e+00 1.174972901852715107e-01
7.906212424849699438e+00 1.176596865181782914e-01
7.908797595190380392e+00 1.178236139279720540e-01
7.911382765531062233e+00 1.179629833210845136e-01
7.913967935871743187e+00 1.180938229593291450e-01
7.916553106212425028e+00 1.182243779421379148e-01
7.919138276553105982e+00 1.183305102600374220e-01
7.921723446893787823e+00 1.184380997920620876e-01
7.924308617234468777e+00 1.185389420504910640e-01
7.926893787575150618e+00 1.186284443838753339e-01
7.929478957915831572e+00 1.187194248322847728e-01
7.932064128256513413e+00 1.188289518263034167e-01
7.934649298597194367e+00 1.189464877737740761e-01
7.937234468937875320e+00 1.190665132972681811e-01
7.939819639278557162e+00 1.192215961423134102e-01
7.942404809619238115e+00 1.193772735903485122e-01
7.944989979959919957e+00 1.195324009231858581e-01
7.947575150300600910e+00 1.196866242990243523e-01
7.950160320641282752e+00 1.198417529452258379e-01
7.952745490981963705e+00 1.200031509520104456e-01
7.955330661322645547e+00 1.201678943590241688e-01
7.957915831663326500e+00 1.203326346803115926e-01
7.960501002004008342e+00 1.204699455359878324e-01
7.963086172344689295e+00 1.206083292143552282e-01
7.965671342685370249e+00 1.207372490741811522e-01
7.968256513026052090e+00 1.208493739465162087e-01
7.970841683366733044e+00 1.209622833591181279e-01
7.973426853707414885e+00 1.210665499488241259e-01
7.976012024048095839e+00 1.211673224926738124e-01
7.978597194388777680e+00 1.212679340845515819e-01
7.981182364729458634e+00 1.213526554433215637e-01
7.983767535070140475e+00 1.214376405314544632e-01
7.986352705410821429e+00 1.215273308289998716e-01
7.988937875751503270e+00 1.216247905784655081e-01
7.991523046092184224e+00 1.217220510167252440e-01
7.994108216432865177e+00 1.218219946424029532e-01
7.996693386773547019e+00 1.219227780335839784e-01
7.999278557114227972e+00 1.220227953261351639e-01
8.001863727454908926e+00 1.221069549701794127e-01
8.004448897795590767e+00 1.221873731725355572e-01
8.007034068136272609e+00 1.222640703474028312e-01
8.009619238476954450e+00 1.223344867036821326e-01
8.012204408817634516e+00 1.224045241049807331e-01
8.014789579158316357e+00 1.224554223632840361e-01
8.017374749498998199e+00 1.224975962764543042e-01
8.019959919839680040e+00 1.225394794778229407e-01
8.022545090180360106e+00 1.225755326856116934e-01
8.025130260521041947e+00 1.226115206006792996e-01
8.027715430861723789e+00 1.226466297110726383e-01
8.030300601202403854e+00 1.226800816541268602e-01
8.032885771543085696e+00 1.227136984552696791e-01
8.035470941883767537e+00 1.227467104752493349e-01
8.038056112224449379e+00 1.227795964326213046e-01
8.040641282565129444e+00 1.228128595493422764e-01
8.043226452905811286e+00 1.228434122307300314e-01
8.045811623246493127e+00 1.228740693466256750e-01
8.048396793587174969e+00 1.229060865669772823e-01
8.050981963927855034e+00 1.229402592415406309e-01
8.053567134268536876e+00 1.229742131688823237e-01
8.056152304609218717e+00 1.230057711803509563e-01
8.058737474949900559e+00 1.230355825708684403e-01
8.061322645290580624e+00 1.230648181803526281e-01
8.063907815631262466e+00 1.230996710396123073e-01
8.066492985971944307e+00 1.231333560933289273e-01
8.069078156312624373e+00 1.231683585410364712e-01
8.071663326653306214e+00 1.232065174049791073e-01
8.074248496993988056e+00 1.232431703907634207e-01
8.076833667334669897e+00 1.232745881970449126e-01
8.079418837675349963e+00 1.233028397372067653e-01
8.082004008016031804e+00 1.233298975601328507e-01
8.084589178356713646e+00 1.233504907902988057e-01
8.087174348697395487e+00 1.233703118772224300e-01
8.089759519038075553e+00 1.233858233849716018e-01
8.092344689378757394e+00 1.233936396957807935e-01
8.094929859719439236e+00 1.234009754183186813e-01
8.097515030060119301e+00 1.234038354628895634e-01
8.100100200400801143e+00 1.234042293198338303e-01
8.102685370741482984e+00 1.234049379034630606e-01
8.105270541082164826e+00 1.234088558152148796e-01
8.107855711422844891e+00 1.234119396073444230e-01
8.110440881763526733e+00 1.234158322109214501e-01
8.113026052104208574e+00 1.234225663725026373e-01
8.115611222444890416e+00 1.234281371608025590e-01
8.118196392785570481e+00 1.234421957557113453e-01
8.120781563126252323e+00 1.234601188639604386e-01
8.123366733466934164e+00 1.234765192070679668e-01
8.125951903807614229e+00 1.234905802945390624e-01
8.128537074148296071e+00 1.235030201527691357e-01
8.131122244488977913e+00 1.235112929999113429e-01
8.133707414829659754e+00 1.235122973329379897e-01
8.136292585170339819e+00 1.235119682429712540e-01
8.138877755511021661e+00 1.235031644638654724e-01
8.141462925851703503e+00 1.234892336050709694e-01
8.144048096192385344e+00 1.234745162948736735e-01
8.146633266533065409e+00 1.234546580873705085e-01
8.149218436873747251e+00 1.234341000289821688e-01
8.151803607214429093e+00 1.234174320431530442e-01
8.154388777555109158e+00 1.234071659289607270e-01
8.156973947895790999e+00 1.233966336901318045e-01
8.159559118236472841e+00 1.233900023209155150e-01
8.162144288577154683e+00 1.233854380425086078e-01
8.164729458917834748e+00 1.233806504560539669e-01
8.167314629258516590e+00 1.233926077279568906e-01
8.169899799599198431e+00 1.234043491513151652e-01
8.172484969939880273e+00 1.234181994605746818e-01
8.175070140280560338e+00 1.234381169337499112e-01
8.177655310621242180e+00 1.234568270598493805e-01
8.180240480961924021e+00 1.234726168422666803e-01
8.182825651302604086e+00 1.234860836210749657e-01
8.185410821643285928e+00 1.234981438024737449e-01
8.187995991983967770e+00 1.235001565963191744e-01
8.190581162324649611e+00 1.235002371839728635e-01
8.193166332665329676e+00 1.234991496579693898e-01
8.195751503006011518e+00 1.234967207811889373e-01
8.198336673346693360e+00 1.234919171952507805e-01
8.200921843687375201e+00 1.234974665719012626e-01
8.203507014028055266e+00 1.235091058739812009e-01
8.206092184368737108e+00 1.235188094712820345e-01
8.208677354709418950e+00 1.235353887073215584e-01
8.211262525050099015e+00 1.235517116835984225e-01
8.213847695390780856e+00 1.235672679876406027e-01
8.216432865731462698e+00 1.235827260149978124e-01
8.219018036072144540e+00 1.235984940660656839e-01
8.221603206412824605e+00 1.236084384348594550e-01
8.224188376753506446e+00 1.236141338051469363e-01
8.226773547094188288e+00 1.236191312153931965e-01
8.229358717434870130e+00 1.236042268169604136e-01
8.231943887775550195e+00 1.235871689302735499e-01
8.234529058116232036e+00 1.235680720024991408e-01
8.237114228456913878e+00 1.235458894630012266e-01
8.239699398797595720e+00 1.235229681915384625e-01
8.242284569138275785e+00 1.235033612565994005e-01
8.244869739478957626e+00 1.234855570890922155e-01
8.247454909819639468e+00 1.234672445472263375e-01
8.250040080160321310e+00 1.234670212402956269e-01
8.252625250501001375e+00 1.234674479138116177e-01
8.255210420841683217e+00 1.234736257215866967e-01
8.257795591182365058e+00 1.234975548911546733e-01
8.260380761523045123e+00 1.235188364187700255e-01
8.262965931863726965e+00 1.235449494248135466e-01
8.265551102204408807e+00 1.235742710988335796e-01
8.268136272545090648e+00 1.236021075094094201e-01
8.270721442885770713e+00 1.236304998036018010e-01
8.273306613226452555e+00 1.236591349042614058e-01
8.275891783567134397e+00 1.236827835425868688e-01
8.278476953907816238e+00 1.236931738557400656e-01
8.281062124248496303e+00 1.237036124397794395e-01
8.283647294589178145e+00 1.237061668926539848e-01
8.286232464929859987e+00 1.237032186469477213e-01
8.288817635270540052e+00 1.236999794289900534e-01
8.291402805611221893e+00 1.237018561146985413e-01
8.293987975951903735e+00 1.237038148415657429e-01
8.296573146292585577e+00 1.237046624063943556e-01
8.299158316633265642e+00 1.237029325926502360e-01
8.301743486973947483e+00 1.236997376147957045e-01
8.304328657314629325e+00 1.236988021334050197e-01
8.306913827655311167e+00 1.236993849001820633e-01
8.309498997995991232e+00 1.236992283628716438e-01
8.312084168336673073e+00 1.237041348336192920e-01
8.314669338677354915e+00 1.237086285773832256e-01
8.317254509018034980e+00 1.237115742235112420e-01
8.319839679358716822e+00 1.237119015685844703e-01
8.322424849699398663e+00 1.237112232384603439e-01
8.325010020040080505e+00 1.237086993634637783e-01
8.327595190380760570e+00 1.237051903130280267e-01
8.330180360721442412e+00 1.237018382548700224e-01
8.332765531062124253e+00 1.236984121882211685e-01
8.335350701402806095e+00 1.236948150964438942e-01
8.337935871743486160e+00 1.236923145269105129e-01
8.340521042084168002e+00 1.236924347513670835e-01
8.343106212424849844e+00 1.236911376673037882e-01
8.345691382765529909e+00 1.236940186258230906e-01
8.348276553106211750e+00 1.236990431969383075e-01
8.350861723446893592e+00 1.237018851332740144e-01
8.353446893787575434e+00 1.237125492254770587e-01
8.356032064128255499e+00 1.237231620041087665e-01
8.358617234468937340e+00 1.237362869866646675e-01
8.361202404809619182e+00 1.237619287736654167e-01
8.363787575150301024e+00 1.237886851644161845e-01
8.366372745490981089e+00 1.238255404296326329e-01
8.368957915831662930e+00 1.238713126892055372e-01
8.371543086172344772e+00 1.239192793713856378e-01
8.374128256513024837e+00 1.239661305553273613e-01
8.376713426853706679e+00 1.240143919851060816e-01
8.379298597194388520e+00 1.240635860673264396e-01
8.381883767535070362e+00 1.241105000495436178e-01
8.384468937875750427e+00 1.241578081353216512e-01
8.387054108216432269e+00 1.241980427034648227e-01
8.389639278557114110e+00 1.242315239971038959e-01
8.392224448897795952e+00 1.242641700264579818e-01
8.394809619238476017e+00 1.242796093128940571e-01
8.397394789579157859e+00 1.242910839835477538e-01
8.399979959919839700e+00 1.243005191634505707e-01
8.402565130260519766e+00 1.243067257006588017e-01
8.405150300601201607e+00 1.243109900437594645e-01
8.407735470941883449e+00 1.243142588978806695e-01
8.410320641282565290e+00 1.243172197588312683e-01
8.412905811623245356e+00 1.243191273773236183e-01
8.415490981963927197e+00 1.243287488729745288e-01
8.418076152304609039e+00 1.243395949086346652e-01
8.420661322645290880e+00 1.243545747020652625e-01
8.423246492985970946e+00 1.243844758869289968e-01
8.425831663326652787e+00 1.244150090038985551e-01
8.428416833667334629e+00 1.244498909534289960e-01
8.431002004008016470e+00 1.244883759241088572e-01
8.433587174348696536e+00 1.245273875153181525e-01
8.436172344689378377e+00 1.245736122562821763e-01
8.438757515030060219e+00 1.246210790803235630e-01
8.441342685370740284e+00 1.246691972161378392e-01
8.443927855711422126e+00 1.247189676382654960e-01
8.446513026052103967e+00 1.247688253432127498e-01
8.449098196392785809e+00 1.248212037373171851e-01
8.451683366733465874e+00 1.248760788264133004e-01
8.454268537074147716e+00 1.249311032812275568e-01
8.456853707414829557e+00 1.249799113870947720e-01
8.459438877755511399e+00 1.250276857978047107e-01
8.462024048096191464e+00 1.250744936850798072e-01
8.464609218436873306e+00 1.251180288364842352e-01
8.467194388777555147e+00 1.251612169688833542e-01
8.469779559118236989e+00 1.252032791985855653e-01
8.472364729458917054e+00 1.252443258090832623e-01
8.474949899799598896e+00 1.252847652172819626e-01
8.477535070140280737e+00 1.253171797281635302e-01
8.480120240480960803e+00 1.253478414230937976e-01
8.482705410821642644e+00 1.253776982707066612e-01
8.485290581162324486e+00 1.254061094929455333e-01
8.487875751503006327e+00 1.254340868476125914e-01
8.490460921843686393e+00 1.254589165583993859e-01
8.493046092184368234e+00 1.254807398582994393e-01
8.495631262525050076e+00 1.255027655045146684e-01
8.498216432865731917e+00 1.255170368202835340e-01
8.500801603206411983e+00 1.255243402192474378e-01
8.503386773547093824e+00 1.255176873031594864e-01
8.505971943887775666e+00 1.255049760376035772e-01
8.508557114228455731e+00 1.254932934815003731e-01
8.511142284569137573e+00 1.254864651628077588e-01
8.513727454909819414e+00 1.254843851818528422e-01
8.516312625250501256e+00 1.254833285846970459e-01
8.518897795591181321e+00 1.254933454899354595e-01
8.521482965931863163e+00 1.255061572513830048e-01
8.524068136272545004e+00 1.255209691440994646e-01
8.526653306613226846e+00 1.255429681960252841e-01
8.529238476953906911e+00 1.255651115384258110e-01
8.531823647294588753e+00 1.255976397946588496e-01
8.534408817635270594e+00 1.256396262624553672e-01
8.536993987975950660e+00 1.256810097829013373e-01
8.539579158316632501e+00 1.257270175396069389e-01
8.542164328657314343e+00 1.257730726587939496e-01
8.544749498997996184e+00 1.258174762411238268e-01
8.547334669338676250e+00 1.258573788723660325e-01
8.549919839679358091e+00 1.258968293245908421e-01
8.552505010020039933e+00 1.259337850783229795e-01
8.555090180360721774e+00 1.259684864514208358e-01
8.557675350701401840e+00 1.260035021388331011e-01
8.560260521042083681e+00 1.260251081573460219e-01
8.562845691382765523e+00 1.260448598251324159e-01
8.565430861723445588e+00 1.260626522164709218e-01
8.568016032064127430e+00 1.260671532457645072e-01
8.570601202404809271e+00 1.260722962653699208e-01
8.573186372745491113e+00 1.260790117278692835e-01
8.575771543086171178e+00 1.260869890320835407e-01
8.578356713426853020e+00 1.260951775828134114e-01
8.580941883767534861e+00 1.261057712798905883e-01
8.583527054108216703e+00 1.261169279324352577e-01
8.586112224448896768e+00 1.261291334978984213e-01
8.588697394789578610e+00 1.261480054624678215e-01
8.591282565130260451e+00 1.261666664167887253e-01
8.593867735470940517e+00 1.261964626931624811e-01
8.596452905811622358e+00 1.262378973581266273e-01
8.599038076152304200e+00 1.262792898913964734e-01
8.601623246492986041e+00 1.263198548104174923e-01
8.604208416833666107e+00 1.263605391126698119e-01
8.606793587174347948e+00 1.264009437521405321e-01
8.609378757515029790e+00 1.264385213547861708e-01
8.611963927855711631e+00 1.264763126059063325e-01
8.614549098196391697e+00 1.265126876698507985e-01
8.617134268537073538e+00 1.265475027782588802e-01
8.619719438877755380e+00 1.265825321638025802e-01
8.622304609218435445e+00 1.266157157600703298e-01
8.624889779559117287e+00 1.266486050890904824e-01
8.627474949899799128e+00 1.266815018451980801e-01
8.630060120240480970e+00 1.267131863135249892e-01
8.632645290581161035e+00 1.267450895532421240e-01
8.635230460921842877e+00 1.267738769890548456e-01
8.637815631262524718e+00 1.267992982285620074e-01
8.640400801603206560e+00 1.268253300385466797e-01
8.642985971943886625e+00 1.268546511849283909e-01
8.645571142284568467e+00 1.268856028574382455e-01
8.648156312625250308e+00 1.269161169935694444e-01
8.650741482965930373e+00 1.269393778557176833e-01
8.653326653306612215e+00 1.269636362688036646e-01
8.655911823647294057e+00 1.269842750515586260e-01
8.658496993987975898e+00 1.270001670292625340e-01
8.661082164328657740e+00 1.270161803367314546e-01
8.663667334669337805e+00 1.270311736548727644e-01
8.666252505010019647e+00 1.270452484064879539e-01
8.668837675350701488e+00 1.270587654496472263e-01
8.671422845691381553e+00 1.270721067455185815e-01
8.674008016032063395e+00 1.270846376746563311e-01
8.676593186372745237e+00 1.270970333099078475e-01
8.679178356713427078e+00 1.271096690767596071e-01
8.681763527054107143e+00 1.271218107454155088e-01
8.684348697394788985e+00 1.271342057118713953e-01
8.686933867735470827e+00 1.271464884172690823e-01
8.689519038076152668e+00 1.271585014649331824e-01
8.692104208416832734e+00 1.271691012852651237e-01
8.694689378757514575e+00 1.271797125690685426e-01
8.697274549098196417e+00 1.271910754867605908e-01
8.699859719438876482e+00 1.272031856166368213e-01
8.702444889779558324e+00 1.272146852974135045e-01
8.705030060120240165e+00 1.272250729184123685e-01
8.707615230460922007e+00 1.272355078778818482e-01
8.710200400801602072e+00 1.272469199446169263e-01
8.712785571142283914e+00 1.272611680744549223e-01
8.715370741482965755e+00 1.272762480876752089e-01
8.717955911823647597e+00 1.272915034903925602e-01
8.720541082164327662e+00 1.273068742314655832e-01
8.723126252505009504e+00 1.273229649536098129e-01
8.725711422845691345e+00 1.273368075349382011e-01
8.728296593186371410e+00 1.273501000950236495e-01
8.730881763527053252e+00 1.273631493597255915e-01
8.733466933867735094e+00 1.273719380242629706e-01
8.736052104208416935e+00 1.273804726469910109e-01
8.738637274549097000e+00 1.273850560595101156e-01
8.741222444889778842e+00 1.273844656023705169e-01
8.743807615230460684e+00 1.273834304431838149e-01
8.746392785571142525e+00 1.273732513541930567e-01
8.748977955911822590e+00 1.273600858866683616e-01
8.751563126252504432e+00 1.273473366710946020e-01
8.754148296593186274e+00 1.273357040322645739e-01
8.756733466933866339e+00 1.273238214268803403e-01
8.759318637274548180e+00 1.273114478011037054e-01
8.761903807615230022e+00 1.272985844013310164e-01
8.764488977955911864e+00 1.272856764148720399e-01
8.767074148296591929e+00 1.272712281092803488e-01
8.769659318637273770e+00 1.272562367765426028e-01
8.772244488977955612e+00 1.272411467901232440e-01
8.774829659318637454e+00 1.272255798876142929e-01
8.777414829659317519e+00 1.272099291257953457e-01
8.779999999999999361e+00 1.271923592184050489e-01
