4.306729999999999947e+00 1.272749999999999992e-01
4.414640000000000342e+00 1.186809999999999948e-01
4.553849999999999731e+00 1.086180000000000062e-01
4.674760000000000026e+00 1.007429999999999992e-01
4.777870000000000061e+00 9.461429999999999840e-02
4.862940000000000040e+00 8.993710000000000593e-02
4.950420000000000265e+00 8.546270000000000255e-02
5.036500000000000199e+00 8.137239999999999751e-02
5.114980000000000082e+00 7.789759999999999740e-02
5.185800000000000409e+00 7.495770000000000211e-02
5.248639999999999972e+00 7.249759999999999538e-02
5.315500000000000114e+00 7.002460000000000628e-02
5.389190000000000147e+00 6.746349999999999569e-02
5.451150000000000162e+00 6.543619999999999992e-02
5.513410000000000366e+00 6.350930000000000464e-02
5.575990000000000002e+00 6.167840000000000128e-02
5.633309999999999818e+00 6.008949999999999708e-02
5.691139999999999866e+00 5.856800000000000200e-02
5.753720000000000390e+00 5.700910000000000005e-02
5.811840000000000117e+00 5.563839999999999758e-02
5.866939999999999600e+00 5.440400000000000097e-02
5.917810000000000237e+00 5.331799999999999734e-02
5.967369999999999841e+00 5.230719999999999814e-02
6.017759999999999998e+00 5.132479999999999681e-02
6.068469999999999587e+00 5.038030000000000286e-02
6.123090000000000366e+00 4.941000000000000253e-02
6.177640000000000242e+00 4.848729999999999707e-02
6.223130000000000273e+00 4.775109999999999771e-02
6.268629999999999924e+00 4.704400000000000248e-02
6.313780000000000392e+00 4.636959999999999693e-02
6.358850000000000335e+00 4.572230000000000044e-02
6.403970000000000162e+00 4.509889999999999732e-02
6.449130000000000251e+00 4.449859999999999927e-02
6.492440000000000211e+00 4.394390000000000102e-02
6.534159999999999968e+00 4.342830000000000301e-02
6.576609999999999623e+00 4.292139999999999844e-02
6.626170000000000115e+00 4.235130000000000144e-02
6.675290000000000390e+00 4.180799999999999794e-02
6.717010000000000147e+00 4.136259999999999937e-02
6.758729999999999905e+00 4.093129999999999685e-02
6.797950000000000159e+00 4.053790000000000171e-02
6.835580000000000211e+00 4.017099999999999838e-02
6.873879999999999768e+00 3.980770000000000142e-02
6.915600000000000414e+00 3.942299999999999971e-02
6.957320000000000171e+00 3.904919999999999919e-02
6.998739999999999739e+00 3.868819999999999898e-02
7.040049999999999919e+00 3.833779999999999827e-02
7.080350000000000144e+00 3.800479999999999831e-02
7.117980000000000196e+00 3.770110000000000128e-02
7.155599999999999739e+00 3.740419999999999856e-02
7.193970000000000198e+00 3.710800000000000209e-02
7.232490000000000308e+00 3.681700000000000250e-02
7.270019999999999705e+00 3.653929999999999678e-02
7.303060000000000329e+00 3.629910000000000081e-02
7.336109999999999687e+00 3.606299999999999784e-02
7.369849999999999568e+00 3.582579999999999792e-02
7.408360000000000056e+00 3.555959999999999677e-02
7.446860000000000035e+00 3.529809999999999892e-02
7.483570000000000277e+00 3.505289999999999795e-02
7.518299999999999983e+00 3.482419999999999960e-02
7.553029999999999688e+00 3.459879999999999900e-02
7.586369999999999614e+00 3.438510000000000177e-02
7.619410000000000238e+00 3.417590000000000211e-02
7.652459999999999596e+00 3.396919999999999801e-02
7.685769999999999769e+00 3.376309999999999728e-02
7.719140000000000335e+00 3.355890000000000262e-02
7.752519999999999634e+00 3.335670000000000301e-02
7.785660000000000025e+00 3.315799999999999997e-02
7.818690000000000140e+00 3.296169999999999656e-02
7.851729999999999876e+00 3.276720000000000327e-02
7.884490000000000443e+00 3.257600000000000079e-02
7.917099999999999582e+00 3.238719999999999793e-02
7.949709999999999610e+00 3.219989999999999658e-02
7.980999999999999872e+00 3.202139999999999848e-02
8.011979999999999436e+00 3.184590000000000337e-02
8.042970000000000397e+00 3.167160000000000114e-02
8.073949999999999960e+00 3.149829999999999991e-02
8.104929999999999524e+00 3.132610000000000255e-02
8.135910000000000863e+00 3.115489999999999926e-02
8.166980000000000572e+00 3.098419999999999994e-02
8.198270000000000834e+00 3.081319999999999892e-02
8.229559999999999320e+00 3.064309999999999951e-02
8.260809999999999320e+00 3.047400000000000109e-02
8.290919999999999845e+00 3.031199999999999867e-02
8.321020000000000749e+00 3.015069999999999903e-02
8.351129999999999498e+00 2.999009999999999870e-02
8.380589999999999762e+00 2.983359999999999831e-02
8.410040000000000404e+00 2.967790000000000011e-02
8.439479999999999649e+00 2.952290000000000122e-02
8.468790000000000262e+00 2.936920000000000155e-02
8.497949999999999449e+00 2.921690000000000051e-02
8.527120000000000033e+00 2.906519999999999937e-02
8.556240000000000734e+00 2.891430000000000042e-02
8.584459999999999980e+00 2.876859999999999834e-02
8.612679999999999225e+00 2.862349999999999964e-02
8.640900000000000247e+00 2.847900000000000084e-02
8.670090000000000074e+00 2.833010000000000042e-02
8.699529999999999319e+00 2.818050000000000069e-02
8.728979999999999961e+00 2.803140000000000145e-02
8.757350000000000634e+00 2.788840000000000069e-02
8.783440000000000580e+00 2.775740000000000152e-02
8.809530000000000527e+00 2.762689999999999937e-02
8.835620000000000474e+00 2.749679999999999833e-02
8.861829999999999430e+00 2.736670000000000075e-02
8.888170000000000570e+00 2.723640000000000089e-02
8.914509999999999934e+00 2.710660000000000153e-02
8.940860000000000696e+00 2.697739999999999860e-02
8.967330000000000467e+00 2.684800000000000034e-02
8.993900000000000006e+00 2.671870000000000148e-02
9.020459999999999923e+00 2.658999999999999905e-02
9.046969999999999956e+00 2.646209999999999882e-02
9.073069999999999524e+00 2.633680000000000049e-02
9.099159999999999471e+00 2.621209999999999860e-02
9.125249999999999417e+00 2.608790000000000067e-02
9.150790000000000646e+00 2.596690000000000109e-02
9.174630000000000507e+00 2.585449999999999901e-02
9.198470000000000368e+00 2.574260000000000090e-02
9.222300000000000608e+00 2.563119999999999982e-02
9.246140000000000470e+00 2.552039999999999864e-02
9.273540000000000560e+00 2.539359999999999881e-02
9.301080000000000680e+00 2.526689999999999839e-02
9.328620000000000800e+00 2.514090000000000075e-02
9.355510000000000659e+00 2.501859999999999848e-02
9.380869999999999820e+00 2.490389999999999965e-02
9.406230000000000757e+00 2.478990000000000013e-02
9.431589999999999918e+00 2.467650000000000052e-02
9.456590000000000273e+00 2.456540000000000112e-02
9.481379999999999697e+00 2.445589999999999917e-02
9.506159999999999499e+00 2.434700000000000059e-02
9.530950000000000699e+00 2.423890000000000072e-02
9.554059999999999775e+00 2.413859999999999964e-02
9.575829999999999842e+00 2.404469999999999871e-02
9.597590000000000288e+00 2.395140000000000116e-02
9.619360000000000355e+00 2.385860000000000064e-02
9.641130000000000422e+00 2.376640000000000003e-02
9.664630000000000720e+00 2.366740000000000163e-02
9.688399999999999679e+00 2.356789999999999927e-02
9.712160000000000792e+00 2.346919999999999909e-02
9.735929999999999751e+00 2.337109999999999882e-02
9.760709999999999553e+00 2.326960000000000139e-02
9.785500000000000753e+00 2.316879999999999981e-02
9.810280000000000555e+00 2.306870000000000101e-02
9.835069999999999979e+00 2.296950000000000033e-02
9.857979999999999521e+00 2.287840000000000013e-02
9.880729999999999791e+00 2.278859999999999914e-02
9.903480000000000061e+00 2.269950000000000093e-02
9.926239999999999952e+00 2.261109999999999856e-02
9.948890000000000455e+00 2.252370000000000066e-02
9.971429999999999794e+00 2.243739999999999971e-02
9.993959999999999511e+00 2.235180000000000153e-02
1.001650000000000063e+01 2.226679999999999979e-02
1.003899999999999970e+01 2.218260000000000023e-02
1.006060000000000088e+01 2.210260000000000002e-02
1.008210000000000051e+01 2.202350000000000141e-02
1.010360000000000014e+01 2.194489999999999982e-02
1.012509999999999977e+01 2.186700000000000102e-02
1.014739999999999931e+01 2.178669999999999912e-02
1.017019999999999946e+01 2.170559999999999851e-02
1.019289999999999985e+01 2.162520000000000067e-02
1.021570000000000000e+01 2.154539999999999927e-02
1.023820000000000086e+01 2.146719999999999878e-02
1.025980000000000025e+01 2.139310000000000170e-02
1.028129999999999988e+01 2.131950000000000164e-02
1.030289999999999928e+01 2.124660000000000090e-02
1.032440000000000069e+01 2.117430000000000007e-02
1.034559999999999924e+01 2.110379999999999895e-02
1.036650000000000027e+01 2.103500000000000161e-02
1.038729999999999976e+01 2.096670000000000131e-02
1.040820000000000078e+01 2.089910000000000032e-02
1.042910000000000004e+01 2.083199999999999982e-02
1.044969999999999999e+01 2.076619999999999855e-02
1.047020000000000017e+01 2.070139999999999827e-02
1.049080000000000013e+01 2.063709999999999850e-02
1.051130000000000031e+01 2.057329999999999923e-02
1.053190000000000026e+01 2.051000000000000045e-02
1.055269999999999975e+01 2.044630000000000059e-02
1.057360000000000078e+01 2.038320000000000062e-02
1.059440000000000026e+01 2.032070000000000057e-02
1.061529999999999951e+01 2.025870000000000101e-02
1.063610000000000078e+01 2.019740000000000077e-02
1.065680000000000049e+01 2.013710000000000153e-02
1.067740000000000045e+01 2.007729999999999931e-02
1.069810000000000016e+01 2.001800000000000107e-02
1.071870000000000012e+01 1.995929999999999926e-02
1.073859999999999992e+01 1.990319999999999936e-02
1.075719999999999921e+01 1.985129999999999881e-02
1.077570000000000050e+01 1.979979999999999934e-02
1.079420000000000002e+01 1.974880000000000038e-02
1.081279999999999930e+01 1.969809999999999964e-02
1.083130000000000059e+01 1.964789999999999939e-02
1.085239999999999938e+01 1.959119999999999959e-02
1.087390000000000079e+01 1.953389999999999987e-02
1.089540000000000042e+01 1.947710000000000066e-02
1.091690000000000005e+01 1.942079999999999848e-02
1.093699999999999939e+01 1.936859999999999971e-02
1.095609999999999928e+01 1.931949999999999987e-02
1.097509999999999941e+01 1.927070000000000172e-02
1.099419999999999931e+01 1.922240000000000060e-02
1.101329999999999920e+01 1.917429999999999829e-02
1.103219999999999956e+01 1.912700000000000164e-02
1.105070000000000086e+01 1.908100000000000074e-02
1.106930000000000014e+01 1.903530000000000152e-02
1.108779999999999966e+01 1.898990000000000053e-02
1.110640000000000072e+01 1.894480000000000122e-02
1.112490000000000023e+01 1.890000000000000013e-02
1.114429999999999943e+01 1.885349999999999873e-02
1.116389999999999993e+01 1.880669999999999911e-02
1.118360000000000021e+01 1.876020000000000118e-02
1.120320000000000071e+01 1.871410000000000087e-02
1.122269999999999968e+01 1.866850000000000107e-02
1.124109999999999943e+01 1.862580000000000138e-02
1.125939999999999941e+01 1.858349999999999932e-02
1.127779999999999916e+01 1.854130000000000014e-02
1.129609999999999914e+01 1.849939999999999918e-02
1.131450000000000067e+01 1.845770000000000050e-02
1.133259999999999934e+01 1.841689999999999994e-02
1.135040000000000049e+01 1.837669999999999929e-02
1.136829999999999963e+01 1.833670000000000092e-02
1.138620000000000054e+01 1.829690000000000136e-02
1.140409999999999968e+01 1.825720000000000121e-02
1.142200000000000060e+01 1.821779999999999927e-02
1.144030000000000058e+01 1.817749999999999921e-02
1.145860000000000056e+01 1.813729999999999856e-02
1.147700000000000031e+01 1.809730000000000019e-02
1.149530000000000030e+01 1.805740000000000123e-02
1.151370000000000005e+01 1.801770000000000108e-02
1.153200000000000003e+01 1.797810000000000033e-02
1.155030000000000001e+01 1.793890000000000068e-02
1.156859999999999999e+01 1.789970000000000103e-02
1.158680000000000021e+01 1.786070000000000019e-02
1.160510000000000019e+01 1.782169999999999935e-02
1.162299999999999933e+01 1.778360000000000010e-02
1.164010000000000034e+01 1.774730000000000057e-02
1.165719999999999956e+01 1.771110000000000045e-02
1.167430000000000057e+01 1.767499999999999974e-02
1.169139999999999979e+01 1.763889999999999902e-02
1.170850000000000080e+01 1.760279999999999831e-02
1.172579999999999956e+01 1.756620000000000056e-02
1.174370000000000047e+01 1.752859999999999835e-02
1.176159999999999961e+01 1.749099999999999960e-02
1.177950000000000053e+01 1.745350000000000026e-02
1.179739999999999966e+01 1.741600000000000092e-02
1.181520000000000081e+01 1.737850000000000159e-02
1.183259999999999934e+01 1.734209999999999918e-02
1.184970000000000034e+01 1.730630000000000016e-02
1.186679999999999957e+01 1.727040000000000172e-02
1.188390000000000057e+01 1.723459999999999923e-02
1.190099999999999980e+01 1.719870000000000079e-02
1.191810000000000080e+01 1.716279999999999889e-02
1.193440000000000012e+01 1.712850000000000136e-02
1.195049999999999990e+01 1.709460000000000146e-02
1.196669999999999945e+01 1.706059999999999868e-02
1.198279999999999923e+01 1.702669999999999878e-02
1.199890000000000079e+01 1.699269999999999947e-02
1.201510000000000034e+01 1.695839999999999848e-02
1.203299999999999947e+01 1.692060000000000092e-02
1.205090000000000039e+01 1.688270000000000048e-02
1.206879999999999953e+01 1.684480000000000005e-02
1.208670000000000044e+01 1.680680000000000021e-02
1.210449999999999982e+01 1.676870000000000097e-02
1.212170000000000059e+01 1.673200000000000034e-02
1.213770000000000060e+01 1.669779999999999875e-02
1.215370000000000061e+01 1.666360000000000063e-02
1.216970000000000063e+01 1.662920000000000023e-02
1.218570000000000064e+01 1.659479999999999983e-02
1.220170000000000066e+01 1.656030000000000002e-02
1.221770000000000067e+01 1.652580000000000021e-02
1.223380000000000045e+01 1.649079999999999990e-02
1.225000000000000000e+01 1.645570000000000019e-02
1.226609999999999978e+01 1.642050000000000107e-02
1.228229999999999933e+01 1.638529999999999848e-02
1.229840000000000089e+01 1.634990000000000054e-02
1.231460000000000043e+01 1.631449999999999914e-02
1.233120000000000083e+01 1.627800000000000080e-02
1.234789999999999921e+01 1.624110000000000137e-02
1.236459999999999937e+01 1.620409999999999906e-02
1.238129999999999953e+01 1.616700000000000081e-02
1.239809999999999945e+01 1.612979999999999969e-02
1.241440000000000055e+01 1.609340000000000076e-02
1.242939999999999934e+01 1.605979999999999908e-02
1.244439999999999991e+01 1.602610000000000146e-02
1.245950000000000024e+01 1.599240000000000037e-02
1.247450000000000081e+01 1.595859999999999987e-02
1.248949999999999960e+01 1.592469999999999997e-02
1.250450000000000017e+01 1.589070000000000066e-02
1.252009999999999934e+01 1.585529999999999926e-02
1.253630000000000067e+01 1.581859999999999863e-02
1.255240000000000045e+01 1.578179999999999861e-02
1.256859999999999999e+01 1.574489999999999917e-02
1.258469999999999978e+01 1.570799999999999974e-02
1.260089999999999932e+01 1.567100000000000090e-02
1.261679999999999957e+01 1.563430000000000028e-02
1.263189999999999991e+01 1.559969999999999933e-02
1.264690000000000047e+01 1.556500000000000071e-02
1.266200000000000081e+01 1.553019999999999921e-02
1.267699999999999960e+01 1.549539999999999945e-02
1.269209999999999994e+01 1.546059999999999969e-02
1.270710000000000051e+01 1.542570000000000052e-02
1.272230000000000061e+01 1.539049999999999967e-02
1.273750000000000071e+01 1.535519999999999941e-02
1.275259999999999927e+01 1.532000000000000028e-02
1.276779999999999937e+01 1.528470000000000002e-02
1.278299999999999947e+01 1.524939999999999976e-02
1.279809999999999981e+01 1.521409999999999950e-02
1.281339999999999968e+01 1.517849999999999928e-02
1.282890000000000086e+01 1.514249999999999971e-02
1.284440000000000026e+01 1.510640000000000073e-02
1.285989999999999966e+01 1.507039999999999942e-02
1.287540000000000084e+01 1.503439999999999985e-02
1.289090000000000025e+01 1.499840000000000027e-02
1.290639999999999965e+01 1.496250000000000011e-02
1.292159999999999975e+01 1.492719999999999984e-02
1.293679999999999986e+01 1.489219999999999954e-02
1.295190000000000019e+01 1.485719999999999923e-02
1.296710000000000029e+01 1.482230000000000006e-02
1.298230000000000040e+01 1.478739999999999916e-02
1.299750000000000050e+01 1.475270000000000054e-02
1.301249999999999929e+01 1.471830000000000013e-02
1.302660000000000018e+01 1.468619999999999995e-02
1.304069999999999929e+01 1.465430000000000031e-02
1.305480000000000018e+01 1.462240000000000067e-02
1.306900000000000084e+01 1.459069999999999985e-02
1.308309999999999995e+01 1.455910000000000017e-02
1.309720000000000084e+01 1.452769999999999929e-02
1.311180000000000057e+01 1.449529999999999916e-02
1.312679999999999936e+01 1.446219999999999971e-02
1.314189999999999969e+01 1.442940000000000021e-02
1.315690000000000026e+01 1.439679999999999953e-02
1.317190000000000083e+01 1.436439999999999939e-02
1.318689999999999962e+01 1.433229999999999921e-02
1.320190000000000019e+01 1.430039999999999957e-02
1.321630000000000038e+01 1.427020000000000025e-02
1.323060000000000080e+01 1.424040000000000028e-02
1.324499999999999922e+01 1.421090000000000027e-02
1.325929999999999964e+01 1.418179999999999961e-02
1.327360000000000007e+01 1.415289999999999951e-02
1.328790000000000049e+01 1.412440000000000050e-02
1.330219999999999914e+01 1.409630000000000084e-02
1.331610000000000049e+01 1.406929999999999986e-02
1.332980000000000054e+01 1.404290000000000052e-02
1.334360000000000035e+01 1.401690000000000054e-02
1.335740000000000016e+01 1.399129999999999992e-02
1.337119999999999997e+01 1.396610000000000039e-02
1.338490000000000002e+01 1.394130000000000022e-02
1.339869999999999983e+01 1.391700000000000055e-02
1.341259999999999941e+01 1.389289999999999969e-02
1.342670000000000030e+01 1.386889999999999998e-02
1.344079999999999941e+01 1.384550000000000017e-02
1.345490000000000030e+01 1.382249999999999972e-02
1.346899999999999942e+01 1.380020000000000031e-02
1.348320000000000007e+01 1.377839999999999968e-02
1.349729999999999919e+01 1.375730000000000008e-02
1.351120000000000054e+01 1.373699999999999921e-02
1.352510000000000012e+01 1.371739999999999939e-02
1.353899999999999970e+01 1.369839999999999947e-02
1.355289999999999928e+01 1.368020000000000000e-02
1.356680000000000064e+01 1.366260000000000044e-02
1.358070000000000022e+01 1.364570000000000019e-02
1.359459999999999980e+01 1.362960000000000040e-02
1.360849999999999937e+01 1.361429999999999932e-02
1.362219999999999942e+01 1.359980000000000043e-02
1.363599999999999923e+01 1.358619999999999967e-02
1.364980000000000082e+01 1.357339999999999935e-02
1.366350000000000087e+01 1.356139999999999950e-02
1.367730000000000068e+01 1.355029999999999950e-02
1.369110000000000049e+01 1.354009999999999936e-02
1.370480000000000054e+01 1.353090000000000022e-02
1.371829999999999927e+01 1.352270000000000034e-02
1.373189999999999955e+01 1.351549999999999974e-02
1.374540000000000006e+01 1.350920000000000072e-02
1.375890000000000057e+01 1.350400000000000038e-02
1.377250000000000085e+01 1.349969999999999989e-02
1.378599999999999959e+01 1.349649999999999982e-02
1.379950000000000010e+01 1.349449999999999955e-02
1.381259999999999977e+01 1.349350000000000029e-02
1.382549999999999990e+01 1.349359999999999969e-02
1.383840000000000003e+01 1.349470000000000010e-02
1.385130000000000017e+01 1.349700000000000032e-02
1.386420000000000030e+01 1.350039999999999921e-02
1.387710000000000043e+01 1.350490000000000024e-02
