4.799999999999999822e+00 3.149565239140936386e-05
4.804408817635270168e+00 3.839098463175097387e-05
4.808817635270540514e+00 4.550117258196265400e-05
4.813226452905811747e+00 5.282402847538187750e-05
4.817635270541082093e+00 6.036088560142888562e-05
4.822044088176352439e+00 7.320807774079087697e-05
4.826452905811622784e+00 9.242114349897424732e-05
4.830861723446894018e+00 1.122000888750866824e-04
4.835270541082164364e+00 1.325430777214078903e-04
4.839679358717434710e+00 1.539572117013223557e-04
4.844088176352705055e+00 2.019734680439050779e-04
4.848496993987975401e+00 2.537262038247818847e-04
4.852905811623246635e+00 3.072498882865388331e-04
4.857314629258516980e+00 3.625481031284623931e-04
4.861723446893787326e+00 4.361715057814132880e-04
4.866132264529057672e+00 5.383883800682577863e-04
4.870541082164328905e+00 6.438592934571955992e-04
4.874949899799599251e+00 7.525647065927123461e-04
4.879358717434869597e+00 8.645338034058815471e-04
4.883767535070139942e+00 9.722552552831439021e-04
4.888176352705410288e+00 1.081720468964632526e-03
4.892585170340681522e+00 1.190384211186217445e-03
4.896993987975951867e+00 1.298544209441445741e-03
4.901402805611222213e+00 1.397448244718113314e-03
4.905811623246492559e+00 1.473796666406324962e-03
4.910220440881763793e+00 1.551413747726532351e-03
4.914629258517034138e+00 1.630325403639883413e-03
4.919038076152304484e+00 1.710512807610787027e-03
4.923446893787574830e+00 1.813975523138015768e-03
4.927855711422845175e+00 1.925339261541238189e-03
4.932264529058116409e+00 2.038519915559483617e-03
4.936673346693386755e+00 2.153520620584129571e-03
4.941082164328657100e+00 2.297598060380491494e-03
4.945490981963927446e+00 2.528563884628488682e-03
4.949899799599197792e+00 2.763459328656381851e-03
4.954308617234469025e+00 3.002312866841824485e-03
4.958717434869739371e+00 3.245117614516414804e-03
4.963126252505009717e+00 3.670159020643889904e-03
4.967535070140280062e+00 4.176186755933244954e-03
4.971943887775551296e+00 4.690864300279032860e-03
4.976352705410821642e+00 5.234429493517196372e-03
4.980761523046091988e+00 5.911270016442455623e-03
4.985170340681362333e+00 7.101563077935631012e-03
4.989579158316633567e+00 8.326257411636639807e-03
4.993987975951903913e+00 9.585433909488842719e-03
4.998396793587174258e+00 1.087918164697660763e-02
5.002805611222444604e+00 1.310057128093265570e-02
5.007214428857714950e+00 1.590143441251750875e-02
5.011623246492986183e+00 1.877934874924352265e-02
5.016032064128256529e+00 2.173452796287656322e-02
5.020440881763526875e+00 2.501103566536615197e-02
5.024849699398797220e+00 3.059790075370572016e-02
5.029258517034067566e+00 3.633192624419329109e-02
5.033667334669338800e+00 4.221351781473311332e-02
5.038076152304609145e+00 4.824308123296210116e-02
5.042484969939879491e+00 5.533491157065283800e-02
5.046893787575149837e+00 6.331692065358096588e-02
5.051302605210421071e+00 7.149150159072696631e-02
5.055711422845691416e+00 7.979593907111269535e-02
5.060120240480961762e+00 8.785265369310406303e-02
5.064529058116232108e+00 9.350272378591928391e-02
5.068937875751502453e+00 9.923231660024196821e-02
5.073346693386773687e+00 1.050416357298677023e-01
5.077755511022044033e+00 1.109308848120571928e-01
5.082164328657314378e+00 1.148125639164583184e-01
5.086573146292584724e+00 1.165606552048429195e-01
5.090981963927855958e+00 1.183235513249080162e-01
5.095390781563126303e+00 1.201012876877561031e-01
5.099799599198396649e+00 1.218938997120142809e-01
5.104208416833666995e+00 1.219658119009718045e-01
5.108617234468937340e+00 1.219432533753644909e-01
5.113026052104208574e+00 1.219082137956170458e-01
5.117434869739478920e+00 1.218606561176868719e-01
5.121843687374749265e+00 1.218430400661513480e-01
5.126252505010019611e+00 1.218730175041996405e-01
5.130661322645290845e+00 1.218918633239219895e-01
5.135070140280561191e+00 1.218995443466841383e-01
5.139478957915831536e+00 1.218960273868463229e-01
5.143887775551101882e+00 1.225503519267702179e-01
5.148296593186372228e+00 1.232933121341825561e-01
5.152705410821643461e+00 1.240360172414542855e-01
5.157114228456913807e+00 1.247784120126307073e-01
5.161523046092184153e+00 1.258704640493684135e-01
5.165931863727454498e+00 1.279555872476123290e-01
5.170340681362725732e+00 1.304739872116126020e-01
5.174749498997996078e+00 1.330178679844432887e-01
5.179158316633266423e+00 1.355872925997391731e-01
5.183567134268536769e+00 1.387099460218640945e-01
5.187975951903807115e+00 1.419971207439733596e-01
5.192384769539078349e+00 1.453259410342082336e-01
5.196793587174348694e+00 1.486965140616301195e-01
5.201202404809619040e+00 1.519907256382037330e-01
5.205611222444889385e+00 1.549939558569910225e-01
5.210020040080159731e+00 1.579584220200937472e-01
5.214428857715430965e+00 1.609534253433516637e-01
5.218837675350701311e+00 1.639790412224328697e-01
5.223246492985971656e+00 1.660164604856846082e-01
5.227655310621242002e+00 1.676942497361995354e-01
5.232064128256513236e+00 1.693733090370267980e-01
5.236472945891783581e+00 1.710536336245812028e-01
5.240881763527053927e+00 1.724422246887756249e-01
5.245290581162324273e+00 1.724210436118923939e-01
5.249699398797595506e+00 1.718449847219895299e-01
5.254108216432865852e+00 1.712521501153164982e-01
5.258517034068136198e+00 1.706425258865096051e-01
5.262925851703406543e+00 1.696926115538888169e-01
5.267334669338676889e+00 1.685572118355575522e-01
5.271743486973948123e+00 1.673992700116225529e-01
5.276152304609218469e+00 1.662187264179703639e-01
5.280561122244488814e+00 1.650529730366180337e-01
5.284969939879759160e+00 1.641231816358072193e-01
5.289378757515029505e+00 1.631739359911577592e-01
5.293787575150300739e+00 1.622051845111535662e-01
5.298196392785571085e+00 1.612011413093147605e-01
5.302605210420841431e+00 1.602828938405625459e-01
5.307014028056111776e+00 1.596604632535090773e-01
5.311422845691383010e+00 1.590309939566074138e-01
5.315831663326653356e+00 1.583944694824066524e-01
5.320240480961923701e+00 1.578115895276971103e-01
5.324649298597194047e+00 1.582779542816239449e-01
5.329058116232465281e+00 1.587446582907271198e-01
5.333466933867735627e+00 1.592117008055552452e-01
5.337875751503005972e+00 1.596790810764924518e-01
5.342284569138276318e+00 1.606815958349431805e-01
5.346693386773546663e+00 1.621868997537861679e-01
5.351102204408817897e+00 1.636990945192537406e-01
5.355511022044088243e+00 1.652176058724793006e-01
5.359919839679358589e+00 1.667433013858604651e-01
5.364328657314628934e+00 1.686256325617792318e-01
5.368737474949899280e+00 1.705239299244727391e-01
5.373146292585170514e+00 1.724317614938964682e-01
5.377555110220440859e+00 1.743491454417820108e-01
5.381963927855711205e+00 1.765849410099029626e-01
5.386372745490981551e+00 1.792206690048085971e-01
5.390781563126252784e+00 1.818741389333770886e-01
5.395190380761523130e+00 1.845453881976406862e-01
5.399599198396793476e+00 1.872344542059086736e-01
5.404008016032063821e+00 1.901207852498301709e-01
5.408416833667335055e+00 1.930446019357234810e-01
5.412825651302605401e+00 1.959880828528346719e-01
5.417234468937875747e+00 1.989512690477241164e-01
5.421643286573146092e+00 2.010797368891672765e-01
5.426052104208416438e+00 2.017775074017491288e-01
5.430460921843687672e+00 2.024768879855343706e-01
5.434869739478958017e+00 2.031778805459906190e-01
5.439278557114228363e+00 2.038804869888469207e-01
5.443687374749498709e+00 2.039951267183421624e-01
5.448096192384769054e+00 2.039931862573814147e-01
5.452505010020040288e+00 2.039889012785204014e-01
5.456913827655310634e+00 2.039824754764673342e-01
5.461322645290580979e+00 2.036163514097652505e-01
5.465731462925851325e+00 2.023193739207496678e-01
5.470140280561121671e+00 2.010175117441458381e-01
5.474549098196392904e+00 1.997107586562574533e-01
5.478957915831663250e+00 1.983991084326872933e-01
5.483366733466933596e+00 1.974547446069561951e-01
5.487775551102203941e+00 1.966021073321717605e-01
5.492184368737475175e+00 1.957234585220693213e-01
5.496593186372745521e+00 1.948187462284604599e-01
5.501002004008015867e+00 1.939276945891691417e-01
5.505410821643286212e+00 1.931596509367378145e-01
5.509819639278557446e+00 1.923881346538465487e-01
5.514228456913827792e+00 1.916131410776756305e-01
5.518637274549098137e+00 1.908346655451227669e-01
5.523046092184368483e+00 1.906883363541232168e-01
5.527454909819638829e+00 1.908255207456785174e-01
5.531863727454910062e+00 1.909623385110455485e-01
5.536272545090180408e+00 1.910987888724431094e-01
5.540681362725450754e+00 1.914772528882062730e-01
5.545090180360721099e+00 1.931843887117175584e-01
5.549498997995991445e+00 1.948964768585196572e-01
5.553907815631262679e+00 1.965822223317548745e-01
5.558316633266533024e+00 1.982312536462834396e-01
5.562725450901803370e+00 2.006283362540118298e-01
5.567134268537073716e+00 2.034914868909991625e-01
5.571543086172344950e+00 2.063616346492689047e-01
5.575951903807615295e+00 2.092387845279916336e-01
5.580360721442885641e+00 2.120711787921955582e-01
5.584769539078155987e+00 2.143287916809899496e-01
5.589178356713427220e+00 2.165917559011205085e-01
5.593587174348697566e+00 2.188600752446497322e-01
5.597995991983967912e+00 2.211337535038505608e-01
5.602404809619238257e+00 2.233832433826782871e-01
5.606813627254508603e+00 2.256133559318930781e-01
5.611222444889779837e+00 2.278486859974097889e-01
5.615631262525050182e+00 2.300892372187980095e-01
5.620040080160320528e+00 2.323268284819598184e-01
5.624448897795590874e+00 2.336763231063598845e-01
5.628857715430861219e+00 2.350286962509748889e-01
5.633266533066132453e+00 2.363839498744121359e-01
5.637675350701402799e+00 2.377420859353612248e-01
5.642084168336673144e+00 2.380059771679801373e-01
5.646492985971943490e+00 2.370445768211714710e-01
5.650901803607214724e+00 2.360805280668980821e-01
5.655310621242485070e+00 2.351153166913640125e-01
5.659719438877755415e+00 2.341469118487432832e-01
5.664128256513025761e+00 2.331734301036060553e-01
5.668537074148296995e+00 2.321769784983410412e-01
5.672945891783567340e+00 2.311780803758921032e-01
5.677354709418837686e+00 2.301767360516446259e-01
5.681763527054108032e+00 2.292133094841792840e-01
5.686172344689378377e+00 2.283081181788029490e-01
5.690581162324649611e+00 2.274006749809780181e-01
5.694989979959919957e+00 2.264909801808959455e-01
5.699398797595190302e+00 2.255790340687855999e-01
5.703807615230460648e+00 2.258654322911940182e-01
5.708216432865730994e+00 2.263416945966162941e-01
5.712625250501002228e+00 2.268184396989824658e-01
5.717034068136272573e+00 2.272956675392174830e-01
5.721442885771542919e+00 2.277348815621599576e-01
5.725851703406813265e+00 2.280952925768229556e-01
5.730260521042084498e+00 2.284559542057110759e-01
5.734669338677354844e+00 2.288168664160357413e-01
5.739078156312625190e+00 2.291780291750025456e-01
5.743486973947895535e+00 2.302626963192501430e-01
5.747895791583166769e+00 2.315404284607217311e-01
5.752304609218437115e+00 2.328201754245636801e-01
5.756713426853707460e+00 2.341019393035002616e-01
5.761122244488977806e+00 2.352897213156203426e-01
5.765531062124248152e+00 2.361978613939066107e-01
5.769939879759519386e+00 2.371073105052741437e-01
5.774348697394789731e+00 2.380180684953450976e-01
5.778757515030060077e+00 2.389301352097137621e-01
5.783166332665330422e+00 2.394524318794015449e-01
5.787575150300600768e+00 2.398216633528795771e-01
5.791983967935872002e+00 2.401911411642968508e-01
5.796392785571142348e+00 2.405608652808786385e-01
5.800801603206412693e+00 2.411530269603140431e-01
5.805210420841683039e+00 2.427467327820835574e-01
5.809619238476953385e+00 2.443511766331638302e-01
5.814028056112224618e+00 2.460080648322728603e-01
5.818436873747494964e+00 2.476683889385918880e-01
5.822845691382765310e+00 2.479385522233821249e-01
5.827254509018036543e+00 2.474423116632931408e-01
5.831663326653306889e+00 2.469442279889592085e-01
5.836072144288577235e+00 2.464443001217797857e-01
5.840480961923847580e+00 2.460220082263292196e-01
5.844889779559117926e+00 2.462479517802724782e-01
5.849298597194389160e+00 2.464738247925421510e-01
5.853707414829659506e+00 2.467010968029513251e-01
5.858116232464929851e+00 2.469285788804887194e-01
5.862525050100200197e+00 2.473829561866046078e-01
5.866933867735470542e+00 2.480073499866427833e-01
5.871342685370741776e+00 2.486326462818995719e-01
5.875751503006012122e+00 2.492588455371024803e-01
5.880160320641282468e+00 2.498068336193659256e-01
5.884569138276552813e+00 2.482564325932997695e-01
5.888977955911823159e+00 2.467016149482584852e-01
5.893386773547094393e+00 2.451423780999498758e-01
5.897795591182364738e+00 2.435787194636774566e-01
5.902204408817635084e+00 2.420067756659932678e-01
5.906613226452906318e+00 2.404265309224520863e-01
5.911022044088175775e+00 2.388418390717064188e-01
5.915430861723447009e+00 2.372526975380501446e-01
5.919839679358717355e+00 2.356591037453859561e-01
5.924248496993987700e+00 2.356962603032967118e-01
5.928657314629258934e+00 2.357947018266912664e-01
5.933066132264529280e+00 2.358927969361681032e-01
5.937474949899799626e+00 2.359905453862223834e-01
5.941883767535069971e+00 2.353376273397941587e-01
5.946292585170340317e+00 2.336756617821620641e-01
5.950701402805611551e+00 2.320092700842970868e-01
5.955110220440881896e+00 2.303387071679153797e-01
5.959519038076152242e+00 2.286636465300878607e-01
5.963927855711422588e+00 2.289859554076050796e-01
5.968336673346692933e+00 2.295539027019050382e-01
5.972745490981964167e+00 2.301226510862448282e-01
5.977154308617234513e+00 2.306922009687858155e-01
5.981563126252504858e+00 2.312888440143782698e-01
5.985971943887775204e+00 2.319342693263553579e-01
5.990380761523045550e+00 2.325806692767306560e-01
5.994789579158316783e+00 2.332280443711003404e-01
5.999198396793587129e+00 2.338763951151365816e-01
6.003607214428857475e+00 2.350222984030446438e-01
6.008016032064128709e+00 2.362806413742400968e-01
6.012424849699399054e+00 2.375411861263319324e-01
6.016833667334669400e+00 2.388039338348737217e-01
6.021242484969939746e+00 2.401442307627694728e-01
6.025651302605210091e+00 2.416636310177155689e-01
6.030060120240481325e+00 2.431596145174579338e-01
6.034468937875751671e+00 2.446578510521892347e-01
6.038877755511022016e+00 2.461583409504891073e-01
6.043286573146292362e+00 2.468907729761727066e-01
6.047695390781562708e+00 2.473608641053821611e-01
6.052104208416833941e+00 2.478305813225311349e-01
6.056513026052104287e+00 2.482998398719112043e-01
6.060921843687374633e+00 2.484825276672757433e-01
6.065330661322644978e+00 2.475785311564183133e-01
6.069739478957915324e+00 2.466726371705138532e-01
6.074148296593186558e+00 2.457648454640442293e-01
6.078557114228456904e+00 2.448551557914921128e-01
6.082965931863727249e+00 2.430074540651973036e-01
6.087374749498998483e+00 2.407004534874579993e-01
6.091783567134268829e+00 2.383891702106860355e-01
6.096192384769539174e+00 2.360736036839306273e-01
6.100601202404809520e+00 2.336356527573497377e-01
6.105010020040079866e+00 2.304445952762383953e-01
6.109418837675351099e+00 2.272477538059169411e-01
6.113827655310621445e+00 2.240451275693926270e-01
6.118236472945891791e+00 2.208367157896708455e-01
6.122645290581162136e+00 2.154019537501586368e-01
6.127054108216432482e+00 2.084759678808303096e-01
6.131462925851703716e+00 2.015378674371438861e-01
6.135871743486974061e+00 1.945876507951213585e-01
6.140280561122244407e+00 1.875215538083346012e-01
6.144689378757514753e+00 1.789150611607062125e-01
6.149098196392785098e+00 1.702936552299138262e-01
6.153507014028056332e+00 1.616553853905010885e-01
6.157915831663326678e+00 1.530019327109143346e-01
6.162324649298597024e+00 1.441010244308101318e-01
6.166733466933868257e+00 1.349761667615195226e-01
6.171142284569138603e+00 1.258358969263507765e-01
6.175551102204408949e+00 1.166802134988180056e-01
6.179959919839679294e+00 1.075091150524372791e-01
6.184368737474949640e+00 9.986864999484454386e-02
6.188777555110220874e+00 9.222951942533902381e-02
6.193186372745491219e+00 8.457754993979468838e-02
6.197595190380761565e+00 7.691274035030706835e-02
6.202004008016031911e+00 7.047825524101881955e-02
6.206412825651302256e+00 6.552600107395294138e-02
6.210821643286573490e+00 6.056540598189442959e-02
6.215230460921843836e+00 5.559646912098693827e-02
6.219639278557114181e+00 5.061918964737115167e-02
6.224048096192384527e+00 4.738292516417016986e-02
6.228456913827654873e+00 4.429722539626683442e-02
6.232865731462926107e+00 4.120633543761063194e-02
6.237274549098196452e+00 3.811025476322683903e-02
6.241683366733466798e+00 3.548730865084273600e-02
6.246092184368738032e+00 3.363503679460801837e-02
6.250501002004007489e+00 3.177959554613751791e-02
6.254909819639278723e+00 2.992065793679293817e-02
6.259318637274549069e+00 2.805865688492258439e-02
6.263727454909819414e+00 2.681194624211866162e-02
6.268136272545090648e+00 2.567630369728173684e-02
6.272545090180360994e+00 2.453878874763577161e-02
6.276953907815631339e+00 2.339940128006442674e-02
6.281362725450901685e+00 2.237653023872589533e-02
6.285771543086172031e+00 2.161682567125659815e-02
6.290180360721443265e+00 2.085586680328323575e-02
6.294589178356713610e+00 2.009365355903468958e-02
6.298997995991983956e+00 1.933018586273942130e-02
6.303406813627254301e+00 1.865785425893211683e-02
6.307815631262524647e+00 1.801159074062323034e-02
6.312224448897795881e+00 1.736424056098529942e-02
6.316633266533066227e+00 1.671580360281913272e-02
6.321042084168336572e+00 1.606044032938274205e-02
6.325450901803606918e+00 1.538509840888890867e-02
6.329859719438877264e+00 1.470862759187805367e-02
6.334268537074148497e+00 1.403102775664548559e-02
6.338677354709418843e+00 1.335229878148690326e-02
6.343086172344689189e+00 1.258245569972425530e-02
6.347494989979960422e+00 1.177365782477625411e-02
6.351903807615230768e+00 1.096327782642408065e-02
6.356312625250501114e+00 1.015130747278028718e-02
6.360721442885771459e+00 9.358645234825409623e-03
6.365130260521041805e+00 8.670692619372486268e-03
6.369539078156313039e+00 7.981525291177696269e-03
6.373947895791583385e+00 7.291142937320080515e-03
6.378356713426853730e+00 6.599545244863358820e-03
6.382765531062124076e+00 6.039964037258455966e-03
6.387174348697394421e+00 5.558634146650879605e-03
6.391583166332665655e+00 5.076457219079596843e-03
6.395991983967936001e+00 4.593433036482275598e-03
6.400400801603206347e+00 4.125934859551698419e-03
6.404809619238476692e+00 3.821491983275379298e-03
6.409218436873747038e+00 3.516509608977215137e-03
6.413627254509018272e+00 3.210987588513010676e-03
6.418036072144288617e+00 2.904925773729184930e-03
6.422444889779558963e+00 2.652331487627292237e-03
6.426853707414830197e+00 2.442712381628162326e-03
6.431262525050100543e+00 2.232723184296077357e-03
6.435671342685370888e+00 2.022363794074957810e-03
6.440080160320641234e+00 1.813342615188592898e-03
6.444488977955911579e+00 1.696293758404754555e-03
6.448897795591182813e+00 1.579038266768479108e-03
6.453306613226453159e+00 1.461578233614500193e-03
6.457715430861723505e+00 1.343911764770165749e-03
6.462124248496993850e+00 1.253420322177757227e-03
6.466533066132264196e+00 1.192243723760421335e-03
6.470941883767535430e+00 1.130958680474784209e-03
6.475350701402805775e+00 1.069565162019497397e-03
6.479759519038076121e+00 1.008063138091077433e-03
6.484168336673346467e+00 9.702886626426330706e-04
6.488577154308616812e+00 9.338233875022099737e-04
6.492985971943888046e+00 8.972933302507399116e-04
6.497394789579158392e+00 8.606984727891299133e-04
6.501803607214428737e+00 8.272040288331161282e-04
6.506212424849699971e+00 7.982619312115546775e-04
6.510621242484970317e+00 7.693191228237415994e-04
6.515030060120240663e+00 7.403666303712837151e-04
6.519438877755511008e+00 7.113858479354550658e-04
6.523847695390781354e+00 6.942020612930477775e-04
6.528256513026052588e+00 6.787396279189489680e-04
6.532665330661322933e+00 6.632784200787096660e-04
6.537074148296593279e+00 6.478184381136327039e-04
6.541482965931863625e+00 6.341111961517385430e-04
6.545891783567133970e+00 6.238604121013389004e-04
6.550300601202405204e+00 6.136100061527747975e-04
6.554709418837675550e+00 6.033579522951423770e-04
6.559118236472945895e+00 5.931065202464181393e-04
6.563527054108216241e+00 5.849940967140930363e-04
6.567935871743486587e+00 5.774165710251702660e-04
6.572344689378757820e+00 5.698393109946880541e-04
6.576753507014028166e+00 5.622623167269416621e-04
6.581162324649298512e+00 5.546166510879280013e-04
6.585571142284569746e+00 5.467787084458852233e-04
6.589979959919839203e+00 5.389410411628038806e-04
6.594388777555110437e+00 5.311036493465988439e-04
6.598797595190380783e+00 5.232665331052011384e-04
6.603206412825651128e+00 5.051647037897725578e-04
6.607615230460922362e+00 4.832143981273148464e-04
6.612024048096192708e+00 4.612650847601560159e-04
6.616432865731463053e+00 4.393167639693578070e-04
6.620841683366733399e+00 4.168289397702250733e-04
6.625250501002003745e+00 3.920515231454636124e-04
6.629659318637274978e+00 3.672752495787662600e-04
6.634068136272545324e+00 3.425001193900428591e-04
6.638476953907815670e+00 3.177261328992002170e-04
6.642885771543086015e+00 2.935177815234978559e-04
6.647294589178356361e+00 2.696084504037952719e-04
6.651703406813627595e+00 2.456990261762293632e-04
6.656112224448897940e+00 2.217892275308430846e-04
6.660521042084168286e+00 1.974220619808832568e-04
6.664929859719438632e+00 1.696315595368074879e-04
6.669338677354708977e+00 1.418430322517816528e-04
6.673747494989980211e+00 1.140564804142180034e-04
6.678156312625250557e+00 8.627190431254401135e-05
6.682565130260520903e+00 6.920904410628968674e-05
6.686973947895792136e+00 5.985193638568906012e-05
6.691382765531062482e+00 5.049549412990823850e-05
6.695791583166332828e+00 4.113971743607030998e-05
6.700200400801603173e+00 3.220980281818210719e-05
6.704609218436873519e+00 3.220932996238288614e-05
6.709018036072144753e+00 3.220885694900814047e-05
6.713426853707415098e+00 3.220838377805118201e-05
6.717835671342685444e+00 3.220791044950526837e-05
6.722244488977955790e+00 3.220742993023682289e-05
6.726653306613226135e+00 3.220694247042313872e-05
6.731062124248497369e+00 3.220645485167625808e-05
6.735470941883767715e+00 3.220596707398939795e-05
6.739879759519038060e+00 3.220547913735583625e-05
6.744288577154308406e+00 3.220500448328491927e-05
6.748697394789578752e+00 3.220453004842490930e-05
6.753106212424849986e+00 3.220389299656371536e-05
6.757515030060120331e+00 3.220318767240174478e-05
6.761923847695390677e+00 3.220247617550884835e-05
6.766332665330661911e+00 3.220175674606571891e-05
6.770741482965932256e+00 3.220103717363467983e-05
6.775150300601202602e+00 3.220031745821144850e-05
6.779559118236472948e+00 3.219959759979174231e-05
6.783967935871743293e+00 3.219887759837131256e-05
6.788376753507014527e+00 3.219815745394584953e-05
6.792785571142284873e+00 3.219743716651110452e-05
6.797194388777555218e+00 3.219671673606276104e-05
6.801603206412825564e+00 3.219617258262867719e-05
6.806012024048095910e+00 3.219593705596696581e-05
6.810420841683367144e+00 3.219570135255814193e-05
6.814829659318637489e+00 3.219546547239272557e-05
6.819238476953907835e+00 3.219522941546120961e-05
6.823647294589179069e+00 3.219494741780208537e-05
6.828056112224448526e+00 3.219465568260596505e-05
6.832464929859719760e+00 3.219436376444073314e-05
6.836873747494990106e+00 3.219411541394271602e-05
6.841282565130260451e+00 3.219381048016993079e-05
6.845691382765531685e+00 3.219293636977381862e-05
6.850100200400801143e+00 3.219205991592061981e-05
6.854509018036072376e+00 3.219109538782349167e-05
6.858917835671342722e+00 3.219013056940770465e-05
6.863326653306613068e+00 3.218915501987404615e-05
6.867735470941884302e+00 3.218817578213872707e-05
6.872144288577153759e+00 3.218719625238305315e-05
6.876553106212424993e+00 3.218621643059185234e-05
6.880961923847695338e+00 3.218523631675002035e-05
6.885370741482965684e+00 3.218425591084243256e-05
6.889779559118236918e+00 3.218327521285395756e-05
6.894188376753507264e+00 3.218229422276946397e-05
6.898597194388777609e+00 3.218131294057382716e-05
6.903006012024048843e+00 3.218044389550295622e-05
6.907414829659318301e+00 3.217962706187347307e-05
6.911823647294589534e+00 3.217880991788512783e-05
6.916232464929859880e+00 3.217799246351963813e-05
6.920641282565130226e+00 3.217717469875872163e-05
6.925050100200401459e+00 3.217635662358412984e-05
6.929458917835670917e+00 3.217553823797757363e-05
6.933867735470942151e+00 3.217471954192075708e-05
6.938276553106212496e+00 3.217390053539543172e-05
6.942685370741482842e+00 3.217308121838329487e-05
6.947094188376754076e+00 3.217226159086607770e-05
6.951503006012023533e+00 3.217148309355161303e-05
6.955911823647294767e+00 3.217078438000557352e-05
6.960320641282565113e+00 3.217008433472436969e-05
6.964729458917835458e+00 3.216937111565222319e-05
6.969138276553106692e+00 3.216865757064509186e-05
6.973547094188377038e+00 3.216794369968228098e-05
6.977955911823647384e+00 3.216722950274310261e-05
6.982364729458917729e+00 3.216651497980684173e-05
6.986773547094188075e+00 3.216580013085281717e-05
6.991182364729459309e+00 3.216508495586030712e-05
6.995591182364729654e+00 3.216436945480864398e-05
7.000000000000000000e+00 3.216365362767712626e-05
