1.766000000000000014e+01 3.293899482187443578e-02
1.766653306613226349e+01 3.292491261424067284e-02
1.767306613226453038e+01 3.290921312221996992e-02
1.767959919839679372e+01 3.289363120008374775e-02
1.768613226452905707e+01 3.287767466083874046e-02
1.769266533066132396e+01 3.285977590904851781e-02
1.769919839679358731e+01 3.284195623223036542e-02
1.770573146292585065e+01 3.282242656765239908e-02
1.771226452905811755e+01 3.280142310275752093e-02
1.771879759519038089e+01 3.278051905970230662e-02
1.772533066132264423e+01 3.275643995582917800e-02
1.773186372745491113e+01 3.273205126716725866e-02
1.773839679358717447e+01 3.270661167044172646e-02
1.774492985971943781e+01 3.267872875578756858e-02
1.775146292585170471e+01 3.265082965735321280e-02
1.775799599198396805e+01 3.262105819078599256e-02
1.776452905811623140e+01 3.259022126633001615e-02
1.777106212424849829e+01 3.255927640483058383e-02
1.777759519038076164e+01 3.252703905356006675e-02
1.778412825651302498e+01 3.249484605484696809e-02
1.779066132264529188e+01 3.246237275575290793e-02
1.779719438877755522e+01 3.242929602216752111e-02
1.780372745490981856e+01 3.239633038303326579e-02
1.781026052104208546e+01 3.236187612309358169e-02
1.781679358717434880e+01 3.232691908212116660e-02
1.782332665330661214e+01 3.229222758272357052e-02
1.782985971943887904e+01 3.225746605138932188e-02
1.783639278557114238e+01 3.222294398273008176e-02
1.784292585170340573e+01 3.218811205790962637e-02
1.784945891783567262e+01 3.215272713811633681e-02
1.785599198396793597e+01 3.211764554966405061e-02
1.786252505010019931e+01 3.208173512555494850e-02
1.786905811623246620e+01 3.204572592859564889e-02
1.787559118236472955e+01 3.200976341089034616e-02
1.788212424849699289e+01 3.197202120401152620e-02
1.788865731462925979e+01 3.193466639853485833e-02
1.789519038076152313e+01 3.189760970995254852e-02
1.790172344689378647e+01 3.186058870510943830e-02
1.790825651302605337e+01 3.182330433873716002e-02
1.791478957915831671e+01 3.178618416580743927e-02
1.792132264529058006e+01 3.174943425942598069e-02
1.792785571142284695e+01 3.171300016307318503e-02
1.793438877755511029e+01 3.167611345756169566e-02
1.794092184368737364e+01 3.163959942192196700e-02
1.794745490981964053e+01 3.160447006341826626e-02
1.795398797595190388e+01 3.157057992145929221e-02
1.796052104208416722e+01 3.153705335141836902e-02
1.796705410821643412e+01 3.150493195642765226e-02
1.797358717434869746e+01 3.147311930251585343e-02
1.798012024048096080e+01 3.144144695828659380e-02
1.798665330661322770e+01 3.141027491897280255e-02
1.799318637274549104e+01 3.137904902260602036e-02
1.799971943887775438e+01 3.134368563956990011e-02
1.800625250501002128e+01 3.132874671224455954e-02
1.801278557114228462e+01 3.131445863654384182e-02
1.801931863727454797e+01 3.129775884358287907e-02
1.802585170340681486e+01 3.128041394067478109e-02
1.803238476953907821e+01 3.126283052822346337e-02
1.803891783567134155e+01 3.124527787934172976e-02
1.804545090180360845e+01 3.122723250787577676e-02
1.805198396793587179e+01 3.120778328161632337e-02
1.805851703406813513e+01 3.118718075837419862e-02
1.806505010020040203e+01 3.116602099635278761e-02
1.807158316633266537e+01 3.114449852061773258e-02
1.807811623246492871e+01 3.112270989472489674e-02
1.808464929859719561e+01 3.110025108485419201e-02
1.809118236472945895e+01 3.107631423679182991e-02
1.809771543086172230e+01 3.105201597374267555e-02
1.810424849699398919e+01 3.102618071980099354e-02
1.811078156312625254e+01 3.099983272620243646e-02
1.811731462925851588e+01 3.097383767895634313e-02
1.812384769539078277e+01 3.094749139762405926e-02
1.813038076152304612e+01 3.092119774654898678e-02
1.813691382765530946e+01 3.089483572836913827e-02
1.814344689378757636e+01 3.086842295451915422e-02
1.814997995991983970e+01 3.084277647221572716e-02
1.815651302605210304e+01 3.081713026174648720e-02
1.816304609218436994e+01 3.079177568078573374e-02
1.816957915831663328e+01 3.076693250925884374e-02
1.817611222444889663e+01 3.074164308489218608e-02
1.818264529058116352e+01 3.071718155216308227e-02
1.818917835671342687e+01 3.069404866908607282e-02
1.819571142284569021e+01 3.067229414328407136e-02
1.820224448897795710e+01 3.065121312637343609e-02
1.820877755511022045e+01 3.063118838421388310e-02
1.821531062124248379e+01 3.061184888788065842e-02
1.822184368737475069e+01 3.059321205754721162e-02
1.822837675350701403e+01 3.057536641444164385e-02
1.823490981963927737e+01 3.055804670913967250e-02
1.824144288577154427e+01 3.054281261558574115e-02
1.824797595190380761e+01 3.052949957623829827e-02
1.825450901803607096e+01 3.051641383517076853e-02
1.826104208416833785e+01 3.050615436621315416e-02
1.826757515030060119e+01 3.049657335636094674e-02
1.827410821643286454e+01 3.048831440528896805e-02
1.828064128256513143e+01 3.048489979732556948e-02
1.828717434869739478e+01 3.048142741491325150e-02
1.829370741482965812e+01 3.048135235991533340e-02
1.830024048096192502e+01 3.048401782750259637e-02
1.830677354709418836e+01 3.048569025928087387e-02
1.831330661322645170e+01 3.049350220448471954e-02
1.831983967935871860e+01 3.050199503457622779e-02
1.832637274549098194e+01 3.051248471901732082e-02
1.833290581162324528e+01 3.052889266007407024e-02
1.833943887775551218e+01 3.054548373232227054e-02
1.834597194388777552e+01 3.056338259219390160e-02
1.835250501002003887e+01 3.058229726833426934e-02
1.835903807615230576e+01 3.060147450116500883e-02
1.836557114228456911e+01 3.062319745820668224e-02
1.837210420841683245e+01 3.064526417806935632e-02
1.837863727454909935e+01 3.066665402886632405e-02
1.838517034068136269e+01 3.068627276996699696e-02
1.839170340681362603e+01 3.070628767396835559e-02
1.839823647294589293e+01 3.072558109848794530e-02
1.840476953907815627e+01 3.074435217754721561e-02
1.841130260521042317e+01 3.076293670877451938e-02
1.841783567134268651e+01 3.077388477631983962e-02
1.842436873747494985e+01 3.078491383830535277e-02
1.843090180360721320e+01 3.079401730758950587e-02
1.843743486973948009e+01 3.079956459439301547e-02
1.844396793587174344e+01 3.080483649609336641e-02
1.845050100200401033e+01 3.080594173702589852e-02
1.845703406813627367e+01 3.080516849644727301e-02
1.846356713426853702e+01 3.080370802138873709e-02
1.847010020040080036e+01 3.079704469325690933e-02
1.847663326653306726e+01 3.079006362946350162e-02
1.848316633266533060e+01 3.078169697503210442e-02
1.848969939879759750e+01 3.077148588737919563e-02
1.849623246492986084e+01 3.076083684459013715e-02
1.850276553106212418e+01 3.073354476979648503e-02
1.850929859719438753e+01 3.069428023861181173e-02
1.851583166332665442e+01 3.065464170141901992e-02
1.852236472945891776e+01 3.061244346255861948e-02
1.852889779559118466e+01 3.057009517096206247e-02
1.853543086172344800e+01 3.052722462869430359e-02
1.854196392785571135e+01 3.048391599354310574e-02
1.854849699398797824e+01 3.044081556936311869e-02
1.855503006012024159e+01 3.039782962907599737e-02
1.856156312625250493e+01 3.035505624412839637e-02
1.856809619238477183e+01 3.031238808385883915e-02
1.857462925851703517e+01 3.026950312716816804e-02
1.858116232464929851e+01 3.022678601576015214e-02
1.858769539078156541e+01 3.018552009864173408e-02
1.859422845691382875e+01 3.014559948427251307e-02
1.860076152304609209e+01 3.010594206485855961e-02
1.860729458917835899e+01 3.006844360464421689e-02
1.861382765531062233e+01 3.003119865524961005e-02
1.862036072144288568e+01 2.999468400183477601e-02
1.862689378757515257e+01 2.996059591963489907e-02
1.863342685370741592e+01 2.992653814695776099e-02
1.863995991983967926e+01 2.989450927478319586e-02
1.864649298597194615e+01 2.986383022356006375e-02
1.865302605210420950e+01 2.983303501187551179e-02
1.865955911823647284e+01 2.980561248352986067e-02
1.866609218436873974e+01 2.977819370933245530e-02
1.867262525050100308e+01 2.975164195507556258e-02
1.867915831663326642e+01 2.972746657091380681e-02
1.868569138276553332e+01 2.970332108478986738e-02
1.869222444889779666e+01 2.968025785233729605e-02
1.869875751503006001e+01 2.965767971183175603e-02
1.870529058116232690e+01 2.963427421177503018e-02
1.871182364729459024e+01 2.961194000558816167e-02
1.871835671342685359e+01 2.958985910606649200e-02
1.872488977955912048e+01 2.956774156153383487e-02
1.873142284569138383e+01 2.954524500458525355e-02
1.873795591182364717e+01 2.952299233236518189e-02
1.874448897795591407e+01 2.950047103040984511e-02
1.875102204408817741e+01 2.947809912556706782e-02
1.875755511022044075e+01 2.945599647964644227e-02
1.876408817635270765e+01 2.943055889164149230e-02
1.877062124248497099e+01 2.940570516609128729e-02
1.877715430861723434e+01 2.938002539587060077e-02
1.878368737474950123e+01 2.935283470401104863e-02
1.879022044088176457e+01 2.932600502303808754e-02
1.879675350701402792e+01 2.929650922772553470e-02
1.880328657314629481e+01 2.926644941695428007e-02
1.880981963927855816e+01 2.923641582963031060e-02
1.881635270541082150e+01 2.920312471075861560e-02
1.882288577154308840e+01 2.916995610294395233e-02
1.882941883767535174e+01 2.913479387805127316e-02
1.883595190380761508e+01 2.909722770536821504e-02
1.884248496993988198e+01 2.905981814354964901e-02
1.884901803607214532e+01 2.901910001186137206e-02
1.885555110220440866e+01 2.897750704032380636e-02
1.886208416833667556e+01 2.893452200747980221e-02
1.886861723446893890e+01 2.888548934516218386e-02
1.887515030060120225e+01 2.883610241177554656e-02
1.888168336673346914e+01 2.878411588261327661e-02
1.888821643286573249e+01 2.872967032939913873e-02
1.889474949899799583e+01 2.867494037618672359e-02
1.890128256513026273e+01 2.861581170164171142e-02
1.890781563126252607e+01 2.855649496148428279e-02
1.891434869739478941e+01 2.849513035553768309e-02
1.892088176352705631e+01 2.842777532513542441e-02
1.892741482965931965e+01 2.836024824435587344e-02
1.893394789579158299e+01 2.829399469115102123e-02
1.894048096192384989e+01 2.822878621704738231e-02
1.894701402805611323e+01 2.816347015948956686e-02
1.895354709418837658e+01 2.809769964186374994e-02
1.896008016032064347e+01 2.803191808161584891e-02
1.896661322645290682e+01 2.796783503329326737e-02
1.897314629258517016e+01 2.790806398188191984e-02
1.897967935871743705e+01 2.784866253552563745e-02
1.898621242484970040e+01 2.779476471364141638e-02
1.899274549098196374e+01 2.774419761115272040e-02
1.899927855711423064e+01 2.769386997882466658e-02
1.900581162324649398e+01 2.766981809005174611e-02
1.901234468937875732e+01 2.764816775026269005e-02
1.901887775551102422e+01 2.763045266601618297e-02
1.902541082164328756e+01 2.762022468949204210e-02
1.903194388777555091e+01 2.761020146590432295e-02
1.903847695390781780e+01 2.760481865558227568e-02
1.904501002004008114e+01 2.760153238602669479e-02
1.905154308617234449e+01 2.759848591235033316e-02
1.905807615230461138e+01 2.760247469093149442e-02
1.906460921843687473e+01 2.760654877198048460e-02
1.907114228456913807e+01 2.761068763293620873e-02
1.907767535070140497e+01 2.761483124114856927e-02
1.908420841683366831e+01 2.761869959531039129e-02
1.909074148296593165e+01 2.762118033167489453e-02
1.909727454909819855e+01 2.762310466070107273e-02
1.910380761523046189e+01 2.762357566557051974e-02
1.911034068136272523e+01 2.761696360604083689e-02
1.911687374749499213e+01 2.761014878096364200e-02
1.912340681362725547e+01 2.759842607865499106e-02
1.912993987975951882e+01 2.758057423126128449e-02
1.913647294589178571e+01 2.756249546767066197e-02
1.914300601202404906e+01 2.753519421458873809e-02
1.914953907815631240e+01 2.750551066056148436e-02
1.915607214428857930e+01 2.747393899202946535e-02
1.916260521042084264e+01 2.743147928969781602e-02
1.916913827655310598e+01 2.738893255316067823e-02
1.917567134268537288e+01 2.734095762432037224e-02
1.918220440881763622e+01 2.728761096972618511e-02
1.918873747494989956e+01 2.723430351533094942e-02
1.919527054108216646e+01 2.717398632592541233e-02
1.920180360721442980e+01 2.711268972830820426e-02
1.920833667334669315e+01 2.704964637314223944e-02
1.921486973947896004e+01 2.697833405747990937e-02
1.922140280561122339e+01 2.690695437331493828e-02
1.922793587174348673e+01 2.683812877823254020e-02
1.923446893787575362e+01 2.677128009083256863e-02
1.924100200400801697e+01 2.670440879905249323e-02
1.924753507014028031e+01 2.663830128983488144e-02
1.925406813627254721e+01 2.657211680044513705e-02
1.926060120240481055e+01 2.650802611982887302e-02
1.926713426853707389e+01 2.645026665532367038e-02
1.927366733466934079e+01 2.639216573532815469e-02
1.928020040080160413e+01 2.634199389075387449e-02
1.928673346693386748e+01 2.629676163699076752e-02
1.929326653306613437e+01 2.625129255579699075e-02
1.929979959919839771e+01 2.622027412349526437e-02
1.930633266533066106e+01 2.619002256581494728e-02
1.931286573146292795e+01 2.616480354582400789e-02
1.931939879759519130e+01 2.615081844431040720e-02
1.932593186372745464e+01 2.613664108549775336e-02
1.933246492985972154e+01 2.613115459927011636e-02
1.933899799599198488e+01 2.613002507043643563e-02
1.934553106212424822e+01 2.612922702532530228e-02
1.935206412825651512e+01 2.614193247029884815e-02
1.935859719438877846e+01 2.615456745035960734e-02
1.936513026052104181e+01 2.617055740806365979e-02
1.937166332665330870e+01 2.619226729014990235e-02
1.937819639278557204e+01 2.621404043083312013e-02
1.938472945891783539e+01 2.623728900529489691e-02
1.939126252505010228e+01 2.626112622122668896e-02
1.939779559118236563e+01 2.628503567541033703e-02
1.940432865731462897e+01 2.630987511122779773e-02
1.941086172344689587e+01 2.633496886488723501e-02
1.941739478957915921e+01 2.635717226500829471e-02
1.942392785571142255e+01 2.637554187529553285e-02
1.943046092184368945e+01 2.639394361380460047e-02
1.943699398797595279e+01 2.640895248405602386e-02
1.944352705410821613e+01 2.642297565746977439e-02
1.945006012024048303e+01 2.643538652678880524e-02
1.945659318637274637e+01 2.643753765880920564e-02
1.946312625250500972e+01 2.643960857838952710e-02
1.946965931863727661e+01 2.643718519320452723e-02
1.947619238476953996e+01 2.642997513269590426e-02
1.948272545090180330e+01 2.642270279760846816e-02
1.948925851703407019e+01 2.641015899269564052e-02
1.949579158316633354e+01 2.639653733770329705e-02
1.950232464929859688e+01 2.638058175663471339e-02
1.950885771543086378e+01 2.637254531179503148e-02
1.951539078156312712e+01 2.636443091780149225e-02
1.952192384769539046e+01 2.635324774492870878e-02
1.952845691382765736e+01 2.633944562804257580e-02
1.953498997995992070e+01 2.632558112144947962e-02
1.954152304609218405e+01 2.630709786873894687e-02
1.954805611222445094e+01 2.628800624511905965e-02
1.955458917835671429e+01 2.626727857911101416e-02
1.956112224448897763e+01 2.624160750390996596e-02
1.956765531062124452e+01 2.621584337141016560e-02
1.957418837675350787e+01 2.618856445658618304e-02
1.958072144288577121e+01 2.616026946303158518e-02
1.958725450901803811e+01 2.613190154537219437e-02
1.959378757515030145e+01 2.609947798405186023e-02
1.960032064128256479e+01 2.606663231681099688e-02
1.960685370741483169e+01 2.602979842165640059e-02
1.961338677354709503e+01 2.598797181063724343e-02
1.961991983967935838e+01 2.594604629817321914e-02
1.962645290581162527e+01 2.590292905865700449e-02
1.963298597194388861e+01 2.585913242546299812e-02
1.963951903807615196e+01 2.581524243131531546e-02
1.964605210420841885e+01 2.576796259132673600e-02
1.965258517034068220e+01 2.572058940475649078e-02
1.965911823647294554e+01 2.567076902506613967e-02
1.966565130260521244e+01 2.561662207274924274e-02
1.967218436873747578e+01 2.556243927895683610e-02
1.967871743486973912e+01 2.550998734274932678e-02
1.968525050100200602e+01 2.545827059706144008e-02
1.969178356713426936e+01 2.540650153982013451e-02
1.969831663326653270e+01 2.535376026913526218e-02
1.970484969939879960e+01 2.530015157427941558e-02
1.971138276553106294e+01 2.524569988551496336e-02
1.971791583166332629e+01 2.519047518081959230e-02
1.972444889779559318e+01 2.513528636034440683e-02
1.973098196392785653e+01 2.508433189951715658e-02
1.973751503006012342e+01 2.503471125001857991e-02
1.974404809619238677e+01 2.498550435111801180e-02
1.975058116232465011e+01 2.493937958637193128e-02
1.975711422845691345e+01 2.489319554632352105e-02
1.976364729458918035e+01 2.484924968896577019e-02
1.977018036072144369e+01 2.480790779696988649e-02
1.977671342685371059e+01 2.476652905420354336e-02
1.978324649298597393e+01 2.472759707008162847e-02
1.978977955911823727e+01 2.468912325693626772e-02
1.979631262525050062e+01 2.465222171525511749e-02
1.980284569138276751e+01 2.462475364457699170e-02
1.980937875751503086e+01 2.459881832068777294e-02
1.981591182364729775e+01 2.457642711101772418e-02
1.982244488977956109e+01 2.455727012855042982e-02
1.982897795591182444e+01 2.453796454338249070e-02
1.983551102204408778e+01 2.452693087811530157e-02
1.984204408817635468e+01 2.451696619281503245e-02
1.984857715430861802e+01 2.450937849077931482e-02
1.985511022044088492e+01 2.451037883262451381e-02
1.986164328657314826e+01 2.451120123784423024e-02
1.986817635270541160e+01 2.451805477020484875e-02
1.987470941883767495e+01 2.452930963292827837e-02
1.988124248496994184e+01 2.454051984135416017e-02
1.988777555110220518e+01 2.456436931392195350e-02
1.989430861723447208e+01 2.458898213169041433e-02
1.990084168336673542e+01 2.461505666529415978e-02
1.990737474949899877e+01 2.464146587990962908e-02
1.991390781563126211e+01 2.466785945286329232e-02
1.992044088176352901e+01 2.469904857536943041e-02
1.992697394789579235e+01 2.473293723944644529e-02
1.993350701402805925e+01 2.476671074691236957e-02
1.994004008016032259e+01 2.480736230699398526e-02
1.994657314629258593e+01 2.484813128796099085e-02
1.995310621242484928e+01 2.488918327128925717e-02
1.995963927855711617e+01 2.493079327943368423e-02
1.996617234468937951e+01 2.497253420697935489e-02
1.997270541082164641e+01 2.501233530722402412e-02
1.997923847695390975e+01 2.505133431549701195e-02
1.998577154308617310e+01 2.508987992149424098e-02
1.999230460921843644e+01 2.511514660428057488e-02
1.999883767535070334e+01 2.514065990405668638e-02
2.000537074148296668e+01 2.518164435729849937e-02
2.001190380761523357e+01 2.520935606735132117e-02
2.001843687374749692e+01 2.523742212764266621e-02
2.002496993987976026e+01 2.525571359207455513e-02
2.003150300601202360e+01 2.527083883951575585e-02
2.003803607214429050e+01 2.528488148071241642e-02
2.004456913827655384e+01 2.528686169335533918e-02
2.005110220440882074e+01 2.528919505687562963e-02
2.005763527054108408e+01 2.528608215698344500e-02
2.006416833667334743e+01 2.527615908367543060e-02
2.007070140280561077e+01 2.526638482525708426e-02
2.007723446893787766e+01 2.525021677636352796e-02
2.008376753507014101e+01 2.523248419378248605e-02
2.009030060120240790e+01 2.521347350187161732e-02
2.009683366733467125e+01 2.518669394574299045e-02
2.010336673346693459e+01 2.516000868310602420e-02
2.010989979959919793e+01 2.513147832205102003e-02
2.011643286573146483e+01 2.510110506287937041e-02
2.012296593186372817e+01 2.507071048786406117e-02
2.012949899799599507e+01 2.503577915258181977e-02
2.013603206412825841e+01 2.500011536577521898e-02
2.014256513026052176e+01 2.496462130504485677e-02
2.014909819639278510e+01 2.492969085405187524e-02
2.015563126252505199e+01 2.489477306653707298e-02
2.016216432865731534e+01 2.486060757038794852e-02
2.016869739478958223e+01 2.482705863208134467e-02
2.017523046092184558e+01 2.479354157306922976e-02
2.018176352705410892e+01 2.475899998592603901e-02
2.018829659318637226e+01 2.472435160720292194e-02
2.019482965931863916e+01 2.469116863190407365e-02
2.020136272545090250e+01 2.466208285074333179e-02
2.020789579158316940e+01 2.463296865748406533e-02
2.021442885771543274e+01 2.460562730808175946e-02
2.022096192384769608e+01 2.457937754823815574e-02
2.022749498997995943e+01 2.455308847486034965e-02
2.023402805611222632e+01 2.453176728876807836e-02
2.024056112224448967e+01 2.451053480093887127e-02
2.024709418837675656e+01 2.449076000849111437e-02
2.025362725450901991e+01 2.447418059229651555e-02
2.026016032064128325e+01 2.445754349101116748e-02
2.026669338677354659e+01 2.444580302205082156e-02
2.027322645290581349e+01 2.443643493555396409e-02
2.027975951903807683e+01 2.442723432787979182e-02
2.028629258517034373e+01 2.442573727161428607e-02
2.029282565130260707e+01 2.442420304053749200e-02
2.029935871743487041e+01 2.442557341006945659e-02
2.030589178356713376e+01 2.443178327395201591e-02
2.031242484969940065e+01 2.443798248808395218e-02
2.031895791583166400e+01 2.444898925951817861e-02
2.032549098196393089e+01 2.446179653602839621e-02
2.033202404809619424e+01 2.447522409162824000e-02
2.033855711422845758e+01 2.449560096443475707e-02
2.034509018036072447e+01 2.451598350160692427e-02
2.035162324649298782e+01 2.453876189719056758e-02
2.035815631262525116e+01 2.456468764924657835e-02
2.036468937875751806e+01 2.459060727312335076e-02
2.037122244488978140e+01 2.461793160543764361e-02
2.037775551102204474e+01 2.464558387014332067e-02
2.038428857715431164e+01 2.467347879430238297e-02
2.039082164328657498e+01 2.470311464101219295e-02
2.039735470941883833e+01 2.473282316377843279e-02
2.040388777555110522e+01 2.476203451826256008e-02
2.041042084168336856e+01 2.479074620092676026e-02
2.041695390781563191e+01 2.481945647285674350e-02
2.042348697394789880e+01 2.484539785842888177e-02
2.043002004008016215e+01 2.487093139797273700e-02
2.043655310621242549e+01 2.489575979413258949e-02
2.044308617234469239e+01 2.491702089858174526e-02
2.044961923847695573e+01 2.493869271119105238e-02
2.045615230460921907e+01 2.495752469613765970e-02
2.046268537074148597e+01 2.497394184353082108e-02
2.046921843687374931e+01 2.499066132824317998e-02
2.047575150300601265e+01 2.500378061883377565e-02
2.048228456913827955e+01 2.501673800795102542e-02
2.048881763527054289e+01 2.502721438085311889e-02
2.049535070140280624e+01 2.502959361373860436e-02
2.050188376753507313e+01 2.503135323475650167e-02
2.050841683366733648e+01 2.501836882468401468e-02
2.051494989979959982e+01 2.499736698324776449e-02
2.052148296593186672e+01 2.497639470982003507e-02
2.052801603206413006e+01 2.495405280051100558e-02
2.053454909819639340e+01 2.493132132083448679e-02
2.054108216432866030e+01 2.490790217298232898e-02
2.054761523046092364e+01 2.488310648772468561e-02
2.055414829659318698e+01 2.485821191397572655e-02
2.056068136272545388e+01 2.483360167418728615e-02
2.056721442885771722e+01 2.480884596089882183e-02
2.057374749498998057e+01 2.478348853704392604e-02
2.058028056112224746e+01 2.476053117282816379e-02
2.058681362725451081e+01 2.473708959652130834e-02
2.059334669338677415e+01 2.471412373495833828e-02
2.059987975951904104e+01 2.469238287899097606e-02
2.060641282565130439e+01 2.467016232578716356e-02
2.061294589178356773e+01 2.465086151735758693e-02
2.061947895791583463e+01 2.463244564616942980e-02
2.062601202404809797e+01 2.461375186860049330e-02
2.063254509018036131e+01 2.459906365118998475e-02
2.063907815631262821e+01 2.458390405517908370e-02
2.064561122244489155e+01 2.457031959616757036e-02
2.065214428857715490e+01 2.455920908070379285e-02
2.065867735470942179e+01 2.454791747892766038e-02
2.066521042084168513e+01 2.453935983738690652e-02
2.067174348697394848e+01 2.453135296731289924e-02
2.067827655310621537e+01 2.452345539968078109e-02
2.068480961923847872e+01 2.451827293388963991e-02
2.069134268537074206e+01 2.451290874655191049e-02
2.069787575150300896e+01 2.450814436666001045e-02
2.070440881763527230e+01 2.450411251247069933e-02
2.071094188376753564e+01 2.449995439812042292e-02
2.071747494989980254e+01 2.449581021610705567e-02
2.072400801603206588e+01 2.449156304433287162e-02
2.073054108216432923e+01 2.448690259895804425e-02
2.073707414829659612e+01 2.448072238215238602e-02
2.074360721442885946e+01 2.447449820420563235e-02
2.075014028056112281e+01 2.446704250670780900e-02
2.075667334669338970e+01 2.445839796636741989e-02
2.076320641282565305e+01 2.444967281396791606e-02
2.076973947895791639e+01 2.443758471444215652e-02
2.077627254509018329e+01 2.442502218312012086e-02
2.078280561122244663e+01 2.441139968814176262e-02
2.078933867735470997e+01 2.439424625356344592e-02
2.079587174348697687e+01 2.437713519011851931e-02
2.080240480961924021e+01 2.435749390382697249e-02
2.080893787575150355e+01 2.433603885234161823e-02
2.081547094188377045e+01 2.431459597618451304e-02
2.082200400801603379e+01 2.428906477812557696e-02
2.082853707414829714e+01 2.426325818710228094e-02
2.083507014028056403e+01 2.423620345622487168e-02
2.084160320641282738e+01 2.420605353753979214e-02
2.084813627254509072e+01 2.417593973487705897e-02
2.085466933867735762e+01 2.414335881201025089e-02
2.086120240480962096e+01 2.410935432962053523e-02
2.086773547094188430e+01 2.407530390612922302e-02
2.087426853707415120e+01 2.403754388114316687e-02
2.088080160320641454e+01 2.399965459704402754e-02
2.088733466933867788e+01 2.396086739834651924e-02
2.089386773547094478e+01 2.392047849594847175e-02
2.090040080160320812e+01 2.388005630868218418e-02
2.090693386773547147e+01 2.383799735182927024e-02
2.091346693386773836e+01 2.379524522611996262e-02
2.092000000000000171e+01 2.375247270028304006e-02
