1.152999999999999936e+01 1.070567363448950704e-01
1.153390781563126133e+01 1.070485139377979206e-01
1.153781563126252507e+01 1.070391337950888505e-01
1.154172344689378704e+01 1.070295435208337698e-01
1.154563126252504901e+01 1.070246701725537652e-01
1.154953907815631275e+01 1.070204575264450536e-01
1.155344689378757472e+01 1.070137563320174151e-01
1.155735470941883669e+01 1.070034838062138560e-01
1.156126252505010044e+01 1.069928222402884432e-01
1.156517034068136240e+01 1.069852943349967056e-01
1.156907815631262437e+01 1.069784702609838378e-01
1.157298597194388634e+01 1.069702594895018399e-01
1.157689378757515009e+01 1.069552103529813752e-01
1.158080160320641205e+01 1.069390553644336134e-01
1.158470941883767402e+01 1.069243437378500916e-01
1.158861723446893777e+01 1.069128027505630713e-01
1.159252505010019973e+01 1.068992164643914333e-01
1.159643286573146170e+01 1.068839421787123323e-01
1.160034068136272545e+01 1.068674506199321084e-01
1.160424849699398742e+01 1.068505577788784328e-01
1.160815631262524938e+01 1.068414955382825104e-01
1.161206412825651313e+01 1.068318239512022622e-01
1.161597194388777510e+01 1.068204354584466054e-01
1.161987975951903707e+01 1.068049386012736718e-01
1.162378757515030081e+01 1.067887756162097385e-01
1.162769539078156278e+01 1.067714713575651786e-01
1.163160320641282475e+01 1.067534453283077306e-01
1.163551102204408672e+01 1.067351181670037480e-01
1.163941883767535046e+01 1.067175138483135166e-01
1.164332665330661243e+01 1.066993886735510544e-01
1.164723446893787440e+01 1.066801026306116174e-01
1.165114228456913814e+01 1.066556029040106601e-01
1.165505010020040011e+01 1.066293735107670393e-01
1.165895791583166208e+01 1.066039194537905105e-01
1.166286573146292582e+01 1.065798865410588908e-01
1.166677354709418779e+01 1.065534790496863865e-01
1.167068136272544976e+01 1.065173783723964707e-01
1.167458917835671350e+01 1.064764706874658656e-01
1.167849699398797547e+01 1.064330695743194999e-01
1.168240480961923744e+01 1.063892986085726716e-01
1.168631262525050118e+01 1.063425519170471956e-01
1.169022044088176315e+01 1.062853348193846942e-01
1.169412825651302512e+01 1.062125826065123957e-01
1.169803607214428887e+01 1.061382891795673994e-01
1.170194388777555083e+01 1.060608066519464210e-01
1.170585170340681280e+01 1.059810071144306892e-01
1.170975951903807477e+01 1.059004818609740328e-01
1.171366733466933852e+01 1.057861474654396283e-01
1.171757515030060048e+01 1.056697199417048899e-01
1.172148296593186245e+01 1.055443833147778065e-01
1.172539078156312620e+01 1.053943273818185727e-01
1.172929859719438817e+01 1.052437262786697358e-01
1.173320641282565013e+01 1.050880325236053653e-01
1.173711422845691388e+01 1.049276270164958280e-01
1.174102204408817585e+01 1.047657114862532574e-01
1.174492985971943781e+01 1.045623265781347455e-01
1.174883767535070156e+01 1.043502261666576919e-01
1.175274549098196353e+01 1.041393613418945263e-01
1.175665330661322550e+01 1.039433253035188381e-01
1.176056112224448924e+01 1.037454800410523986e-01
1.176446893787575121e+01 1.035453728053865874e-01
1.176837675350701318e+01 1.033429313795467125e-01
1.177228456913827515e+01 1.031387891733695494e-01
1.177619238476953889e+01 1.029776376686559608e-01
1.178010020040080086e+01 1.028287687801294203e-01
1.178400801603206283e+01 1.026816594404014182e-01
1.178791583166332657e+01 1.025663767895092782e-01
1.179182364729458854e+01 1.024489876900406965e-01
1.179573146292585051e+01 1.023553947448739426e-01
1.179963927855711425e+01 1.023046977720152989e-01
1.180354709418837622e+01 1.022512342554753595e-01
1.180745490981963819e+01 1.022223736361274338e-01
1.181136272545090193e+01 1.022035755999650963e-01
1.181527054108216390e+01 1.021817495963107114e-01
1.181917835671342587e+01 1.021921434778879367e-01
1.182308617234468961e+01 1.021989802114822016e-01
1.182699398797595158e+01 1.022041510437303319e-01
1.183090180360721355e+01 1.022120801259517181e-01
1.183480961923847730e+01 1.022177611625019328e-01
1.183871743486973926e+01 1.022134910953104298e-01
1.184262525050100123e+01 1.022010959534191687e-01
1.184653306613226320e+01 1.021868754594819628e-01
1.185044088176352695e+01 1.021503199259741201e-01
1.185434869739478891e+01 1.021093157299627352e-01
1.185825651302605088e+01 1.020591430409482220e-01
1.186216432865731463e+01 1.019699802679396167e-01
1.186607214428857660e+01 1.018796268098869917e-01
1.186997995991983856e+01 1.017768467053052350e-01
1.187388777555110231e+01 1.016603559693618070e-01
1.187779559118236428e+01 1.015418909178633783e-01
1.188170340681362624e+01 1.013834932650879150e-01
1.188561122244488999e+01 1.012116794833008565e-01
1.188951903807615196e+01 1.010373861617532565e-01
1.189342685370741393e+01 1.008609632269489853e-01
1.189733466933867767e+01 1.006821031730027877e-01
1.190124248496993964e+01 1.004901912186437901e-01
1.190515030060120161e+01 1.002776248953231725e-01
1.190905811623246535e+01 1.000617258989541514e-01
1.191296593186372732e+01 9.986555440532797479e-02
1.191687374749498929e+01 9.967740451236156707e-02
1.192078156312625126e+01 9.948693535464085691e-02
1.192468937875751500e+01 9.929252142973246653e-02
1.192859719438877697e+01 9.909611049633208768e-02
1.193250501002003894e+01 9.890889532198869627e-02
1.193641282565130268e+01 9.874594476217332661e-02
1.194032064128256465e+01 9.858189490238560004e-02
1.194422845691382662e+01 9.844558152074991964e-02
1.194813627254509036e+01 9.833149263649343386e-02
1.195204408817635233e+01 9.821838901581919634e-02
1.195595190380761430e+01 9.812250686059424687e-02
1.195985971943887805e+01 9.803055126435709921e-02
1.196376753507014001e+01 9.794838516961015817e-02
1.196767535070140198e+01 9.790393185387194497e-02
1.197158316633266573e+01 9.786147728812302771e-02
1.197549098196392769e+01 9.783457066390684187e-02
1.197939879759518966e+01 9.782396329192089013e-02
1.198330661322645163e+01 9.781547381001572117e-02
1.198721442885771538e+01 9.783791943479491771e-02
1.199112224448897734e+01 9.787226890864722528e-02
1.199503006012023931e+01 9.791066911594459299e-02
1.199893787575150306e+01 9.796811329253472811e-02
1.200284569138276503e+01 9.803724409844255527e-02
1.200675350701402699e+01 9.811439536566342323e-02
1.201066132264529074e+01 9.819632951636006468e-02
1.201456913827655271e+01 9.828295045238676086e-02
1.201847695390781467e+01 9.839233501573647900e-02
1.202238476953907842e+01 9.851644835242132081e-02
1.202629258517034039e+01 9.864592055700384388e-02
1.203020040080160236e+01 9.877437107877796996e-02
1.203410821643286610e+01 9.890824442799737992e-02
1.203801603206412807e+01 9.905066132343075258e-02
1.204192384769539004e+01 9.920641509507865941e-02
1.204583166332665201e+01 9.936746345624353216e-02
1.204973947895791575e+01 9.952276651268694707e-02
1.205364729458917772e+01 9.967560338598256686e-02
1.205755511022043969e+01 9.983351440753067407e-02
1.206146292585170343e+01 9.996754856855537275e-02
1.206537074148296540e+01 1.001010490474630588e-01
1.206927855711422737e+01 1.002371218134596315e-01
1.207318637274549111e+01 1.003673844388410785e-01
1.207709418837675308e+01 1.005007914762445081e-01
1.208100200400801505e+01 1.006246694566261118e-01
1.208490981963927879e+01 1.007371959342723416e-01
1.208881763527054076e+01 1.008525380441557262e-01
1.209272545090180273e+01 1.009693126774652699e-01
1.209663326653306648e+01 1.010885137189164590e-01
1.210054108216432844e+01 1.012097421674383185e-01
1.210444889779559041e+01 1.013248448809440372e-01
1.210835671342685416e+01 1.014412281429495494e-01
1.211226452905811612e+01 1.015668892939196599e-01
1.211617234468937809e+01 1.017062600322249516e-01
1.212008016032064006e+01 1.018462435252220216e-01
1.212398797595190381e+01 1.019927192514063635e-01
1.212789579158316577e+01 1.021435075453968055e-01
1.213180360721442774e+01 1.022945022361775869e-01
1.213571142284569149e+01 1.024877624802176396e-01
1.213961923847695346e+01 1.026814023754537980e-01
1.214352705410821542e+01 1.028816055875198671e-01
1.214743486973947917e+01 1.031018651527327024e-01
1.215134268537074114e+01 1.033212382211241842e-01
1.215525050100200311e+01 1.035388638687120139e-01
1.215915831663326685e+01 1.037551403117407955e-01
1.216306613226452882e+01 1.039707682943320638e-01
1.216697394789579079e+01 1.042065925175744562e-01
1.217088176352705453e+01 1.044448731347236980e-01
1.217478957915831650e+01 1.046769612532970489e-01
1.217869739478957847e+01 1.048822636421646443e-01
1.218260521042084221e+01 1.050879275305848098e-01
1.218651302605210418e+01 1.052947250531895279e-01
1.219042084168336615e+01 1.055029369426239982e-01
1.219432865731462812e+01 1.057114902327956907e-01
1.219823647294589186e+01 1.058854108254484311e-01
1.220214428857715383e+01 1.060495716145253148e-01
1.220605210420841580e+01 1.062136611561118466e-01
1.220995991983967954e+01 1.063715678495691375e-01
1.221386773547094151e+01 1.065299783507399622e-01
1.221777555110220348e+01 1.066759304841689016e-01
1.222168336673346722e+01 1.068008933584125020e-01
1.222559118236472919e+01 1.069259781057236847e-01
1.222949899799599116e+01 1.070452392031454175e-01
1.223340681362725491e+01 1.071620116103265824e-01
1.223731462925851687e+01 1.072790887034583140e-01
1.224122244488977884e+01 1.073699235137765412e-01
1.224513026052104259e+01 1.074605014735922903e-01
1.224903807615230455e+01 1.075476496222826928e-01
1.225294589178356652e+01 1.076259405418989318e-01
1.225685370741483027e+01 1.077045844459491863e-01
1.226076152304609224e+01 1.077678029931398995e-01
1.226466933867735420e+01 1.078199468663395555e-01
1.226857715430861617e+01 1.078725011750538976e-01
1.227248496993987992e+01 1.078949402072441333e-01
1.227639278557114189e+01 1.079141791449224758e-01
1.228030060120240385e+01 1.079265409200511894e-01
1.228420841683366760e+01 1.079061384612694657e-01
1.228811623246492957e+01 1.078857077784563662e-01
1.229202404809619154e+01 1.078463650715253686e-01
1.229593186372745528e+01 1.077876917104782228e-01
1.229983967935871725e+01 1.077293996476787613e-01
1.230374749498997922e+01 1.076247820227281132e-01
1.230765531062124296e+01 1.075072619383578149e-01
1.231156312625250493e+01 1.073879237637122702e-01
1.231547094188376690e+01 1.072439867673412595e-01
1.231937875751502887e+01 1.071010787167875344e-01
1.232328657314629261e+01 1.069398522434833604e-01
1.232719438877755458e+01 1.067496030139815227e-01
1.233110220440881655e+01 1.065632859835625862e-01
1.233501002004008029e+01 1.063819802139745335e-01
1.233891783567134226e+01 1.062045240419866032e-01
1.234282565130260423e+01 1.060309147283306080e-01
1.234673346693386797e+01 1.058553915336876983e-01
1.235064128256512994e+01 1.056844396970441774e-01
1.235454909819639191e+01 1.055289443768368252e-01
1.235845691382765565e+01 1.054041172244198493e-01
1.236236472945891762e+01 1.052819429362735759e-01
1.236627254509017959e+01 1.051977186528683245e-01
1.237018036072144334e+01 1.051409885337118433e-01
1.237408817635270530e+01 1.050856054256499444e-01
1.237799599198396727e+01 1.050861982619254037e-01
1.238190380761523102e+01 1.050948702069868373e-01
1.238581162324649299e+01 1.051141180721133356e-01
1.238971943887775495e+01 1.051767007654237640e-01
1.239362725450901692e+01 1.052383376726766934e-01
1.239753507014028067e+01 1.053272267559505343e-01
1.240144288577154263e+01 1.054443465996880713e-01
1.240535070140280460e+01 1.055617405402333037e-01
1.240925851703406835e+01 1.056870051679884015e-01
1.241316633266533032e+01 1.058139125859733215e-01
1.241707414829659228e+01 1.059415165698284617e-01
1.242098196392785603e+01 1.060794310589364409e-01
1.242488977955911800e+01 1.062185352670187155e-01
1.242879759519037997e+01 1.063468529914576577e-01
1.243270541082164371e+01 1.064586768496496305e-01
1.243661322645290568e+01 1.065716930010839614e-01
1.244052104208416765e+01 1.066707193337054632e-01
1.244442885771543139e+01 1.067640851292235987e-01
1.244833667334669336e+01 1.068586880114852505e-01
1.245224448897795533e+01 1.069219362202078610e-01
1.245615230460921907e+01 1.069866639300343369e-01
1.246006012024048104e+01 1.070488152076536914e-01
1.246396793587174301e+01 1.070997868854318552e-01
1.246787575150300498e+01 1.071509497637015279e-01
1.247178356713426872e+01 1.071986392327054366e-01
1.247569138276553069e+01 1.072447587119439438e-01
1.247959919839679266e+01 1.072905140707276217e-01
1.248350701402805640e+01 1.073403395417079076e-01
1.248741482965931837e+01 1.073886760937704382e-01
1.249132264529058034e+01 1.074409540753088060e-01
1.249523046092184408e+01 1.075153947317962072e-01
1.249913827655310605e+01 1.075876960032343121e-01
1.250304609218436802e+01 1.076624320948031815e-01
1.250695390781563177e+01 1.077607036841678606e-01
1.251086172344689373e+01 1.078572673105144264e-01
1.251476953907815570e+01 1.079789133505789644e-01
1.251867735470941945e+01 1.081069401766360794e-01
1.252258517034068142e+01 1.082346552750488022e-01
1.252649298597194338e+01 1.083733694735196651e-01
1.253040080160320713e+01 1.085117961169109607e-01
1.253430861723446910e+01 1.086612283644706883e-01
1.253821643286573106e+01 1.088279788846441554e-01
1.254212424849699303e+01 1.089942658023436983e-01
1.254603206412825678e+01 1.091589754118753169e-01
1.254993987975951875e+01 1.093224093294911103e-01
1.255384769539078071e+01 1.094852389811639820e-01
1.255775551102204446e+01 1.096674963662600810e-01
1.256166332665330643e+01 1.098486240123571073e-01
1.256557114228456840e+01 1.100293605485562348e-01
1.256947895791583214e+01 1.102119402457167191e-01
1.257338677354709411e+01 1.103931361430447039e-01
1.257729458917835608e+01 1.105637407148942902e-01
1.258120240480961982e+01 1.107264400224743373e-01
1.258511022044088179e+01 1.108876941930983656e-01
1.258901803607214376e+01 1.110598603309871507e-01
1.259292585170340573e+01 1.112324438096462115e-01
1.259683366733466947e+01 1.114005258711463359e-01
1.260074148296593144e+01 1.115535874330272903e-01
1.260464929859719518e+01 1.117050166306270409e-01
1.260855711422845715e+01 1.118599678261528452e-01
1.261246492985971912e+01 1.120189570876051338e-01
1.261637274549098109e+01 1.121765787818956861e-01
1.262028056112224483e+01 1.123188144254148729e-01
1.262418837675350680e+01 1.124561030363401271e-01
1.262809619238476877e+01 1.125926929188139636e-01
1.263200400801603251e+01 1.127315130611416250e-01
1.263591182364729448e+01 1.128692753227050066e-01
1.263981963927855645e+01 1.129980266044387643e-01
1.264372745490982020e+01 1.131133466289089423e-01
1.264763527054108216e+01 1.132281067035964262e-01
1.265154308617234413e+01 1.133414356002018508e-01
1.265545090180360788e+01 1.134534163203250179e-01
1.265935871743486985e+01 1.135641053050291532e-01
1.266326653306613181e+01 1.136552872970473388e-01
1.266717434869739378e+01 1.137451268635075174e-01
1.267108216432865753e+01 1.138325745922418031e-01
1.267498997995991949e+01 1.139159934785469452e-01
1.267889779559118324e+01 1.139980467174529777e-01
1.268280561122244521e+01 1.140733667818371738e-01
1.268671342685370718e+01 1.141438865295743149e-01
1.269062124248496914e+01 1.142136849579976354e-01
1.269452905811623289e+01 1.142703511084960655e-01
1.269843687374749486e+01 1.143247514021357436e-01
1.270234468937875683e+01 1.143778950258333704e-01
1.270625250501002057e+01 1.144271372211589921e-01
1.271016032064128254e+01 1.144765231771908559e-01
1.271406813627254451e+01 1.145212558396087044e-01
1.271797595190380825e+01 1.145610448006485760e-01
1.272188376753507022e+01 1.146000346814952803e-01
1.272579158316633219e+01 1.146363390020182782e-01
1.272969939879759593e+01 1.146716114126873770e-01
1.273360721442885790e+01 1.147059424966700991e-01
1.273751503006011987e+01 1.147385986832659133e-01
1.274142284569138184e+01 1.147697431793973377e-01
1.274533066132264558e+01 1.148003176223508504e-01
1.274923847695390755e+01 1.148305034994738377e-01
1.275314629258516952e+01 1.148591530584377740e-01
1.275705410821643326e+01 1.148891587311254014e-01
1.276096192384769523e+01 1.149187154545830564e-01
1.276486973947895720e+01 1.149467606295220684e-01
1.276877755511022094e+01 1.149737268834218479e-01
1.277268537074148291e+01 1.149996585384953224e-01
1.277659318637274488e+01 1.150232496271959143e-01
1.278050100200400863e+01 1.150428341114610731e-01
1.278440881763527059e+01 1.150610947232111464e-01
1.278831663326653256e+01 1.150719837249569860e-01
1.279222444889779631e+01 1.150774837392738309e-01
1.279613226452905828e+01 1.150816695355281333e-01
1.280004008016032024e+01 1.150616195156917848e-01
1.280394789579158399e+01 1.150368784043359349e-01
1.280785571142284596e+01 1.150065689463148633e-01
1.281176352705410793e+01 1.149580130522239035e-01
1.281567134268536989e+01 1.149076848704959769e-01
1.281957915831663364e+01 1.148289645731289665e-01
1.282348697394789561e+01 1.147223891581575783e-01
1.282739478957915757e+01 1.146138831857030499e-01
1.283130260521042132e+01 1.144763344449695464e-01
1.283521042084168329e+01 1.143296872231800571e-01
1.283911823647294526e+01 1.141728727187300563e-01
1.284302605210420900e+01 1.139472495325129925e-01
1.284693386773547097e+01 1.137196565796064901e-01
1.285084168336673294e+01 1.134774523260445173e-01
1.285474949899799668e+01 1.132139667080561962e-01
1.285865731462925865e+01 1.129482549506192340e-01
1.286256513026052062e+01 1.126230450059753918e-01
1.286647294589178259e+01 1.122727334532782617e-01
1.287038076152304633e+01 1.119216591134277045e-01
1.287428857715430830e+01 1.115624588965691694e-01
1.287819639278557204e+01 1.112020843268689135e-01
1.288210420841683401e+01 1.108254953924413116e-01
1.288601202404809598e+01 1.104137667205748047e-01
1.288991983967935795e+01 1.100021126884966338e-01
1.289382765531062169e+01 1.095918630627704254e-01
1.289773547094188366e+01 1.091825523417597338e-01
1.290164328657314563e+01 1.087729548958631942e-01
1.290555110220440937e+01 1.084306875375719292e-01
1.290945891783567134e+01 1.080974408768708983e-01
1.291336673346693331e+01 1.077709862072764729e-01
1.291727454909819706e+01 1.074727147312177222e-01
1.292118236472945902e+01 1.071735600092599966e-01
1.292509018036072099e+01 1.069273396675619880e-01
1.292899799599198474e+01 1.067377171265535413e-01
1.293290581162324671e+01 1.065473409151026507e-01
1.293681362725450867e+01 1.064272398412074300e-01
1.294072144288577064e+01 1.063242544971316206e-01
1.294462925851703439e+01 1.062292252659325781e-01
1.294853707414829636e+01 1.062301563890094280e-01
1.295244488977956010e+01 1.062306147619554303e-01
1.295635270541082207e+01 1.062687138783046381e-01
1.296026052104208404e+01 1.063637457577310125e-01
1.296416833667334600e+01 1.064581997525073237e-01
1.296807615230460975e+01 1.065894743483090379e-01
1.297198396793587172e+01 1.067374212497029934e-01
1.297589178356713369e+01 1.068848569621369815e-01
1.297979959919839743e+01 1.070935419713164999e-01
1.298370741482965940e+01 1.073014435197301580e-01
1.298761523046092137e+01 1.075123348500444526e-01
1.299152304609218511e+01 1.077322216967427221e-01
1.299543086172344708e+01 1.079511186678799306e-01
1.299933867735470905e+01 1.081337252131259197e-01
1.300324649298597279e+01 1.082773976871369143e-01
1.300715430861723476e+01 1.084172032019690979e-01
1.301106212424849673e+01 1.085341456801229426e-01
1.301496993987975870e+01 1.086475367255081842e-01
1.301887775551102244e+01 1.087474507823653208e-01
1.302278557114228441e+01 1.087948862380637843e-01
1.302669338677354638e+01 1.088420700987221823e-01
1.303060120240481012e+01 1.088678279723257758e-01
1.303450901803607209e+01 1.088709224363031969e-01
1.303841683366733406e+01 1.088734891715729264e-01
1.304232464929859781e+01 1.088310672378676597e-01
1.304623246492985977e+01 1.087771765265408697e-01
1.305014028056112174e+01 1.087184094391492883e-01
1.305404809619238549e+01 1.086140157975348935e-01
1.305795591182364745e+01 1.085086470395659891e-01
1.306186372745490942e+01 1.083904643555719527e-01
1.306577154308617317e+01 1.082535061608156240e-01
1.306967935871743514e+01 1.081158979373955525e-01
1.307358717434869710e+01 1.079528935853273502e-01
1.307749498997996085e+01 1.077778850327876514e-01
1.308140280561122282e+01 1.076023003754142393e-01
1.308531062124248479e+01 1.074287147117797547e-01
1.308921843687374675e+01 1.072550447285765263e-01
1.309312625250501050e+01 1.070771649295093192e-01
1.309703406813627247e+01 1.068889277641417168e-01
1.310094188376753443e+01 1.067004739009222436e-01
1.310484969939879818e+01 1.065252193157616017e-01
1.310875751503006015e+01 1.063588461351424735e-01
1.311266533066132212e+01 1.061923135602090423e-01
1.311657314629258586e+01 1.060560175649783304e-01
1.312048096192384783e+01 1.059234532077337199e-01
1.312438877755510980e+01 1.057957322288724383e-01
1.312829659318637354e+01 1.056867757403740921e-01
1.313220440881763551e+01 1.055775841763763739e-01
1.313611222444889748e+01 1.054823247192467062e-01
1.314002004008015945e+01 1.054008183384315817e-01
1.314392785571142319e+01 1.053202105778483638e-01
1.314783567134268516e+01 1.052510771275988744e-01
1.315174348697394890e+01 1.051856826888369206e-01
1.315565130260521087e+01 1.051206418631967093e-01
1.315955911823647284e+01 1.050481344209141799e-01
1.316346693386773481e+01 1.049774143429879486e-01
1.316737474949899855e+01 1.048957465016837898e-01
1.317128256513026052e+01 1.047971812773314387e-01
1.317519038076152249e+01 1.047004851378637164e-01
1.317909819639278624e+01 1.045776129977480512e-01
1.318300601202404820e+01 1.044456809295862543e-01
1.318691382765531017e+01 1.043150262962374980e-01
1.319082164328657392e+01 1.041142408378384898e-01
1.319472945891783588e+01 1.039140353467775946e-01
1.319863727454909785e+01 1.036953279649283494e-01
1.320254509018036160e+01 1.034346218303010823e-01
1.320645290581162357e+01 1.031741942992222411e-01
1.321036072144288553e+01 1.028986130997849996e-01
1.321426853707414750e+01 1.026134008283154653e-01
1.321817635270541125e+01 1.023285064843469927e-01
1.322208416833667322e+01 1.019943295679572037e-01
1.322599198396793696e+01 1.016549291954780554e-01
1.322989979959919893e+01 1.013176172341229003e-01
1.323380761523046090e+01 1.009922335916806913e-01
1.323771543086172287e+01 1.006661596336454745e-01
1.324162324649298661e+01 1.003324676879707583e-01
1.324553106212424858e+01 9.999172135842784859e-02
1.324943887775551055e+01 9.965011577950319555e-02
1.325334669338677429e+01 9.934644355592059384e-02
1.325725450901803626e+01 9.905176742489862907e-02
1.326116232464929823e+01 9.875790351469955486e-02
1.326507014028056197e+01 9.846949702109754343e-02
1.326897795591182394e+01 9.818051662031175575e-02
1.327288577154308591e+01 9.790855669320368271e-02
1.327679358717434965e+01 9.766223047461362883e-02
1.328070140280561162e+01 9.741771328823606302e-02
1.328460921843687359e+01 9.716985297937637267e-02
1.328851703406813556e+01 9.692105600031657164e-02
1.329242484969939930e+01 9.667384794736150200e-02
1.329633266533066127e+01 9.644417587844356099e-02
1.330024048096192502e+01 9.621678721329368633e-02
1.330414829659318698e+01 9.598356793040675738e-02
1.330805611222444895e+01 9.573360993686652609e-02
1.331196392785571092e+01 9.548574852827686199e-02
1.331587174348697467e+01 9.523258794126850113e-02
1.331977955911823663e+01 9.497670191336868295e-02
1.332368737474949860e+01 9.472291346493016961e-02
1.332759519038076235e+01 9.449147268307790670e-02
1.333150300601202431e+01 9.426406794570435510e-02
1.333541082164328628e+01 9.403673256831816818e-02
1.333931863727455003e+01 9.380290959970734310e-02
1.334322645290581200e+01 9.357132935254854067e-02
1.334713426853707396e+01 9.337004140864298141e-02
1.335104208416833771e+01 9.319733512170140510e-02
1.335494989979959968e+01 9.302751431179813457e-02
1.335885771543086165e+01 9.288447229022964158e-02
1.336276553106212361e+01 9.275043157935890237e-02
1.336667334669338736e+01 9.262701038902812489e-02
1.337058116232464933e+01 9.257125326873463789e-02
1.337448897795591130e+01 9.251921417473600584e-02
1.337839679358717504e+01 9.249589244693688650e-02
1.338230460921843701e+01 9.251281821865277311e-02
1.338621242484969898e+01 9.253437910914741327e-02
1.339012024048096272e+01 9.259995522391532841e-02
1.339402805611222469e+01 9.268725975046131216e-02
1.339793587174348666e+01 9.277953269528201041e-02
1.340184368737475040e+01 9.293537361594178536e-02
1.340575150300601237e+01 9.309485485551037554e-02
1.340965931863727434e+01 9.327288687833829028e-02
1.341356713426853808e+01 9.348872597847078525e-02
1.341747494989980005e+01 9.370829879762057613e-02
1.342138276553106202e+01 9.392736977576730817e-02
1.342529058116232576e+01 9.414702362591456652e-02
1.342919839679358773e+01 9.437017166353880993e-02
1.343310621242484970e+01 9.463169556074668698e-02
1.343701402805611167e+01 9.490023759763413502e-02
1.344092184368737541e+01 9.516352394775137724e-02
1.344482965931863738e+01 9.539971537869179619e-02
1.344873747494989935e+01 9.563882972503683078e-02
1.345264529058116310e+01 9.588549946163421600e-02
1.345655310621242506e+01 9.613969242591739739e-02
1.346046092184368703e+01 9.639660966745917936e-02
1.346436873747495078e+01 9.661252540322635973e-02
1.346827655310621275e+01 9.682097083265155113e-02
1.347218436873747471e+01 9.703089939295254929e-02
1.347609218436873846e+01 9.723430874590027750e-02
1.348000000000000043e+01 9.743987447632156129e-02
