1.929589999999999916e+00 9.298775835564996055e-05
1.930265390781563006e+00 9.759727362170411875e-05
1.930940781563126096e+00 1.040061491643165525e-04
1.931616172344689186e+00 1.122886439741051131e-04
1.932291563126252498e+00 1.220028985665420711e-04
1.932966953907815588e+00 1.319412736949058802e-04
1.933642344689378678e+00 1.423365452990250511e-04
1.934317735470941768e+00 1.567787209055953603e-04
1.934993126252504858e+00 1.692258958342230529e-04
1.935668517034067948e+00 1.807904763721103058e-04
1.936343907815631260e+00 1.972085985429502966e-04
1.937019298597194350e+00 2.144405125217025278e-04
1.937694689378757440e+00 2.323060391662119892e-04
1.938370080160320530e+00 2.509322586180233071e-04
1.939045470941883620e+00 2.708967064521877266e-04
1.939720861723446710e+00 2.925092251208417688e-04
1.940396252505010022e+00 3.184482063697202333e-04
1.941071643286573112e+00 3.514625156418695116e-04
1.941747034068136202e+00 3.851108242741198566e-04
1.942422424849699292e+00 4.088917291027558570e-04
1.943097815631262382e+00 4.469666979818488349e-04
1.943773206412825472e+00 4.892824405486422262e-04
1.944448597194388784e+00 5.289970574915799821e-04
1.945123987975951874e+00 5.781823489921412854e-04
1.945799378757514964e+00 6.301632198070743337e-04
1.946474769539078054e+00 6.810091503346174741e-04
1.947150160320641143e+00 7.488895505049984443e-04
1.947825551102204233e+00 8.216337858743206959e-04
1.948500941883767545e+00 8.962795297955437413e-04
1.949176332665330635e+00 9.590056096309530027e-04
1.949851723446893725e+00 1.036987117440032807e-03
1.950527114228456815e+00 1.144048873871832475e-03
1.951202505010019905e+00 1.248008659377081685e-03
1.951877895791582995e+00 1.363627807005639899e-03
1.952553286573146307e+00 1.496448260548027213e-03
1.953228677354709397e+00 1.625828062125247390e-03
1.953904068136272487e+00 1.770895376899621083e-03
1.954579458917835577e+00 1.935307433527629420e-03
1.955254849699398667e+00 2.163610661998990620e-03
1.955930240480961757e+00 2.374097047078877615e-03
1.956605631262525069e+00 2.562407364204750612e-03
1.957281022044088159e+00 2.796320593906770693e-03
1.957956412825651249e+00 3.086947910438566593e-03
1.958631803607214339e+00 3.425306919159524458e-03
1.959307194388777429e+00 3.723010870559127078e-03
1.959982585170340519e+00 4.097364540607339317e-03
1.960657975951903831e+00 4.538493330693622006e-03
1.961333366733466921e+00 4.952943673183006316e-03
1.962008757515030011e+00 5.421337181584075064e-03
1.962684148296593101e+00 5.951518268558573209e-03
1.963359539078156191e+00 6.664885966215865730e-03
1.964034929859719281e+00 7.382538566591670404e-03
1.964710320641282593e+00 8.129880451271180933e-03
1.965385711422845683e+00 9.019387674430074525e-03
1.966061102204408773e+00 9.957799489370935953e-03
1.966736492985971863e+00 1.096818042810589026e-02
1.967411883767534952e+00 1.218123797628422288e-02
1.968087274549098042e+00 1.334874597896492515e-02
1.968762665330661354e+00 1.460235158110039476e-02
1.969438056112224444e+00 1.621561149548740935e-02
1.970113446893787534e+00 1.845041887844836581e-02
1.970788837675350624e+00 2.070469734219542932e-02
1.971464228456913714e+00 2.250730496548320608e-02
1.972139619238476804e+00 2.466726961019830022e-02
1.972815010020040116e+00 2.692101676527708376e-02
1.973490400801603206e+00 2.918335864831937687e-02
1.974165791583166296e+00 3.219655171798954663e-02
1.974841182364729386e+00 3.499383227654825207e-02
1.975516573146292476e+00 3.714098675745160921e-02
1.976191963927855566e+00 4.021059402173218777e-02
1.976867354709418878e+00 4.366628830032458913e-02
1.977542745490981968e+00 4.751289105644673078e-02
1.978218136272545058e+00 5.023613284629485642e-02
1.978893527054108148e+00 5.407966402682205104e-02
1.979568917835671238e+00 5.944425999846494196e-02
1.980244308617234328e+00 6.360077229007601862e-02
1.980919699398797640e+00 6.838677909744850236e-02
1.981595090180360730e+00 7.385112951572679607e-02
1.982270480961923820e+00 7.924414386267057686e-02
1.982945871743486910e+00 8.526286068492157366e-02
1.983621262525050000e+00 9.193534881865546293e-02
1.984296653306613090e+00 1.003888920225787934e-01
1.984972044088176180e+00 1.081529257419166778e-01
1.985647434869739492e+00 1.156926152580078776e-01
1.986322825651302582e+00 1.277148928266728101e-01
1.986998216432865672e+00 1.397778162029415794e-01
1.987673607214428761e+00 1.520796075297365657e-01
1.988348997995991851e+00 1.661896665379432037e-01
1.989024388777554941e+00 1.825289220242040933e-01
1.989699779559118253e+00 1.991299866185098355e-01
1.990375170340681343e+00 2.105869925992892855e-01
1.991050561122244433e+00 2.268516843230277968e-01
1.991725951903807523e+00 2.451980051984518627e-01
1.992401342685370613e+00 2.623308384699001850e-01
1.993076733466933703e+00 2.797563697898547974e-01
1.993752124248497015e+00 2.973802362726271076e-01
1.994427515030060105e+00 3.153212118143837728e-01
1.995102905811623195e+00 3.321959582572267533e-01
1.995778296593186285e+00 3.483582857019998369e-01
1.996453687374749375e+00 3.639430119494646565e-01
1.997129078156312465e+00 3.758528564932283600e-01
1.997804468937875777e+00 3.869563276294343823e-01
1.998479859719438867e+00 3.975580948685323857e-01
1.999155250501001957e+00 4.102069865487963374e-01
1.999830641282565047e+00 4.229477441942670612e-01
2.000506032064128359e+00 4.351369521166904009e-01
2.001181422845691227e+00 4.423426573468334788e-01
2.001856813627254539e+00 4.490806346740737753e-01
2.002532204408817407e+00 4.564283346480750847e-01
2.003207595190380719e+00 4.576304327262140648e-01
2.003882985971944031e+00 4.603047577368789556e-01
2.004558376753506899e+00 4.653389053202145464e-01
2.005233767535070211e+00 4.718985051977522271e-01
2.005909158316633079e+00 4.763976474782906090e-01
2.006584549098196391e+00 4.783360034446280107e-01
2.007259939879759258e+00 4.797203768723328765e-01
2.007935330661322570e+00 4.807892279770112354e-01
2.008610721442885882e+00 4.819044043758744511e-01
2.009286112224448750e+00 4.828900027934423522e-01
2.009961503006012062e+00 4.816584510905844163e-01
2.010636893787574930e+00 4.790931976790163138e-01
2.011312284569138242e+00 4.834357990036851627e-01
2.011987675350701554e+00 4.840807484800063731e-01
2.012663066132264422e+00 4.823484978095441966e-01
2.013338456913827734e+00 4.841340117677295218e-01
2.014013847695390602e+00 4.855550724382420857e-01
2.014689238476953914e+00 4.861930797303807839e-01
2.015364629258516782e+00 4.833806293973527124e-01
2.016040020040080094e+00 4.846528226116964544e-01
2.016715410821643406e+00 4.864512769894639432e-01
2.017390801603206274e+00 4.823581340174724619e-01
2.018066192384769586e+00 4.815637832890982128e-01
2.018741583166332454e+00 4.825392628928850680e-01
2.019416973947895766e+00 4.845796053305331808e-01
2.020092364729459078e+00 4.833028409924892133e-01
2.020767755511021946e+00 4.817817750757966699e-01
2.021443146292585258e+00 4.832280195882230345e-01
2.022118537074148126e+00 4.806976214320906049e-01
2.022793927855711438e+00 4.794491836012877428e-01
2.023469318637274306e+00 4.846282469215515420e-01
2.024144709418837618e+00 4.821314456947542459e-01
2.024820100200400930e+00 4.808264191061224491e-01
2.025495490981963798e+00 4.864468743451583754e-01
2.026170881763527110e+00 4.838791390718990004e-01
2.026846272545089978e+00 4.822631912751196848e-01
2.027521663326653290e+00 4.841436003255170095e-01
2.028197054108216157e+00 4.819564854275669719e-01
2.028872444889779469e+00 4.810085718100119423e-01
2.029547835671342781e+00 4.826646808215540041e-01
2.030223226452905649e+00 4.840202470930599077e-01
2.030898617234468961e+00 4.832452919031637317e-01
2.031574008016031829e+00 4.798074677850677205e-01
2.032249398797595141e+00 4.835283016521128019e-01
2.032924789579158453e+00 4.857099229595868151e-01
2.033600180360721321e+00 4.859169543775876399e-01
2.034275571142284633e+00 4.821440501296926917e-01
2.034950961923847501e+00 4.790494367439124823e-01
2.035626352705410813e+00 4.770204512001696706e-01
2.036301743486974125e+00 4.858716081062436354e-01
2.036977134268536993e+00 4.865589944949437751e-01
2.037652525050100305e+00 4.814223668812983581e-01
2.038327915831663173e+00 4.842032201062293484e-01
2.039003306613226485e+00 4.843180175590534597e-01
2.039678697394789353e+00 4.814148042062175725e-01
2.040354088176352665e+00 4.772660491393587723e-01
2.041029478957915977e+00 4.799881584895480113e-01
2.041704869739478845e+00 4.849656902651369728e-01
2.042380260521042157e+00 4.808454950243919446e-01
2.043055651302605025e+00 4.797648801074329561e-01
2.043731042084168337e+00 4.798760584240258087e-01
2.044406432865731205e+00 4.788605667019594225e-01
2.045081823647294517e+00 4.791571939881161257e-01
2.045757214428857829e+00 4.796899208641542400e-01
2.046432605210420697e+00 4.792655594078987225e-01
2.047107995991984009e+00 4.798451461251231898e-01
2.047783386773546876e+00 4.793119503227287193e-01
2.048458777555110188e+00 4.749035699369320018e-01
2.049134168336673500e+00 4.714160963786608871e-01
2.049809559118236368e+00 4.731092112816099315e-01
2.050484949899799680e+00 4.848827025761032750e-01
2.051160340681362548e+00 4.806616229611681557e-01
2.051835731462925860e+00 4.762316093251461879e-01
2.052511122244488728e+00 4.777910878283168072e-01
2.053186513026052040e+00 4.790324055440247641e-01
2.053861903807615352e+00 4.785559023552147795e-01
2.054537294589178220e+00 4.758761678028200492e-01
2.055212685370741532e+00 4.744474291013311973e-01
2.055888076152304400e+00 4.751077258533679126e-01
2.056563466933867712e+00 4.784049277936729405e-01
2.057238857715431024e+00 4.774160760027821304e-01
2.057914248496993892e+00 4.774410476944254689e-01
2.058589639278557204e+00 4.789146003550199260e-01
2.059265030060120072e+00 4.761408744814158989e-01
2.059940420841683384e+00 4.778731650525996355e-01
2.060615811623246252e+00 4.842102278329105114e-01
2.061291202404809564e+00 4.805670800442525259e-01
2.061966593186372876e+00 4.818356233639742858e-01
2.062641983967935744e+00 4.866485793757953648e-01
2.063317374749499056e+00 4.796356642730283948e-01
2.063992765531061924e+00 4.775840222734795693e-01
2.064668156312625236e+00 4.791917185093491627e-01
2.065343547094188548e+00 4.815924670599882051e-01
2.066018937875751416e+00 4.818341498382507360e-01
2.066694328657314728e+00 4.813572683186235768e-01
2.067369719438877596e+00 4.821317366296680729e-01
2.068045110220440908e+00 4.852154668749696920e-01
2.068720501002003775e+00 4.883828750494628168e-01
2.069395891783567087e+00 4.860200074988993979e-01
2.070071282565130399e+00 4.866037003914525649e-01
2.070746673346693267e+00 4.882316970021381985e-01
2.071422064128256579e+00 4.892303968808398018e-01
2.072097454909819447e+00 4.882869350706858791e-01
2.072772845691382759e+00 4.872936640694334742e-01
2.073448236472946071e+00 4.892602525769969013e-01
2.074123627254508939e+00 4.875857372992500327e-01
2.074799018036072251e+00 4.862064519997836287e-01
2.075474408817635119e+00 4.880690873078891712e-01
2.076149799599198431e+00 4.874996247639611369e-01
2.076825190380761299e+00 4.872451836055634589e-01
2.077500581162324611e+00 4.887363275953772734e-01
2.078175971943887923e+00 4.884668356565252112e-01
2.078851362725450791e+00 4.882754437619742371e-01
2.079526753507014103e+00 4.887309702379514786e-01
2.080202144288576971e+00 4.860837487088539022e-01
2.080877535070140283e+00 4.868851134258057045e-01
2.081552925851703151e+00 4.924648015973023263e-01
2.082228316633266463e+00 4.860743688879981539e-01
2.082903707414829775e+00 4.864368854170300627e-01
2.083579098196392643e+00 4.955331782970830434e-01
2.084254488977955955e+00 4.907850049548356797e-01
2.084929879759518823e+00 4.883647321280690790e-01
2.085605270541082135e+00 4.888477725769036497e-01
2.086280661322645447e+00 4.895828712890308854e-01
2.086956052104208315e+00 4.888711530085586010e-01
2.087631442885771627e+00 4.872144231089241551e-01
2.088306833667334494e+00 4.928602344967081272e-01
2.088982224448897806e+00 4.926473705543576997e-01
2.089657615230461118e+00 4.882689192285803448e-01
2.090333006012023986e+00 4.874705676093953333e-01
2.091008396793587298e+00 4.846158815919257012e-01
2.091683787575150166e+00 4.813308391030903799e-01
2.092359178356713478e+00 4.845661478229605357e-01
2.093034569138276346e+00 4.867421191424430860e-01
2.093709959919839658e+00 4.896424691785670191e-01
2.094385350701402970e+00 4.951578862621189292e-01
2.095060741482965838e+00 4.900011701100890904e-01
2.095736132264529150e+00 4.833022919328965883e-01
2.096411523046092018e+00 4.895962742425458702e-01
2.097086913827655330e+00 4.868450931333371812e-01
2.097762304609218198e+00 4.821593315972302340e-01
2.098437695390781510e+00 4.824447535893160999e-01
2.099113086172344822e+00 4.881016764850551470e-01
2.099788476953907690e+00 4.912743267065408093e-01
2.100463867735471002e+00 4.836563137919195343e-01
2.101139258517033870e+00 4.805609029465122140e-01
2.101814649298597182e+00 4.793737013724014284e-01
2.102490040080160494e+00 4.798396129510587582e-01
2.103165430861723362e+00 4.825708365810835732e-01
2.103840821643286674e+00 4.824346318329150174e-01
2.104516212424849542e+00 4.766272835377518557e-01
2.105191603206412854e+00 4.793997121358898328e-01
2.105866993987976166e+00 4.817905458120435580e-01
2.106542384769539034e+00 4.821549195748914274e-01
2.107217775551102346e+00 4.736995615345909738e-01
2.107893166332665214e+00 4.740343092801497238e-01
2.108568557114228526e+00 4.862748371823967797e-01
2.109243947895791393e+00 4.818056882945676578e-01
2.109919338677354705e+00 4.776278978671504860e-01
2.110594729458918017e+00 4.746936021278113649e-01
2.111270120240480885e+00 4.756772992504796349e-01
2.111945511022044197e+00 4.752494385919706077e-01
2.112620901803607065e+00 4.737167841622524356e-01
2.113296292585170377e+00 4.803838670666114030e-01
2.113971683366733245e+00 4.799476674629962747e-01
2.114647074148296557e+00 4.742710412245024210e-01
2.115322464929859869e+00 4.761160705898378476e-01
2.115997855711422737e+00 4.748187394421914398e-01
2.116673246492986049e+00 4.720493515087011982e-01
2.117348637274548917e+00 4.793567526753205743e-01
2.118024028056112229e+00 4.799662143306067663e-01
2.118699418837675541e+00 4.773230667000948890e-01
2.119374809619238409e+00 4.787939268166820916e-01
2.120050200400801721e+00 4.777293975236613366e-01
2.120725591182364589e+00 4.757279434610198199e-01
2.121400981963927901e+00 4.753237227946797150e-01
2.122076372745490769e+00 4.756391911158399655e-01
2.122751763527054081e+00 4.758541056536231273e-01
2.123427154308617393e+00 4.760031805205289235e-01
2.124102545090180261e+00 4.753896315399225858e-01
2.124777935871743573e+00 4.758671028794378421e-01
2.125453326653306441e+00 4.801372919097044445e-01
2.126128717434869753e+00 4.807564965394907075e-01
2.126804108216433065e+00 4.798174400014846852e-01
2.127479498997995933e+00 4.766814776235630546e-01
2.128154889779559245e+00 4.822264926358919568e-01
2.128830280561122112e+00 4.856113691155855006e-01
2.129505671342685424e+00 4.811187255791295470e-01
2.130181062124248292e+00 4.835168671848340538e-01
2.130856452905811604e+00 4.838191010380618606e-01
2.131531843687374916e+00 4.788756191298548237e-01
2.132207234468937784e+00 4.781905790706126869e-01
2.132882625250501096e+00 4.795894636018584456e-01
2.133558016032063964e+00 4.832218126353813870e-01
2.134233406813627276e+00 4.810508628634900807e-01
2.134908797595190144e+00 4.818429586241790852e-01
2.135584188376753456e+00 4.859950350791966689e-01
2.136259579158316768e+00 4.814242635435853068e-01
2.136934969939879636e+00 4.801306027034090151e-01
2.137610360721442948e+00 4.826720953300439043e-01
2.138285751503005816e+00 4.813819924265572148e-01
2.138961142284569128e+00 4.831193153630346515e-01
2.139636533066132440e+00 4.871981425576879521e-01
2.140311923847695308e+00 4.827479312057358363e-01
2.140987314629258620e+00 4.802967548358725858e-01
2.141662705410821488e+00 4.796429854727430886e-01
2.142338096192384800e+00 4.819743023886539635e-01
2.143013486973948112e+00 4.827991993536999704e-01
2.143688877755510980e+00 4.821927232946149333e-01
2.144364268537074292e+00 4.784553340535993571e-01
2.145039659318637160e+00 4.798313807171328271e-01
2.145715050100200472e+00 4.832860415438007262e-01
2.146390440881763340e+00 4.835136893900590649e-01
2.147065831663326652e+00 4.825859987507697957e-01
2.147741222444889964e+00 4.808713629206068929e-01
2.148416613226452831e+00 4.786258497371684295e-01
2.149092004008016144e+00 4.802530606587939732e-01
2.149767394789579011e+00 4.815185736115538684e-01
2.150442785571142323e+00 4.794935818791578042e-01
2.151118176352705191e+00 4.781495453292143871e-01
2.151793567134268503e+00 4.772579808155161807e-01
2.152468957915831815e+00 4.769724969705015361e-01
2.153144348697394683e+00 4.775438770444151437e-01
2.153819739478957995e+00 4.782765969049169730e-01
2.154495130260520863e+00 4.789184947237399848e-01
2.155170521042084175e+00 4.789403174274868835e-01
2.155845911823647487e+00 4.797725730433178848e-01
2.156521302605210355e+00 4.822211048908744413e-01
2.157196693386773667e+00 4.770301669733815753e-01
2.157872084168336535e+00 4.748643124195902621e-01
2.158547474949899847e+00 4.786777202948159227e-01
2.159222865731463159e+00 4.756248849667236711e-01
2.159898256513026027e+00 4.737130277446737203e-01
2.160573647294589339e+00 4.743111754915427247e-01
2.161249038076152207e+00 4.740470064161992902e-01
2.161924428857715519e+00 4.747145874897431561e-01
2.162599819639278387e+00 4.766813214790052156e-01
2.163275210420841699e+00 4.744699573700240647e-01
2.163950601202405011e+00 4.711365058428887420e-01
2.164625991983967879e+00 4.666701744033269206e-01
2.165301382765531191e+00 4.738017842122195789e-01
2.165976773547094059e+00 4.743038968618670248e-01
2.166652164328657371e+00 4.701327542733486076e-01
2.167327555110220239e+00 4.729278056743596026e-01
2.168002945891783551e+00 4.713194102474027036e-01
2.168678336673346863e+00 4.678730408948886810e-01
2.169353727454909730e+00 4.731289824487867057e-01
2.170029118236473042e+00 4.721730129856462344e-01
2.170704509018035910e+00 4.682257892694751678e-01
2.171379899799599222e+00 4.676470794407466269e-01
2.172055290581162534e+00 4.710381519607362288e-01
2.172730681362725402e+00 4.734525011423480478e-01
2.173406072144288714e+00 4.654854976896846686e-01
2.174081462925851582e+00 4.655654575452726207e-01
2.174756853707414894e+00 4.692443358833659484e-01
2.175432244488977762e+00 4.741058124612815838e-01
2.176107635270541074e+00 4.721719068046462131e-01
2.176783026052104386e+00 4.691962033005655508e-01
2.177458416833667254e+00 4.697100573811132662e-01
2.178133807615230566e+00 4.673880440256040769e-01
2.178809198396793434e+00 4.646095697825853854e-01
2.179484589178356746e+00 4.631825666664520780e-01
2.180159979959920058e+00 4.688953131813876629e-01
2.180835370741482926e+00 4.726030304471376398e-01
2.181510761523046238e+00 4.698188382704792110e-01
2.182186152304609106e+00 4.679243601185654744e-01
2.182861543086172418e+00 4.669544702092761068e-01
2.183536933867735286e+00 4.675258365103263092e-01
2.184212324649298598e+00 4.622300687709293698e-01
2.184887715430861910e+00 4.601095913149931826e-01
2.185563106212424778e+00 4.634211036151763552e-01
2.186238496993988090e+00 4.583168984792254097e-01
2.186913887775550958e+00 4.546919967728623724e-01
2.187589278557114270e+00 4.533345804906085963e-01
2.188264669338677137e+00 4.492457155645580569e-01
2.188940060120240449e+00 4.460589323831107844e-01
2.189615450901803761e+00 4.436907579907042876e-01
2.190290841683366629e+00 4.362723496350133789e-01
2.190966232464929941e+00 4.287272297342723526e-01
2.191641623246492809e+00 4.210775548705225080e-01
2.192317014028056121e+00 4.136823687444290965e-01
2.192992404809619433e+00 4.032743964212799903e-01
2.193667795591182301e+00 3.907341266754763565e-01
2.194343186372745613e+00 3.825687101258017364e-01
2.195018577154308481e+00 3.706544925178024141e-01
2.195693967935871793e+00 3.565035754916724420e-01
2.196369358717435105e+00 3.429125891435237938e-01
2.197044749498997973e+00 3.293874851714999608e-01
2.197720140280561285e+00 3.151290929100027949e-01
2.198395531062124153e+00 2.987189628951631981e-01
2.199070921843687465e+00 2.838434112826443978e-01
2.199746312625250333e+00 2.694758331157134368e-01
2.200421703406813645e+00 2.545369527599115611e-01
2.201097094188376957e+00 2.445648683050458128e-01
2.201772484969939825e+00 2.348033035729565621e-01
2.202447875751503137e+00 2.204565651756655587e-01
2.203123266533066005e+00 2.080690117491461877e-01
2.203798657314629317e+00 1.971903178722733685e-01
2.204474048096192185e+00 1.885694817713349236e-01
2.205149438877755497e+00 1.786697331650653475e-01
2.205824829659318809e+00 1.693169915766797318e-01
2.206500220440881677e+00 1.616510193104448712e-01
2.207175611222444989e+00 1.521743870676600385e-01
2.207851002004007857e+00 1.431500506559276187e-01
2.208526392785571169e+00 1.351992673468005446e-01
2.209201783567134036e+00 1.269769901889333807e-01
2.209877174348697348e+00 1.190866236419390461e-01
2.210552565130260660e+00 1.115409560781208953e-01
2.211227955911823528e+00 1.038876889550130744e-01
2.211903346693386840e+00 9.608333931864490585e-02
2.212578737474950152e+00 8.810108021889960506e-02
2.213254128256513020e+00 8.275158477171096205e-02
2.213929519038076332e+00 7.697872713735991190e-02
2.214604909819639200e+00 7.067324564954705068e-02
2.215280300601202512e+00 6.472346786367288995e-02
2.215955691382765380e+00 5.905597289577337733e-02
2.216631082164328692e+00 5.365221993966532571e-02
2.217306472945892004e+00 4.848640962648328306e-02
2.217981863727454872e+00 4.393637936577968889e-02
2.218657254509018184e+00 3.991962755947447983e-02
2.219332645290581052e+00 3.656601934662818271e-02
2.220008036072144364e+00 3.343143234026698524e-02
2.220683426853707232e+00 3.041197179767440514e-02
2.221358817635270544e+00 2.717404728503512376e-02
2.222034208416833856e+00 2.450442624779404846e-02
2.222709599198396724e+00 2.221158827186834814e-02
2.223384989979960036e+00 2.003725708569548819e-02
2.224060380761522904e+00 1.814566533415749860e-02
2.224735771543086216e+00 1.644405562685782168e-02
2.225411162324649084e+00 1.493365140556417170e-02
2.226086553106212396e+00 1.351229192665211361e-02
2.226761943887775708e+00 1.217774524308302964e-02
2.227437334669338576e+00 1.100053304517432072e-02
2.228112725450901888e+00 1.009871519473130516e-02
2.228788116232465200e+00 9.272425454082010646e-03
2.229463507014028067e+00 8.411707218869706251e-03
2.230138897795591379e+00 7.663875226987834459e-03
2.230814288577154247e+00 6.974829951068804539e-03
2.231489679358717559e+00 6.350350872812150077e-03
2.232165070140280427e+00 5.787119193043611769e-03
2.232840460921843739e+00 5.264275739659552908e-03
2.233515851703407051e+00 4.793368548176996959e-03
2.234191242484969919e+00 4.388659794363593616e-03
2.234866633266533231e+00 4.014701557135070577e-03
2.235542024048096099e+00 3.676128895918222284e-03
2.236217414829659411e+00 3.360886161276660424e-03
2.236892805611222279e+00 3.073353467703920754e-03
2.237568196392785591e+00 2.821833817784779718e-03
2.238243587174348903e+00 2.585014302745813290e-03
2.238918977955911771e+00 2.361552482357269847e-03
2.239594368737475083e+00 2.153749178447227422e-03
2.240269759519037951e+00 1.987739469000156939e-03
2.240945150300601263e+00 1.814290822593380651e-03
2.241620541082164131e+00 1.636886216668604873e-03
2.242295931863727443e+00 1.540308260188558414e-03
2.242971322645290755e+00 1.422918788900802336e-03
2.243646713426853623e+00 1.291501928432475452e-03
2.244322104208416935e+00 1.201162509886119631e-03
2.244997494989979803e+00 1.104341886508804303e-03
2.245672885771543115e+00 1.005112736024127993e-03
2.246348276553106427e+00 9.236361447544039162e-04
2.247023667334669295e+00 8.516231584347023435e-04
2.247699058116232607e+00 7.853642438989648106e-04
2.248374448897795475e+00 7.199565730356504009e-04
2.249049839679358787e+00 6.704647923095998288e-04
2.249725230460922099e+00 6.265640452599565086e-04
2.250400621242484966e+00 5.725089130820273063e-04
2.251076012024048278e+00 5.241301903953235692e-04
2.251751402805611146e+00 4.810226134896900961e-04
2.252426793587174458e+00 4.494453479290374458e-04
2.253102184368737326e+00 4.165259642099855097e-04
2.253777575150300638e+00 3.835872504919619831e-04
2.254452965931863950e+00 3.518904476604424545e-04
2.255128356713426818e+00 3.246527468040011073e-04
2.255803747494990130e+00 3.006037155655425647e-04
2.256479138276552998e+00 2.812123191454295699e-04
2.257154529058116310e+00 2.636325984796988767e-04
2.257829919839679178e+00 2.459668427796070302e-04
2.258505310621242490e+00 2.276974120953315854e-04
2.259180701402805802e+00 2.118494171016978094e-04
2.259856092184368670e+00 1.960398631906221274e-04
2.260531482965931982e+00 1.796434698581749650e-04
2.261206873747494850e+00 1.692305418061898698e-04
2.261882264529058162e+00 1.582847820565081126e-04
2.262557655310621030e+00 1.456634492885847479e-04
2.263233046092184342e+00 1.370861588966363763e-04
2.263908436873747654e+00 1.283031174308455868e-04
2.264583827655310522e+00 1.189632450733889838e-04
2.265259218436873834e+00 1.137870654937322501e-04
2.265934609218437146e+00 1.045565457140080465e-04
2.266610000000000014e+00 9.112344269897681656e-05
