4.388799699999999859e+00 8.557733971130418254e-05
4.389839525450901725e+00 8.924151530641630692e-05
4.390879350901803591e+00 9.173166992758986305e-05
4.391919176352705456e+00 9.410077913536226302e-05
4.392959001803607322e+00 9.716441436229911817e-05
4.393998827254509187e+00 1.013508155125912916e-04
4.395038652705411053e+00 1.069098918948901798e-04
4.396078478156312919e+00 1.127385147743141487e-04
4.397118303607213896e+00 1.186125811721262612e-04
4.398158129058115762e+00 1.249035754974362931e-04
4.399197954509017627e+00 1.318681705859062864e-04
4.400237779959919493e+00 1.396486480689649223e-04
4.401277605410821359e+00 1.475892390057700898e-04
4.402317430861723224e+00 1.547806547678097738e-04
4.403357256312625090e+00 1.614806594753374902e-04
4.404397081763526955e+00 1.679792183847592904e-04
4.405436907214428821e+00 1.749655319944121081e-04
4.406476732665330687e+00 1.827532779073264544e-04
4.407516558116232552e+00 1.909047650446611536e-04
4.408556383567134418e+00 1.995044837654766042e-04
4.409596209018036284e+00 2.085234265820366578e-04
4.410636034468938149e+00 2.180559799360522373e-04
4.411675859919839127e+00 2.283923190013517873e-04
4.412715685370740992e+00 2.391376656019413721e-04
4.413755510821642858e+00 2.505103336947677936e-04
4.414795336272544723e+00 2.625154229674815719e-04
4.415835161723446589e+00 2.756507620251960958e-04
4.416874987174348455e+00 2.913401889848892738e-04
4.417914812625250320e+00 3.082212732212048453e-04
4.418954638076152186e+00 3.261046937142954467e-04
4.419994463527054052e+00 3.447775003478352083e-04
4.421034288977955917e+00 3.638341990916412307e-04
4.422074114428857783e+00 3.835114064308512761e-04
4.423113939879759648e+00 4.037053311257513010e-04
4.424153765330661514e+00 4.243326686206285651e-04
4.425193590781563380e+00 4.452519525128091561e-04
4.426233416232464357e+00 4.678035477477175512e-04
4.427273241683366223e+00 4.917578459600332541e-04
4.428313067134268088e+00 5.172239046867142462e-04
4.429352892585169954e+00 5.443036507307248348e-04
4.430392718036071820e+00 5.733996269547423979e-04
4.431432543486973685e+00 6.043100947699328335e-04
4.432472368937875551e+00 6.370802581941422196e-04
4.433512194388777417e+00 6.717932919351006157e-04
4.434552019839679282e+00 7.091355093492001391e-04
4.435591845290581148e+00 7.487368097601256609e-04
4.436631670741483013e+00 7.905710778045180404e-04
4.437671496192384879e+00 8.348659654979926010e-04
4.438711321643286745e+00 8.822094782492262552e-04
4.439751147094188610e+00 9.334067422593008041e-04
4.440790972545089588e+00 9.873245284694066176e-04
4.441830797995991453e+00 1.044044700541157684e-03
4.442870623446893319e+00 1.103712949472048909e-03
4.443910448897795185e+00 1.168148060536600835e-03
4.444950274348697050e+00 1.236203200157930766e-03
4.445990099799598916e+00 1.308123942301687862e-03
4.447029925250500781e+00 1.384237900794631779e-03
4.448069750701402647e+00 1.466260027057049138e-03
4.449109576152304513e+00 1.555654871044114288e-03
4.450149401603206378e+00 1.650766873197217783e-03
4.451189227054108244e+00 1.751517509621693114e-03
4.452229052505010110e+00 1.858824424003765931e-03
4.453268877955911975e+00 1.974861948192380146e-03
4.454308703406813841e+00 2.099002235143066029e-03
4.455348528857715706e+00 2.231691122903831700e-03
4.456388354308616684e+00 2.373271718231193851e-03
4.457428179759518549e+00 2.528815771856482604e-03
4.458468005210420415e+00 2.695580712385364178e-03
4.459507830661322281e+00 2.873752882014744044e-03
4.460547656112224146e+00 3.063974894669422439e-03
4.461587481563126012e+00 3.270619196125872270e-03
4.462627307014027878e+00 3.496093093892286771e-03
4.463667132464929743e+00 3.737505035146077362e-03
4.464706957915831609e+00 3.995397501342966631e-03
4.465746783366733474e+00 4.272664371044314000e-03
4.466786608817635340e+00 4.576936596888572621e-03
4.467826434268537206e+00 4.904954292964444802e-03
4.468866259719439071e+00 5.258050134691678174e-03
4.469906085170340937e+00 5.637508208361008410e-03
4.470945910621241914e+00 6.058865993441736944e-03
4.471985736072143780e+00 6.515240969163626356e-03
4.473025561523045646e+00 7.006869973995621774e-03
4.474065386973947511e+00 7.535640035101366825e-03
4.475105212424849377e+00 8.114985581543115653e-03
4.476145037875751242e+00 8.756635966954235892e-03
4.477184863326653108e+00 9.458366822894644088e-03
4.478224688777554974e+00 1.020689974279346234e-02
4.479264514228456839e+00 1.102006360627624804e-02
4.480304339679358705e+00 1.192551140861908970e-02
4.481344165130260571e+00 1.290929341881419737e-02
4.482383990581162436e+00 1.397614423126720615e-02
4.483423816032064302e+00 1.513081783220307161e-02
4.484463641482966167e+00 1.643262312934464994e-02
4.485503466933867145e+00 1.786180219401978936e-02
4.486543292384769011e+00 1.940554157700234358e-02
4.487583117835670876e+00 2.108104169450107646e-02
4.488622943286572742e+00 2.293603454929813573e-02
4.489662768737474607e+00 2.499884991877831392e-02
4.490702594188376473e+00 2.724641061667463365e-02
4.491742419639278339e+00 2.969069607189546087e-02
4.492782245090180204e+00 3.236664391364196813e-02
4.493822070541082070e+00 3.537937501119856054e-02
4.494861895991983936e+00 3.866488395150727980e-02
4.495901721442885801e+00 4.224159981647504503e-02
4.496941546893787667e+00 4.612921280852540218e-02
4.497981372344689532e+00 5.050210030551201962e-02
4.499021197795591398e+00 5.529060448061894756e-02
4.500061023246493264e+00 6.049470191479276726e-02
4.501100848697394241e+00 6.613795112797460352e-02
4.502140674148296107e+00 7.236288148012762211e-02
4.503180499599197972e+00 7.918867934832592159e-02
4.504220325050099838e+00 8.654868567696702431e-02
4.505260150501001704e+00 9.447007191167990092e-02
4.506299975951903569e+00 1.030307065191473637e-01
4.507339801402805435e+00 1.122993295303311989e-01
4.508379626853707300e+00 1.221424749265836995e-01
4.509419452304609166e+00 1.325731801563606316e-01
4.510459277755511032e+00 1.435863427939654546e-01
4.511499103206412897e+00 1.551314561907073120e-01
4.512538928657314763e+00 1.671051093461269343e-01
4.513578754108216629e+00 1.794946387585795167e-01
4.514618579559118494e+00 1.922484551096631522e-01
4.515658405010019472e+00 2.051769337212373256e-01
4.516698230460921337e+00 2.180939368575528226e-01
4.517738055911823203e+00 2.310849998364131741e-01
4.518777881362725068e+00 2.440663599607812428e-01
4.519817706813626934e+00 2.568310259816116714e-01
4.520857532264528800e+00 2.688940621272448706e-01
4.521897357715430665e+00 2.807102532417465324e-01
4.522937183166332531e+00 2.921996048321999218e-01
4.523977008617234397e+00 3.032290072881269061e-01
4.525016834068136262e+00 3.130776443121536246e-01
4.526056659519038128e+00 3.225255121885179377e-01
4.527096484969939993e+00 3.315631339490620610e-01
4.528136310420841859e+00 3.400390845568367348e-01
4.529176135871743725e+00 3.472710647016064023e-01
4.530215961322644702e+00 3.539879932917516792e-01
4.531255786773546568e+00 3.602527835924115851e-01
4.532295612224448433e+00 3.659192383281109073e-01
4.533335437675350299e+00 3.706867174834055367e-01
4.534375263126252165e+00 3.748262682455159034e-01
4.535415088577154030e+00 3.785596066174660157e-01
4.536454914028055896e+00 3.817912889874863769e-01
4.537494739478957761e+00 3.844455569191546629e-01
4.538534564929859627e+00 3.866202717827935675e-01
4.539574390380761493e+00 3.885061623579111334e-01
4.540614215831663358e+00 3.900596391433753807e-01
4.541654041282565224e+00 3.912803943186002331e-01
4.542693866733467090e+00 3.922415386140035709e-01
4.543733692184368955e+00 3.930331799623370537e-01
4.544773517635270821e+00 3.936621063136466758e-01
4.545813343086171798e+00 3.941370917692298415e-01
4.546853168537073664e+00 3.944791712730895128e-01
4.547892993987975530e+00 3.947495144888853447e-01
4.548932819438877395e+00 3.949822253123973503e-01
4.549972644889779261e+00 3.951800609772911921e-01
4.551012470340681126e+00 3.953492072607017183e-01
4.552052295791582992e+00 3.954744173330745904e-01
4.553092121242484858e+00 3.955462397436684818e-01
4.554131946693386723e+00 3.955893857170704742e-01
4.555171772144288589e+00 3.956200972457742382e-01
4.556211597595190455e+00 3.956589647907375884e-01
4.557251423046092320e+00 3.957164659698760301e-01
4.558291248496994186e+00 3.957955056061172594e-01
4.559331073947895163e+00 3.958920215571258283e-01
4.560370899398797029e+00 3.959967587155953650e-01
4.561410724849698894e+00 3.962893852124457772e-01
4.562450550300600760e+00 3.966552213685882178e-01
4.563490375751502626e+00 3.967636900328200267e-01
4.564530201202404491e+00 3.968740959568587967e-01
4.565570026653306357e+00 3.969883781069794559e-01
4.566609852104208223e+00 3.971081749351429435e-01
4.567649677555110088e+00 3.972270468975899194e-01
4.568689503006011954e+00 3.973419230907543342e-01
4.569729328456913819e+00 3.974515483832499196e-01
4.570769153907815685e+00 3.975928029390999874e-01
4.571808979358717551e+00 3.981093827695034726e-01
4.572848804809619416e+00 3.983533787861577857e-01
4.573888630260521282e+00 3.985180629258459617e-01
4.574928455711422259e+00 3.986175956901530371e-01
4.575968281162324125e+00 3.986924393070117589e-01
4.577008106613225991e+00 3.987432614111164897e-01
4.578047932064127856e+00 3.987680170312106198e-01
4.579087757515029722e+00 3.987387032595758329e-01
4.580127582965931587e+00 3.986830087413438806e-01
4.581167408416833453e+00 3.986056807547301850e-01
4.582207233867735319e+00 3.985076440744927950e-01
4.583247059318637184e+00 3.983920057131978831e-01
4.584286884769539050e+00 3.982565268551920834e-01
4.585326710220440916e+00 3.981052985904178776e-01
4.586366535671342781e+00 3.979298102260730996e-01
4.587406361122244647e+00 3.977156584347977253e-01
4.588446186573146512e+00 3.975007751786433507e-01
4.589486012024047490e+00 3.972845067941001562e-01
4.590525837474949356e+00 3.970588136637014376e-01
4.591565662925851221e+00 3.968201341474968391e-01
4.592605488376753087e+00 3.965783715670710974e-01
4.593645313827654952e+00 3.963330798113928188e-01
4.594685139278556818e+00 3.960905395985302446e-01
4.595724964729458684e+00 3.958441009836238811e-01
4.596764790180360549e+00 3.955613152117095632e-01
4.597804615631262415e+00 3.952387558841368720e-01
4.598844441082164280e+00 3.948714848188032978e-01
4.599884266533066146e+00 3.944801875106387912e-01
4.600924091983968012e+00 3.940996502451902250e-01
4.601963917434869877e+00 3.937357036851214520e-01
4.603003742885771743e+00 3.933729377193208587e-01
4.604043568336672720e+00 3.930091822673980606e-01
4.605083393787574586e+00 3.926428384219745049e-01
4.606123219238476452e+00 3.922723557882654699e-01
4.607163044689378317e+00 3.919037300575914928e-01
4.608202870140280183e+00 3.915272362856563881e-01
4.609242695591182049e+00 3.911378082096018671e-01
4.610282521042083914e+00 3.907426635733304288e-01
4.611322346492985780e+00 3.904251743132056141e-01
4.612362171943887645e+00 3.901363074476826287e-01
4.613401997394789511e+00 3.898784994218632560e-01
4.614441822845691377e+00 3.896579720112937628e-01
4.615481648296593242e+00 3.893961939767182634e-01
4.616521473747495108e+00 3.891250723886498508e-01
4.617561299198396974e+00 3.888457738267986352e-01
4.618601124649298839e+00 3.885649637141725399e-01
4.619640950100199817e+00 3.883368633208904019e-01
4.620680775551101682e+00 3.880895439600950958e-01
4.621720601002003548e+00 3.878327932877630446e-01
4.622760426452905413e+00 3.875783409286809311e-01
4.623800251903807279e+00 3.873180642008884900e-01
4.624840077354709145e+00 3.870498516529324307e-01
4.625879902805611010e+00 3.867691060103319312e-01
4.626919728256512876e+00 3.864661248387153414e-01
4.627959553707414742e+00 3.861285251317057021e-01
4.628999379158316607e+00 3.857745076840882192e-01
4.630039204609218473e+00 3.854240479744874270e-01
4.631079030060120338e+00 3.850834120267346838e-01
4.632118855511022204e+00 3.847528664338706328e-01
4.633158680961924070e+00 3.844280418158178003e-01
4.634198506412825047e+00 3.841000874129247289e-01
4.635238331863726913e+00 3.837889934308574835e-01
4.636278157314628778e+00 3.835011170456028573e-01
4.637317982765530644e+00 3.832346333373708447e-01
4.638357808216432510e+00 3.829945647471940107e-01
4.639397633667334375e+00 3.827388309098168628e-01
4.640437459118236241e+00 3.824633065807940824e-01
4.641477284569138106e+00 3.821701890110283384e-01
4.642517110020039972e+00 3.818331188520323605e-01
4.643556935470941838e+00 3.814794114520709267e-01
4.644596760921843703e+00 3.811081569191843710e-01
4.645636586372745569e+00 3.807199726760061020e-01
4.646676411823647435e+00 3.803207438225692516e-01
4.647716237274549300e+00 3.799296153038488333e-01
4.648756062725450278e+00 3.795500521002786454e-01
4.649795888176352143e+00 3.791693863196039516e-01
4.650835713627254009e+00 3.787448642070172511e-01
4.651875539078155875e+00 3.786545391465938604e-01
4.652915364529057740e+00 3.782203450375459242e-01
4.653955189979959606e+00 3.777241984026352140e-01
4.654995015430861471e+00 3.772482568586799645e-01
4.656034840881763337e+00 3.767854020691669414e-01
4.657074666332665203e+00 3.763288957734444162e-01
4.658114491783567068e+00 3.758739501641562564e-01
4.659154317234468934e+00 3.754174346161789355e-01
4.660194142685370799e+00 3.749624222349749458e-01
4.661233968136272665e+00 3.745232709345745481e-01
4.662273793587174531e+00 3.740744428245817432e-01
4.663313619038076396e+00 3.736086771345026314e-01
4.664353444488977374e+00 3.731256575518401286e-01
4.665393269939879239e+00 3.726041554163066483e-01
4.666433095390781105e+00 3.720748814902266055e-01
4.667472920841682971e+00 3.715410358482450492e-01
4.668512746292584836e+00 3.710020802845515053e-01
4.669552571743486702e+00 3.704204013440718923e-01
4.670592397194388568e+00 3.698375184861462661e-01
4.671632222645290433e+00 3.692567069911464328e-01
4.672672048096192299e+00 3.686825434290880721e-01
4.673711873547094164e+00 3.681347340494423026e-01
4.674751698997996030e+00 3.675877852129064149e-01
4.675791524448897896e+00 3.670291506477172949e-01
4.676831349899799761e+00 3.664570803673040666e-01
4.677871175350700739e+00 3.658773068803323203e-01
4.678911000801602604e+00 3.652947191620178891e-01
4.679950826252504470e+00 3.647152314791853867e-01
4.680990651703406336e+00 3.641323296576038371e-01
4.682030477154308201e+00 3.635497059925814622e-01
4.683070302605210067e+00 3.629679685289665669e-01
4.684110128056111932e+00 3.624094100686636732e-01
4.685149953507013798e+00 3.618569197172044061e-01
4.686189778957915664e+00 3.612984924971072154e-01
4.687229604408817529e+00 3.607292000044473590e-01
4.688269429859719395e+00 3.601164652433659907e-01
4.689309255310621261e+00 3.594898705718996834e-01
4.690349080761523126e+00 3.588616212367853886e-01
4.691388906212424992e+00 3.582392962382405233e-01
4.692428731663326857e+00 3.576090865119017081e-01
4.693468557114227835e+00 3.569721357607135159e-01
4.694508382565129700e+00 3.563182923487843157e-01
4.695548208016031566e+00 3.556359944484807079e-01
4.696588033466933432e+00 3.549388134796864214e-01
4.697627858917835297e+00 3.544858671118618076e-01
4.698667684368737163e+00 3.538904859872891717e-01
4.699707509819639029e+00 3.530928276753990680e-01
4.700747335270540894e+00 3.522713055187983722e-01
4.701787160721442760e+00 3.514166814269350514e-01
4.702826986172344625e+00 3.505521786703160725e-01
4.703866811623246491e+00 3.496807992267690346e-01
4.704906637074148357e+00 3.487933878867993109e-01
4.705946462525050222e+00 3.478446443048591186e-01
4.706986287975952088e+00 3.468491935143427907e-01
4.708026113426853954e+00 3.458158532204633762e-01
4.709065938877754931e+00 3.447539515446921832e-01
4.710105764328656797e+00 3.436146103942605556e-01
4.711145589779558662e+00 3.424285336239791810e-01
4.712185415230460528e+00 3.411668563891829820e-01
4.713225240681362394e+00 3.398170024928247601e-01
4.714265066132264259e+00 3.382837714372434745e-01
4.715304891583166125e+00 3.366935789144379076e-01
4.716344717034067990e+00 3.350338071883522950e-01
4.717384542484969856e+00 3.332714939007278554e-01
4.718424367935871722e+00 3.313364951370436629e-01
4.719464193386773587e+00 3.292830388305036937e-01
4.720504018837675453e+00 3.269920960069356286e-01
4.721543844288577318e+00 3.244921949048093501e-01
4.722583669739478296e+00 3.218527398810104301e-01
4.723623495190380162e+00 3.190665791934753082e-01
4.724663320641282027e+00 3.159760436854055499e-01
4.725703146092183893e+00 3.127064471697322268e-01
4.726742971543085758e+00 3.093152806785938180e-01
4.727782796993987624e+00 3.056971690832996358e-01
4.728822622444889490e+00 3.017500854798709775e-01
4.729862447895791355e+00 2.976417533808737304e-01
4.730902273346693221e+00 2.933348734769472554e-01
4.731942098797595087e+00 2.886448682318072390e-01
4.732981924248496952e+00 2.836637523595320065e-01
4.734021749699398818e+00 2.785648273250932450e-01
4.735061575150300683e+00 2.734939002290274201e-01
4.736101400601202549e+00 2.677244038006023619e-01
4.737141226052104415e+00 2.618064748665323571e-01
4.738181051503005392e+00 2.556644987849693296e-01
4.739220876953907258e+00 2.492706075008174205e-01
4.740260702404809123e+00 2.426467732950539358e-01
4.741300527855710989e+00 2.359702875148878554e-01
4.742340353306612855e+00 2.289647027185618133e-01
4.743380178757514720e+00 2.217940168504786425e-01
4.744420004208416586e+00 2.145311515107934108e-01
4.745459829659318451e+00 2.072491977459254842e-01
4.746499655110220317e+00 1.996117057003231610e-01
4.747539480561122183e+00 1.920348226747091158e-01
4.748579306012024048e+00 1.845017615735424776e-01
4.749619131462925914e+00 1.769590577416697008e-01
4.750658956913827780e+00 1.693605805182334112e-01
4.751698782364729645e+00 1.619185401275371472e-01
4.752738607815631511e+00 1.545171240051229078e-01
4.753778433266532488e+00 1.471278873730702541e-01
4.754818258717434354e+00 1.399198714764663676e-01
4.755858084168336219e+00 1.329203105392916806e-01
4.756897909619238085e+00 1.260180369161614522e-01
4.757937735070139951e+00 1.192498990224928057e-01
4.758977560521041816e+00 1.127476832467239898e-01
4.760017385971943682e+00 1.064799115965200382e-01
4.761057211422845548e+00 1.004154002475782376e-01
4.762097036873747413e+00 9.457931260713135779e-02
4.763136862324649279e+00 8.898929875227071240e-02
4.764176687775551144e+00 8.363329689970946945e-02
4.765216513226453010e+00 7.854364428940291409e-02
4.766256338677354876e+00 7.368937736322747623e-02
4.767296164128255853e+00 6.905693335022913826e-02
4.768335989579157719e+00 6.467143846765009696e-02
4.769375815030059584e+00 6.056311006969600230e-02
4.770415640480961450e+00 5.666019965949804782e-02
4.771455465931863316e+00 5.295900400214489240e-02
4.772495291382765181e+00 4.948056654866721249e-02
4.773535116833667047e+00 4.626515955593186319e-02
4.774574942284568912e+00 4.322810691744921607e-02
4.775614767735470778e+00 4.036606158805715328e-02
4.776654593186372644e+00 3.767645581430990875e-02
4.777694418637274509e+00 3.519849418861164397e-02
4.778734244088176375e+00 3.287853760232925526e-02
4.779774069539078241e+00 3.069874601458367699e-02
4.780813894989980106e+00 2.865197366515753394e-02
4.781853720440881972e+00 2.675496891188913762e-02
4.782893545891782949e+00 2.499818771802969630e-02
4.783933371342684815e+00 2.334974560761652815e-02
4.784973196793586681e+00 2.180502472200982964e-02
4.786013022244488546e+00 2.036600820822478952e-02
4.787052847695390412e+00 1.904510776216961770e-02
4.788092673146292277e+00 1.780581685581769311e-02
4.789132498597194143e+00 1.664398796385617788e-02
4.790172324048096009e+00 1.555538926136606527e-02
4.791212149498997874e+00 1.455623446659256096e-02
4.792251974949899740e+00 1.362678659255031968e-02
4.793291800400801606e+00 1.275579711687106765e-02
4.794331625851703471e+00 1.193926334410904712e-02
4.795371451302605337e+00 1.118546391649509128e-02
4.796411276753507202e+00 1.048831094545108790e-02
4.797451102204408180e+00 9.833490427643401879e-03
4.798490927655310045e+00 9.219387481624062575e-03
4.799530753106211911e+00 8.647420543628140180e-03
4.800570578557113777e+00 8.121040695618947369e-03
4.801610404008015642e+00 7.626717255461657775e-03
4.802650229458917508e+00 7.162979069529873052e-03
4.803690054909819374e+00 6.728205502049703149e-03
4.804729880360721239e+00 6.327116091034456699e-03
4.805769705811623105e+00 5.952274794729836213e-03
4.806809531262524970e+00 5.599190123747450204e-03
4.807849356713426836e+00 5.266287028609188507e-03
4.808889182164328702e+00 4.961032487408878651e-03
4.809929007615230567e+00 4.674650442680249041e-03
4.810968833066132433e+00 4.404370449963505157e-03
4.812008658517033410e+00 4.150559685519804830e-03
4.813048483967935276e+00 3.914534587808459788e-03
4.814088309418837142e+00 3.696355371805435091e-03
4.815128134869739007e+00 3.490557182448400173e-03
4.816167960320640873e+00 3.296486060250605667e-03
4.817207785771542738e+00 3.113453860011669051e-03
4.818247611222444604e+00 2.943144202059777299e-03
4.819287436673346470e+00 2.782793442782425727e-03
4.820327262124248335e+00 2.631119757311489466e-03
4.821367087575150201e+00 2.487748116724823946e-03
4.822406913026052067e+00 2.353640296507380873e-03
4.823446738476953932e+00 2.229772707909777330e-03
4.824486563927855798e+00 2.112734829811939875e-03
4.825526389378757663e+00 2.002125003919814992e-03
4.826566214829659529e+00 1.898126572623331544e-03
4.827606040280560507e+00 1.801236899491890590e-03
4.828645865731462372e+00 1.709206395993104633e-03
4.829685691182364238e+00 1.622282324692153437e-03
4.830725516633266103e+00 1.540575997537010217e-03
4.831765342084167969e+00 1.464277836911612000e-03
4.832805167535069835e+00 1.392368975482515458e-03
4.833844992985971700e+00 1.323875177184441563e-03
4.834884818436873566e+00 1.258455302148877653e-03
4.835924643887775431e+00 1.196454654359147387e-03
4.836964469338677297e+00 1.138588099852618418e-03
4.838004294789579163e+00 1.083613831287203550e-03
4.839044120240481028e+00 1.031529398769562506e-03
4.840083945691382894e+00 9.825982171317172286e-04
4.841123771142283871e+00 9.369802811682067904e-04
4.842163596593185737e+00 8.936375729914754163e-04
4.843203422044087603e+00 8.525403688534130293e-04
4.844243247494989468e+00 8.136187969917318356e-04
4.845283072945891334e+00 7.769894132413197006e-04
4.846322898396793200e+00 7.421684641335692242e-04
4.847362723847695065e+00 7.089563050245353132e-04
4.848402549298596931e+00 6.773187985305737999e-04
4.849442374749498796e+00 6.474580562974057091e-04
4.850482200200400662e+00 6.193381569458210160e-04
4.851522025651302528e+00 5.924102835175299028e-04
4.852561851102204393e+00 5.664403575710081533e-04
4.853601676553106259e+00 5.411691319884347033e-04
4.854641502004008125e+00 5.175209461809780146e-04
4.855681327454909990e+00 4.950391273796757785e-04
4.856721152905810968e+00 4.736634021684386691e-04
4.857760978356712833e+00 4.533235084574606475e-04
4.858800803807614699e+00 4.341030852524517189e-04
4.859840629258516564e+00 4.148416780188491216e-04
4.860880454709418430e+00 3.962922019666093097e-04
4.861920280160320296e+00 3.788194588599935872e-04
4.862960105611222161e+00 3.626900380101724143e-04
4.863999931062124027e+00 3.486925099626764181e-04
4.865039756513025893e+00 3.358302846865033361e-04
4.866079581963927758e+00 3.236128722945740607e-04
4.867119407414829624e+00 3.114907414087590264e-04
4.868159232865731489e+00 2.996880676103067789e-04
4.869199058316633355e+00 2.878695488735704051e-04
4.870238883767535221e+00 2.764172235745531781e-04
4.871278709218437086e+00 2.656321408304202088e-04
4.872318534669338064e+00 2.555838628605853189e-04
4.873358360120239929e+00 2.461407439879870467e-04
4.874398185571141795e+00 2.371387943809890946e-04
4.875438011022043661e+00 2.285640961669628502e-04
4.876477836472945526e+00 2.206927761349461957e-04
4.877517661923847392e+00 2.132214866222618380e-04
4.878557487374749257e+00 2.058923793813396844e-04
4.879597312825651123e+00 1.986390773701061647e-04
4.880637138276552989e+00 1.912125529710083502e-04
4.881676963727454854e+00 1.840644489357767420e-04
4.882716789178356720e+00 1.774474653194479414e-04
4.883756614629258586e+00 1.713471939763159103e-04
4.884796440080160451e+00 1.657599825494065517e-04
4.885836265531061429e+00 1.609350652127284904e-04
4.886876090981963294e+00 1.558905806816655935e-04
4.887915916432865160e+00 1.508008672841887538e-04
4.888955741883767026e+00 1.456061575825874426e-04
4.889995567334668891e+00 1.399195026994089685e-04
4.891035392785570757e+00 1.346015216756391096e-04
4.892075218236472622e+00 1.296672670130391515e-04
4.893115043687374488e+00 1.251460134683987570e-04
4.894154869138276354e+00 1.210594203851483169e-04
4.895194694589178219e+00 1.174348289653257595e-04
4.896234520040080085e+00 1.138333346399858666e-04
4.897274345490981950e+00 1.102613124364592662e-04
4.898314170941883816e+00 1.066898865269743567e-04
4.899353996392785682e+00 1.028295430997748565e-04
4.900393821843687547e+00 9.918411124384595367e-05
4.901433647294588525e+00 9.575514565795700307e-05
4.902473472745490390e+00 9.255142015332881071e-05
4.903513298196392256e+00 8.959953360136492398e-05
4.904553123647294122e+00 8.682545294255075827e-05
4.905592949098195987e+00 8.355340460329091197e-05
4.906632774549097853e+00 7.995910499900522948e-05
4.907672599999999719e+00 7.641945081807133798e-05
