4.061801700000000181e+00 8.940392198741776585e-05
4.062706131663326836e+00 9.396364532398658457e-05
4.063610563326653491e+00 9.863184874158151727e-05
4.064514994989980146e+00 1.033937877197792205e-04
4.065419426653306800e+00 1.070812451742748710e-04
4.066323858316633455e+00 1.108997285460597808e-04
4.067228289979960110e+00 1.148690240376410462e-04
4.068132721643286764e+00 1.200436811792319602e-04
4.069037153306613419e+00 1.260389470883502923e-04
4.069941584969940074e+00 1.327934212339764927e-04
4.070846016633266728e+00 1.403930700767883890e-04
4.071750448296593383e+00 1.479368009074517019e-04
4.072654879959920038e+00 1.555696974750078580e-04
4.073559311623246693e+00 1.636129766125052126e-04
4.074463743286573347e+00 1.724966327764774392e-04
4.075368174949900002e+00 1.821910825434372319e-04
4.076272606613226657e+00 1.932221495334238658e-04
4.077177038276553311e+00 2.047336537003076361e-04
4.078081469939879966e+00 2.166399558464526310e-04
4.078985901603206621e+00 2.289035652171467954e-04
4.079890333266533275e+00 2.417035716069709165e-04
4.080794764929859930e+00 2.550480569122428915e-04
4.081699196593186585e+00 2.702692833777808326e-04
4.082603628256513240e+00 2.866442056243300785e-04
4.083508059919839894e+00 3.039885991459025864e-04
4.084412491583166549e+00 3.229144947785871794e-04
4.085316923246493204e+00 3.427381852240975451e-04
4.086221354909819858e+00 3.633197727316433436e-04
4.087125786573146513e+00 3.852773747958257271e-04
4.088030218236473168e+00 4.086194488081105070e-04
4.088934649899799822e+00 4.332630996838415598e-04
4.089839081563126477e+00 4.610341159515396340e-04
4.090743513226453132e+00 4.905552047803551571e-04
4.091647944889779787e+00 5.214619761174368526e-04
4.092552376553106441e+00 5.545937090313219709e-04
4.093456808216433096e+00 5.896315037651619299e-04
4.094361239879759751e+00 6.262485888923854157e-04
4.095265671543086405e+00 6.658170879203663796e-04
4.096170103206413060e+00 7.077760945313984640e-04
4.097074534869739715e+00 7.517093585401884602e-04
4.097978966533066369e+00 7.993835119260503516e-04
4.098883398196393024e+00 8.507897374856055860e-04
4.099787829859719679e+00 9.049886236394591010e-04
4.100692261523046334e+00 9.635141369636347200e-04
4.101596693186372988e+00 1.025751371844343170e-03
4.102501124849699643e+00 1.090989877055474145e-03
4.103405556513026298e+00 1.162246215622139093e-03
4.104309988176352952e+00 1.239885121364406187e-03
4.105214419839679607e+00 1.321545879583760569e-03
4.106118851503006262e+00 1.411798605581583710e-03
4.107023283166332916e+00 1.509197841056903258e-03
4.107927714829659571e+00 1.611871289137529204e-03
4.108832146492986226e+00 1.723049217710779027e-03
4.109736578156312881e+00 1.842575441600829414e-03
4.110641009819639535e+00 1.968518282115736852e-03
4.111545441482966190e+00 2.105069458313747408e-03
4.112449873146292845e+00 2.253085876557878089e-03
4.113354304809619499e+00 2.409981245102671941e-03
4.114258736472946154e+00 2.582042910697891769e-03
4.115163168136272809e+00 2.769877778321728698e-03
4.116067599799599463e+00 2.969040005196086230e-03
4.116972031462926118e+00 3.185936646421735907e-03
4.117876463126252773e+00 3.422376371091490847e-03
4.118780894789579428e+00 3.676211261190229576e-03
4.119685326452906082e+00 3.950490262699644234e-03
4.120589758116232737e+00 4.250181222933448189e-03
4.121494189779559392e+00 4.568846279683365548e-03
4.122398621442886046e+00 4.916976711352540226e-03
4.123303053106212701e+00 5.299095072845331524e-03
4.124207484769539356e+00 5.705362240138341784e-03
4.125111916432866010e+00 6.148387235067324930e-03
4.126016348096192665e+00 6.636492913821852302e-03
4.126920779759519320e+00 7.155918776577807096e-03
4.127825211422845975e+00 7.721769735038269689e-03
4.128729643086172629e+00 8.346347175215410377e-03
4.129634074749499284e+00 9.012371656230991346e-03
4.130538506412825939e+00 9.739049054546687970e-03
4.131442938076152593e+00 1.054477498707426589e-02
4.132347369739479248e+00 1.140452925688534985e-02
4.133251801402805903e+00 1.234144945911254225e-02
4.134156233066132557e+00 1.338329545976737513e-02
4.135060664729459212e+00 1.449642589369362980e-02
4.135965096392785867e+00 1.570976501014006294e-02
4.136869528056112522e+00 1.706524969835171782e-02
4.137773959719439176e+00 1.851438287244859884e-02
4.138678391382765831e+00 2.009136287803851839e-02
4.139582823046092486e+00 2.185538512127657013e-02
4.140487254709419140e+00 2.374553631775722096e-02
4.141391686372745795e+00 2.580506092728423670e-02
4.142296118036072450e+00 2.811535438373270746e-02
4.143200549699399104e+00 3.058906412911053044e-02
4.144104981362725759e+00 3.327720133756227605e-02
4.145009413026052414e+00 3.629417258982959443e-02
4.145913844689379069e+00 3.952049463703311699e-02
4.146818276352705723e+00 4.301413316840631273e-02
4.147722708016032378e+00 4.696728473271838400e-02
4.148627139679359033e+00 5.116720064734618656e-02
4.149531571342685687e+00 5.568579910381601938e-02
4.150436003006012342e+00 6.074258576456096487e-02
4.151340434669338997e+00 6.612098126304305490e-02
4.152244866332665651e+00 7.189275758928619087e-02
4.153149297995992306e+00 7.830121433691518418e-02
4.154053729659318961e+00 8.509088754127716592e-02
4.154958161322645616e+00 9.233353790209856971e-02
4.155862592985972270e+00 1.003171860483535321e-01
4.156767024649298925e+00 1.087256758664769812e-01
4.157671456312625580e+00 1.176248382767598466e-01
4.158575887975952234e+00 1.272872929386873742e-01
4.159480319639278889e+00 1.373668981654030674e-01
4.160384751302605544e+00 1.479809419419972072e-01
4.161289182965932198e+00 1.594134860626845729e-01
4.162193614629258853e+00 1.711340981511078885e-01
4.163098046292585508e+00 1.832784702268089316e-01
4.164002477955912163e+00 1.960591492535224412e-01
4.164906909619238817e+00 2.090854859547254807e-01
4.165811341282565472e+00 2.223633077971588212e-01
4.166715772945892127e+00 2.358119384763970594e-01
4.167620204609218781e+00 2.493500907475215411e-01
4.168524636272545436e+00 2.629833135041681480e-01
4.169429067935872091e+00 2.766462866884097926e-01
4.170333499599198745e+00 2.902426496161836789e-01
4.171237931262525400e+00 3.037669878871225304e-01
4.172142362925852055e+00 3.168881956456133242e-01
4.173046794589178710e+00 3.296014312032960469e-01
4.173951226252505364e+00 3.418978134636385668e-01
4.174855657915832019e+00 3.535874945393767121e-01
4.175760089579158674e+00 3.649178368101032022e-01
4.176664521242485328e+00 3.758883303449331859e-01
4.177568952905811983e+00 3.860853870515200681e-01
4.178473384569138638e+00 3.958387710854108787e-01
4.179377816232465293e+00 4.051498669404495212e-01
4.180282247895791947e+00 4.133051035597758993e-01
4.181186679559118602e+00 4.210173077476866421e-01
4.182091111222445257e+00 4.283054033903755942e-01
4.182995542885771911e+00 4.348194669870278917e-01
4.183899974549098566e+00 4.409195757762463530e-01
4.184804406212425221e+00 4.466312909899470829e-01
4.185708837875751875e+00 4.516116924856007908e-01
4.186613269539078530e+00 4.560825284097508314e-01
4.187517701202405185e+00 4.601052414590192652e-01
4.188422132865731840e+00 4.635868981447862081e-01
4.189326564529058494e+00 4.667543371036353972e-01
4.190230996192385149e+00 4.696400327346090253e-01
4.191135427855711804e+00 4.720291131848350363e-01
4.192039859519038458e+00 4.741222386350073537e-01
4.192944291182365113e+00 4.759627467226258957e-01
4.193848722845691768e+00 4.778891590379201748e-01
4.194753154509018422e+00 4.792913714069514941e-01
4.195657586172345077e+00 4.804857997569667027e-01
4.196562017835671732e+00 4.814544047394725412e-01
4.197466449498998387e+00 4.822823051825825824e-01
4.198370881162325041e+00 4.829943471975838842e-01
4.199275312825651696e+00 4.835238717962209720e-01
4.200179744488978351e+00 4.839513820882642703e-01
4.201084176152305005e+00 4.843001605546163879e-01
4.201988607815631660e+00 4.845614814999135711e-01
4.202893039478958315e+00 4.847727970345731552e-01
4.203797471142284969e+00 4.853727706374670325e-01
4.204701902805611624e+00 4.856019478653206267e-01
4.205606334468938279e+00 4.856857912653833598e-01
4.206510766132264934e+00 4.857415999698662668e-01
4.207415197795591588e+00 4.857571346003994872e-01
4.208319629458918243e+00 4.857488572559624518e-01
4.209224061122244898e+00 4.857249694205309498e-01
4.210128492785571552e+00 4.856893080530012563e-01
4.211032924448898207e+00 4.856722094157988057e-01
4.211937356112224862e+00 4.856717565321819197e-01
4.212841787775551516e+00 4.857331105002148375e-01
4.213746219438878171e+00 4.857839383192328331e-01
4.214650651102204826e+00 4.858204390319563193e-01
4.215555082765531481e+00 4.858151002789913298e-01
4.216459514428858135e+00 4.857932036241356388e-01
4.217363946092184790e+00 4.857692742316302992e-01
4.218268377755511445e+00 4.857704467209840726e-01
4.219172809418838099e+00 4.858031890250175122e-01
4.220077241082164754e+00 4.858449533726322267e-01
4.220981672745491409e+00 4.858633832801595998e-01
4.221886104408818063e+00 4.858894394165379493e-01
4.222790536072144718e+00 4.859232288271779221e-01
4.223694967735471373e+00 4.859744200397807523e-01
4.224599399398798028e+00 4.860384400034534758e-01
4.225503831062124682e+00 4.861024356741223129e-01
4.226408262725451337e+00 4.861494818162672704e-01
4.227312694388777992e+00 4.861990757868728807e-01
4.228217126052104646e+00 4.862467298381066838e-01
4.229121557715431301e+00 4.862854814945376525e-01
4.230025989378757956e+00 4.863056508529921551e-01
4.230930421042084610e+00 4.863136288430761067e-01
4.231834852705411265e+00 4.862972384521828118e-01
4.232739284368737920e+00 4.862966566294155135e-01
4.233643716032064575e+00 4.862989827231204987e-01
4.234548147695391229e+00 4.862952141429979225e-01
4.235452579358717884e+00 4.862733684753559604e-01
4.236357011022044539e+00 4.862366026767184768e-01
4.237261442685371193e+00 4.861748805440024856e-01
4.238165874348697848e+00 4.860921060161340623e-01
4.239070306012024503e+00 4.859964279324273106e-01
4.239974737675351157e+00 4.858834953844201610e-01
4.240879169338677812e+00 4.857738068434493406e-01
4.241783601002004467e+00 4.856763107744496155e-01
4.242688032665331122e+00 4.859842693621643783e-01
4.243592464328657776e+00 4.861046578372557603e-01
4.244496895991984431e+00 4.860226079781643227e-01
4.245401327655311086e+00 4.858631889061610365e-01
4.246305759318637740e+00 4.856596999068785725e-01
4.247210190981964395e+00 4.855507400157430542e-01
4.248114622645291050e+00 4.857348857517675422e-01
4.249019054308617704e+00 4.855002451388509277e-01
4.249923485971944359e+00 4.852253634781331093e-01
4.250827917635271014e+00 4.848619234531817423e-01
4.251732349298597669e+00 4.844329466256361849e-01
4.252636780961924323e+00 4.839778040503907031e-01
4.253541212625250978e+00 4.834965228604922172e-01
4.254445644288577633e+00 4.829974944653934177e-01
4.255350075951904287e+00 4.824738035456021534e-01
4.256254507615230942e+00 4.819110248662873408e-01
4.257158939278557597e+00 4.812923663135876828e-01
4.258063370941884251e+00 4.806361556084525755e-01
4.258967802605210906e+00 4.799306392028679369e-01
4.259872234268537561e+00 4.791340162943385494e-01
4.260776665931864216e+00 4.777546353416480818e-01
4.261681097595190870e+00 4.762014830386083752e-01
4.262585529258517525e+00 4.745322259547591348e-01
4.263489960921844180e+00 4.728025428783647621e-01
4.264394392585170834e+00 4.710011654488481248e-01
4.265298824248497489e+00 4.690406264133079595e-01
4.266203255911824144e+00 4.669713814349328862e-01
4.267107687575150798e+00 4.647675494671682506e-01
4.268012119238477453e+00 4.622514982777652937e-01
4.268916550901804108e+00 4.595927655431666925e-01
4.269820982565130763e+00 4.567756647065077669e-01
4.270725414228457417e+00 4.535551973145796056e-01
4.271629845891784072e+00 4.502501733194437250e-01
4.272534277555110727e+00 4.469249043378959452e-01
4.273438709218437381e+00 4.439273104862442310e-01
4.274343140881764036e+00 4.414896855970305567e-01
4.275247572545090691e+00 4.397276959384907036e-01
4.276152004208417345e+00 4.392792583023818476e-01
4.277056435871744000e+00 4.395320662996304306e-01
4.277960867535070655e+00 4.405430659716692565e-01
4.278865299198397310e+00 4.428037807858858921e-01
4.279769730861723964e+00 4.451615041076942281e-01
4.280674162525050619e+00 4.492896246408814021e-01
4.281578594188377274e+00 4.533104659936020853e-01
4.282483025851703928e+00 4.569123867776025971e-01
4.283387457515030583e+00 4.600696158150576753e-01
4.284291889178357238e+00 4.623283446471906366e-01
4.285196320841683892e+00 4.641713953849426755e-01
4.286100752505010547e+00 4.655915686971158207e-01
4.287005184168336314e+00 4.668186588356365019e-01
4.287909615831663857e+00 4.680039321119516260e-01
4.288814047494989623e+00 4.691482122242865427e-01
4.289718479158317166e+00 4.702985526565373608e-01
4.290622910821642932e+00 4.704773203050250929e-01
4.291527342484970475e+00 4.702170417978592809e-01
4.292431774148296242e+00 4.699624866175842186e-01
4.293336205811623785e+00 4.698936067514316584e-01
4.294240637474949551e+00 4.701343698863933995e-01
4.295145069138277094e+00 4.703314413003913952e-01
4.296049500801602861e+00 4.701153266796523345e-01
4.296953932464930404e+00 4.698943145667651144e-01
4.297858364128256170e+00 4.696750881674807143e-01
4.298762795791583713e+00 4.694583214890301059e-01
4.299667227454909479e+00 4.692434049331276613e-01
4.300571659118237022e+00 4.689938508590968946e-01
4.301476090781562789e+00 4.687075677955100939e-01
4.302380522444889444e+00 4.684086908857213460e-01
4.303284954108216098e+00 4.681379629065254844e-01
4.304189385771542753e+00 4.678880741197405935e-01
4.305093817434869408e+00 4.676556363492880841e-01
4.305998249098196062e+00 4.674449377119422322e-01
4.306902680761522717e+00 4.672235217361509485e-01
4.307807112424849372e+00 4.669966487184393777e-01
4.308711544088176026e+00 4.667916055397398067e-01
4.309615975751502681e+00 4.666176505228240567e-01
4.310520407414829336e+00 4.664679989958602224e-01
4.311424839078155991e+00 4.663580924617592993e-01
4.312329270741482645e+00 4.662634773680134348e-01
4.313233702404809300e+00 4.661791716090831761e-01
4.314138134068135955e+00 4.660983250235150033e-01
4.315042565731462609e+00 4.660247877078164680e-01
4.315946997394789264e+00 4.659584341054417433e-01
4.316851429058115919e+00 4.659109403189301557e-01
4.317755860721442573e+00 4.658880197029047765e-01
4.318660292384769228e+00 4.658854200963202241e-01
4.319564724048095883e+00 4.659204898636688519e-01
4.320469155711422538e+00 4.659571986655582365e-01
4.321373587374749192e+00 4.659947710332520421e-01
4.322278019038075847e+00 4.660220555420513389e-01
4.323182450701402502e+00 4.660392561558020508e-01
4.324086882364729156e+00 4.660522519291719346e-01
4.324991314028055811e+00 4.660711528695044015e-01
4.325895745691382466e+00 4.660907695141530138e-01
4.326800177354709120e+00 4.661118776846037703e-01
4.327704609018035775e+00 4.661386689707122111e-01
4.328609040681362430e+00 4.661769252488026649e-01
4.329513472344689085e+00 4.662151593337685584e-01
4.330417904008015739e+00 4.662272448201156272e-01
4.331322335671342394e+00 4.661961832429383779e-01
4.332226767334669049e+00 4.661382853516249924e-01
4.333131198997995703e+00 4.660443146972380601e-01
4.334035630661322358e+00 4.659443510349661199e-01
4.334940062324649013e+00 4.658411670205586663e-01
4.335844493987975667e+00 4.657357337804414743e-01
4.336748925651302322e+00 4.656033199343175277e-01
4.337653357314628977e+00 4.654529686291781210e-01
4.338557788977955632e+00 4.652775762432104223e-01
4.339462220641282286e+00 4.650998545705707921e-01
4.340366652304608941e+00 4.649084658750979870e-01
4.341271083967935596e+00 4.646763198672543282e-01
4.342175515631262250e+00 4.643734738084168701e-01
4.343079947294588905e+00 4.640227132300386859e-01
4.343984378957915560e+00 4.636014722272017718e-01
4.344888810621242214e+00 4.631381207841795411e-01
4.345793242284568869e+00 4.630559099053667693e-01
4.346697673947895524e+00 4.626497085727683256e-01
4.347602105611222179e+00 4.621045207454112513e-01
4.348506537274548833e+00 4.615324981983199293e-01
4.349410968937875488e+00 4.609262424829864702e-01
4.350315400601202143e+00 4.603223374934992673e-01
4.351219832264528797e+00 4.598212254327559978e-01
4.352124263927855452e+00 4.595850441014009968e-01
4.353028695591182107e+00 4.588893677933273407e-01
4.353933127254508761e+00 4.581579026224221196e-01
4.354837558917835416e+00 4.573733058456216916e-01
4.355741990581162071e+00 4.565730686818251782e-01
4.356646422244488726e+00 4.557675371542652676e-01
4.357550853907815380e+00 4.549588052272862115e-01
4.358455285571142035e+00 4.541403984050521037e-01
4.359359717234468690e+00 4.533143654657819654e-01
4.360264148897795344e+00 4.524794426112663248e-01
4.361168580561121999e+00 4.516828430206772382e-01
4.362073012224448654e+00 4.508848127606112088e-01
4.362977443887775308e+00 4.500701084163923893e-01
4.363881875551101963e+00 4.492230489342152189e-01
4.364786307214428618e+00 4.483491849036703725e-01
4.365690738877755273e+00 4.474359650619678663e-01
4.366595170541081927e+00 4.465189637771111442e-01
4.367499602204408582e+00 4.455810058599061207e-01
4.368404033867735237e+00 4.446059644320945470e-01
4.369308465531061891e+00 4.435509352919090320e-01
4.370212897194388546e+00 4.424129557914921462e-01
4.371117328857715201e+00 4.411529728522797233e-01
4.372021760521041855e+00 4.396914088011794064e-01
4.372926192184368510e+00 4.381144441780044363e-01
4.373830623847695165e+00 4.363960937914272975e-01
4.374735055511021820e+00 4.344546284531063951e-01
4.375639487174348474e+00 4.323169016498220052e-01
4.376543918837675129e+00 4.299172828209583685e-01
4.377448350501001784e+00 4.271302080321400796e-01
4.378352782164328438e+00 4.241208038206328856e-01
4.379257213827655093e+00 4.208470325150465707e-01
4.380161645490981748e+00 4.171325265077961419e-01
4.381066077154308402e+00 4.129922588942399053e-01
4.381970508817635057e+00 4.083054500206193538e-01
4.382874940480961712e+00 4.030499481041577847e-01
4.383779372144288367e+00 3.974798844104196482e-01
4.384683803807615021e+00 3.915514849116666363e-01
4.385588235470941676e+00 3.848921823962789257e-01
4.386492667134268331e+00 3.777198618772905636e-01
4.387397098797594985e+00 3.699565065491848825e-01
4.388301530460921640e+00 3.615454879870529381e-01
4.389205962124248295e+00 3.528080756585404987e-01
4.390110393787574949e+00 3.437179483969840521e-01
4.391014825450901604e+00 3.336683672510473708e-01
4.391919257114228259e+00 3.232212760984792266e-01
4.392823688777554914e+00 3.123617758198649619e-01
4.393728120440881568e+00 3.010826003099554282e-01
4.394632552104208223e+00 2.896403092965840198e-01
4.395536983767534878e+00 2.780309614884787228e-01
4.396441415430861532e+00 2.656499571025728312e-01
4.397345847094188187e+00 2.532371910431469031e-01
4.398250278757514842e+00 2.407986539568644779e-01
4.399154710420841496e+00 2.284522878999075413e-01
4.400059142084168151e+00 2.161354606011428314e-01
4.400963573747494806e+00 2.038477372622118367e-01
4.401868005410821461e+00 1.916374905098531811e-01
4.402772437074148115e+00 1.796998321220188433e-01
4.403676868737474770e+00 1.680345336438904824e-01
4.404581300400801425e+00 1.569675283027953949e-01
4.405485732064128079e+00 1.462403273315684149e-01
4.406390163727454734e+00 1.357668755453236564e-01
4.407294595390781389e+00 1.259287635198279853e-01
4.408199027054108043e+00 1.165308132180560424e-01
4.409103458717434698e+00 1.075496669236234298e-01
4.410007890380761353e+00 9.933142022415618333e-02
4.410912322044088008e+00 9.151771748684180141e-02
4.411816753707414662e+00 8.408231681709950334e-02
4.412721185370741317e+00 7.739906797077421297e-02
4.413625617034067972e+00 7.117453682240804103e-02
4.414530048697394626e+00 6.528937491272523985e-02
4.415434480360721281e+00 5.999600143113011097e-02
4.416338912024047936e+00 5.505561918181643699e-02
4.417243343687374590e+00 5.042507444728060867e-02
4.418147775350701245e+00 4.631458387966840701e-02
4.419052207014027900e+00 4.249547016466425492e-02
4.419956638677354555e+00 3.892608448300981933e-02
4.420861070340681209e+00 3.577224708127679786e-02
4.421765502004007864e+00 3.285090540091345490e-02
4.422669933667334519e+00 3.012336322445717529e-02
4.423574365330661173e+00 2.770506910874893231e-02
4.424478796993987828e+00 2.547294302517171677e-02
4.425383228657314483e+00 2.339246454318649054e-02
4.426287660320641137e+00 2.155275472440326689e-02
4.427192091983967792e+00 1.985366183412946503e-02
4.428096523647294447e+00 1.826633790055341711e-02
4.429000955310621102e+00 1.685209031393964524e-02
4.429905386973947756e+00 1.555225710789188455e-02
4.430809818637274411e+00 1.434042857968542174e-02
4.431714250300601066e+00 1.325982945256213782e-02
4.432618681963927720e+00 1.226318576713284446e-02
4.433523113627254375e+00 1.133044177641396623e-02
4.434427545290581030e+00 1.049530973688681326e-02
4.435331976953907684e+00 9.725498514484922502e-03
4.436236408617234339e+00 9.004299290800070119e-03
4.437140840280560994e+00 8.355686583118181535e-03
4.438045271943887649e+00 7.757802863875134028e-03
4.438949703607214303e+00 7.197355614890481312e-03
4.439854135270540958e+00 6.693868203986950982e-03
4.440758566933867613e+00 6.228954113044751599e-03
4.441662998597194267e+00 5.791600584391876083e-03
4.442567430260520922e+00 5.395052054183781601e-03
4.443471861923847577e+00 5.029694875920822338e-03
4.444376293587174231e+00 4.685937924394703406e-03
4.445280725250500886e+00 4.373204493278607524e-03
4.446185156913827541e+00 4.084487773752621363e-03
4.447089588577154196e+00 3.812494101529892605e-03
4.447994020240480850e+00 3.565186349249466289e-03
4.448898451903807505e+00 3.337569735863565694e-03
4.449802883567134160e+00 3.122550113039687398e-03
4.450707315230460814e+00 2.924089833311957574e-03
4.451611746893787469e+00 2.739537483493600413e-03
4.452516178557114124e+00 2.564745950620758112e-03
4.453420610220440778e+00 2.404731101156618034e-03
4.454325041883767433e+00 2.257231836414494690e-03
4.455229473547094088e+00 2.117643573940295246e-03
4.456133905210420743e+00 1.988690964491532202e-03
4.457038336873747397e+00 1.868726931418789993e-03
4.457942768537074052e+00 1.754930300627369384e-03
4.458847200200400707e+00 1.650254643550070959e-03
4.459751631863727361e+00 1.553672332318945882e-03
4.460656063527054016e+00 1.462191256519389552e-03
4.461560495190380671e+00 1.377685852964576595e-03
4.462464926853707325e+00 1.299369423669746292e-03
4.463369358517033980e+00 1.224902622909326702e-03
4.464273790180360635e+00 1.155682572791273503e-03
4.465178221843687290e+00 1.091491888593360340e-03
4.466082653507013944e+00 1.030366919219619050e-03
4.466987085170340599e+00 9.733451850562865101e-04
4.467891516833667254e+00 9.199596456806695540e-04
4.468795948496993908e+00 8.688976731198625684e-04
4.469700380160320563e+00 8.210152671453202142e-04
4.470604811823647218e+00 7.767258856534167352e-04
4.471509243486973872e+00 7.345414408357531146e-04
4.472413675150300527e+00 6.950739637692200743e-04
4.473318106813627182e+00 6.583768492469211720e-04
4.474222538476953837e+00 6.232939095077478934e-04
4.475126970140280491e+00 5.902809782254534333e-04
4.476031401803607146e+00 5.599381498360455397e-04
4.476935833466933801e+00 5.313506435584147702e-04
4.477840265130260455e+00 5.036313327131027723e-04
4.478744696793587110e+00 4.776554151702944715e-04
4.479649128456913765e+00 4.528203942520601889e-04
4.480553560120240419e+00 4.294833449422763832e-04
4.481457991783567074e+00 4.082334653090533656e-04
4.482362423446893729e+00 3.878993230028614713e-04
4.483266855110220384e+00 3.685539689703079417e-04
4.484171286773547038e+00 3.501729744356440934e-04
4.485075718436873693e+00 3.328623202119767926e-04
4.485980150100200348e+00 3.163787070924431628e-04
4.486884581763527002e+00 3.016177225287415987e-04
4.487789013426853657e+00 2.877931867351010155e-04
4.488693445090180312e+00 2.750808095221498099e-04
4.489597876753506966e+00 2.624428531343032120e-04
4.490502308416833621e+00 2.498530319912275056e-04
4.491406740080160276e+00 2.373213276734652385e-04
4.492311171743486931e+00 2.250989699245285974e-04
4.493215603406813585e+00 2.131387323682056901e-04
4.494120035070140240e+00 2.015059983786918283e-04
4.495024466733466895e+00 1.913042514785060118e-04
4.495928898396793549e+00 1.819297942458348715e-04
4.496833330060120204e+00 1.735049742480897792e-04
4.497737761723446859e+00 1.672683732845078354e-04
4.498642193386773513e+00 1.613284630712595580e-04
4.499546625050100168e+00 1.555530929042329242e-04
4.500451056713426823e+00 1.493971169124454158e-04
4.501355488376753478e+00 1.428574333350434171e-04
4.502259920040080132e+00 1.358703172782759025e-04
4.503164351703406787e+00 1.302425095748422875e-04
4.504068783366733442e+00 1.251020102426741228e-04
4.504973215030060096e+00 1.204560219421996306e-04
4.505877646693386751e+00 1.166725122190959927e-04
4.506782078356713406e+00 1.123989610362384131e-04
4.507686510020040060e+00 1.075370037847247145e-04
4.508590941683366715e+00 1.031887443861555009e-04
4.509495373346693370e+00 9.911571123193790281e-05
4.510399805010020025e+00 9.532475657904367484e-05
4.511304236673346679e+00 9.196980297682812264e-05
4.512208668336673334e+00 8.843966844142331807e-05
4.513113099999999989e+00 8.472505709638271560e-05
