1.688399999999999901e+00 8.347548663898823060e-05
1.689626452905811593e+00 9.249368401372956518e-05
1.690852905811623064e+00 1.026417312409990627e-04
1.692079358717434756e+00 1.145436822959415378e-04
1.693305811623246449e+00 1.282617224951526917e-04
1.694532264529057919e+00 1.447132418383597306e-04
1.695758717434869611e+00 1.633126018074390444e-04
1.696985170340681304e+00 1.858442329563535938e-04
1.698211623246492774e+00 2.118145436451195106e-04
1.699438076152304467e+00 2.426951629638227407e-04
1.700664529058116159e+00 2.800243998491766919e-04
1.701890981963927851e+00 3.230469903035718495e-04
1.703117434869739322e+00 3.746104355686183298e-04
1.704343887775551014e+00 4.351013345114882456e-04
1.705570340681362707e+00 5.063572571779202669e-04
1.706796793587174177e+00 5.902047303678200317e-04
1.708023246492985869e+00 6.877702040093011887e-04
1.709249699398797562e+00 8.007170914576252707e-04
1.710476152304609032e+00 9.349018021456500594e-04
1.711702605210420725e+00 1.088799771670522941e-03
1.712929058116232417e+00 1.267199920599920400e-03
1.714155511022043887e+00 1.474685914007089083e-03
1.715381963927855580e+00 1.714584703953462913e-03
1.716608416833667272e+00 2.009183406011008990e-03
1.717834869739478965e+00 2.347718616354774451e-03
1.719061322645290435e+00 2.743133292638784762e-03
1.720287775551102127e+00 3.212277784767631449e-03
1.721514228456913820e+00 3.779345528132804777e-03
1.722740681362725290e+00 4.477301618921131730e-03
1.723967134268536983e+00 5.312905686496303959e-03
1.725193587174348675e+00 6.316727447191494184e-03
1.726420040080160145e+00 7.558242029575270790e-03
1.727646492985971838e+00 9.129072420804998714e-03
1.728872945891783530e+00 1.108771609061570511e-02
1.730099398797595001e+00 1.349379280267412606e-02
1.731325851703406693e+00 1.637892014133371030e-02
1.732552304609218385e+00 1.998412804718288291e-02
1.733778757515029856e+00 2.406916563211385779e-02
1.735005210420841548e+00 2.834996300788204110e-02
1.736231663326653241e+00 3.273933107717113405e-02
1.737458116232464711e+00 3.717915391101333372e-02
1.738684569138276403e+00 4.216896105306924131e-02
1.739911022044088096e+00 4.757250876512170851e-02
1.741137474949899788e+00 5.386450992745963479e-02
1.742363927855711259e+00 6.127874221395921556e-02
1.743590380761522951e+00 7.008200395648360448e-02
1.744816833667334643e+00 8.033414184496252830e-02
1.746043286573146114e+00 9.252441418074755508e-02
1.747269739478957806e+00 1.071057849331062545e-01
1.748496192384769499e+00 1.247911569012347260e-01
1.749722645290580969e+00 1.452397383810334619e-01
1.750949098196392661e+00 1.680837572013067494e-01
1.752175551102204354e+00 1.925997727698414430e-01
1.753402004008015824e+00 2.179133334358762664e-01
1.754628456913827517e+00 2.433729051021240597e-01
1.755854909819639209e+00 2.676473236899326591e-01
1.757081362725450902e+00 2.900116701319392365e-01
1.758307815631262372e+00 3.101255460635951033e-01
1.759534268537074064e+00 3.275831528968563555e-01
1.760760721442885757e+00 3.430886247154761870e-01
1.761987174348697227e+00 3.573482041852390489e-01
1.763213627254508920e+00 3.705167870722509971e-01
1.764440080160320612e+00 3.827390523847424286e-01
1.765666533066132082e+00 3.945370131394386193e-01
1.766892985971943775e+00 4.057043508071880855e-01
1.768119438877755467e+00 4.155769033951637326e-01
1.769345891783566938e+00 4.241853112805886172e-01
1.770572344689378630e+00 4.316974000511812348e-01
1.771798797595190322e+00 4.380459943465652151e-01
1.773025250501001793e+00 4.430586851753426370e-01
1.774251703406813485e+00 4.463659428306798183e-01
1.775478156312625178e+00 4.484160844653485301e-01
1.776704609218436648e+00 4.496645438954688934e-01
1.777931062124248340e+00 4.505054876474475223e-01
1.779157515030060033e+00 4.510053052383693473e-01
1.780383967935871725e+00 4.513409774833831989e-01
1.781610420841683196e+00 4.512453157983686292e-01
1.782836873747494888e+00 4.514023362315019439e-01
1.784063326653306580e+00 4.519007509933010147e-01
1.785289779559118051e+00 4.525147696189770752e-01
1.786516232464929743e+00 4.527588152630667717e-01
1.787742685370741436e+00 4.532827645921378990e-01
1.788969138276552906e+00 4.541029720940392145e-01
1.790195591182364598e+00 4.546519273195168687e-01
1.791422044088176291e+00 4.547726384975164793e-01
1.792648496993987761e+00 4.543595506269824669e-01
1.793874949899799454e+00 4.535079431017760565e-01
1.795101402805611146e+00 4.524732623956934097e-01
1.796327855711422838e+00 4.513079650950235222e-01
1.797554308617234309e+00 4.500239300152273358e-01
1.798780761523046001e+00 4.484182512986281677e-01
1.800007214428857694e+00 4.466194220210407129e-01
1.801233667334669164e+00 4.450149182478089771e-01
1.802460120240480856e+00 4.432907488886650427e-01
1.803686573146292549e+00 4.417102713815809767e-01
1.804913026052104019e+00 4.403188199922589696e-01
1.806139478957915712e+00 4.394516942110562874e-01
1.807365931863727404e+00 4.395937299893178385e-01
1.808592384769538874e+00 4.390276823102144954e-01
1.809818837675350567e+00 4.385954298431233855e-01
1.811045290581162259e+00 4.385093741711095783e-01
1.812271743486973730e+00 4.393617535317398404e-01
1.813498196392785422e+00 4.402673472177071612e-01
1.814724649298597114e+00 4.411653065579814736e-01
1.815951102204408585e+00 4.424125901016267570e-01
1.817177555110220277e+00 4.437433421691575064e-01
1.818404008016031970e+00 4.449571977685911062e-01
1.819630460921843440e+00 4.460972070378112497e-01
1.820856913827655132e+00 4.473249021737096820e-01
1.822083366733466825e+00 4.492994510858800972e-01
1.823309819639278517e+00 4.503473041115415576e-01
1.824536272545089988e+00 4.513356316180252015e-01
1.825762725450901680e+00 4.526774119540537544e-01
1.826989178356713373e+00 4.539162363950679513e-01
1.828215631262524843e+00 4.547305343020718316e-01
1.829442084168336535e+00 4.553107963858029628e-01
1.830668537074148228e+00 4.565169681275854097e-01
1.831894989979959920e+00 4.574394331003565628e-01
1.833121442885771391e+00 4.581009642544927596e-01
1.834347895791583083e+00 4.583921161900939012e-01
1.835574348697394775e+00 4.584118899782833600e-01
1.836800801603206246e+00 4.591575960525081102e-01
1.838027254509017938e+00 4.594588167695852210e-01
1.839253707414829631e+00 4.593650962038611230e-01
1.840480160320641101e+00 4.596696715942386047e-01
1.841706613226452793e+00 4.593244799763259167e-01
1.842933066132264486e+00 4.593133444248013730e-01
1.844159519038075956e+00 4.588623824972463128e-01
1.845385971943887649e+00 4.583938786572083202e-01
1.846612424849699341e+00 4.575862559738558266e-01
1.847838877755510811e+00 4.567309317197787433e-01
1.849065330661322504e+00 4.564769400347625794e-01
1.850291783567134196e+00 4.558052583925543133e-01
1.851518236472945667e+00 4.547352841955089597e-01
1.852744689378757359e+00 4.541600238748556007e-01
1.853971142284569051e+00 4.533640861976127590e-01
1.855197595190380522e+00 4.529295269328304507e-01
1.856424048096192214e+00 4.521873119421939702e-01
1.857650501002003907e+00 4.521611192245232891e-01
1.858876953907815377e+00 4.515655512243310077e-01
1.860103406813627069e+00 4.509024800143870415e-01
1.861329859719438762e+00 4.501141827899064474e-01
1.862556312625250454e+00 4.493656783743995575e-01
1.863782765531061925e+00 4.492127870110208532e-01
1.865009218436873617e+00 4.491140440816241974e-01
1.866235671342685309e+00 4.489584312102573027e-01
1.867462124248496780e+00 4.489422449329894538e-01
1.868688577154308472e+00 4.494146557755563931e-01
1.869915030060120165e+00 4.500173201240975640e-01
1.871141482965931857e+00 4.508606077068697537e-01
1.872367935871743327e+00 4.515071873988819595e-01
1.873594388777555020e+00 4.529610360288069404e-01
1.874820841683366712e+00 4.540182300337362586e-01
1.876047294589178183e+00 4.545917913235169583e-01
1.877273747494989875e+00 4.548334471145317748e-01
1.878500200400801567e+00 4.553918880766472665e-01
1.879726653306613038e+00 4.560522266595970486e-01
1.880953106212424730e+00 4.569607652970066325e-01
1.882179559118236423e+00 4.577527600271389940e-01
1.883406012024047893e+00 4.589000018206085274e-01
1.884632464929859585e+00 4.596499849155012973e-01
1.885858917835671278e+00 4.602035279648473143e-01
1.887085370741482748e+00 4.609665002954349555e-01
1.888311823647294441e+00 4.615009113891822001e-01
1.889538276553106133e+00 4.618473460574216705e-01
1.890764729458917603e+00 4.618978213767025442e-01
1.891991182364729296e+00 4.624036088661086508e-01
1.893217635270540988e+00 4.625227280590542001e-01
1.894444088176352459e+00 4.630600580343062211e-01
1.895670541082164151e+00 4.636833272493732228e-01
1.896896993987975844e+00 4.640187698041659536e-01
1.898123446893787314e+00 4.639210563771635210e-01
1.899349899799599006e+00 4.641978488830723060e-01
1.900576352705410699e+00 4.643047370270972363e-01
1.901802805611222391e+00 4.645574225948778113e-01
1.903029258517033862e+00 4.652927006103632634e-01
1.904255711422845554e+00 4.655889533971320771e-01
1.905482164328657246e+00 4.658929394452283046e-01
1.906708617234468717e+00 4.668042522077328060e-01
1.907935070140280409e+00 4.678096249385179095e-01
1.909161523046092102e+00 4.678431747314373834e-01
1.910387975951903794e+00 4.677320789503886522e-01
1.911614428857715264e+00 4.684257155218598534e-01
1.912840881763526957e+00 4.692619496699474424e-01
1.914067334669338649e+00 4.692961510955816484e-01
1.915293787575150120e+00 4.692805869690141463e-01
1.916520240480961812e+00 4.685532996026721131e-01
1.917746693386773504e+00 4.690238437454306575e-01
1.918973146292584975e+00 4.688271392992349740e-01
1.920199599198396667e+00 4.685772691680015756e-01
1.921426052104208360e+00 4.680028591353973533e-01
1.922652505010019830e+00 4.678461831321086284e-01
1.923878957915831522e+00 4.676410725236233579e-01
1.925105410821643215e+00 4.667513234160863833e-01
1.926331863727454685e+00 4.661556303031003656e-01
1.927558316633266378e+00 4.664927889467443411e-01
1.928784769539078070e+00 4.663582510684343152e-01
1.930011222444889540e+00 4.657882042708608727e-01
1.931237675350701233e+00 4.649854960282576166e-01
1.932464128256512925e+00 4.646850151049892741e-01
1.933690581162324396e+00 4.641754454996147583e-01
1.934917034068136088e+00 4.635043765379031067e-01
1.936143486973947780e+00 4.629640537285523716e-01
1.937369939879759251e+00 4.623166087505550248e-01
1.938596392785570943e+00 4.620686554275943991e-01
1.939822845691382636e+00 4.620071243107197745e-01
1.941049298597194106e+00 4.621371996874035215e-01
1.942275751503005798e+00 4.626423861375218993e-01
1.943502204408817491e+00 4.631244274970985897e-01
1.944728657314629183e+00 4.636173057571481571e-01
1.945955110220440876e+00 4.645042647346051545e-01
1.947181563126252346e+00 4.649439802809492983e-01
1.948408016032064038e+00 4.654845192588217273e-01
1.949634468937875731e+00 4.655833775184293200e-01
1.950860921843687201e+00 4.658681364742932041e-01
1.952087374749498894e+00 4.661390193898392598e-01
1.953313827655310586e+00 4.664570739153275913e-01
1.954540280561122056e+00 4.666223462023856849e-01
1.955766733466933749e+00 4.668776110422345749e-01
1.956993186372745441e+00 4.669177982217947998e-01
1.958219639278556912e+00 4.659310754417285705e-01
1.959446092184368604e+00 4.638025435787230255e-01
1.960672545090180297e+00 4.633187462487071695e-01
1.961898997995991767e+00 4.651943358327327860e-01
1.963125450901803459e+00 4.673036370347492530e-01
1.964351903807615152e+00 4.682363476050100393e-01
1.965578356713426622e+00 4.684078043117498868e-01
1.966804809619238315e+00 4.680449914752130014e-01
1.968031262525050007e+00 4.683549654450230304e-01
1.969257715430861477e+00 4.688777190549753837e-01
1.970484168336673170e+00 4.684211384063500239e-01
1.971710621242484862e+00 4.681603333151214685e-01
1.972937074148296333e+00 4.678956063532389020e-01
1.974163527054108025e+00 4.673115657376029075e-01
1.975389979959919717e+00 4.672268085340817723e-01
1.976616432865731188e+00 4.675099163006843916e-01
1.977842885771542880e+00 4.673704110901265585e-01
1.979069338677354573e+00 4.675445866559944097e-01
1.980295791583166043e+00 4.679778370836054080e-01
1.981522244488977735e+00 4.688638691976693695e-01
1.982748697394789428e+00 4.686212354739301977e-01
1.983975150300601120e+00 4.686025076815472090e-01
1.985201603206412813e+00 4.688947945523238570e-01
1.986428056112224283e+00 4.690166073262331814e-01
1.987654509018035975e+00 4.694112598876042375e-01
1.988880961923847668e+00 4.700019193287793828e-01
1.990107414829659138e+00 4.701526619244011940e-01
1.991333867735470831e+00 4.706113257853336007e-01
1.992560320641282523e+00 4.709109874849189414e-01
1.993786773547093993e+00 4.711839353158087107e-01
1.995013226452905686e+00 4.703763437608182163e-01
1.996239679358717378e+00 4.689939686537327734e-01
1.997466132264528849e+00 4.689919896636539076e-01
1.998692585170340541e+00 4.698115405157113900e-01
1.999919038076152233e+00 4.706678264084733221e-01
2.001145490981963704e+00 4.710537613202528395e-01
2.002371943887775174e+00 4.711842420802435649e-01
2.003598396793587089e+00 4.717913255641025261e-01
2.004824849699398559e+00 4.716796116545070028e-01
2.006051302605210473e+00 4.710728821574955427e-01
2.007277755511021944e+00 4.705687058239610421e-01
2.008504208416833414e+00 4.701011222201794681e-01
2.009730661322644885e+00 4.704435731736711923e-01
2.010957114228456799e+00 4.703229004599228102e-01
2.012183567134268269e+00 4.701147084629365702e-01
2.013410020040080184e+00 4.701523800833722344e-01
2.014636472945891654e+00 4.705163222994394046e-01
2.015862925851703125e+00 4.712955667900619039e-01
2.017089378757515039e+00 4.717680325365632976e-01
2.018315831663326509e+00 4.722205128627784410e-01
2.019542284569137980e+00 4.718853641735311633e-01
2.020768737474949894e+00 4.720817805344525442e-01
2.021995190380761365e+00 4.722856634175847113e-01
2.023221643286572835e+00 4.734886451649557570e-01
2.024448096192384750e+00 4.748767947019292279e-01
2.025674549098196220e+00 4.759861747226471484e-01
2.026901002004007690e+00 4.767739895130327921e-01
2.028127454909819605e+00 4.769667388489214344e-01
2.029353907815631075e+00 4.774594871855215028e-01
2.030580360721442545e+00 4.778487968384769746e-01
2.031806813627254460e+00 4.780663974415458872e-01
2.033033266533065930e+00 4.784461154826138984e-01
2.034259719438877845e+00 4.783341079142012231e-01
2.035486172344689315e+00 4.781061642934911760e-01
2.036712625250500786e+00 4.781201891350007616e-01
2.037939078156312256e+00 4.782146567545909055e-01
2.039165531062124170e+00 4.790117229079885464e-01
2.040391983967935641e+00 4.786912581935389155e-01
2.041618436873747555e+00 4.775503270321690974e-01
2.042844889779559026e+00 4.766702559807196038e-01
2.044071342685370496e+00 4.753465730869882444e-01
2.045297795591181966e+00 4.742359024031110315e-01
2.046524248496993881e+00 4.734330517947492045e-01
2.047750701402805351e+00 4.727125145223459168e-01
2.048977154308617266e+00 4.717427046164118232e-01
2.050203607214428736e+00 4.714379225156888897e-01
2.051430060120240206e+00 4.711972826810234549e-01
2.052656513026052121e+00 4.711933575869927671e-01
2.053882965931863591e+00 4.707887965641812666e-01
2.055109418837675062e+00 4.706018404167855995e-01
2.056335871743486976e+00 4.703417051038002450e-01
2.057562324649298446e+00 4.701553635594979408e-01
2.058788777555109917e+00 4.700341250190329112e-01
2.060015230460921831e+00 4.704514162213978001e-01
2.061241683366733302e+00 4.716079231608351630e-01
2.062468136272544772e+00 4.721503023412914057e-01
2.063694589178356686e+00 4.729487926435028688e-01
2.064921042084168157e+00 4.737429114064498625e-01
2.066147494989979627e+00 4.743557764295436296e-01
2.067373947895791542e+00 4.755010044455517670e-01
2.068600400801603012e+00 4.767384366324797229e-01
2.069826853707414482e+00 4.775576826584808643e-01
2.071053306613226397e+00 4.787454215121598189e-01
2.072279759519037867e+00 4.801516382867840327e-01
2.073506212424849338e+00 4.811475257257621929e-01
2.074732665330661252e+00 4.820474970170721685e-01
2.075959118236472722e+00 4.825105371997623349e-01
2.077185571142284637e+00 4.825761838573483509e-01
2.078412024048096107e+00 4.824651573826304607e-01
2.079638476953907578e+00 4.829535671787578699e-01
2.080864929859719048e+00 4.835302958770722470e-01
2.082091382765530962e+00 4.833717835594330547e-01
2.083317835671342433e+00 4.837487645070555620e-01
2.084544288577154347e+00 4.842724732823436851e-01
2.085770741482965818e+00 4.840621010141889502e-01
2.086997194388777288e+00 4.833091971164458767e-01
2.088223647294588758e+00 4.826299313764469967e-01
2.089450100200400673e+00 4.819140132088050588e-01
2.090676553106212143e+00 4.815350126186813684e-01
2.091903006012024058e+00 4.803412951526009889e-01
2.093129458917835528e+00 4.795675383323374508e-01
2.094355911823646998e+00 4.802777895734661184e-01
2.095582364729458913e+00 4.801977960885114305e-01
2.096808817635270383e+00 4.794851316198099345e-01
2.098035270541081854e+00 4.784307739955863670e-01
2.099261723446893768e+00 4.778095777228810181e-01
2.100488176352705239e+00 4.773598607681184824e-01
2.101714629258516709e+00 4.769254401903445517e-01
2.102941082164328623e+00 4.761327381489460775e-01
2.104167535070140094e+00 4.760330267557237871e-01
2.105393987975951564e+00 4.763033365490209059e-01
2.106620440881763479e+00 4.753290544976083165e-01
2.107846893787574949e+00 4.749605727677620459e-01
2.109073346693386419e+00 4.743094427929413492e-01
2.110299799599198334e+00 4.738724715209383098e-01
2.111526252505009804e+00 4.732026010590371645e-01
2.112752705410821719e+00 4.731878685579311017e-01
2.113979158316633189e+00 4.724742746512071156e-01
2.115205611222444659e+00 4.716704680898468061e-01
2.116432064128256130e+00 4.717280723418913468e-01
2.117658517034068044e+00 4.720866214542303041e-01
2.118884969939879515e+00 4.718786812122936491e-01
2.120111422845691429e+00 4.712678591550928942e-01
2.121337875751502899e+00 4.713240507065947216e-01
2.122564328657314370e+00 4.715301867970642657e-01
2.123790781563125840e+00 4.711553899564461800e-01
2.125017234468937755e+00 4.707518837590475846e-01
2.126243687374749225e+00 4.707276225598885366e-01
2.127470140280561139e+00 4.710301794102711437e-01
2.128696593186372610e+00 4.703488449835595553e-01
2.129923046092184080e+00 4.703141847582916202e-01
2.131149498997995995e+00 4.703701604943572034e-01
2.132375951903807465e+00 4.706941730307193650e-01
2.133602404809618935e+00 4.709800748415914340e-01
2.134828857715430850e+00 4.713643931469760906e-01
2.136055310621242320e+00 4.709939932041469213e-01
2.137281763527053791e+00 4.712995652765399890e-01
2.138508216432865705e+00 4.716106003291581916e-01
2.139734669338677175e+00 4.726352593523561740e-01
2.140961122244488646e+00 4.730837322252863797e-01
2.142187575150300560e+00 4.733303103562809810e-01
2.143414028056112031e+00 4.736151720777855290e-01
2.144640480961923501e+00 4.745131078977427030e-01
2.145866933867735415e+00 4.750102093867309971e-01
2.147093386773546886e+00 4.747468582835068784e-01
2.148319839679358356e+00 4.752720798630250543e-01
2.149546292585170271e+00 4.763040508473094792e-01
2.150772745490981741e+00 4.760159784383835579e-01
2.151999198396793211e+00 4.755339532691075233e-01
2.153225651302605126e+00 4.753302085617014394e-01
2.154452104208416596e+00 4.748724559724925021e-01
2.155678557114228511e+00 4.738905069511119006e-01
2.156905010020039981e+00 4.736283395602245982e-01
2.158131462925851451e+00 4.731648994571999167e-01
2.159357915831662922e+00 4.723204212590271789e-01
2.160584368737474836e+00 4.711906934635904376e-01
2.161810821643286307e+00 4.700230166743203375e-01
2.163037274549098221e+00 4.685650130237143940e-01
2.164263727454909692e+00 4.680436934690794804e-01
2.165490180360721162e+00 4.669114030940773041e-01
2.166716633266532632e+00 4.656535432733482915e-01
2.167943086172344547e+00 4.643405428053617445e-01
2.169169539078156017e+00 4.631281290263980499e-01
2.170395991983967932e+00 4.619229555807937149e-01
2.171622444889779402e+00 4.606359744289908464e-01
2.172848897795590872e+00 4.597495492767865732e-01
2.174075350701402787e+00 4.589848828071964593e-01
2.175301803607214257e+00 4.580694776739426266e-01
2.176528256513025728e+00 4.575543866882786359e-01
2.177754709418837642e+00 4.574039462634042486e-01
2.178981162324649112e+00 4.567897622434581306e-01
2.180207615230460583e+00 4.557243240155289254e-01
2.181434068136272497e+00 4.546331385682926829e-01
2.182660521042083968e+00 4.540008846061698855e-01
2.183886973947895438e+00 4.540429642759058471e-01
2.185113426853707352e+00 4.539798365613051945e-01
2.186339879759518823e+00 4.538484516544306069e-01
2.187566332665330293e+00 4.523786383516621434e-01
2.188792785571142208e+00 4.513717230980299200e-01
2.190019238476953678e+00 4.504573313130957879e-01
2.191245691382765592e+00 4.495588306394869837e-01
2.192472144288577063e+00 4.482854983500240698e-01
2.193698597194388533e+00 4.467917579891229063e-01
2.194925050100200004e+00 4.454884946140783009e-01
2.196151503006011918e+00 4.440215637777877866e-01
2.197377955911823388e+00 4.429913787674722436e-01
2.198604408817635303e+00 4.416045682047137211e-01
2.199830861723446773e+00 4.397836866701626546e-01
2.201057314629258244e+00 4.379142529922727123e-01
2.202283767535069714e+00 4.364517415689657120e-01
2.203510220440881628e+00 4.346406010883015480e-01
2.204736673346693099e+00 4.326914685728848742e-01
2.205963126252505013e+00 4.303800650234826941e-01
2.207189579158316484e+00 4.281058370489316256e-01
2.208416032064127954e+00 4.255884494788786943e-01
2.209642484969939424e+00 4.222965549708275756e-01
2.210868937875751339e+00 4.180407043604512096e-01
2.212095390781562809e+00 4.126626087922605768e-01
2.213321843687374724e+00 4.057730173406134955e-01
2.214548296593186194e+00 3.965633814158490700e-01
2.215774749498997664e+00 3.856894840286449466e-01
2.217001202404809579e+00 3.724666113711652127e-01
2.218227655310621049e+00 3.572149971444129601e-01
2.219454108216432520e+00 3.399181946539012733e-01
2.220680561122244434e+00 3.205967635018787676e-01
2.221907014028055904e+00 2.996492750155282381e-01
2.223133466933867375e+00 2.780521174522975203e-01
2.224359919839679289e+00 2.552769664509588754e-01
2.225586372745490760e+00 2.326726139921977410e-01
2.226812825651302674e+00 2.111012235013036697e-01
2.228039278557114145e+00 1.908740532839287574e-01
2.229265731462925615e+00 1.719907179325492474e-01
2.230492184368737085e+00 1.549124873481221298e-01
2.231718637274549000e+00 1.395138631532242546e-01
2.232945090180360470e+00 1.252021785895285899e-01
2.234171543086172385e+00 1.117677073307868779e-01
2.235397995991983855e+00 9.896303912708244443e-02
2.236624448897795325e+00 8.735575729397190847e-02
2.237850901803606796e+00 7.654310712877790412e-02
2.239077354709418710e+00 6.657530104071923693e-02
2.240303807615230181e+00 5.760345720238525813e-02
2.241530260521042095e+00 4.947173557559730872e-02
2.242756713426853565e+00 4.241408823930914451e-02
2.243983166332665036e+00 3.624586250230742157e-02
2.245209619238476506e+00 3.078368427773605157e-02
2.246436072144288421e+00 2.605734560875751921e-02
2.247662525050099891e+00 2.204965244531464572e-02
2.248888977955911805e+00 1.864642484224977512e-02
2.250115430861723276e+00 1.579408691888949806e-02
2.251341883767534746e+00 1.335601327493442410e-02
2.252568336673346217e+00 1.130932048639098596e-02
2.253794789579158131e+00 9.574207574066431053e-03
2.255021242484969601e+00 8.098149709359870121e-03
2.256247695390781516e+00 6.861871457300098252e-03
2.257474148296592986e+00 5.823733490916989559e-03
2.258700601202404457e+00 4.950229875685024060e-03
2.259927054108216371e+00 4.202005203777496589e-03
2.261153507014027841e+00 3.566021630081775331e-03
2.262379959919839756e+00 3.039048160721982954e-03
2.263606412825651226e+00 2.602224721059143587e-03
2.264832865731462697e+00 2.230420403684385284e-03
2.266059318637274167e+00 1.914122419480612227e-03
2.267285771543086081e+00 1.644116385031457392e-03
2.268512224448897552e+00 1.420355350362813079e-03
2.269738677354709466e+00 1.233734238606991373e-03
2.270965130260520937e+00 1.076229216028037200e-03
2.272191583166332407e+00 9.393598728916459709e-04
2.273418036072143877e+00 8.225439612713344659e-04
2.274644488977955792e+00 7.249455644058996808e-04
2.275870941883767262e+00 6.407769918207093483e-04
2.277097394789579177e+00 5.682594938543327487e-04
2.278323847695390647e+00 5.062964691959555719e-04
2.279550300601202117e+00 4.505205327723062420e-04
2.280776753507013588e+00 4.031834572867011731e-04
2.282003206412825502e+00 3.631867294293490505e-04
2.283229659318636973e+00 3.273713169820327649e-04
2.284456112224448887e+00 2.946625369245322386e-04
2.285682565130260357e+00 2.672566397639432149e-04
2.286909018036071828e+00 2.411313754447073389e-04
2.288135470941883298e+00 2.190188793407921533e-04
2.289361923847695213e+00 1.990711711835805133e-04
2.290588376753506683e+00 1.800078665680088241e-04
2.291814829659318598e+00 1.637320356670118079e-04
2.293041282565130068e+00 1.486344397588549280e-04
2.294267735470941538e+00 1.356491101559217937e-04
2.295494188376753453e+00 1.241679260102831073e-04
2.296720641282564923e+00 1.138337588938218269e-04
2.297947094188376393e+00 1.046565440400766967e-04
2.299173547094188308e+00 9.593113277776476255e-05
2.300399999999999778e+00 8.767644155459833756e-05
