5.999999999999999778e-01 2.928830859942482629e-09
6.035070140280560658e-01 1.452259020282609116e-08
6.070140280561121537e-01 7.080553695188373776e-09
6.105210420841683527e-01 3.583608460560429713e-09
6.140280561122244407e-01 8.206723716862266943e-09
6.175350701402805287e-01 9.410527208499137389e-09
6.210420841683366167e-01 1.035051999226795771e-08
6.245490981963928157e-01 8.296297849253370359e-09
6.280561122244489036e-01 2.417893994496474402e-09
6.315631262525049916e-01 8.465536745898699461e-09
6.350701402805610796e-01 1.186882138867280169e-08
6.385771543086171675e-01 1.124569390799879544e-08
6.420841683366733665e-01 1.179579026030413465e-08
6.455911823647294545e-01 1.650373327383878798e-08
6.490981963927855425e-01 1.335365229792928404e-08
6.526052104208416305e-01 1.491926069984056740e-08
6.561122244488977184e-01 1.952089215505685727e-08
6.596192384769539174e-01 2.282775511265019621e-08
6.631262525050100054e-01 2.525483890962370058e-08
6.666332665330660934e-01 2.795631017518652577e-08
6.701402805611221813e-01 4.069232159068083231e-08
6.736472945891783803e-01 3.736974877802131724e-08
6.771543086172344683e-01 3.982972527350627857e-08
6.806613226452905563e-01 5.619411075891357076e-08
6.841683366733466443e-01 4.227935107281256051e-08
6.876753507014028433e-01 4.486383557366463837e-08
6.911823647294589312e-01 5.674801185506686271e-08
6.946893787575150192e-01 5.094591057030827218e-08
6.981963927855711072e-01 5.408997948800597545e-08
7.017034068136271951e-01 5.930973910680426952e-08
7.052104208416833941e-01 5.401586780694668888e-08
7.087174348697394821e-01 4.740344597269183737e-08
7.122244488977955701e-01 2.846571949008529391e-08
7.157314629258516581e-01 5.049026807359638681e-08
7.192384769539077460e-01 5.519059828251820977e-08
7.227454909819639450e-01 6.497487067659942571e-08
7.262525050100200330e-01 5.682788874551288712e-08
7.297595190380761210e-01 3.538825991440369015e-08
7.332665330661322090e-01 4.893137757075079210e-08
7.367735470941882969e-01 5.368888629059934415e-08
7.402805611222444959e-01 5.831909999049657463e-08
7.437875751503005839e-01 3.867179825703165709e-08
7.472945891783566719e-01 3.657958007106616265e-08
7.508016032064128709e-01 6.974939043153977814e-08
7.543086172344688478e-01 6.174651580019631788e-08
7.578156312625250468e-01 5.902982291635043379e-08
7.613226452905811348e-01 4.496742282914487247e-08
7.648296593186372228e-01 5.540724591739233106e-08
7.683366733466934217e-01 4.599709966103740944e-08
7.718436873747495097e-01 5.153310306860637856e-08
7.753507014028055977e-01 4.553260295913037971e-08
7.788577154308616857e-01 4.310974323044411553e-08
7.823647294589177736e-01 4.802660154712991991e-08
7.858717434869739726e-01 3.070150427108987716e-08
7.893787575150300606e-01 3.282042526555615660e-08
7.928857715430861486e-01 4.455320425493524581e-08
7.963927855711422366e-01 1.516140233709166219e-08
7.998997995991983245e-01 3.737720218200509544e-08
8.034068136272545235e-01 3.707166101349166370e-08
8.069138276553106115e-01 2.582022607963307611e-08
8.104208416833666995e-01 3.431469737446853377e-08
8.139278557114227874e-01 3.566213088663979797e-08
8.174348697394788754e-01 3.227168988239314780e-08
8.209418837675350744e-01 4.069529210182410886e-08
8.244488977955911624e-01 3.340299799826780183e-08
8.279559118236472504e-01 2.958810367473635391e-08
8.314629258517034494e-01 4.344290967306265156e-08
8.349699398797595373e-01 9.531809903363599140e-08
8.384769539078156253e-01 7.822744865034575608e-08
8.419839679358717133e-01 3.494935279774480533e-08
8.454909819639278012e-01 9.484879511545138680e-08
8.489979959919840002e-01 1.055795165792431114e-07
8.525050100200400882e-01 8.231908740344213233e-08
8.560120240480961762e-01 1.173825036419625220e-07
8.595190380761522642e-01 6.796988332729182840e-08
8.630260521042083521e-01 1.106638066557674171e-07
8.665330661322645511e-01 5.824906234149532949e-08
8.700400801603206391e-01 2.519274613526335356e-11
8.735470941883767271e-01 1.707012753156320967e-08
8.770541082164329261e-01 2.134399165253105081e-07
8.805611222444889030e-01 1.240635330518135001e-07
8.840681362725451020e-01 2.431565174265184441e-07
8.875751503006011900e-01 8.575422311919733813e-08
8.910821643286572780e-01 5.378684592359788329e-07
8.945891783567134770e-01 1.380350373700053063e-07
8.980961923847694539e-01 8.832898490972375279e-08
9.016032064128256529e-01 5.490500404874159336e-08
9.051102204408817409e-01 1.177601390897193361e-07
9.086172344689378289e-01 7.829767352309898308e-08
9.121242484969940278e-01 1.189513283041360367e-07
9.156312625250500048e-01 7.795303509755853297e-08
9.191382765531062038e-01 8.702927958608710773e-08
9.226452905811622918e-01 1.398045433144736707e-07
9.261523046092183797e-01 1.031439826281374135e-07
9.296593186372745787e-01 2.055155971611258822e-07
9.331663326653306667e-01 1.761675161431235120e-07
9.366733466933867547e-01 2.014408677897365989e-07
9.401803607214428427e-01 1.397145358155885809e-07
9.436873747494989306e-01 1.695457905829537839e-07
9.471943887775551296e-01 1.879322113916953675e-07
9.507014028056112176e-01 1.967559803161885305e-07
9.542084168336673056e-01 2.201227617228127317e-07
9.577154308617235046e-01 2.593355455404856133e-07
9.612224448897794815e-01 1.793666083588588503e-07
9.647294589178356805e-01 1.574452939636679237e-07
9.682364729458917685e-01 1.829396233424479871e-07
9.717434869739478565e-01 2.064456406169833108e-07
9.752505010020040555e-01 1.820700202642233599e-07
9.787575150300600324e-01 8.398808855028637489e-08
9.822645290581162314e-01 1.322331425612113697e-07
9.857715430861723194e-01 1.584724621001128088e-07
9.892785571142284073e-01 1.877929243747329429e-07
9.927855711422846063e-01 1.485835301773929633e-07
9.962925851703405833e-01 1.671731271912008480e-07
9.997995991983967823e-01 9.917703682863522506e-07
1.003306613226452981e+00 1.040626398816034590e-06
1.006813627254508958e+00 1.006704811099890612e-06
1.010320641282565157e+00 1.007670732291073163e-06
1.013827655310621356e+00 9.131116693873842397e-07
1.017334669338677333e+00 8.161203670792600355e-07
1.020841683366733310e+00 8.805917541135736013e-07
1.024348697394789509e+00 9.726581556758460599e-07
1.027855711422845708e+00 8.302778765798650098e-07
1.031362725450901685e+00 7.088894705234769759e-07
1.034869739478957884e+00 7.044949186324129864e-07
1.038376753507014083e+00 6.461366963447758341e-07
1.041883767535070060e+00 5.786878535964904974e-07
1.045390781563126259e+00 7.789653286018903753e-07
1.048897795591182458e+00 6.663417166448886411e-07
1.052404809619238435e+00 5.744203777099495278e-07
1.055911823647294634e+00 4.958891684012277297e-07
1.059418837675350611e+00 6.099593640168254223e-07
1.062925851703406810e+00 5.307784452654200135e-07
1.066432865731462787e+00 7.941356944232355100e-07
1.069939879759518986e+00 5.267640360919573538e-07
1.073446893787575185e+00 6.039811786336751657e-07
1.076953907815631162e+00 6.460556390422478451e-07
1.080460921843687361e+00 5.118973502091924088e-07
1.083967935871743560e+00 5.465756595986894424e-07
1.087474949899799537e+00 5.631181628167517103e-07
1.090981963927855736e+00 5.171131426443772626e-07
1.094488977955911935e+00 4.098191471837663149e-07
1.097995991983967912e+00 5.384378242351043612e-07
1.101503006012023889e+00 6.145979987226980941e-07
1.105010020040080310e+00 6.655882973900179446e-07
1.108517034068136287e+00 4.808761905284506724e-07
1.112024048096192264e+00 6.628010425041325172e-07
1.115531062124248463e+00 5.138147540231835100e-07
1.119038076152304662e+00 5.351043688414294371e-07
1.122545090180360638e+00 4.016621761816408325e-07
1.126052104208416837e+00 4.212025611626819010e-07
1.129559118236473036e+00 6.764431655435900451e-07
1.133066132264529013e+00 4.892271254495605604e-07
1.136573146292584990e+00 5.109536427747731312e-07
1.140080160320641411e+00 5.351885302889635740e-07
1.143587174348697388e+00 5.387016518688425433e-07
1.147094188376753365e+00 4.824058375895370783e-07
1.150601202404809564e+00 4.712624670707362523e-07
1.154108216432865763e+00 6.166805611072312582e-07
1.157615230460921740e+00 5.505109169625360127e-07
1.161122244488977939e+00 5.448019700733440608e-07
1.164629258517034138e+00 5.890447814456189690e-07
1.168136272545090115e+00 5.572874080727536751e-07
1.171643286573146314e+00 5.591843825112353866e-07
1.175150300601202513e+00 6.837411550656051512e-07
1.178657314629258490e+00 6.407579791652370724e-07
1.182164328657314467e+00 5.569685042220637856e-07
1.185671342685370888e+00 5.141306953636768171e-07
1.189178356713426865e+00 5.859012929311298726e-07
1.192685370741482842e+00 4.474823120578427714e-07
1.196192384769539041e+00 7.263476307249095581e-07
1.199699398797595240e+00 7.077640913157437038e-07
1.203206412825651217e+00 7.556041367711962722e-07
1.206713426853707416e+00 7.133177239398256545e-07
1.210220440881763615e+00 7.156456191307978440e-07
1.213727454909819592e+00 6.907413385618224878e-07
1.217234468937875569e+00 7.479007723518100671e-07
1.220741482965931990e+00 9.207949765368935540e-07
1.224248496993987967e+00 9.632992480709864185e-07
1.227755511022043944e+00 1.157652350917255467e-06
1.231262525050100143e+00 1.206785025287431341e-06
1.234769539078156342e+00 1.227736498056751588e-06
1.238276553106212319e+00 1.525344474665002393e-06
1.241783567134268518e+00 1.836041803443586070e-06
1.245290581162324717e+00 2.193633246377702320e-06
1.248797595190380694e+00 2.738289688180609418e-06
1.252304609218436893e+00 3.784828877485557183e-06
1.255811623246493092e+00 5.086719056180545523e-06
1.259318637274549069e+00 6.778500793715604987e-06
1.262825651302605046e+00 9.547975780523759986e-06
1.266332665330661467e+00 1.349816892679175974e-05
1.269839679358717444e+00 1.941227073525778334e-05
1.273346693386773421e+00 2.960002008728201121e-05
1.276853707414829620e+00 4.660150684244543108e-05
1.280360721442885819e+00 7.521969014009486536e-05
1.283867735470941795e+00 1.228101842130182100e-04
1.287374749498997994e+00 2.022833008748954609e-04
1.290881763527054193e+00 3.394850264825505204e-04
1.294388777555110170e+00 5.921708057164990976e-04
1.297895791583166369e+00 1.088272823603787104e-03
1.301402805611222568e+00 2.132325266122739316e-03
1.304909819639278545e+00 4.241491638101567256e-03
1.308416833667334522e+00 6.788098295938316609e-03
1.311923847695390721e+00 9.526500741602616368e-03
1.315430861723446920e+00 1.437095193879348726e-02
1.318937875751502897e+00 2.321331718233027655e-02
1.322444889779559096e+00 4.108729735607585115e-02
1.325951903807615295e+00 7.162350931549321675e-02
1.329458917835671272e+00 1.191240698137240317e-01
1.332965931863727471e+00 1.777625209252252647e-01
1.336472945891783670e+00 2.266840127680269934e-01
1.339979959919839647e+00 2.526815294590062932e-01
1.343486973947895624e+00 2.627253470451708650e-01
1.346993987975952045e+00 2.672695771868912051e-01
1.350501002004008022e+00 2.714191763388094092e-01
1.354008016032063999e+00 2.748669191410146317e-01
1.357515030060120198e+00 2.763974097494077964e-01
1.361022044088176397e+00 2.769469546009329375e-01
1.364529058116232374e+00 2.779155603663803764e-01
1.368036072144288573e+00 2.784888661838512136e-01
1.371543086172344772e+00 2.800739027984924800e-01
1.375050100200400749e+00 2.788660849445735446e-01
1.378557114228456948e+00 2.779282591650311107e-01
1.382064128256513147e+00 2.774804568954928885e-01
1.385571142284569124e+00 2.793129488876855970e-01
1.389078156312625101e+00 2.815538056423199653e-01
1.392585170340681300e+00 2.857803173613068792e-01
1.396092184368737499e+00 2.900747248811343937e-01
1.399599198396793476e+00 2.946863662652400295e-01
1.403106212424849675e+00 2.997584371363460898e-01
1.406613226452905874e+00 3.045406473291645821e-01
1.410120240480961851e+00 3.085221986641881187e-01
1.413627254509018050e+00 3.130168543326150576e-01
1.417134268537074249e+00 3.167189632691987944e-01
1.420641282565130226e+00 3.200831130405727976e-01
1.424148296593186203e+00 3.244415103137905376e-01
1.427655310621242624e+00 3.270086613544431753e-01
1.431162324649298601e+00 3.312049679285719583e-01
1.434669338677354578e+00 3.335689583042402706e-01
1.438176352705410777e+00 3.360385990246740895e-01
1.441683366733466976e+00 3.382944069746671167e-01
1.445190380761522952e+00 3.411673283985587335e-01
1.448697394789579151e+00 3.440169224299499118e-01
1.452204408817635350e+00 3.458045427282634421e-01
1.455711422845691327e+00 3.461845410564922121e-01
1.459218436873747526e+00 3.469659379020044732e-01
1.462725450901803725e+00 3.455087580083388565e-01
1.466232464929859702e+00 3.461186437321157050e-01
1.469739478957915679e+00 3.458233988376678281e-01
1.473246492985971878e+00 3.459601975630845483e-01
1.476753507014028077e+00 3.478823282088152613e-01
1.480260521042084054e+00 3.497415632495314286e-01
1.483767535070140253e+00 3.521089890454964788e-01
1.487274549098196452e+00 3.567414682896865585e-01
1.490781563126252429e+00 3.602889572614967340e-01
1.494288577154308628e+00 3.642430912148973410e-01
1.497795591182364827e+00 3.680520613351566106e-01
1.501302605210420804e+00 3.730306858794969482e-01
1.504809619238476781e+00 3.763727837571284041e-01
1.508316633266533202e+00 3.802674014309171957e-01
1.511823647294589179e+00 3.835564405136345223e-01
1.515330661322645156e+00 3.860492154190097169e-01
1.518837675350701355e+00 3.877031454022048518e-01
1.522344689378757554e+00 3.896909480734705999e-01
1.525851703406813531e+00 3.900064565904509117e-01
1.529358717434869730e+00 3.897958506414735957e-01
1.532865731462925929e+00 3.905159873523668113e-01
1.536372745490981906e+00 3.906573377772633582e-01
1.539879759519038105e+00 3.907548572135634557e-01
1.543386773547094304e+00 3.917670304876827436e-01
1.546893787575150281e+00 3.923099742732055750e-01
1.550400801603206258e+00 3.926160541278061467e-01
1.553907815631262679e+00 3.922919575749288512e-01
1.557414829659318656e+00 3.913158158053725577e-01
1.560921843687374633e+00 3.916198173258676474e-01
1.564428857715430832e+00 3.922149365323165937e-01
1.567935871743487031e+00 3.941265242651698641e-01
1.571442885771543008e+00 3.967113057802125753e-01
1.574949899799599207e+00 4.012428321441523504e-01
1.578456913827655406e+00 4.045490060068092641e-01
1.581963927855711383e+00 4.088163608370689039e-01
1.585470941883767360e+00 4.134185844899544438e-01
1.588977955911823781e+00 4.145491881282373225e-01
1.592484969939879758e+00 4.176488782412245415e-01
1.595991983967935735e+00 4.183005067163161339e-01
1.599498997995991934e+00 4.189654011783356391e-01
1.603006012024048133e+00 4.209077606168709074e-01
1.606513026052104109e+00 4.225688108814671384e-01
1.610020040080160530e+00 4.230671939569633500e-01
1.613527054108216507e+00 4.236925919440536759e-01
1.617034068136272484e+00 4.254913557112930955e-01
1.620541082164328461e+00 4.239665746693946358e-01
1.624048096192384882e+00 4.241825031144613178e-01
1.627555110220440859e+00 4.235399688195362611e-01
1.631062124248496836e+00 4.226053205534800461e-01
1.634569138276553257e+00 4.234938197048147002e-01
1.638076152304609234e+00 4.256005617239180805e-01
1.641583166332665211e+00 4.270628432724931645e-01
1.645090180360721632e+00 4.265758714094460280e-01
1.648597194388777609e+00 4.298258909644638859e-01
1.652104208416833586e+00 4.328893414460241451e-01
1.655611222444889563e+00 4.331481010297241196e-01
1.659118236472945984e+00 4.189415262839624177e-01
1.662625250501001961e+00 3.703547026345836435e-01
1.666132264529057938e+00 2.828095928599391740e-01
1.669639278557114359e+00 1.860900694016002777e-01
1.673146292585170336e+00 1.104408997628990724e-01
1.676653306613226313e+00 6.640606584873590124e-02
1.680160320641282734e+00 4.198444986163440279e-02
1.683667334669338711e+00 2.754624114078006378e-02
1.687174348697394688e+00 1.616235186374817556e-02
1.690681362725451109e+00 8.780476676074237125e-03
1.694188376753507086e+00 4.842483084163889256e-03
1.697695390781563063e+00 2.708832464827804279e-03
1.701202404809619040e+00 1.581368871964153756e-03
1.704709418837675461e+00 9.451700921459166077e-04
1.708216432865731438e+00 5.898529960774695057e-04
1.711723446893787415e+00 3.768733648444245912e-04
1.715230460921843836e+00 2.496240887348176105e-04
1.718737474949899813e+00 1.694786001287524170e-04
1.722244488977955790e+00 1.189687398961112880e-04
1.725751503006012211e+00 8.522542112583080638e-05
1.729258517034068188e+00 6.159473135024100840e-05
1.732765531062124165e+00 4.645795885459406461e-05
1.736272545090180142e+00 3.414049388029037830e-05
1.739779559118236563e+00 2.636408879818223739e-05
1.743286573146292540e+00 2.045107077346018656e-05
1.746793587174348517e+00 1.592721578809313534e-05
1.750300601202404938e+00 1.323875746671524210e-05
1.753807615230460915e+00 1.065129428005087914e-05
1.757314629258516891e+00 9.036273093345695222e-06
1.760821643286573313e+00 8.857487648012587317e-06
1.764328657314629289e+00 7.095442180174553989e-06
1.767835671342685266e+00 6.176169475246078069e-06
1.771342685370741687e+00 5.466677266727198129e-06
1.774849699398797664e+00 4.926830187203978573e-06
1.778356713426853641e+00 5.750243989315545849e-06
1.781863727454909618e+00 4.971554307611777512e-06
1.785370741482966039e+00 4.969024785633848944e-06
1.788877755511022016e+00 4.540764485185250792e-06
1.792384769539077993e+00 4.749554113053884114e-06
1.795891783567134414e+00 5.125658851673699329e-06
1.799398797595190391e+00 3.462107811401330481e-06
1.802905811623246368e+00 4.801984914146220811e-06
1.806412825651302789e+00 4.410256842120033759e-06
1.809919839679358766e+00 4.981505575315500369e-06
1.813426853707414743e+00 4.524363119012265018e-06
1.816933867735470720e+00 4.314922359660894362e-06
1.820440881763527141e+00 4.464677121968816081e-06
1.823947895791583118e+00 5.421780182378543914e-06
1.827454909819639095e+00 3.888181090938241570e-06
1.830961923847695516e+00 5.263740869801778537e-06
1.834468937875751493e+00 4.973111523613475742e-06
1.837975951903807470e+00 3.705091473481100939e-06
1.841482965931863891e+00 4.168130632354106469e-06
1.844989979959919868e+00 4.219281112324752091e-06
1.848496993987975845e+00 4.707816397673920726e-06
1.852004008016032266e+00 5.837658813426570470e-06
1.855511022044088243e+00 6.336412684962391921e-06
1.859018036072144220e+00 5.398980299701187533e-06
1.862525050100200197e+00 5.524067973593647221e-06
1.866032064128256618e+00 4.730510903929313005e-06
1.869539078156312595e+00 5.486155767047579789e-06
1.873046092184368572e+00 3.353993427166649043e-06
1.876553106212424993e+00 5.838160186815444184e-06
1.880060120240480970e+00 4.796079792006214770e-06
1.883567134268536947e+00 4.777672868014638695e-06
1.887074148296593368e+00 5.532357511187103113e-06
1.890581162324649345e+00 4.979151521329358087e-06
1.894088176352705322e+00 4.986909142157150846e-06
1.897595190380761299e+00 6.386400666820007560e-06
1.901102204408817720e+00 4.620484832995395947e-06
1.904609218436873697e+00 4.922405029044479404e-06
1.908116232464929674e+00 5.334161988917703731e-06
1.911623246492986095e+00 5.397683505129271408e-06
1.915130260521042072e+00 4.867499725577011700e-06
1.918637274549098048e+00 5.308490231449916698e-06
1.922144288577154470e+00 6.450930776842234695e-06
1.925651302605210446e+00 4.679467781451165069e-06
1.929158316633266423e+00 4.973982987028509809e-06
1.932665330661322844e+00 4.213155710612794685e-06
1.936172344689378821e+00 6.204055565055101281e-06
1.939679358717434798e+00 5.774953836877391897e-06
1.943186372745490775e+00 6.096673128438986196e-06
1.946693386773547196e+00 6.884638639270456977e-06
1.950200400801603173e+00 7.044160037747533703e-06
1.953707414829659150e+00 5.573204783989788858e-06
1.957214428857715571e+00 5.999560669998539681e-06
1.960721442885771548e+00 5.490115676086430257e-06
1.964228456913827525e+00 5.320563322705244792e-06
1.967735470941883946e+00 5.400119697339816023e-06
1.971242484969939923e+00 6.297096644151384616e-06
1.974749498997995900e+00 6.573515769091887578e-06
1.978256513026051877e+00 6.114473040616823052e-06
1.981763527054108298e+00 5.604650440994428219e-06
1.985270541082164275e+00 5.825474786661015382e-06
1.988777555110220252e+00 6.563963946218643386e-06
1.992284569138276673e+00 6.882341737525490180e-06
1.995791583166332650e+00 6.717918093895855049e-06
1.999298597194388627e+00 6.462509401955437992e-06
2.002805611222445048e+00 6.127790034858700898e-06
2.006312625250501025e+00 6.646561963467842774e-06
2.009819639278557002e+00 7.478778493604115852e-06
2.013326653306613423e+00 6.732496492301546166e-06
2.016833667334669400e+00 5.034706012234883556e-06
2.020340681362725377e+00 7.432733446416808388e-06
2.023847695390781354e+00 7.108768025546968955e-06
2.027354709418837775e+00 6.499790115701108484e-06
2.030861723446893752e+00 7.319043295486237324e-06
2.034368737474949729e+00 6.677284038162119053e-06
2.037875751503006150e+00 7.205983989330388974e-06
2.041382765531062127e+00 8.368337098072839425e-06
2.044889779559118104e+00 5.771904496664552364e-06
2.048396793587174525e+00 7.873932339414853662e-06
2.051903807615230502e+00 7.192233467149481727e-06
2.055410821643286479e+00 8.342201138046918043e-06
2.058917835671342900e+00 8.541437102012572710e-06
2.062424849699398877e+00 7.713033380556443954e-06
2.065931863727454854e+00 7.763424354763510531e-06
2.069438877755510831e+00 8.336446890637460878e-06
2.072945891783567252e+00 7.274177431228386059e-06
2.076452905811623229e+00 8.278017955663614103e-06
2.079959919839679205e+00 8.823313062657479709e-06
2.083466933867735627e+00 8.200742319447306227e-06
2.086973947895791603e+00 8.340087578773810794e-06
2.090480961923847580e+00 9.063554927568141849e-06
2.093987975951904001e+00 7.972446718219655505e-06
2.097494989979959978e+00 8.455930856643459508e-06
2.101002004008015955e+00 8.398256306606640149e-06
2.104509018036071932e+00 9.330213562096332115e-06
2.108016032064128353e+00 8.356542509684230984e-06
2.111523046092184330e+00 9.050312850801037586e-06
2.115030060120240307e+00 9.781577723890748585e-06
2.118537074148296728e+00 1.060150410705411675e-05
2.122044088176352705e+00 8.649167134525674282e-06
2.125551102204408682e+00 9.780165687830188551e-06
2.129058116232465103e+00 1.049310163916457943e-05
2.132565130260521080e+00 1.207621841576182999e-05
2.136072144288577057e+00 1.000686216044150303e-05
2.139579158316633478e+00 1.072306652300345726e-05
2.143086172344689455e+00 1.033614358702754112e-05
2.146593186372745432e+00 9.665694967554270100e-06
2.150100200400801409e+00 9.854767624398233755e-06
2.153607214428857830e+00 1.396301494755921717e-05
2.157114228456913807e+00 1.079358421464696885e-05
2.160621242484969784e+00 1.047723482027715165e-05
2.164128256513026205e+00 1.173151340417364107e-05
2.167635270541082182e+00 8.950198478579041958e-06
2.171142284569138159e+00 1.144975807596759338e-05
2.174649298597194580e+00 1.114261931157683887e-05
2.178156312625250557e+00 9.388602739934110553e-06
2.181663326653306534e+00 1.103864200869453694e-05
2.185170340681362511e+00 1.114178796457187573e-05
2.188677354709418932e+00 9.081701488867409289e-06
2.192184368737474909e+00 1.214238913388523695e-05
2.195691382765530886e+00 1.050691701959238112e-05
2.199198396793587307e+00 1.209114095300243348e-05
2.202705410821643284e+00 1.238867330199445574e-05
2.206212424849699261e+00 1.321460701442738985e-05
2.209719438877755682e+00 1.464062899892157736e-05
2.213226452905811659e+00 1.585237365732597353e-05
2.216733466933867636e+00 1.441829131405982946e-05
2.220240480961924057e+00 1.263059443333113002e-05
2.223747494989980034e+00 1.244965582076728970e-05
2.227254509018036011e+00 1.487214591118099959e-05
2.230761523046091988e+00 1.314161901678371897e-05
2.234268537074148409e+00 1.573361859821165610e-05
2.237775551102204386e+00 1.605189420412384907e-05
2.241282565130260362e+00 1.554694464154563301e-05
2.244789579158316783e+00 1.603232431579936279e-05
2.248296593186372760e+00 1.764458507502225979e-05
2.251803607214428737e+00 1.495399962236740562e-05
2.255310621242485158e+00 1.817333687427014492e-05
2.258817635270541135e+00 1.516341100777949918e-05
2.262324649298597112e+00 1.743793964941081742e-05
2.265831663326653089e+00 1.775304210687278207e-05
2.269338677354709510e+00 1.830336111252509301e-05
2.272845691382765487e+00 1.684894315197220334e-05
2.276352705410821464e+00 1.545354052288876940e-05
2.279859719438877885e+00 1.386401753375890226e-05
2.283366733466933862e+00 1.000514772948740219e-05
2.286873747494989839e+00 1.053642914369745114e-05
2.290380761523046260e+00 9.572893771240353038e-06
2.293887775551102237e+00 9.737132694873301694e-06
2.297394789579158214e+00 6.898383425426738803e-06
2.300901803607214635e+00 6.775266345045742693e-06
2.304408817635270612e+00 6.436502527400719931e-06
2.307915831663326589e+00 5.002681546800138824e-06
2.311422845691382566e+00 5.990230875075510582e-06
2.314929859719438987e+00 5.653753035371424766e-06
2.318436873747494964e+00 3.786026032637453101e-06
2.321943887775550941e+00 4.170054567396004147e-06
2.325450901803607362e+00 3.764602213186631224e-06
2.328957915831663339e+00 3.003881273640866704e-06
2.332464929859719316e+00 2.750193454739361634e-06
2.335971943887775737e+00 2.093522210575978002e-06
2.339478957915831714e+00 1.973678041087524460e-06
2.342985971943887691e+00 1.981846578871779018e-06
2.346492985971943668e+00 1.691368270072229790e-06
2.350000000000000089e+00 1.836810376960438465e-06
