1.929599899999999923e+00 7.222583907314188004e-05
1.930275251102204326e+00 7.581366911674347208e-05
1.930950602204408728e+00 8.090449317216517097e-05
1.931625953306613130e+00 8.744119263576209699e-05
1.932301304408817533e+00 9.508725002233380246e-05
1.932976655511021935e+00 1.029271225599514037e-04
1.933652006613226337e+00 1.111720314843687405e-04
1.934327357715430740e+00 1.225462307691369424e-04
1.935002708817635142e+00 1.323383900087501952e-04
1.935678059919839544e+00 1.415379649635357365e-04
1.936353411022043947e+00 1.544944188012233033e-04
1.937028762124248349e+00 1.681264734511781335e-04
1.937704113226452751e+00 1.822716981338785782e-04
1.938379464328657154e+00 1.970021155673184327e-04
1.939054815430861556e+00 2.128167402394135247e-04
1.939730166533065958e+00 2.299956124891638616e-04
1.940405517635270360e+00 2.505269615935283209e-04
1.941080868737474763e+00 2.767522627145664192e-04
1.941756219839679165e+00 3.032803570232944020e-04
1.942431570941883789e+00 3.222038808921633764e-04
1.943106922044088192e+00 3.526139953002424988e-04
1.943782273146292594e+00 3.861315869851832854e-04
1.944457624248496996e+00 4.176921289391516173e-04
1.945132975350701399e+00 4.569052492131622767e-04
1.945808326452905801e+00 4.982303686759583655e-04
1.946483677555110203e+00 5.386562331444086056e-04
1.947159028657314606e+00 5.928126202661852719e-04
1.947834379759519008e+00 6.507143683297518348e-04
1.948509730861723410e+00 7.101075049547927922e-04
1.949185081963927813e+00 7.599587432532997578e-04
1.949860433066132215e+00 8.225468982764813641e-04
1.950535784168336617e+00 9.077596107614439771e-04
1.951211135270541019e+00 9.905205672824722411e-04
1.951886486372745422e+00 1.082868070795449649e-03
1.952561837474949824e+00 1.188690111558978260e-03
1.953237188577154226e+00 1.291790627447142112e-03
1.953912539679358629e+00 1.407738224715187822e-03
1.954587890781563031e+00 1.538862760847579600e-03
1.955263241883767433e+00 1.721535126577834968e-03
1.955938592985971836e+00 1.889071768621781219e-03
1.956613944088176238e+00 2.039802665650591786e-03
1.957289295190380640e+00 2.226439289591305125e-03
1.957964646292585043e+00 2.459517114270867114e-03
1.958639997394789445e+00 2.729004921817415955e-03
1.959315348496993847e+00 2.966734559301498729e-03
1.959990699599198249e+00 3.267065012829841776e-03
1.960666050701402652e+00 3.618884339904851390e-03
1.961341401803607054e+00 3.950003547020996750e-03
1.962016752905811456e+00 4.325109684378799016e-03
1.962692104008015859e+00 4.750818678331209313e-03
1.963367455110220261e+00 5.320471620803723760e-03
1.964042806212424663e+00 5.893626983609529663e-03
1.964718157314629066e+00 6.492609677896729950e-03
1.965393508416833468e+00 7.203313053267095846e-03
1.966068859519038092e+00 7.953722822403879247e-03
1.966744210621242495e+00 8.764020098547870355e-03
1.967419561723446897e+00 9.733718782967247171e-03
1.968094912825651299e+00 1.066637016974280976e-02
1.968770263927855702e+00 1.167378688837503696e-02
1.969445615030060104e+00 1.296386196715455276e-02
1.970120966132264506e+00 1.475741830945581645e-02
1.970796317234468908e+00 1.655358133833218295e-02
1.971471668336673311e+00 1.799584495270193860e-02
1.972147019438877713e+00 1.972799533767534072e-02
1.972822370541082115e+00 2.153037630776654873e-02
1.973497721643286518e+00 2.334092701667917630e-02
1.974173072745490920e+00 2.575953610911669092e-02
1.974848423847695322e+00 2.798792794893582153e-02
1.975523774949899725e+00 2.970518616139281379e-02
1.976199126052104127e+00 3.216963027752542392e-02
1.976874477154308529e+00 3.494050256602394128e-02
1.977549828256512932e+00 3.801608576445376919e-02
1.978225179358717334e+00 4.018420006632131281e-02
1.978900530460921736e+00 4.328339694500236978e-02
1.979575881563126138e+00 4.757271784160212874e-02
1.980251232665330541e+00 5.088595293637300510e-02
1.980926583767534943e+00 5.472388848530590488e-02
1.981601934869739345e+00 5.909156611010969729e-02
1.982277285971943748e+00 6.340404462193140189e-02
1.982952637074148150e+00 6.823020641082803983e-02
1.983627988176352552e+00 7.357822732889261752e-02
1.984303339278556955e+00 8.033487394155003347e-02
1.984978690380761357e+00 8.652885520473564684e-02
1.985654041482965759e+00 9.259768079738447955e-02
1.986329392585170162e+00 1.022090318294654326e-01
1.987004743687374564e+00 1.118482998382197141e-01
1.987680094789578966e+00 1.216926060231129786e-01
1.988355445891783368e+00 1.329715874845287527e-01
1.989030796993987771e+00 1.460567833341042954e-01
1.989706148096192173e+00 1.592810299596066348e-01
1.990381499198396575e+00 1.684465084806389679e-01
1.991056850300601200e+00 1.815130881378794470e-01
1.991732201402805602e+00 1.961601596771197775e-01
1.992407552505010004e+00 2.098494626270001884e-01
1.993082903607214407e+00 2.237708529993035766e-01
1.993758254709418809e+00 2.378529779083433660e-01
1.994433605811623211e+00 2.521721984852833831e-01
1.995108956913827614e+00 2.656253561660055773e-01
1.995784308016032016e+00 2.785096789679498697e-01
1.996459659118236418e+00 2.909373312649720100e-01
1.997135010220440821e+00 3.003955442211379556e-01
1.997810361322645223e+00 3.092252907609789325e-01
1.998485712424849625e+00 3.176780668133858954e-01
1.999161063527054027e+00 3.277813809385733412e-01
1.999836414629258430e+00 3.379174579382899779e-01
2.000511765731462610e+00 3.476148857834043260e-01
2.001187116833667012e+00 3.533059207551919600e-01
2.001862467935871415e+00 3.586691820840211542e-01
2.002537819038075817e+00 3.645117319217154317e-01
2.003213170140280663e+00 3.654037652837605621e-01
2.003888521242485066e+00 3.675461277463870635e-01
2.004563872344689468e+00 3.715414112672614788e-01
2.005239223446893870e+00 3.767675115364785832e-01
2.005914574549098273e+00 3.803033750510727562e-01
2.006589925651302675e+00 3.817974832861091294e-01
2.007265276753507077e+00 3.828486375983191636e-01
2.007940627855711480e+00 3.836621896422561795e-01
2.008615978957915882e+00 3.845190884496077488e-01
2.009291330060120284e+00 3.852694980793249790e-01
2.009966681162324686e+00 3.842306980133458616e-01
2.010642032264529089e+00 3.821980294709296233e-01
2.011317383366733491e+00 3.856317033021975926e-01
2.011992734468937893e+00 3.860767601739786281e-01
2.012668085571142296e+00 3.846870224076795464e-01
2.013343436673346698e+00 3.860635288492015316e-01
2.014018787775551100e+00 3.871298866784207426e-01
2.014694138877755503e+00 3.875814447607433544e-01
2.015369489979959905e+00 3.853088720528168309e-01
2.016044841082164307e+00 3.863219815560248738e-01
2.016720192184368710e+00 3.876817232402993141e-01
2.017395543286573112e+00 3.843679129825122720e-01
2.018070894388777514e+00 3.837001996267990211e-01
2.018746245490981917e+00 3.844490106923282857e-01
2.019421596593186319e+00 3.860383217437128311e-01
2.020096947695390721e+00 3.849548357469632087e-01
2.020772298797595123e+00 3.836949234738607495e-01
2.021447649899799526e+00 3.847988399360914857e-01
2.022123001002003928e+00 3.827277238745479537e-01
2.022798352104208330e+00 3.817500343161893128e-01
2.023473703206412733e+00 3.858290578400174198e-01
2.024149054308617135e+00 3.837435013944436868e-01
2.024824405410821537e+00 3.827366428018821320e-01
2.025499756513025940e+00 3.871693421839426108e-01
2.026175107615230342e+00 3.850382442443215925e-01
2.026850458717434744e+00 3.837681220463109444e-01
2.027525809819639147e+00 3.852241774564464372e-01
2.028201160921843549e+00 3.834244408226740730e-01
2.028876512024047951e+00 3.826743362418825734e-01
2.029551863126252353e+00 3.839486785702526661e-01
2.030227214228456756e+00 3.849855299104417150e-01
2.030902565330661158e+00 3.843279906973324778e-01
2.031577916432865560e+00 3.815487053532712891e-01
2.032253267535069963e+00 3.844917507737331541e-01
2.032928618637274365e+00 3.861589875313555242e-01
2.033603969739478767e+00 3.862837870803337292e-01
2.034279320841683170e+00 3.832529384148649076e-01
2.034954671943887572e+00 3.807482579826576008e-01
2.035630023046091974e+00 3.791341751812151717e-01
2.036305374148296377e+00 3.861308089395135701e-01
2.036980725250500779e+00 3.865950817919889815e-01
2.037656076352705181e+00 3.824998587575428322e-01
2.038331427454909583e+00 3.846675122208232933e-01
2.039006778557113986e+00 3.846895623512604501e-01
2.039682129659318388e+00 3.823361212115742314e-01
2.040357480761522790e+00 3.790000018454294795e-01
2.041032831863727193e+00 3.811631721639506254e-01
2.041708182965931595e+00 3.850603193479347208e-01
2.042383534068135997e+00 3.817580678036651132e-01
2.043058885170340400e+00 3.808719205245238437e-01
2.043734236272544802e+00 3.809094187596666625e-01
2.044409587374749204e+00 3.800568418385097402e-01
2.045084938476953607e+00 3.802521506706899035e-01
2.045760289579158009e+00 3.806232651626571539e-01
2.046435640681362411e+00 3.802392988555337028e-01
2.047110991783566813e+00 3.806565699038254591e-01
2.047786342885771216e+00 3.801703626243942424e-01
2.048461693987975618e+00 3.766085707586749876e-01
2.049137045090180020e+00 3.737800645930319243e-01
2.049812396192384423e+00 3.751292277974367928e-01
2.050487747294589269e+00 3.844180703969705681e-01
2.051163098396793671e+00 3.809686353443871298e-01
2.051838449498998074e+00 3.774450561196141529e-01
2.052513800601202476e+00 3.786423595843160239e-01
2.053189151703406878e+00 3.795751484380983642e-01
2.053864502805611281e+00 3.791174472876833734e-01
2.054539853907815683e+00 3.769524921956118324e-01
2.055215205010020085e+00 3.757892094003104644e-01
2.055890556112224488e+00 3.762907809192417852e-01
2.056565907214428890e+00 3.788409619210685864e-01
2.057241258316633292e+00 3.779938711507714322e-01
2.057916609418837695e+00 3.779913039394527385e-01
2.058591960521042097e+00 3.791018209449988352e-01
2.059267311623246499e+00 3.768494425835133832e-01
2.059942662725450901e+00 3.782178852173181949e-01
2.060618013827655304e+00 3.831528950565026292e-01
2.061293364929859706e+00 3.802255488856123855e-01
2.061968716032064108e+00 3.812270856217818693e-01
2.062644067134268511e+00 3.849478490770297245e-01
2.063319418236472913e+00 3.793428980886366930e-01
2.063994769338677315e+00 3.776793308342051292e-01
2.064670120440881718e+00 3.789220734838046889e-01
2.065345471543086120e+00 3.807699113581222150e-01
2.066020822645290522e+00 3.808874675835126622e-01
2.066696173747494925e+00 3.804496712756248455e-01
2.067371524849699327e+00 3.809987408929000341e-01
2.068046875951903729e+00 3.833810981710420451e-01
2.068722227054108131e+00 3.858117842109085038e-01
2.069397578156312534e+00 3.838874031347870863e-01
2.070072929258516936e+00 3.843020753737315109e-01
2.070748280360721338e+00 3.855323549400413996e-01
2.071423631462925741e+00 3.862700564281804083e-01
2.072098982565130143e+00 3.854721534343318323e-01
2.072774333667334545e+00 3.846478187821263384e-01
2.073449684769538948e+00 3.861526262900152329e-01
2.074125035871743350e+00 3.847759298378167769e-01
2.074800386973947752e+00 3.836474203836258701e-01
2.075475738076152155e+00 3.850689920892259033e-01
2.076151089178356557e+00 3.845594624949287832e-01
2.076826440280560959e+00 3.842793160969672495e-01
2.077501791382765362e+00 3.853952499110682717e-01
2.078177142484969764e+00 3.851142225884995884e-01
2.078852493587174166e+00 3.848741452780694017e-01
2.079527844689378568e+00 3.851675919421723160e-01
2.080203195791582971e+00 3.830099885335480070e-01
2.080878546893787373e+00 3.835622298572400890e-01
2.081553897995991775e+00 3.878960105191935903e-01
2.082229249098196178e+00 3.827834159995879837e-01
2.082904600200400580e+00 3.829999693142476236e-01
2.083579951302604982e+00 3.901004398532078588e-01
2.084255302404809385e+00 3.862802447257531746e-01
2.084930653507013787e+00 3.842900522663788010e-01
2.085606004609218189e+00 3.845796381105572315e-01
2.086281355711422592e+00 3.850670599317507770e-01
2.086956706813626994e+00 3.844144428359376198e-01
2.087632057915831396e+00 3.830252414135917327e-01
2.088307409018035798e+00 3.873685704757503512e-01
2.088982760120240201e+00 3.870998086997105569e-01
2.089658111222444603e+00 3.835682885700683609e-01
2.090333462324649005e+00 3.828477430079453847e-01
2.091008813426853408e+00 3.805233629369156878e-01
2.091684164529057810e+00 3.778410524894778022e-01
2.092359515631262212e+00 3.802902800601885014e-01
2.093034866733466615e+00 3.819215769048205367e-01
2.093710217835671017e+00 3.841219150320081543e-01
2.094385568937875419e+00 3.883457445577395695e-01
2.095060920040079822e+00 3.841855594862727541e-01
2.095736271142284224e+00 3.788535326806186099e-01
2.096411622244488626e+00 3.836833946262932504e-01
2.097086973346693028e+00 3.814123317290675219e-01
2.097762324448897431e+00 3.776348158781377973e-01
2.098437675551101833e+00 3.777716218706981266e-01
2.099113026653306235e+00 3.821206078882254387e-01
2.099788377755510638e+00 3.844989924246662305e-01
2.100463728857715040e+00 3.784325763418545097e-01
2.101139079959919886e+00 3.759067685510340540e-01
2.101814431062124289e+00 3.748748888520422318e-01
2.102489782164328691e+00 3.751377787041251244e-01
2.103165133266533093e+00 3.771700614509790883e-01
2.103840484368737496e+00 3.769589007310181761e-01
2.104515835470941898e+00 3.722879192365603496e-01
2.105191186573146300e+00 3.743141175860330572e-01
2.105866537675350703e+00 3.760638321551540431e-01
2.106541888777555105e+00 3.762294895042878617e-01
2.107217239879759507e+00 3.695112596959225226e-01
2.107892590981963910e+00 3.696112589582151164e-01
2.108567942084168312e+00 3.790044856931143458e-01
2.109243293186372714e+00 3.753957875778391462e-01
2.109918644288577116e+00 3.720224465333067387e-01
2.110593995390781519e+00 3.695955087865933630e-01
2.111269346492985921e+00 3.702124313179483428e-01
2.111944697595190323e+00 3.697399022553784498e-01
2.112620048697394726e+00 3.683985547367197855e-01
2.113295399799599128e+00 3.734401583801412183e-01
2.113970750901803530e+00 3.729713276264597921e-01
2.114646102004007933e+00 3.684098398935756746e-01
2.115321453106212335e+00 3.696816441670493503e-01
2.115996804208416737e+00 3.685045347175079922e-01
2.116672155310621140e+00 3.661968961687929180e-01
2.117347506412825542e+00 3.717026482630955142e-01
2.118022857515029944e+00 3.720098474942829525e-01
2.118698208617234346e+00 3.697992378168226124e-01
2.119373559719438749e+00 3.707655180758969715e-01
2.120048910821643151e+00 3.697600577906169361e-01
2.120724261923847553e+00 3.680226389557782474e-01
2.121399613026051956e+00 3.675270796306893129e-01
2.122074964128256358e+00 3.675915158673567773e-01
2.122750315230460760e+00 3.675790732881531464e-01
2.123425666332665163e+00 3.675167678958026207e-01
2.124101017434869565e+00 3.668676077889160836e-01
2.124776368537073967e+00 3.670438505782215866e-01
2.125451719639278370e+00 3.701296342161635722e-01
2.126127070741482772e+00 3.704012967728931294e-01
2.126802421843687174e+00 3.694927438178578494e-01
2.127477772945891576e+00 3.668896791211925801e-01
2.128153124048095979e+00 3.709421573280820561e-01
2.128828475150300381e+00 3.733507082591364101e-01
2.129503826252504783e+00 3.697052890939789838e-01
2.130179177354709186e+00 3.713399306512296660e-01
2.130854528456913588e+00 3.713767450006935644e-01
2.131529879559117990e+00 3.673986327358578774e-01
2.132205230661322393e+00 3.666761513194908839e-01
2.132880581763526795e+00 3.675379295954515624e-01
2.133555932865731197e+00 3.701454023962650886e-01
2.134231283967935600e+00 3.683256758803824527e-01
2.134906635070140002e+00 3.687429394972231989e-01
2.135581986172344404e+00 3.717190858965252476e-01
2.136257337274548807e+00 3.680374521776143548e-01
2.136932688376753209e+00 3.668425331728761285e-01
2.137608039478957611e+00 3.686039121421620379e-01
2.138283390581162013e+00 3.674309424775731303e-01
2.138958741683366416e+00 3.685489504171950426e-01
2.139634092785570818e+00 3.714869015453620693e-01
2.140309443887775220e+00 3.678975043498284858e-01
2.140984794989979623e+00 3.658239556534391701e-01
2.141660146092184025e+00 3.651209940811599441e-01
2.142335497194388427e+00 3.667156111795348838e-01
2.143010848296592830e+00 3.671862844568338224e-01
2.143686199398797232e+00 3.665411392911092636e-01
2.144361550501001634e+00 3.635241118518030001e-01
2.145036901603206037e+00 3.643813765504547164e-01
2.145712252705410439e+00 3.668283305646797832e-01
2.146387603807614841e+00 3.668143151842029326e-01
2.147062954909819688e+00 3.659292795391143605e-01
2.147738306012024090e+00 3.644233345013411784e-01
2.148413657114228492e+00 3.625101898309424087e-01
2.149089008216432894e+00 3.635153469489827982e-01
2.149764359318637297e+00 3.642744305125698023e-01
2.150439710420841699e+00 3.624856270066129094e-01
2.151115061523046101e+00 3.611860624268375952e-01
2.151790412625250504e+00 3.602294413837162090e-01
2.152465763727454906e+00 3.597117845929359015e-01
2.153141114829659308e+00 3.598201912922930901e-01
2.153816465931863711e+00 3.600217722168665979e-01
2.154491817034068113e+00 3.601070324595647132e-01
2.155167168136272515e+00 3.597113205513947642e-01
2.155842519238476918e+00 3.599112616915492446e-01
2.156517870340681320e+00 3.612582045458488933e-01
2.157193221442885722e+00 3.568952851265286275e-01
2.157868572545090124e+00 3.547314742764617335e-01
2.158543923647294527e+00 3.570209304473163092e-01
2.159219274749498929e+00 3.542054762844430438e-01
2.159894625851703331e+00 3.521995946331805127e-01
2.160569976953907734e+00 3.520728782846991312e-01
2.161245328056112136e+00 3.513009472597761751e-01
2.161920679158316538e+00 3.511823530339086563e-01
2.162596030260520941e+00 3.520590476816569114e-01
2.163271381362725343e+00 3.498715425996282713e-01
2.163946732464929745e+00 3.468587254850823420e-01
2.164622083567134148e+00 3.430170495489306970e-01
2.165297434669338550e+00 3.477545950561581334e-01
2.165972785771542952e+00 3.476691603110796946e-01
2.166648136873747355e+00 3.441663494936211820e-01
2.167323487975951757e+00 3.458157625765220788e-01
2.167998839078156159e+00 3.442926076672770952e-01
2.168674190180360561e+00 3.414450488750279122e-01
2.169349541282564964e+00 3.450233405141033827e-01
2.170024892384769366e+00 3.441474018008394142e-01
2.170700243486973768e+00 3.411494829633093251e-01
2.171375594589178171e+00 3.406559705548756201e-01
2.172050945691382573e+00 3.430692604163178006e-01
2.172726296793586975e+00 3.449984720223772672e-01
2.173401647895791378e+00 3.393560531229520283e-01
2.174076998997995780e+00 3.395763575933863909e-01
2.174752350100200182e+00 3.425958796050576072e-01
2.175427701202404585e+00 3.465695465624250016e-01
2.176103052304608987e+00 3.456882920529710801e-01
2.176778403406813389e+00 3.440988957565630502e-01
2.177453754509017791e+00 3.452083775234641161e-01
2.178129105611222194e+00 3.443419382277552732e-01
2.178804456713426596e+00 3.432216051155791425e-01
2.179479807815630998e+00 3.431858572329459234e-01
2.180155158917835401e+00 3.484527328650512956e-01
2.180830510020039803e+00 3.523971393011456898e-01
2.181505861122244205e+00 3.514276544028646643e-01
2.182181212224448608e+00 3.510911021244833563e-01
2.182856563326653010e+00 3.514187794325135950e-01
2.183531914428857412e+00 3.528186669526721109e-01
2.184207265531061815e+00 3.497316660054869408e-01
2.184882616633266217e+00 3.487958918685886700e-01
2.185557967735470619e+00 3.518587458968123749e-01
2.186233318837675021e+00 3.484398183495525658e-01
2.186908669939879424e+00 3.458685160353632826e-01
2.187584021042083826e+00 3.447388100753050466e-01
2.188259372144288228e+00 3.413458659765154501e-01
2.188934723246492631e+00 3.383664005502396988e-01
2.189610074348697033e+00 3.356674460295746010e-01
2.190285425450901435e+00 3.289536128013130223e-01
2.190960776553105838e+00 3.219922034216966544e-01
2.191636127655310240e+00 3.146869302237015331e-01
2.192311478757514642e+00 3.075201408728079344e-01
2.192986829859719045e+00 2.981213586821419015e-01
2.193662180961923447e+00 2.870069785769215898e-01
2.194337532064127849e+00 2.791617127776026552e-01
2.195012883166332252e+00 2.686552204046273040e-01
2.195688234268536654e+00 2.565962666616568577e-01
2.196363585370741056e+00 2.450701577391300734e-01
2.197038936472945458e+00 2.337282486601118536e-01
2.197714287575149861e+00 2.220810082006730024e-01
2.198389638677354263e+00 2.090978457935808166e-01
2.199064989779558665e+00 1.973678544696134685e-01
2.199740340881763512e+00 1.862542176592420495e-01
2.200415691983967914e+00 1.749452541183896537e-01
2.201091043086172316e+00 1.671778874744194177e-01
2.201766394188376719e+00 1.598616759954680500e-01
2.202441745290581121e+00 1.495696316330834275e-01
2.203117096392785523e+00 1.407433705596620177e-01
2.203792447494989926e+00 1.331267209851166589e-01
2.204467798597194328e+00 1.272043973493556523e-01
2.205143149699398730e+00 1.205198561945465818e-01
2.205818500801603133e+00 1.142752041719250627e-01
2.206493851903807535e+00 1.092608708930363076e-01
2.207169203006011937e+00 1.030660605747821257e-01
2.207844554108216339e+00 9.717733056047291040e-02
2.208519905210420742e+00 9.204414662809129455e-02
2.209195256312625144e+00 8.671435096759624872e-02
2.209870607414829546e+00 8.158792723864798091e-02
2.210545958517033949e+00 7.668648056912885647e-02
2.211221309619238351e+00 7.167903540106658478e-02
2.211896660721442753e+00 6.653227145347316573e-02
2.212572011823647156e+00 6.120770177556245778e-02
2.213247362925851558e+00 5.765364197954071790e-02
2.213922714028055960e+00 5.379763362271903354e-02
2.214598065130260363e+00 4.951189129735331096e-02
2.215273416232464765e+00 4.544415277241008883e-02
2.215948767334669167e+00 4.154248735371511569e-02
2.216624118436873569e+00 3.779736071106287038e-02
2.217299469539077972e+00 3.420403606099081673e-02
2.217974820641282374e+00 3.102189572920813210e-02
2.218650171743486776e+00 2.819988447693346639e-02
2.219325522845691179e+00 2.584537038195400954e-02
2.220000873947895581e+00 2.363821136815626514e-02
2.220676225050099983e+00 2.150942844943575655e-02
2.221351576152304386e+00 1.922117240583056177e-02
2.222026927254508788e+00 1.732523223685793895e-02
2.222702278356713190e+00 1.569913434403513719e-02
2.223377629458917593e+00 1.415868385627072970e-02
2.224052980561121995e+00 1.281472754656834238e-02
2.224728331663326397e+00 1.160666437856567278e-02
2.225403682765530800e+00 1.053575829912588649e-02
2.226079033867735202e+00 9.527580020334181291e-03
2.226754384969939604e+00 8.581745213384138482e-03
2.227429736072144006e+00 7.748643238739002029e-03
2.228105087174348409e+00 7.107182803314233792e-03
2.228780438276552811e+00 6.523820049519524385e-03
2.229455789378757213e+00 5.916736337830859338e-03
2.230131140480961616e+00 5.388403331190718022e-03
2.230806491583166018e+00 4.902096584183843545e-03
2.231481842685370420e+00 4.462803459072931141e-03
2.232157193787574823e+00 4.066278195314614735e-03
2.232832544889779225e+00 3.698147589613115429e-03
2.233507895991983627e+00 3.367471312970615055e-03
2.234183247094188030e+00 3.082812585800693856e-03
2.234858598196392432e+00 2.820095903928953717e-03
2.235533949298596834e+00 2.582827519563518723e-03
2.236209300400801236e+00 2.361751315264602660e-03
2.236884651503005639e+00 2.159713352976347974e-03
2.237560002605210041e+00 1.983596432437886945e-03
2.238235353707414443e+00 1.817676105866010026e-03
2.238910704809618846e+00 1.661007754959431494e-03
2.239586055911823248e+00 1.515452089440330391e-03
2.240261407014027650e+00 1.398844390095948815e-03
2.240936758116232053e+00 1.277401272082134007e-03
2.241612109218436455e+00 1.152355897480905221e-03
2.242287460320641301e+00 1.084836635608202185e-03
2.242962811422845704e+00 1.002947700866345338e-03
2.243638162525050106e+00 9.104685506119213978e-04
2.244313513627254508e+00 8.472444081773219471e-04
2.244988864729458911e+00 7.794888620462317626e-04
2.245664215831663313e+00 7.096915964555447097e-04
2.246339566933867715e+00 6.525346175358540200e-04
2.247014918036072118e+00 6.018664494021353515e-04
2.247690269138276520e+00 5.553420662165703230e-04
2.248365620240480922e+00 5.094093917403528854e-04
2.249040971342685324e+00 4.744782084593625847e-04
2.249716322444889727e+00 4.437656602488663127e-04
2.250391673547094129e+00 4.057390762209472099e-04
2.251067024649298531e+00 3.716371590741805514e-04
2.251742375751502934e+00 3.411333018281115237e-04
2.252417726853707336e+00 3.189324041540156623e-04
2.253093077955911738e+00 2.957799802689646085e-04
2.253768429058116141e+00 2.725342915120528356e-04
2.254443780160320543e+00 2.501783163369364522e-04
2.255119131262524945e+00 2.309183976623056323e-04
2.255794482364729348e+00 2.138792804123833258e-04
2.256469833466933750e+00 2.002083732537872308e-04
2.257145184569138152e+00 1.877952970571201269e-04
2.257820535671342554e+00 1.753222681711002345e-04
2.258495886773546957e+00 1.624085871749974879e-04
2.259171237875751359e+00 1.511783397036417845e-04
2.259846588977955761e+00 1.399904471041829340e-04
2.260521940080160164e+00 1.283712384309086782e-04
2.261197291182364566e+00 1.209431861297967533e-04
2.261872642284568968e+00 1.132151099407086020e-04
2.262547993386773371e+00 1.042589112424583249e-04
2.263223344488977773e+00 9.813889547390593801e-05
2.263898695591182175e+00 9.191457157518440068e-05
2.264574046693386578e+00 8.528001552086509382e-05
2.265249397795590980e+00 8.157463110738354518e-05
2.265924748897795382e+00 7.508898111270133206e-05
2.266600099999999784e+00 6.539205414666207541e-05
