3.009192399999999878e+00 8.349713371128635020e-05
3.010746722444889834e+00 8.528934309515584500e-05
3.012301044889779345e+00 8.684941051237908939e-05
3.013855367334669300e+00 8.922315076173525873e-05
3.015409689779558811e+00 8.889323882433612537e-05
3.016964012224448766e+00 8.865251365912225315e-05
3.018518334669338721e+00 8.921877371339681647e-05
3.020072657114228232e+00 8.721045566390839309e-05
3.021626979559118187e+00 8.486817070751633408e-05
3.023181302004007698e+00 8.480057556813456337e-05
3.024735624448897653e+00 8.568692681618031318e-05
3.026289946893787608e+00 9.081696726041495801e-05
3.027844269338677119e+00 9.569426085399325432e-05
3.029398591783567074e+00 1.016792004220107206e-04
3.030952914228456585e+00 1.060661591541200559e-04
3.032507236673346540e+00 1.084254041387264239e-04
3.034061559118236495e+00 1.114986187238944883e-04
3.035615881563126006e+00 1.159394779389138032e-04
3.037170204008015961e+00 1.217479373490741850e-04
3.038724526452905472e+00 1.257267031514115220e-04
3.040278848897795427e+00 1.319168579101501898e-04
3.041833171342685382e+00 1.371123774530683646e-04
3.043387493787574893e+00 1.454311659317083258e-04
3.044941816232464848e+00 1.538935047012896028e-04
3.046496138677354804e+00 1.643683742895058787e-04
3.048050461122244315e+00 1.760106923948399394e-04
3.049604783567134270e+00 1.860254229122341313e-04
3.051159106012023781e+00 1.966476769945175367e-04
3.052713428456913736e+00 2.093304261687171540e-04
3.054267750901803691e+00 2.236508787545450573e-04
3.055822073346693202e+00 2.376337613203167185e-04
3.057376395791583157e+00 2.517794495232602387e-04
3.058930718236472668e+00 2.688113432871415366e-04
3.060485040681362623e+00 2.878508131792611004e-04
3.062039363126252578e+00 3.075504257077155200e-04
3.063593685571142089e+00 3.302506646325109509e-04
3.065148008016032044e+00 3.546335556983955337e-04
3.066702330460921555e+00 3.790140300531085480e-04
3.068256652905811510e+00 4.034075165994212763e-04
3.069810975350701465e+00 4.280519305334768636e-04
3.071365297795590976e+00 4.563395023142900395e-04
3.072919620240480931e+00 4.862431719639187717e-04
3.074473942685370442e+00 5.180129744474360311e-04
3.076028265130260397e+00 5.513554940956827801e-04
3.077582587575150352e+00 5.880549980539607298e-04
3.079136910020039863e+00 6.265616467019907666e-04
3.080691232464929818e+00 6.664395003209458131e-04
3.082245554909819329e+00 7.090157285834395792e-04
3.083799877354709285e+00 7.530189862718878824e-04
3.085354199799599240e+00 8.045942817716380873e-04
3.086908522244488751e+00 8.580606533080765898e-04
3.088462844689378706e+00 9.131460388847884978e-04
3.090017167134268217e+00 9.735046993810828140e-04
3.091571489579158172e+00 1.039325544236919868e-03
3.093125812024048127e+00 1.112786437595657783e-03
3.094680134468937638e+00 1.189690541357504372e-03
3.096234456913827593e+00 1.273079378240805958e-03
3.097788779358717104e+00 1.366672401858988342e-03
3.099343101803607059e+00 1.473475934372665743e-03
3.100897424248497014e+00 1.588380566361466970e-03
3.102451746693386525e+00 1.706860638390103081e-03
3.104006069138276480e+00 1.843018806965040666e-03
3.105560391583166435e+00 1.992051824260175196e-03
3.107114714028055946e+00 2.156786711048375074e-03
3.108669036472945901e+00 2.343432847793225707e-03
3.110223358917835412e+00 2.551554920145994703e-03
3.111777681362725367e+00 2.782300045933431241e-03
3.113332003807615322e+00 3.040260780603129369e-03
3.114886326252504833e+00 3.341004717351273284e-03
3.116440648697394789e+00 3.681246292614675977e-03
3.117994971142284300e+00 4.061867079659806784e-03
3.119549293587174255e+00 4.490495165917337758e-03
3.121103616032064210e+00 4.988603309459630972e-03
3.122657938476953721e+00 5.550812884721608928e-03
3.124212260921843676e+00 6.194521751463344383e-03
3.125766583366733187e+00 6.935304929336090496e-03
3.127320905811623142e+00 7.783229450539004557e-03
3.128875228256513097e+00 8.752803370068559102e-03
3.130429550701402608e+00 9.861661396495280049e-03
3.131983873146292563e+00 1.113065074753732259e-02
3.133538195591182074e+00 1.258998984398499582e-02
3.135092518036072029e+00 1.428427756807028326e-02
3.136646840480961984e+00 1.623795017816671155e-02
3.138201162925851495e+00 1.848681350730005044e-02
3.139755485370741450e+00 2.106811879990366093e-02
3.141309807815630961e+00 2.403841405198286346e-02
3.142864130260520916e+00 2.743469781916044181e-02
3.144418452705410871e+00 3.134569446645386892e-02
3.145972775150300382e+00 3.583860291394697084e-02
3.147527097595190337e+00 4.094764915621959545e-02
3.149081420040079848e+00 4.669603226322097123e-02
3.150635742484969803e+00 5.309393198714779799e-02
3.152190064929859759e+00 6.016245280694564740e-02
3.153744387374749270e+00 6.789771895834691151e-02
3.155298709819639225e+00 7.634454410108064415e-02
3.156853032264528736e+00 8.538504176381095379e-02
3.158407354709418691e+00 9.491625790319288547e-02
3.159961677154308646e+00 1.048453172719138876e-01
3.161515999599198157e+00 1.149778971273405365e-01
3.163070322044088112e+00 1.252862068007893070e-01
3.164624644488977623e+00 1.355600006374725608e-01
3.166178966933867578e+00 1.458230038414194130e-01
3.167733289378757533e+00 1.559383293157817763e-01
3.169287611823647044e+00 1.659131309638324503e-01
3.170841934268536999e+00 1.757754394461435721e-01
3.172396256713426510e+00 1.855898123530307087e-01
3.173950579158316465e+00 1.953553903742464293e-01
3.175504901603206420e+00 2.048451975806244163e-01
3.177059224048095931e+00 2.142390568296923259e-01
3.178613546492985886e+00 2.234615152865267740e-01
3.180167868937875841e+00 2.325923134112644342e-01
3.181722191382765352e+00 2.414970636551626304e-01
3.183276513827655307e+00 2.502658755528952006e-01
3.184830836272544818e+00 2.588286107742210906e-01
3.186385158717434773e+00 2.671200804003624474e-01
3.187939481162324729e+00 2.751943419849453565e-01
3.189493803607214240e+00 2.830193820156853834e-01
3.191048126052104195e+00 2.905744311650919620e-01
3.192602448496993706e+00 2.977321501671158499e-01
3.194156770941883661e+00 3.045991107685155352e-01
3.195711093386773616e+00 3.111011390101297569e-01
3.197265415831663127e+00 3.173647620310003914e-01
3.198819738276553082e+00 3.234702764236100925e-01
3.200374060721442593e+00 3.289750868597454136e-01
3.201928383166332548e+00 3.341759397961126532e-01
3.203482705611222503e+00 3.390501404326975998e-01
3.205037028056112014e+00 3.436417849884556563e-01
3.206591350501001969e+00 3.478681650166123851e-01
3.208145672945891480e+00 3.517971104902669066e-01
3.209699995390781435e+00 3.555039045567100486e-01
3.211254317835671390e+00 3.589097419338295181e-01
3.212808640280560901e+00 3.617470059681637817e-01
3.214362962725450856e+00 3.646559641078808145e-01
3.215917285170340367e+00 3.674441828315798131e-01
3.217471607615230322e+00 3.699278944852013029e-01
3.219025930060120277e+00 3.722223829366405057e-01
3.220580252505009788e+00 3.744909111690153947e-01
3.222134574949899744e+00 3.771441622629763679e-01
3.223688897394789699e+00 3.792163186703725875e-01
3.225243219839679210e+00 3.811696728163131986e-01
3.226797542284569165e+00 3.829740187253797834e-01
3.228351864729458676e+00 3.846675052149722274e-01
3.229906187174348631e+00 3.862753783875691460e-01
3.231460509619238586e+00 3.875111629850134243e-01
3.233014832064128097e+00 3.886853365254298587e-01
3.234569154509018052e+00 3.898121980047454804e-01
3.236123476953907563e+00 3.909064052113591092e-01
3.237677799398797518e+00 3.918347776231352331e-01
3.239232121843687473e+00 3.926929213976154687e-01
3.240786444288576984e+00 3.934752014332636438e-01
3.242340766733466939e+00 3.941762382319484725e-01
3.243895089178356450e+00 3.948623541221157329e-01
3.245449411623246405e+00 3.960532307351210535e-01
3.247003734068136360e+00 3.967355881937088546e-01
3.248558056513025871e+00 3.973622616238222105e-01
3.250112378957915826e+00 3.979660609832053053e-01
3.251666701402805337e+00 3.986088009201867455e-01
3.253221023847695292e+00 3.992066288357277171e-01
3.254775346292585247e+00 3.997703441126517765e-01
3.256329668737474758e+00 4.003656211308674329e-01
3.257883991182364714e+00 4.010188272271484888e-01
3.259438313627254225e+00 4.016400708138906372e-01
3.260992636072144180e+00 4.022284237156722453e-01
3.262546958517034135e+00 4.027438044741479262e-01
3.264101280961923646e+00 4.031959925471550465e-01
3.265655603406813601e+00 4.036292697795300644e-01
3.267209925851703112e+00 4.042196767229929710e-01
3.268764248296593067e+00 4.050994792887804286e-01
3.270318570741483022e+00 4.056148330949213010e-01
3.271872893186372533e+00 4.060937002965484544e-01
3.273427215631262488e+00 4.064880243403941606e-01
3.274981538076151999e+00 4.068036424644702609e-01
3.276535860521041954e+00 4.071631942639539203e-01
3.278090182965931909e+00 4.075565601263193560e-01
3.279644505410821420e+00 4.080667597678689362e-01
3.281198827855711375e+00 4.085893390670323200e-01
3.282753150300600886e+00 4.091143017961703099e-01
3.284307472745490841e+00 4.096272764371338138e-01
3.285861795190380796e+00 4.100767979748018432e-01
3.287416117635270307e+00 4.105302629554741234e-01
3.288970440080160262e+00 4.109861412242538092e-01
3.290524762525049773e+00 4.119949449325145396e-01
3.292079084969939728e+00 4.125403988327318028e-01
3.293633407414829684e+00 4.130684245643712615e-01
3.295187729859719195e+00 4.136100762558126420e-01
3.296742052304609150e+00 4.141630860590002072e-01
3.298296374749498661e+00 4.146534755635600811e-01
3.299850697194388616e+00 4.151354226889918397e-01
3.301405019639278571e+00 4.155381593796240725e-01
3.302959342084168082e+00 4.159305597186569448e-01
3.304513664529058037e+00 4.163287531015149590e-01
3.306067986973947548e+00 4.167285041997607076e-01
3.307622309418837503e+00 4.170536450701546327e-01
3.309176631863727458e+00 4.173673047540613079e-01
3.310730954308616969e+00 4.176569306899122203e-01
3.312285276753506924e+00 4.184171565571537243e-01
3.313839599198396879e+00 4.187478953764025569e-01
3.315393921643286390e+00 4.190824166728969180e-01
3.316948244088176345e+00 4.193646915742859638e-01
3.318502566533065856e+00 4.196396689720115480e-01
3.320056888977955811e+00 4.198853591540937513e-01
3.321611211422845766e+00 4.200935946523761677e-01
3.323165533867735277e+00 4.203901416323196916e-01
3.324719856312625232e+00 4.206676552645649547e-01
3.326274178757514743e+00 4.209389292290789397e-01
3.327828501202404698e+00 4.212492946388670667e-01
3.329382823647294654e+00 4.216231806202369592e-01
3.330937146092184165e+00 4.215539601364849398e-01
3.332491468537074120e+00 4.211751905570425003e-01
3.334045790981964075e+00 4.208986777728049300e-01
3.335600113426853586e+00 4.211659163688794560e-01
3.337154435871743541e+00 4.209141485017476869e-01
3.338708758316633052e+00 4.206436148629800198e-01
3.340263080761523007e+00 4.202610717519021932e-01
3.341817403206412962e+00 4.188282344016585057e-01
3.343371725651302473e+00 4.173525097345759383e-01
3.344926048096192428e+00 4.158445047309430320e-01
3.346480370541081939e+00 4.142965905870568122e-01
3.348034692985971894e+00 4.127651788708397995e-01
3.349589015430861849e+00 4.113550614372840086e-01
3.351143337875751360e+00 4.083772989560422451e-01
3.352697660320641315e+00 4.048177789635661328e-01
3.354251982765530826e+00 4.011334930620616968e-01
3.355806305210420781e+00 3.973880320039313019e-01
3.357360627655310736e+00 3.937140883929861612e-01
3.358914950100200247e+00 3.900819242816240262e-01
3.360469272545090202e+00 3.876889887912705057e-01
3.362023594989979713e+00 3.882969477529341629e-01
3.363577917434869669e+00 3.889127096173339848e-01
3.365132239879759624e+00 3.894800242567270643e-01
3.366686562324649135e+00 3.899744689963176580e-01
3.368240884769539090e+00 3.904617228775254523e-01
3.369795207214428601e+00 3.909429928686369293e-01
3.371349529659318556e+00 3.947748759968817689e-01
3.372903852104208511e+00 3.995251882564064272e-01
3.374458174549098022e+00 4.042982923201757228e-01
3.376012496993987977e+00 4.085618331493747202e-01
3.377566819438877488e+00 4.128617575114523763e-01
3.379121141883767443e+00 4.170991568398481064e-01
3.380675464328657398e+00 4.199730863130797243e-01
3.382229786773546909e+00 4.212187291485946505e-01
3.383784109218436864e+00 4.225689261741178426e-01
3.385338431663326375e+00 4.238699012835905333e-01
3.386892754108216330e+00 4.250494390259474398e-01
3.388447076553106285e+00 4.262325081334947252e-01
3.390001398997995796e+00 4.275170110103719834e-01
3.391555721442885751e+00 4.272512084766340590e-01
3.393110043887775262e+00 4.269404835066627490e-01
3.394664366332665217e+00 4.265511622388138413e-01
3.396218688777555172e+00 4.261963769618625775e-01
3.397773011222444683e+00 4.259234234568086142e-01
3.399327333667334639e+00 4.256453448805606610e-01
3.400881656112224150e+00 4.252725988575256633e-01
3.402435978557114105e+00 4.249306631664019340e-01
3.403990301002004060e+00 4.245655925521812923e-01
3.405544623446893571e+00 4.241252432517049198e-01
3.407098945891783526e+00 4.237916711804106673e-01
3.408653268336673037e+00 4.235314511266790594e-01
3.410207590781562992e+00 4.238193028491869518e-01
3.411761913226452947e+00 4.238116763452789981e-01
3.413316235671342458e+00 4.237938072660941691e-01
3.414870558116232413e+00 4.236643125651497477e-01
3.416424880561121924e+00 4.239879626638804466e-01
3.417979203006011879e+00 4.238359763253876644e-01
3.419533525450901834e+00 4.236907534945321130e-01
3.421087847895791345e+00 4.238926279423867460e-01
3.422642170340681300e+00 4.241826932911600401e-01
3.424196492785570811e+00 4.245152937813555516e-01
3.425750815230460766e+00 4.249106313525272682e-01
3.427305137675350721e+00 4.251811062736251534e-01
3.428859460120240232e+00 4.254186328831739417e-01
3.430413782565130187e+00 4.255582946067124617e-01
3.431968105010019698e+00 4.255415465320522284e-01
3.433522427454909653e+00 4.256158758482451177e-01
3.435076749899799609e+00 4.256927431959736108e-01
3.436631072344689120e+00 4.257127467930265086e-01
3.438185394789579075e+00 4.256408607997761440e-01
3.439739717234469030e+00 4.255286198705819367e-01
3.441294039679358541e+00 4.251669271341596001e-01
3.442848362124248496e+00 4.246790591716110841e-01
3.444402684569138007e+00 4.245723654228782395e-01
3.445957007014027962e+00 4.240270100789804153e-01
3.447511329458917917e+00 4.235348609302931333e-01
3.449065651903807428e+00 4.235579047795076102e-01
3.450619974348697383e+00 4.232646763757459407e-01
3.452174296793586894e+00 4.230915277537817820e-01
3.453728619238476849e+00 4.228738162606719975e-01
3.455282941683366804e+00 4.226188072384962635e-01
3.456837264128256315e+00 4.224288630302168168e-01
3.458391586573146270e+00 4.222745273622049988e-01
3.459945909018036225e+00 4.221966340796293182e-01
3.461500231462925736e+00 4.226544500379571523e-01
3.463054553907815691e+00 4.232167519141606937e-01
3.464608876352705202e+00 4.238396404547685736e-01
3.466163198797595157e+00 4.245425749662561921e-01
3.467717521242485113e+00 4.252422069328906096e-01
3.469271843687374623e+00 4.259476420126734331e-01
3.470826166132264579e+00 4.265734706845286106e-01
3.472380488577154090e+00 4.272095629089153190e-01
3.473934811022044045e+00 4.280054765280498774e-01
3.475489133466934000e+00 4.288371470792912699e-01
3.477043455911823511e+00 4.301811555306778168e-01
3.478597778356713466e+00 4.310565710525960381e-01
3.480152100801602977e+00 4.324664918739749564e-01
3.481706423246492932e+00 4.336902521620704665e-01
3.483260745691382887e+00 4.348621797467984162e-01
3.484815068136272398e+00 4.359908118937027011e-01
3.486369390581162353e+00 4.371178773308492249e-01
3.487923713026051864e+00 4.380846929253207067e-01
3.489478035470941819e+00 4.387759928326330217e-01
3.491032357915831774e+00 4.393081345724186293e-01
3.492586680360721285e+00 4.395589168018054216e-01
3.494141002805611240e+00 4.394224346546522497e-01
3.495695325250500751e+00 4.388655373879888355e-01
3.497249647695390706e+00 4.378378238281125379e-01
3.498803970140280661e+00 4.362735311046331832e-01
3.500358292585170172e+00 4.340633203063856693e-01
3.501912615030060127e+00 4.311889693567351189e-01
3.503466937474949638e+00 4.276179799952050109e-01
3.505021259919839594e+00 4.232871308849615599e-01
3.506575582364729549e+00 4.181729190214513725e-01
3.508129904809619060e+00 4.127514718437233499e-01
3.509684227254509015e+00 4.060511936538684363e-01
3.511238549699398526e+00 3.991129356895818936e-01
3.512792872144288481e+00 3.909633419972536883e-01
3.514347194589178436e+00 3.822273555654755461e-01
3.515901517034067947e+00 3.730780270551897204e-01
3.517455839478957902e+00 3.634350640794656306e-01
3.519010161923847413e+00 3.532731649532573348e-01
3.520564484368737368e+00 3.425872376005194009e-01
3.522118806813627323e+00 3.315017014762299818e-01
3.523673129258516834e+00 3.202075659848015454e-01
3.525227451703406789e+00 3.088395386148112820e-01
3.526781774148296300e+00 2.974630518807993562e-01
3.528336096593186255e+00 2.860345385533940576e-01
3.529890419038076210e+00 2.746308687971854567e-01
3.531444741482965721e+00 2.633102579033253510e-01
3.532999063927855676e+00 2.521881323024541821e-01
3.534553386372745187e+00 2.414825934321974121e-01
3.536107708817635142e+00 2.309978672519483744e-01
3.537662031262525097e+00 2.207659772167978041e-01
3.539216353707414608e+00 2.109341952646250629e-01
3.540770676152304564e+00 2.014169420213259010e-01
3.542324998597194075e+00 1.922592641455440621e-01
3.543879321042084030e+00 1.835407517633037000e-01
3.545433643486973985e+00 1.750657402784335237e-01
3.546987965931863496e+00 1.669394246163365125e-01
3.548542288376753451e+00 1.592065718671804020e-01
3.550096610821642962e+00 1.518253182911253052e-01
3.551650933266532917e+00 1.448871602335984332e-01
3.553205255711422872e+00 1.382170217283619218e-01
3.554759578156312383e+00 1.317968921799064774e-01
3.556313900601202338e+00 1.256514679410136726e-01
3.557868223046091849e+00 1.197822089315683930e-01
3.559422545490981804e+00 1.141893864885967086e-01
3.560976867935871759e+00 1.088518432342245601e-01
3.562531190380761270e+00 1.037631279780679705e-01
3.564085512825651225e+00 9.888543400844268527e-02
3.565639835270540736e+00 9.420858211205637711e-02
3.567194157715430691e+00 8.972783524822205981e-02
3.568748480160320646e+00 8.552122616178904624e-02
3.570302802605210601e+00 8.141181373222521056e-02
3.571857125050100112e+00 7.741017523563885339e-02
3.573411447494989623e+00 7.355573144545284048e-02
3.574965769939879578e+00 6.984556990608044302e-02
3.576520092384769534e+00 6.628258678972426265e-02
3.578074414829659489e+00 6.292255325728321469e-02
3.579628737274549000e+00 5.963085832443914408e-02
3.581183059719438955e+00 5.644241250540969063e-02
3.582737382164328466e+00 5.337158961530750340e-02
3.584291704609218421e+00 5.043264174156568413e-02
3.585846027054108376e+00 4.762497753922349114e-02
3.587400349498997887e+00 4.489618024887773173e-02
3.588954671943887842e+00 4.228100182121757172e-02
3.590508994388777353e+00 3.978457805164403033e-02
3.592063316833667308e+00 3.739553405547156595e-02
3.593617639278557263e+00 3.512198078657370603e-02
3.595171961723446774e+00 3.295522389938144309e-02
3.596726284168336729e+00 3.089561023029172709e-02
3.598280606613226240e+00 2.894145231708401475e-02
3.599834929058116195e+00 2.708847020481963686e-02
3.601389251503006150e+00 2.534386885331507341e-02
3.602943573947895661e+00 2.370019061488794210e-02
3.604497896392785616e+00 2.218120741472885682e-02
3.606052218837675127e+00 2.072227555123091688e-02
3.607606541282565082e+00 1.935137563708299799e-02
3.609160863727455038e+00 1.806902920659035627e-02
3.610715186172344549e+00 1.686928793200519888e-02
3.612269508617234504e+00 1.575278319662069479e-02
3.613823831062124015e+00 1.470897088468768425e-02
3.615378153507013970e+00 1.373694840364035261e-02
3.616932475951903925e+00 1.282780599660116906e-02
3.618486798396793436e+00 1.198272281505647664e-02
3.620041120841683391e+00 1.121397987970608294e-02
3.621595443286572902e+00 1.048357911882595063e-02
3.623149765731462857e+00 9.807550658665849241e-03
3.624704088176352812e+00 9.178822444380556334e-03
3.626258410621242323e+00 8.599920225362956208e-03
3.627812733066132278e+00 8.056706875717314920e-03
3.629367055511021789e+00 7.546799551623044854e-03
3.630921377955911744e+00 7.084266334924936397e-03
3.632475700400801699e+00 6.653992193341009068e-03
3.634030022845691210e+00 6.257869217743579349e-03
3.635584345290581165e+00 5.886100136417338376e-03
3.637138667735470676e+00 5.539020617691152969e-03
3.638692990180360631e+00 5.215848081030828240e-03
3.640247312625250586e+00 4.919410026418108081e-03
3.641801635070140097e+00 4.649868509623146344e-03
3.643355957515030052e+00 4.391428825681338577e-03
3.644910279959919563e+00 4.153423282398668523e-03
3.646464602404809519e+00 3.931363035714055196e-03
3.648018924849699474e+00 3.724895425197454271e-03
3.649573247294588985e+00 3.534635436337224112e-03
3.651127569739478940e+00 3.354774029584029708e-03
3.652681892184368451e+00 3.191001252128319258e-03
3.654236214629258406e+00 3.034156174869464487e-03
3.655790537074148361e+00 2.890167205410074710e-03
3.657344859519037872e+00 2.753600006957561842e-03
3.658899181963927827e+00 2.625182299961278682e-03
3.660453504408817338e+00 2.509564589174189623e-03
3.662007826853707293e+00 2.399114403434854902e-03
3.663562149298597248e+00 2.296921116005971701e-03
3.665116471743486759e+00 2.197788236865580100e-03
3.666670794188376714e+00 2.105513088710931225e-03
3.668225116633266225e+00 2.019157270764568909e-03
3.669779439078156180e+00 1.938567986204897892e-03
3.671333761523046135e+00 1.865621267133598044e-03
3.672888083967935646e+00 1.792593068343476155e-03
3.674442406412825601e+00 1.724448542453373406e-03
3.675996728857715112e+00 1.659342083157271932e-03
3.677551051302605067e+00 1.598696505614210150e-03
3.679105373747495022e+00 1.544023947550477154e-03
3.680659696192384533e+00 1.489292026557390101e-03
3.682214018637274489e+00 1.441130162140621561e-03
3.683768341082164000e+00 1.393441655281487529e-03
3.685322663527053955e+00 1.349744398532897599e-03
3.686876985971943910e+00 1.306787310211852526e-03
3.688431308416833865e+00 1.259175840021675447e-03
3.689985630861723376e+00 1.218732755372356827e-03
3.691539953306612887e+00 1.181463388305927995e-03
3.693094275751502842e+00 1.148405199731683578e-03
3.694648598196392797e+00 1.116749313419878155e-03
3.696202920641282752e+00 1.082676741967898443e-03
3.697757243086172263e+00 1.051470770366941991e-03
3.699311565531061774e+00 1.018357889644205642e-03
3.700865887975951729e+00 9.876281710649230210e-04
3.702420210420841684e+00 9.580865899574851283e-04
3.703974532865731639e+00 9.285834083187734017e-04
3.705528855310621150e+00 9.019891877273182416e-04
3.707083177755511105e+00 8.752996063638563253e-04
3.708637500200400616e+00 8.506030013028079194e-04
3.710191822645290571e+00 8.238281006959371306e-04
3.711746145090180526e+00 7.962854377190110855e-04
3.713300467535070037e+00 7.704346203529331564e-04
3.714854789979959993e+00 7.441375040986370403e-04
3.716409112424849503e+00 7.221939113955580785e-04
3.717963434869739459e+00 7.005591153982341666e-04
3.719517757314629414e+00 6.783967939572783414e-04
3.721072079759518925e+00 6.566481860230951673e-04
3.722626402204408880e+00 6.349439244119250546e-04
3.724180724649298391e+00 6.142286348671072106e-04
3.725735047094188346e+00 5.903623956136140084e-04
3.727289369539078301e+00 5.683825028989906601e-04
3.728843691983967812e+00 5.471217374441415815e-04
3.730398014428857767e+00 5.249878630981294047e-04
3.731952336873747278e+00 5.048873425723978368e-04
3.733506659318637233e+00 4.830008158901976105e-04
3.735060981763527188e+00 4.637478387853540842e-04
3.736615304208416699e+00 4.448597873398383229e-04
3.738169626653306654e+00 4.247676030268799979e-04
3.739723949098196165e+00 4.073969859978718647e-04
3.741278271543086120e+00 3.876856600345225060e-04
3.742832593987976075e+00 3.679355127259049799e-04
3.744386916432865586e+00 3.496658094446427494e-04
3.745941238877755541e+00 3.323396557678759996e-04
3.747495561322645052e+00 3.171171892274115243e-04
3.749049883767535007e+00 2.995496994534073312e-04
3.750604206212424963e+00 2.842744063209308903e-04
3.752158528657314474e+00 2.701990134567033006e-04
3.753712851102204429e+00 2.554386179749690788e-04
3.755267173547093940e+00 2.433717429099804526e-04
3.756821495991983895e+00 2.280998317298000763e-04
3.758375818436873850e+00 2.146241787539839561e-04
3.759930140881763361e+00 2.038318336581474181e-04
3.761484463326653316e+00 1.923760263171231930e-04
3.763038785771542827e+00 1.824661687406697094e-04
3.764593108216432782e+00 1.716506788291408462e-04
3.766147430661322737e+00 1.627971756913692289e-04
3.767701753106212248e+00 1.545171913813513705e-04
3.769256075551102203e+00 1.441561356789038963e-04
3.770810397995991714e+00 1.361883800655892482e-04
3.772364720440881669e+00 1.290738923296038732e-04
3.773919042885771624e+00 1.232087872851164159e-04
3.775473365330661135e+00 1.188415975171887453e-04
3.777027687775551090e+00 1.121370960806434555e-04
3.778582010220440601e+00 1.053277607715936471e-04
3.780136332665330556e+00 9.763120148085032866e-05
3.781690655110220511e+00 9.262336478816954430e-05
3.783244977555110022e+00 9.116280075241972689e-05
3.784799299999999977e+00 8.808666145662095873e-05
