5.999999999999999778e-01 6.919075064043660402e-09
6.035070140280560658e-01 4.394661113296382552e-09
6.070140280561121537e-01 4.562453608679066440e-09
6.105210420841683527e-01 7.874233704858212013e-09
6.140280561122244407e-01 4.854728561777427959e-09
6.175350701402805287e-01 5.563292305309786127e-09
6.210420841683366167e-01 6.051326394482390695e-09
6.245490981963928157e-01 4.790461357284617386e-09
6.280561122244489036e-01 5.754776473794273795e-09
6.315631262525049916e-01 1.291549910980171517e-08
6.350701402805610796e-01 1.575598732819166840e-08
6.385771543086171675e-01 1.600414496036390268e-08
6.420841683366733665e-01 1.535688516528513181e-08
6.455911823647294545e-01 2.217242227156037801e-08
6.490981963927855425e-01 2.575297950429527840e-08
6.526052104208416305e-01 2.603778058380801974e-08
6.561122244488977184e-01 2.182555646112422738e-08
6.596192384769539174e-01 2.870623409380039308e-08
6.631262525050100054e-01 2.567004672723059475e-08
6.666332665330660934e-01 1.917108786726080344e-08
6.701402805611221813e-01 1.603206238014362627e-08
6.736472945891783803e-01 2.286949681043161512e-08
6.771543086172344683e-01 2.349329663350256769e-08
6.806613226452905563e-01 2.063482676779872252e-08
6.841683366733466443e-01 2.865628379805143688e-08
6.876753507014028433e-01 3.358092680440889043e-08
6.911823647294589312e-01 2.818895041606175893e-08
6.946893787575150192e-01 1.535417898373146553e-08
6.981963927855711072e-01 2.454685062670474859e-08
7.017034068136271951e-01 3.638932323434338058e-08
7.052104208416833941e-01 3.375253622803340799e-08
7.087174348697394821e-01 4.297541137687119773e-08
7.122244488977955701e-01 3.476808257173473611e-08
7.157314629258516581e-01 3.251117110926167566e-08
7.192384769539077460e-01 2.837297775285410800e-08
7.227454909819639450e-01 2.546091358961475840e-08
7.262525050100200330e-01 1.886678904287712381e-08
7.297595190380761210e-01 2.941197434336505843e-08
7.332665330661322090e-01 3.618645024059472747e-08
7.367735470941882969e-01 4.732260996619332132e-08
7.402805611222444959e-01 3.855040060804722634e-08
7.437875751503005839e-01 1.310769456974594113e-08
7.472945891783566719e-01 3.115415479261164125e-08
7.508016032064128709e-01 2.078661216936330294e-08
7.543086172344688478e-01 1.906642082133055139e-08
7.578156312625250468e-01 3.527724616218821223e-08
7.613226452905811348e-01 2.592798878485598598e-08
7.648296593186372228e-01 2.527074718401846748e-08
7.683366733466934217e-01 4.445976654377849000e-08
7.718436873747495097e-01 4.325277363303185391e-08
7.753507014028055977e-01 4.324118327917221793e-08
7.788577154308616857e-01 3.642085904330887772e-08
7.823647294589177736e-01 2.847100830244156086e-08
7.858717434869739726e-01 2.561347650300511125e-08
7.893787575150300606e-01 4.620988647265724053e-08
7.928857715430861486e-01 2.853250342081459257e-08
7.963927855711422366e-01 1.174778393625756690e-07
7.998997995991983245e-01 1.622909295107874571e-07
8.034068136272545235e-01 1.972607266374838987e-07
8.069138276553106115e-01 2.111619238959299429e-07
8.104208416833666995e-01 1.980407106790154123e-07
8.139278557114227874e-01 1.157677518410310751e-07
8.174348697394788754e-01 6.733936185478535437e-08
8.209418837675350744e-01 4.559938015180232544e-08
8.244488977955911624e-01 4.226166212587488256e-08
8.279559118236472504e-01 5.470595385621667886e-08
8.314629258517034494e-01 3.564710668272175949e-08
8.349699398797595373e-01 3.511508530242129282e-08
8.384769539078156253e-01 3.978854261203050449e-08
8.419839679358717133e-01 5.187276335089464598e-08
8.454909819639278012e-01 6.708592691182653955e-08
8.489979959919840002e-01 8.047708114584704558e-08
8.525050100200400882e-01 5.831156519844815624e-08
8.560120240480961762e-01 7.644414604241256064e-08
8.595190380761522642e-01 9.189111065961598963e-08
8.630260521042083521e-01 1.021451305766833512e-07
8.665330661322645511e-01 7.243855171096968088e-08
8.700400801603206391e-01 5.940230509764934571e-08
8.735470941883767271e-01 6.942494387237694693e-08
8.770541082164329261e-01 1.151344570168890766e-07
8.805611222444889030e-01 1.743226348661457307e-07
8.840681362725451020e-01 5.077060052740235214e-07
8.875751503006011900e-01 6.155927011193444799e-07
8.910821643286572780e-01 6.097358650896603842e-07
8.945891783567134770e-01 6.843798314984315220e-07
8.980961923847694539e-01 2.660063771808632635e-07
9.016032064128256529e-01 2.378453843894814589e-07
9.051102204408817409e-01 2.244286834089767220e-07
9.086172344689378289e-01 1.929078005982435004e-07
9.121242484969940278e-01 1.750817238794466284e-07
9.156312625250500048e-01 1.758142226945363911e-07
9.191382765531062038e-01 1.754962175458877917e-07
9.226452905811622918e-01 2.320281665137493432e-07
9.261523046092183797e-01 2.574311221082485772e-07
9.296593186372745787e-01 2.733046125389878099e-07
9.331663326653306667e-01 3.187330256602049124e-07
9.366733466933867547e-01 3.476776565416691203e-07
9.401803607214428427e-01 3.466939007299017393e-07
9.436873747494989306e-01 3.159257052093842497e-07
9.471943887775551296e-01 3.071682594031357504e-07
9.507014028056112176e-01 2.962201398118374738e-07
9.542084168336673056e-01 3.150600852610890725e-07
9.577154308617235046e-01 2.840173821656433320e-07
9.612224448897794815e-01 2.414073393947147838e-07
9.647294589178356805e-01 2.337976210265990466e-07
9.682364729458917685e-01 2.317474577266812988e-07
9.717434869739478565e-01 2.300369089073408139e-07
9.752505010020040555e-01 2.478358797972602931e-07
9.787575150300600324e-01 2.473518606971913088e-07
9.822645290581162314e-01 2.398317964960734227e-07
9.857715430861723194e-01 2.132342305251202223e-07
9.892785571142284073e-01 2.166136982873371864e-07
9.927855711422846063e-01 2.095415771182619844e-07
9.962925851703405833e-01 9.947462131911238897e-07
9.997995991983967823e-01 1.746048319450496311e-06
1.003306613226452981e+00 1.681314097965474303e-06
1.006813627254508958e+00 1.569437184265869619e-06
1.010320641282565157e+00 1.517413019903637168e-06
1.013827655310621356e+00 1.637077885940442996e-06
1.017334669338677333e+00 1.448465499100828556e-06
1.020841683366733310e+00 1.428744148279402956e-06
1.024348697394789509e+00 1.439716855468439082e-06
1.027855711422845708e+00 1.264331286098515119e-06
1.031362725450901685e+00 1.451450568965226693e-06
1.034869739478957884e+00 1.223438978804406174e-06
1.038376753507014083e+00 1.281585476003389168e-06
1.041883767535070060e+00 1.192325936661559690e-06
1.045390781563126259e+00 1.084889859161158964e-06
1.048897795591182458e+00 1.199906392750308816e-06
1.052404809619238435e+00 1.168056188273300667e-06
1.055911823647294634e+00 1.056156392326094493e-06
1.059418837675350611e+00 1.113201714040355256e-06
1.062925851703406810e+00 1.079748898915856641e-06
1.066432865731462787e+00 9.429507661513044721e-07
1.069939879759518986e+00 1.035704988173621827e-06
1.073446893787575185e+00 1.065192748654629559e-06
1.076953907815631162e+00 1.028976651957739433e-06
1.080460921843687361e+00 9.265457678984467279e-07
1.083967935871743560e+00 1.033577702522845854e-06
1.087474949899799537e+00 9.692090484321597787e-07
1.090981963927855736e+00 9.520459499125915777e-07
1.094488977955911935e+00 1.049612614066510820e-06
1.097995991983967912e+00 8.974033159495476873e-07
1.101503006012023889e+00 9.331994499764716831e-07
1.105010020040080310e+00 9.341187090409852557e-07
1.108517034068136287e+00 9.246475252202801624e-07
1.112024048096192264e+00 9.002848591521116682e-07
1.115531062124248463e+00 1.014480634461341828e-06
1.119038076152304662e+00 8.974139132942127056e-07
1.122545090180360638e+00 8.784914680554878628e-07
1.126052104208416837e+00 9.075564498948886062e-07
1.129559118236473036e+00 9.037261655876166846e-07
1.133066132264529013e+00 9.174797234593168853e-07
1.136573146292584990e+00 8.603246233007701813e-07
1.140080160320641411e+00 8.309951389965639170e-07
1.143587174348697388e+00 9.372712910623440063e-07
1.147094188376753365e+00 9.428575814037347339e-07
1.150601202404809564e+00 9.138474971322980430e-07
1.154108216432865763e+00 8.691966303327175383e-07
1.157615230460921740e+00 9.550196445035190171e-07
1.161122244488977939e+00 9.837418971765708394e-07
1.164629258517034138e+00 9.507935716109805773e-07
1.168136272545090115e+00 1.007260139629250621e-06
1.171643286573146314e+00 9.056174494616901738e-07
1.175150300601202513e+00 9.092155402646335861e-07
1.178657314629258490e+00 9.233699133545988467e-07
1.182164328657314467e+00 9.378560791621719480e-07
1.185671342685370888e+00 9.217951461637669152e-07
1.189178356713426865e+00 9.594874332479205383e-07
1.192685370741482842e+00 1.076354833124421234e-06
1.196192384769539041e+00 9.588602065512925625e-07
1.199699398797595240e+00 9.968577391288898781e-07
1.203206412825651217e+00 1.017906988784256338e-06
1.206713426853707416e+00 9.549598665280065239e-07
1.210220440881763615e+00 9.328181870186516643e-07
1.213727454909819592e+00 9.135954444906998631e-07
1.217234468937875569e+00 9.184502011801358069e-07
1.220741482965931990e+00 1.001902155790721112e-06
1.224248496993987967e+00 1.000014927239072930e-06
1.227755511022043944e+00 1.069629645055466218e-06
1.231262525050100143e+00 1.015111587673710976e-06
1.234769539078156342e+00 1.074953782070697957e-06
1.238276553106212319e+00 1.039317737208541856e-06
1.241783567134268518e+00 1.057898028264176775e-06
1.245290581162324717e+00 1.075571628226725010e-06
1.248797595190380694e+00 1.190906924913580117e-06
1.252304609218436893e+00 1.158413944125546980e-06
1.255811623246493092e+00 1.112944407619329326e-06
1.259318637274549069e+00 1.128179164412854942e-06
1.262825651302605046e+00 1.202311045292744383e-06
1.266332665330661467e+00 1.109450013567595262e-06
1.269839679358717444e+00 1.132768001399667678e-06
1.273346693386773421e+00 1.209591322994495982e-06
1.276853707414829620e+00 1.194762417373167478e-06
1.280360721442885819e+00 1.129547234282181375e-06
1.283867735470941795e+00 1.179888298490575046e-06
1.287374749498997994e+00 1.166885593522166103e-06
1.290881763527054193e+00 1.238061602577282492e-06
1.294388777555110170e+00 1.309071313190725674e-06
1.297895791583166369e+00 1.302853603617245816e-06
1.301402805611222568e+00 1.307934859845952911e-06
1.304909819639278545e+00 1.297467159642880697e-06
1.308416833667334522e+00 1.276106988578369862e-06
1.311923847695390721e+00 1.396543478436771534e-06
1.315430861723446920e+00 1.320846603159180239e-06
1.318937875751502897e+00 1.383710066357317747e-06
1.322444889779559096e+00 1.338965123346296949e-06
1.325951903807615295e+00 1.320899917842791370e-06
1.329458917835671272e+00 1.420032693034100560e-06
1.332965931863727471e+00 1.329426070954212736e-06
1.336472945891783670e+00 1.440012186174522805e-06
1.339979959919839647e+00 1.451809126883445075e-06
1.343486973947895624e+00 1.666013092723244661e-06
1.346993987975952045e+00 1.584077797988116062e-06
1.350501002004008022e+00 1.675780519408407594e-06
1.354008016032063999e+00 1.717250227780596796e-06
1.357515030060120198e+00 1.669102017796711615e-06
1.361022044088176397e+00 1.901842656547758514e-06
1.364529058116232374e+00 1.714227969023367901e-06
1.368036072144288573e+00 1.693829678373100296e-06
1.371543086172344772e+00 1.870538221896277509e-06
1.375050100200400749e+00 1.923177853284464250e-06
1.378557114228456948e+00 1.924637465630676615e-06
1.382064128256513147e+00 1.961719824632946339e-06
1.385571142284569124e+00 1.957276684041419490e-06
1.389078156312625101e+00 1.810745602868182638e-06
1.392585170340681300e+00 1.848910551068419554e-06
1.396092184368737499e+00 1.754982421042224172e-06
1.399599198396793476e+00 1.816492664361075704e-06
1.403106212424849675e+00 2.033538184979282438e-06
1.406613226452905874e+00 1.713679533872212037e-06
1.410120240480961851e+00 1.853932995301793912e-06
1.413627254509018050e+00 1.865638319744606294e-06
1.417134268537074249e+00 1.965152084852072033e-06
1.420641282565130226e+00 1.840186726581592619e-06
1.424148296593186203e+00 1.989989875307590503e-06
1.427655310621242624e+00 1.849573378498473631e-06
1.431162324649298601e+00 1.929719805845268238e-06
1.434669338677354578e+00 1.993546732094533705e-06
1.438176352705410777e+00 2.091238770707570470e-06
1.441683366733466976e+00 1.941047030239020687e-06
1.445190380761522952e+00 1.991120240462920475e-06
1.448697394789579151e+00 1.926013720223838694e-06
1.452204408817635350e+00 2.085025056059195522e-06
1.455711422845691327e+00 1.994010139488145009e-06
1.459218436873747526e+00 2.145960462830604123e-06
1.462725450901803725e+00 1.879297882497792468e-06
1.466232464929859702e+00 2.148331795366049597e-06
1.469739478957915679e+00 2.436741687103773420e-06
1.473246492985971878e+00 2.433605262018082999e-06
1.476753507014028077e+00 2.299787798078397116e-06
1.480260521042084054e+00 2.243749980938722826e-06
1.483767535070140253e+00 2.138065961091568914e-06
1.487274549098196452e+00 2.298928557954083790e-06
1.490781563126252429e+00 2.328400267152502598e-06
1.494288577154308628e+00 2.483208973553148559e-06
1.497795591182364827e+00 2.591338769885550920e-06
1.501302605210420804e+00 2.593151621758449137e-06
1.504809619238476781e+00 2.408864923033148055e-06
1.508316633266533202e+00 2.598404992887412997e-06
1.511823647294589179e+00 2.541233934518184663e-06
1.515330661322645156e+00 2.837480111525358527e-06
1.518837675350701355e+00 2.690607011823005839e-06
1.522344689378757554e+00 2.687372500291029587e-06
1.525851703406813531e+00 2.907086449430134716e-06
1.529358717434869730e+00 2.906744786034188464e-06
1.532865731462925929e+00 2.804515595593058513e-06
1.536372745490981906e+00 2.671574394639817392e-06
1.539879759519038105e+00 2.849098857688695330e-06
1.543386773547094304e+00 2.954783934962488643e-06
1.546893787575150281e+00 2.834423345039896314e-06
1.550400801603206258e+00 2.993646706895756650e-06
1.553907815631262679e+00 3.207315885047932858e-06
1.557414829659318656e+00 3.326959763041080166e-06
1.560921843687374633e+00 3.133133515458990045e-06
1.564428857715430832e+00 3.134911379067010607e-06
1.567935871743487031e+00 3.274625483073674252e-06
1.571442885771543008e+00 3.292747481233739604e-06
1.574949899799599207e+00 3.283110100715252581e-06
1.578456913827655406e+00 3.323479090628115363e-06
1.581963927855711383e+00 3.435081889145067728e-06
1.585470941883767360e+00 3.525118105159463969e-06
1.588977955911823781e+00 3.556982146714282795e-06
1.592484969939879758e+00 3.684006125279084959e-06
1.595991983967935735e+00 3.487209824547801512e-06
1.599498997995991934e+00 3.376844738869857821e-06
1.603006012024048133e+00 3.860867313349274958e-06
1.606513026052104109e+00 3.547785976802917878e-06
1.610020040080160530e+00 3.737916425898903132e-06
1.613527054108216507e+00 3.855418775613771501e-06
1.617034068136272484e+00 4.047120764143352820e-06
1.620541082164328461e+00 4.215334490164163108e-06
1.624048096192384882e+00 4.128588456330056768e-06
1.627555110220440859e+00 4.393974477511479408e-06
1.631062124248496836e+00 4.345682102172327412e-06
1.634569138276553257e+00 4.556850281264727341e-06
1.638076152304609234e+00 4.912487693421411716e-06
1.641583166332665211e+00 5.697639620041643133e-06
1.645090180360721632e+00 5.962548889037246453e-06
1.648597194388777609e+00 6.940437696938298228e-06
1.652104208416833586e+00 7.436462134566885209e-06
1.655611222444889563e+00 8.650701493585779447e-06
1.659118236472945984e+00 1.029860269456466921e-05
1.662625250501001961e+00 1.250301346787772965e-05
1.666132264529057938e+00 1.592246525045557366e-05
1.669639278557114359e+00 1.992261767785341123e-05
1.673146292585170336e+00 2.618004497321635725e-05
1.676653306613226313e+00 3.438893957318745159e-05
1.680160320641282734e+00 4.423267457517265731e-05
1.683667334669338711e+00 5.791192948962592093e-05
1.687174348697394688e+00 7.607434722446843338e-05
1.690681362725451109e+00 1.011265600469460682e-04
1.694188376753507086e+00 1.399504743633273594e-04
1.697695390781563063e+00 2.005945754516176560e-04
1.701202404809619040e+00 2.976928757256065141e-04
1.704709418837675461e+00 4.556074886410965154e-04
1.708216432865731438e+00 7.039757626569921600e-04
1.711723446893787415e+00 1.091644976398217174e-03
1.715230460921843836e+00 1.684193993854013471e-03
1.718737474949899813e+00 2.631519953479417081e-03
1.722244488977955790e+00 4.176310796195167874e-03
1.725751503006012211e+00 6.860131892878144899e-03
1.729258517034068188e+00 1.177897801204303395e-02
1.732765531062124165e+00 2.068075498546031316e-02
1.736272545090180142e+00 3.288591148147104043e-02
1.739779559118236563e+00 4.695841702284836439e-02
1.743286573146292540e+00 6.778070435952168737e-02
1.746793587174348517e+00 1.011741309138819989e-01
1.750300601202404938e+00 1.555972727229970320e-01
1.753807615230460915e+00 2.263756022111353960e-01
1.757314629258516891e+00 2.941529879526930680e-01
1.760821643286573313e+00 3.438202958524217978e-01
1.764328657314629289e+00 3.816471927069917114e-01
1.767835671342685266e+00 4.133921717851011812e-01
1.771342685370741687e+00 4.358109756422305914e-01
1.774849699398797664e+00 4.474615171663807733e-01
1.778356713426853641e+00 4.506117947538319513e-01
1.781863727454909618e+00 4.512074064176610499e-01
1.785370741482966039e+00 4.525581713612367718e-01
1.788877755511022016e+00 4.540656763065433754e-01
1.792384769539077993e+00 4.545580834255551483e-01
1.795891783567134414e+00 4.516618856371661384e-01
1.799398797595190391e+00 4.476327838232072587e-01
1.802905811623246368e+00 4.427278858210581536e-01
1.806412825651302789e+00 4.394120198565422686e-01
1.809919839679358766e+00 4.385940049134848251e-01
1.813426853707414743e+00 4.401921857014414186e-01
1.816933867735470720e+00 4.435106138304164558e-01
1.820440881763527141e+00 4.467238297524810386e-01
1.823947895791583118e+00 4.508213690954013808e-01
1.827454909819639095e+00 4.543485200352571640e-01
1.830961923847695516e+00 4.567474807965985484e-01
1.834468937875751493e+00 4.584063191539664572e-01
1.837975951903807470e+00 4.594538344519735751e-01
1.841482965931863891e+00 4.593380652430746336e-01
1.844989979959919868e+00 4.585234898252985580e-01
1.848496993987975845e+00 4.565762442818457889e-01
1.852004008016032266e+00 4.545189055033939662e-01
1.855511022044088243e+00 4.527201334678022104e-01
1.859018036072144220e+00 4.514642003153080396e-01
1.862525050100200197e+00 4.493720403161043930e-01
1.866032064128256618e+00 4.489819416538472496e-01
1.869539078156312595e+00 4.497971524056473269e-01
1.873046092184368572e+00 4.521631541429729784e-01
1.876553106212424993e+00 4.547416250936083260e-01
1.880060120240480970e+00 4.562806448436065865e-01
1.883567134268536947e+00 4.590426358748028735e-01
1.887074148296593368e+00 4.609608558335795414e-01
1.890581162324649345e+00 4.618922757270605417e-01
1.894088176352705322e+00 4.627301095673979070e-01
1.897595190380761299e+00 4.640418644171842022e-01
1.901102204408817720e+00 4.643512722646312429e-01
1.904609218436873697e+00 4.656431404463596269e-01
1.908116232464929674e+00 4.679089757734405386e-01
1.911623246492986095e+00 4.684366466313030775e-01
1.915130260521042072e+00 4.692724188619666337e-01
1.918637274549098048e+00 4.688612988371950174e-01
1.922144288577154470e+00 4.679670308893591479e-01
1.925651302605210446e+00 4.663289275220722785e-01
1.929158316633266423e+00 4.661598385809421763e-01
1.932665330661322844e+00 4.646107551041200323e-01
1.936172344689378821e+00 4.629554788646972341e-01
1.939679358717434798e+00 4.619760360498244567e-01
1.943186372745490775e+00 4.629803396328475706e-01
1.946693386773547196e+00 4.647196258968900873e-01
1.950200400801603173e+00 4.657272600216764702e-01
1.953707414829659150e+00 4.665396732502585797e-01
1.957214428857715571e+00 4.667640705787138855e-01
1.960721442885771548e+00 4.633466554808898796e-01
1.964228456913827525e+00 4.681597298142632368e-01
1.967735470941883946e+00 4.681565769506926822e-01
1.971242484969939923e+00 4.681975320797902018e-01
1.974749498997995900e+00 4.672001005835640375e-01
1.978256513026051877e+00 4.673737775656052196e-01
1.981763527054108298e+00 4.688342630443449455e-01
1.985270541082164275e+00 4.689104263492972491e-01
1.988777555110220252e+00 4.699457063061151518e-01
1.992284569138276673e+00 4.707593330892050343e-01
1.995791583166332650e+00 4.694884340077725149e-01
1.999298597194388627e+00 4.701306444796145567e-01
2.002805611222445048e+00 4.713063353612143569e-01
2.006312625250501025e+00 4.709188154874870968e-01
2.009819639278557002e+00 4.704611901399251006e-01
2.013326653306613423e+00 4.701466784289565215e-01
2.016833667334669400e+00 4.716691354276775772e-01
2.020340681362725377e+00 4.721971639104630136e-01
2.023847695390781354e+00 4.743259559340390341e-01
2.027354709418837775e+00 4.767739874130362820e-01
2.030861723446893752e+00 4.778740788873681589e-01
2.034368737474949729e+00 4.783091580122232900e-01
2.037875751503006150e+00 4.782296142455479959e-01
2.041382765531062127e+00 4.776753402997814257e-01
2.044889779559118104e+00 4.745740205170925208e-01
2.048396793587174525e+00 4.721618732328154433e-01
2.051903807615230502e+00 4.710898006271393990e-01
2.055410821643286479e+00 4.706112196020194594e-01
2.058917835671342900e+00 4.700535523153978046e-01
2.062424849699398877e+00 4.721227809103701323e-01
2.065931863727454854e+00 4.741795723274046526e-01
2.069438877755510831e+00 4.772529198900206659e-01
2.072945891783567252e+00 4.807026178454490983e-01
2.076452905811623229e+00 4.825678810169348187e-01
2.079959919839679205e+00 4.830192671209768696e-01
2.083466933867735627e+00 4.837818342597808852e-01
2.086973947895791603e+00 4.833268215235342891e-01
2.090480961923847580e+00 4.817103168790745071e-01
2.093987975951904001e+00 4.803244374183048837e-01
2.097494989979959978e+00 4.788384789132352770e-01
2.101002004008015955e+00 4.772812267030587252e-01
2.104509018036071932e+00 4.762322634620030914e-01
2.108016032064128353e+00 4.749993743439933636e-01
2.111523046092184330e+00 4.732018266044541455e-01
2.115030060120240307e+00 4.717332906434432149e-01
2.118537074148296728e+00 4.720473520305365489e-01
2.122044088176352705e+00 4.716167251734669219e-01
2.125551102204408682e+00 4.706098238447821158e-01
2.129058116232465103e+00 4.703392523069986342e-01
2.132565130260521080e+00 4.707478313328399278e-01
2.136072144288577057e+00 4.709892914694533972e-01
2.139579158316633478e+00 4.725255119820379046e-01
2.143086172344689455e+00 4.735429034193630593e-01
2.146593186372745432e+00 4.748786322694562578e-01
2.150100200400801409e+00 4.762819424982697170e-01
2.153607214428857830e+00 4.752281864867411998e-01
2.157114228456913807e+00 4.736204227360106267e-01
2.160621242484969784e+00 4.711699128998823038e-01
2.164128256513026205e+00 4.681603536345972372e-01
2.167635270541082182e+00 4.645991506772926272e-01
2.171142284569138159e+00 4.609253833759546781e-01
2.174649298597194580e+00 4.586430355039319839e-01
2.178156312625250557e+00 4.573952621529934204e-01
2.181663326653306534e+00 4.545210763274765697e-01
2.185170340681362511e+00 4.539956837558231095e-01
2.188677354709418932e+00 4.514547144109564702e-01
2.192184368737474909e+00 4.485168019794041894e-01
2.195691382765530886e+00 4.445648448654530571e-01
2.199198396793587307e+00 4.407323456872002665e-01
2.202705410821643284e+00 4.358582838969057294e-01
2.206212424849699261e+00 4.299298260216531387e-01
2.209719438877755682e+00 4.220828507443776800e-01
2.213226452905811659e+00 4.063438234319149411e-01
2.216733466933867636e+00 3.755894951580382446e-01
2.220240480961924057e+00 3.277251218916693021e-01
2.223747494989980034e+00 2.666592137253050443e-01
2.227254509018036011e+00 2.036310074012568083e-01
2.230761523046091988e+00 1.514743044251091186e-01
2.234268537074148409e+00 1.107204561379451918e-01
2.237775551102204386e+00 7.718478419669716484e-02
2.241282565130260362e+00 5.102923979656222297e-02
2.244789579158316783e+00 3.258455156230155580e-02
2.248296593186372760e+00 2.018149875460992573e-02
2.251803607214428737e+00 1.256227247129109402e-02
2.255310621242485158e+00 7.776247677020625346e-03
2.258817635270541135e+00 4.875368666713666629e-03
2.262324649298597112e+00 3.062031584883596197e-03
2.265831663326653089e+00 1.969730968590672777e-03
2.269338677354709510e+00 1.289761987130939001e-03
2.272845691382765487e+00 8.755913442639538238e-04
2.276352705410821464e+00 6.092945738480473388e-04
2.279859719438877885e+00 4.379886901832191651e-04
2.283366733466933862e+00 3.235198123288486952e-04
2.286873747494989839e+00 2.418231526796055903e-04
2.290380761523046260e+00 1.829337827723864654e-04
2.293887775551102237e+00 1.394143570296953356e-04
2.297394789579158214e+00 1.084852160281683651e-04
2.300901803607214635e+00 8.471160849578057359e-05
2.304408817635270612e+00 6.542938871966683361e-05
2.307915831663326589e+00 5.199474038865458449e-05
2.311422845691382566e+00 4.215247584039789929e-05
2.314929859719438987e+00 3.215062808259125539e-05
2.318436873747494964e+00 2.526008945271040150e-05
2.321943887775550941e+00 2.084876529116772158e-05
2.325450901803607362e+00 1.573263988899407088e-05
2.328957915831663339e+00 1.206534353136918266e-05
2.332464929859719316e+00 9.130736067995888990e-06
2.335971943887775737e+00 7.033786893395140122e-06
2.339478957915831714e+00 5.412354043065668238e-06
2.342985971943887691e+00 4.697563098041960636e-06
2.346492985971943668e+00 4.282961488737902456e-06
2.350000000000000089e+00 4.003640296457082422e-06
