2.399999999999999911e+00 2.219182077543148390e-02
2.401811342685370665e+00 2.631815153049272757e-02
2.403622685370741419e+00 3.058233407137398233e-02
2.405434028056112172e+00 3.474833426127071911e-02
2.407245370741482926e+00 3.854500410165674629e-02
2.409056713426853680e+00 4.190071454051393085e-02
2.410868056112224433e+00 4.471205368248269002e-02
2.412679398797595187e+00 4.715001351934858254e-02
2.414490741482965941e+00 4.934077297717277821e-02
2.416302084168336695e+00 5.152334255117081013e-02
2.418113426853707448e+00 5.390992942896044582e-02
2.419924769539078202e+00 5.658228925879053156e-02
2.421736112224448956e+00 5.968640099107297425e-02
2.423547454909819709e+00 6.299468899491168783e-02
2.425358797595190463e+00 6.637174641697582422e-02
2.427170140280561217e+00 6.963421611485866303e-02
2.428981482965931971e+00 7.254675133750820848e-02
2.430792825651302724e+00 7.507885342756451252e-02
2.432604168336673034e+00 7.713433406885496224e-02
2.434415511022043788e+00 7.886032550817445586e-02
2.436226853707414541e+00 8.033117141829883290e-02
2.438038196392785295e+00 8.172336603795932186e-02
2.439849539078156049e+00 8.315279963696753374e-02
2.441660881763526803e+00 8.470498715970257997e-02
2.443472224448897556e+00 8.645610506628695346e-02
2.445283567134268310e+00 8.840953564400877429e-02
2.447094909819639064e+00 9.058120050029362658e-02
2.448906252505009817e+00 9.284508078280000187e-02
2.450717595190380571e+00 9.526604823012040091e-02
2.452528937875751325e+00 9.775230717781208112e-02
2.454340280561122078e+00 1.002408815475126919e-01
2.456151623246492832e+00 1.026602431519019060e-01
2.457962965931863586e+00 1.049359513040575148e-01
2.459774308617234340e+00 1.070304768290668840e-01
2.461585651302605093e+00 1.088720267226447047e-01
2.463396993987975847e+00 1.104865860323535065e-01
2.465208336673346601e+00 1.118721526279658901e-01
2.467019679358717354e+00 1.130647697822452641e-01
2.468831022044088108e+00 1.141095039710280090e-01
2.470642364729458862e+00 1.150321287186942681e-01
2.472453707414829616e+00 1.158676297697164292e-01
2.474265050100200369e+00 1.167699701609200141e-01
2.476076392785571123e+00 1.174898408876619421e-01
2.477887735470941877e+00 1.181830630945079202e-01
2.479699078156312630e+00 1.188789115335088659e-01
2.481510420841683384e+00 1.194524727232496725e-01
2.483321763527054138e+00 1.200395083101035987e-01
2.485133106212424892e+00 1.206380718077697117e-01
2.486944448897795645e+00 1.212377219127240557e-01
2.488755791583166399e+00 1.217725602732143281e-01
2.490567134268537153e+00 1.222725624844855502e-01
2.492378476953907906e+00 1.227115203849712399e-01
2.494189819639278660e+00 1.230944123420601721e-01
2.496001162324649414e+00 1.234159473276598834e-01
2.497812505010020168e+00 1.236813660934417969e-01
2.499623847695390477e+00 1.238895921238381409e-01
2.501435190380761231e+00 1.240600854539783415e-01
2.503246533066131985e+00 1.241908840617471088e-01
2.505057875751502738e+00 1.242917072452371097e-01
2.506869218436873492e+00 1.243719523370718782e-01
2.508680561122244246e+00 1.244424683557531081e-01
2.510491903807615000e+00 1.245183562521199744e-01
2.512303246492985753e+00 1.246111631071962489e-01
2.514114589178356507e+00 1.247292297147379464e-01
2.515925931863727261e+00 1.248754189535431491e-01
2.517737274549098014e+00 1.250642442130078247e-01
2.519548617234468768e+00 1.252935244926170477e-01
2.521359959919839522e+00 1.255794266446007001e-01
2.523171302605210276e+00 1.259145394878966595e-01
2.524982645290581029e+00 1.263093385614426356e-01
2.526793987975951783e+00 1.267536928301782329e-01
2.528605330661322537e+00 1.272590160651849989e-01
2.530416673346693290e+00 1.278166272610495036e-01
2.532228016032064044e+00 1.284443072699222588e-01
2.534039358717434798e+00 1.291144128063534402e-01
2.535850701402805552e+00 1.298324729997156757e-01
2.537662044088176305e+00 1.305842752050110078e-01
2.539473386773547059e+00 1.313697638816161140e-01
2.541284729458917813e+00 1.321694636928473221e-01
2.543096072144288566e+00 1.329860758442004964e-01
2.544907414829659320e+00 1.338149112314180600e-01
2.546718757515030074e+00 1.346521085083756952e-01
2.548530100200400828e+00 1.354929332144333975e-01
2.550341442885771581e+00 1.363333253972184855e-01
2.552152785571142335e+00 1.371758814363363277e-01
2.553964128256513089e+00 1.380083739693578337e-01
2.555775470941883842e+00 1.388297333744187567e-01
2.557586813627254596e+00 1.396345589613373905e-01
2.559398156312625350e+00 1.404244899923804690e-01
2.561209498997995659e+00 1.411976859829041087e-01
2.563020841683366413e+00 1.419569819096815622e-01
2.564832184368737167e+00 1.426992587410318702e-01
2.566643527054107921e+00 1.434281467495725215e-01
2.568454869739478674e+00 1.441445660004443963e-01
2.570266212424849428e+00 1.448930934752225841e-01
2.572077555110220182e+00 1.457105099111225821e-01
2.573888897795590935e+00 1.463995333148450095e-01
2.575700240480961689e+00 1.470865507970578190e-01
2.577511583166332443e+00 1.476913395284729646e-01
2.579322925851703197e+00 1.482999390376376070e-01
2.581134268537073950e+00 1.489848025912308138e-01
2.582945611222444704e+00 1.496823591032907519e-01
2.584756953907815458e+00 1.503890115391333382e-01
2.586568296593186211e+00 1.511005657340886432e-01
2.588379639278556965e+00 1.518159474741355430e-01
2.590190981963927719e+00 1.525329355323337133e-01
2.592002324649298473e+00 1.532524242907081780e-01
2.593813667334669226e+00 1.539776689823318945e-01
2.595625010020039980e+00 1.545226738901704366e-01
2.597436352705410734e+00 1.553203843531001105e-01
2.599247695390781487e+00 1.561375261107706136e-01
2.601059038076152241e+00 1.567139474424064927e-01
2.602870380761522995e+00 1.571521290197938625e-01
2.604681723446893749e+00 1.575787068578198835e-01
2.606493066132264502e+00 1.579898924931619209e-01
2.608304408817635256e+00 1.583877151474183398e-01
2.610115751503006010e+00 1.587695946652876167e-01
2.611927094188376763e+00 1.591363156082218067e-01
2.613738436873747517e+00 1.593798634817971127e-01
2.615549779559118271e+00 1.598090716680255485e-01
2.617361122244489025e+00 1.603479869425003257e-01
2.619172464929859778e+00 1.609318329951999749e-01
2.620983807615230532e+00 1.613907782657108270e-01
2.622795150300601286e+00 1.618467199690134806e-01
2.624606492985972039e+00 1.622980369245570764e-01
2.626417835671342793e+00 1.627471972697839553e-01
2.628229178356713547e+00 1.631942740094652622e-01
2.630040521042083856e+00 1.636444874531726157e-01
2.631851863727454610e+00 1.640972393827219711e-01
2.633663206412825364e+00 1.645556301348619355e-01
2.635474549098196118e+00 1.652132885590383293e-01
2.637285891783566871e+00 1.656919601072064652e-01
2.639097234468937625e+00 1.661819587906832596e-01
2.640908577154308379e+00 1.666827220871977544e-01
2.642719919839679132e+00 1.671968446414105192e-01
2.644531262525049886e+00 1.677224834441645163e-01
2.646342605210420640e+00 1.682616995221596634e-01
2.648153947895791394e+00 1.688093694648527543e-01
2.649965290581162147e+00 1.693675579738975756e-01
2.651776633266532901e+00 1.697155780009162174e-01
2.653587975951903655e+00 1.704265152221875468e-01
2.655399318637274408e+00 1.709409179128368039e-01
2.657210661322645162e+00 1.714546506802584469e-01
2.659022004008015916e+00 1.719671064484902812e-01
2.660833346693386670e+00 1.723166919187820167e-01
2.662644689378757423e+00 1.725710313939806395e-01
2.664456032064128177e+00 1.730477267604738356e-01
2.666267374749498931e+00 1.735141650675412484e-01
2.668078717434869684e+00 1.739922117017554115e-01
2.669890060120240438e+00 1.746359874238768428e-01
2.671701402805611192e+00 1.749700796826419991e-01
2.673512745490981946e+00 1.753871216934272115e-01
2.675324088176352699e+00 1.758679875831360429e-01
2.677135430861723453e+00 1.763525865468154874e-01
2.678946773547094207e+00 1.768287290110405197e-01
2.680758116232464960e+00 1.773019180096787328e-01
2.682569458917835714e+00 1.776499910093706502e-01
2.684380801603206468e+00 1.780151445689724110e-01
2.686192144288577222e+00 1.784990826927487784e-01
2.688003486973947975e+00 1.791036731157281126e-01
2.689814829659318285e+00 1.795437010814508183e-01
2.691626172344689039e+00 1.799601270387138352e-01
2.693437515030059792e+00 1.801700370459670963e-01
2.695248857715430546e+00 1.805984046894710260e-01
2.697060200400801300e+00 1.810368814006566573e-01
2.698871543086172053e+00 1.814883497849655303e-01
2.700682885771542807e+00 1.821535677561582911e-01
2.702494228456913561e+00 1.825688898824063267e-01
2.704305571142284315e+00 1.831964711447446881e-01
2.706116913827655068e+00 1.837268587337702874e-01
2.707928256513025822e+00 1.842583235801699693e-01
2.709739599198396576e+00 1.847913053466404276e-01
2.711550941883767329e+00 1.853202916938860856e-01
2.713362284569138083e+00 1.857643374237721856e-01
2.715173627254508837e+00 1.861402180111723370e-01
2.716984969939879591e+00 1.866429630678205220e-01
2.718796312625250344e+00 1.871371792084109975e-01
2.720607655310621098e+00 1.876082981240100866e-01
2.722418997995991852e+00 1.882671169325270677e-01
2.724230340681362605e+00 1.884834557771586372e-01
2.726041683366733359e+00 1.889117307757141317e-01
2.727853026052104113e+00 1.893276716073804544e-01
2.729664368737474867e+00 1.897348414647568593e-01
2.731475711422845620e+00 1.901406858894645613e-01
2.733287054108216374e+00 1.904781428494398410e-01
2.735098396793587128e+00 1.907130639169803688e-01
2.736909739478957881e+00 1.911015875136647113e-01
2.738721082164328635e+00 1.914928834077098130e-01
2.740532424849699389e+00 1.920029839296980012e-01
2.742343767535070143e+00 1.924990403536976924e-01
2.744155110220440896e+00 1.928681575012585747e-01
2.745966452905811650e+00 1.930956564357632077e-01
2.747777795591182404e+00 1.935238583245355581e-01
2.749589138276553157e+00 1.939686501263487295e-01
2.751400480961923911e+00 1.942286506878158070e-01
2.753211823647294665e+00 1.942245476509056601e-01
2.755023166332665419e+00 1.944650542486006661e-01
2.756834509018036172e+00 1.945367213462627365e-01
2.758645851703406926e+00 1.947792176827793376e-01
2.760457194388777680e+00 1.953109731431341700e-01
2.762268537074147989e+00 1.954658036737402238e-01
2.764079879759518743e+00 1.960492298545679080e-01
2.765891222444889497e+00 1.966323993468272469e-01
2.767702565130260250e+00 1.970091435585555328e-01
2.769513907815631004e+00 1.976396745366808538e-01
2.771325250501001758e+00 1.980335359513800964e-01
2.773136593186372512e+00 1.986694337315346726e-01
2.774947935871743265e+00 1.993202557786445117e-01
2.776759278557114019e+00 1.997473245686558763e-01
2.778570621242484773e+00 2.005451417981864437e-01
2.780381963927855526e+00 2.012280560193963064e-01
2.782193306613226280e+00 2.017616653532949000e-01
2.784004649298597034e+00 2.024388989600881539e-01
2.785815991983967788e+00 2.029163404860211684e-01
2.787627334669338541e+00 2.035359721236135178e-01
2.789438677354709295e+00 2.041879861744253510e-01
2.791250020040080049e+00 2.046028968464198849e-01
2.793061362725450802e+00 2.052509124555503828e-01
2.794872705410821556e+00 2.056682861996682599e-01
2.796684048096192310e+00 2.062480957291547845e-01
2.798495390781563064e+00 2.069553774314520922e-01
2.800306733466933817e+00 2.073810844058455172e-01
2.802118076152304571e+00 2.078252257647244250e-01
2.803929418837675325e+00 2.082496692037024422e-01
2.805740761523046078e+00 2.084085151062525509e-01
2.807552104208416832e+00 2.087981057163201259e-01
2.809363446893787586e+00 2.090825306940475858e-01
2.811174789579158340e+00 2.092888572462254237e-01
2.812986132264529093e+00 2.096450149305399968e-01
2.814797474949899847e+00 2.097915998853215336e-01
2.816608817635270601e+00 2.100785343668018224e-01
2.818420160320641354e+00 2.105116100808728796e-01
2.820231503006011664e+00 2.107261698925131932e-01
2.822042845691382418e+00 2.110171508519466665e-01
2.823854188376753171e+00 2.113105255202721577e-01
2.825665531062123925e+00 2.116072518453120388e-01
2.827476873747494679e+00 2.119084908740027640e-01
2.829288216432865433e+00 2.122155722150272372e-01
2.831099559118236186e+00 2.125110496460323461e-01
2.832910901803606940e+00 2.128002228907869275e-01
2.834722244488977694e+00 2.130988351702732542e-01
2.836533587174348447e+00 2.132727093854012990e-01
2.838344929859719201e+00 2.134750061517894926e-01
2.840156272545089955e+00 2.138450127800198552e-01
2.841967615230460709e+00 2.143956228888533322e-01
2.843778957915831462e+00 2.147539119682707609e-01
2.845590300601202216e+00 2.151235768765103473e-01
2.847401643286572970e+00 2.155060237447739002e-01
2.849212985971943723e+00 2.159005634297049558e-01
2.851024328657314477e+00 2.161861065373927027e-01
2.852835671342685231e+00 2.163910210608340767e-01
2.854647014028055985e+00 2.166056995454236078e-01
2.856458356713426738e+00 2.168283896451050075e-01
2.858269699398797492e+00 2.170586549008148014e-01
2.860081042084168246e+00 2.172790656527295861e-01
2.861892384769538999e+00 2.173732228887605977e-01
2.863703727454909753e+00 2.177106446365855152e-01
2.865515070140280507e+00 2.183010847270207555e-01
2.867326412825651261e+00 2.186489072440646331e-01
2.869137755511022014e+00 2.190000454374048389e-01
2.870949098196392768e+00 2.193734328226515928e-01
2.872760440881763522e+00 2.197676825103848097e-01
2.874571783567134275e+00 2.201595008315041235e-01
2.876383126252505029e+00 2.205487798294737400e-01
2.878194468937875783e+00 2.209322536056885222e-01
2.880005811623246537e+00 2.213083886979849979e-01
2.881817154308617290e+00 2.216695291244807353e-01
2.883628496993988044e+00 2.220186153013269659e-01
2.885439839679358798e+00 2.222352220828151814e-01
2.887251182364729551e+00 2.224028638587401407e-01
2.889062525050100305e+00 2.226971653885443936e-01
2.890873867735471059e+00 2.230132292337234090e-01
2.892685210420841369e+00 2.235245325998252430e-01
2.894496553106212122e+00 2.239172144638882644e-01
2.896307895791582876e+00 2.242001397420708975e-01
2.898119238476953630e+00 2.244541376031502500e-01
2.899930581162324383e+00 2.246773365635819641e-01
2.901741923847695137e+00 2.247401548474676491e-01
2.903553266533065891e+00 2.247642535777902295e-01
2.905364609218436645e+00 2.247576115223722526e-01
2.907175951903807398e+00 2.247194559986783746e-01
2.908987294589178152e+00 2.246513910796529845e-01
2.910798637274548906e+00 2.243602137707594590e-01
2.912609979959919659e+00 2.242305261866981980e-01
2.914421322645290413e+00 2.241318725166362436e-01
2.916232665330661167e+00 2.240143730951214274e-01
2.918044008016031921e+00 2.238823489849107728e-01
2.919855350701402674e+00 2.237406066578432051e-01
2.921666693386773428e+00 2.234754378120656082e-01
2.923478036072144182e+00 2.231987929992481634e-01
2.925289378757514935e+00 2.229249162892311398e-01
2.927100721442885689e+00 2.229101883306390253e-01
2.928912064128256443e+00 2.226555300230661505e-01
2.930723406813627196e+00 2.223819192051078308e-01
2.932534749498997950e+00 2.220742111374705285e-01
2.934346092184368704e+00 2.217897586238824215e-01
2.936157434869739458e+00 2.215299160578174387e-01
2.937968777555110211e+00 2.210419634686154877e-01
2.939780120240480965e+00 2.208306205679528844e-01
2.941591462925851719e+00 2.207053841153452933e-01
2.943402805611222472e+00 2.207228526574535332e-01
2.945214148296592782e+00 2.208238225415957157e-01
2.947025490981963536e+00 2.207957135933532322e-01
2.948836833667334290e+00 2.207975498617900656e-01
2.950648176352705043e+00 2.209299758635122624e-01
2.952459519038075797e+00 2.209394589899044137e-01
2.954270861723446551e+00 2.208874416855138301e-01
2.956082204408817304e+00 2.208521691063435044e-01
2.957893547094188058e+00 2.208319306866894094e-01
2.959704889779558812e+00 2.208208976406465240e-01
2.961516232464929566e+00 2.208151419140959026e-01
2.963327575150300319e+00 2.208112526435052347e-01
2.965138917835671073e+00 2.208095203067710899e-01
2.966950260521041827e+00 2.208023779551423760e-01
2.968761603206412580e+00 2.207923083006788911e-01
2.970572945891783334e+00 2.207820115132566041e-01
2.972384288577154088e+00 2.207845911569560615e-01
2.974195631262524842e+00 2.207744656587447563e-01
2.976006973947895595e+00 2.212702876889570958e-01
2.977818316633266349e+00 2.212420968887842954e-01
2.979629659318637103e+00 2.212065159275695414e-01
2.981441002004007856e+00 2.210271683463330417e-01
2.983252344689378610e+00 2.208076597345974834e-01
2.985063687374749364e+00 2.205812842279269437e-01
2.986875030060120118e+00 2.203524813767542279e-01
2.988686372745490871e+00 2.202790011194556974e-01
2.990497715430861625e+00 2.201580317426603262e-01
2.992309058116232379e+00 2.200684146190157731e-01
2.994120400801603132e+00 2.199847842237490358e-01
2.995931743486973886e+00 2.199101470847489581e-01
2.997743086172344640e+00 2.198439865810292437e-01
2.999554428857715394e+00 2.197917250096545483e-01
3.001365771543086147e+00 2.196315495413079244e-01
3.003177114228456901e+00 2.194803301600773693e-01
3.004988456913827655e+00 2.191954554250315212e-01
3.006799799599198408e+00 2.191325285213915064e-01
3.008611142284569162e+00 2.189214684920663123e-01
3.010422484969939916e+00 2.187192159496743615e-01
3.012233827655310670e+00 2.186955888046896168e-01
3.014045170340681423e+00 2.186765310259887463e-01
3.015856513026052177e+00 2.186562331556225203e-01
3.017667855711422931e+00 2.186328199941942885e-01
3.019479198396793684e+00 2.186030352594596216e-01
3.021290541082164438e+00 2.184601728390537512e-01
3.023101883767535192e+00 2.182593473802964534e-01
3.024913226452905946e+00 2.180388232423755013e-01
3.026724569138276255e+00 2.177953199466480527e-01
3.028535911823647009e+00 2.175255907318249249e-01
3.030347254509017763e+00 2.172837205250517101e-01
3.032158597194388516e+00 2.172511336813579830e-01
3.033969939879759270e+00 2.171898101048974350e-01
3.035781282565130024e+00 2.170982385387116298e-01
3.037592625250500777e+00 2.172360566497453793e-01
3.039403967935871531e+00 2.170865738381971555e-01
3.041215310621242285e+00 2.170451309184204536e-01
3.043026653306613039e+00 2.170457999948391947e-01
3.044837995991983792e+00 2.170247602310985957e-01
3.046649338677354546e+00 2.169876140897259442e-01
3.048460681362725300e+00 2.170411043238222870e-01
3.050272024048096053e+00 2.170876717780201304e-01
3.052083366733466807e+00 2.169147084305042827e-01
3.053894709418837561e+00 2.167441759670869772e-01
3.055706052104208315e+00 2.165810902875462129e-01
3.057517394789579068e+00 2.164280751672598979e-01
3.059328737474949822e+00 2.162909209642369934e-01
3.061140080160320576e+00 2.163931791390704129e-01
3.062951422845691329e+00 2.166494176122276127e-01
3.064762765531062083e+00 2.169298686619558492e-01
3.066574108216432837e+00 2.174973617825360361e-01
3.068385450901803591e+00 2.179253261911363038e-01
3.070196793587174344e+00 2.184121839172256108e-01
3.072008136272545098e+00 2.185875426501814878e-01
3.073819478957915852e+00 2.187797856506550620e-01
3.075630821643286161e+00 2.189797924455710032e-01
3.077442164328656915e+00 2.191778854469294269e-01
3.079253507014027669e+00 2.193671899654210389e-01
3.081064849699398422e+00 2.197053123831285981e-01
3.082876192384769176e+00 2.201312831322561614e-01
3.084687535070139930e+00 2.204871005111000704e-01
3.086498877755510684e+00 2.207667179272054248e-01
3.088310220440881437e+00 2.209191959040532893e-01
3.090121563126252191e+00 2.209460050089362415e-01
3.091932905811622945e+00 2.208598858794153241e-01
3.093744248496993698e+00 2.207690016999535598e-01
3.095555591182364452e+00 2.202593608163834205e-01
3.097366933867735206e+00 2.193975007063344862e-01
3.099178276553105960e+00 2.181414021899492905e-01
3.100989619238476713e+00 2.163993908544771250e-01
3.102800961923847467e+00 2.140733426718661458e-01
3.104612304609218221e+00 2.112797496904604277e-01
3.106423647294588974e+00 2.079042028497876671e-01
3.108234989979959728e+00 2.039873819166282964e-01
3.110046332665330482e+00 1.994409162355763598e-01
3.111857675350701236e+00 1.944051726419098736e-01
3.113669018036071989e+00 1.887319868396574452e-01
3.115480360721442743e+00 1.824946559058348572e-01
3.117291703406813497e+00 1.756837443224669171e-01
3.119103046092184250e+00 1.683893226014490652e-01
3.120914388777555004e+00 1.609116118881832036e-01
3.122725731462925758e+00 1.529985288139121269e-01
3.124537074148296512e+00 1.447721402416464465e-01
3.126348416833667265e+00 1.363588243071936768e-01
3.128159759519038019e+00 1.278420189526921213e-01
3.129971102204408773e+00 1.193260468849808298e-01
3.131782444889779526e+00 1.108458821114746418e-01
3.133593787575150280e+00 1.025480882561999457e-01
3.135405130260521034e+00 9.451401237705105152e-02
3.137216472945891788e+00 8.680457648240870461e-02
3.139027815631262541e+00 7.947574208170218868e-02
3.140839158316633295e+00 7.258203541928193170e-02
3.142650501002004049e+00 6.614534881027955837e-02
3.144461843687374802e+00 6.016510494805708820e-02
3.146273186372745556e+00 5.463537873472185113e-02
3.148084529058116310e+00 4.962246522052590064e-02
3.149895871743487064e+00 4.497298498535886452e-02
3.151707214428857817e+00 4.075011578778804655e-02
3.153518557114228571e+00 3.691144083018225303e-02
3.155329899799599325e+00 3.345267958472109004e-02
3.157141242484969634e+00 3.032216933713179075e-02
3.158952585170340388e+00 2.751569769912532576e-02
3.160763927855711142e+00 2.498104595119337787e-02
3.162575270541081895e+00 2.271454107968751829e-02
3.164386613226452649e+00 2.067001315754907545e-02
3.166197955911823403e+00 1.884793692455489361e-02
3.168009298597194157e+00 1.720380500220136666e-02
3.169820641282564910e+00 1.573792102035971585e-02
3.171631983967935664e+00 1.442458723445380099e-02
3.173443326653306418e+00 1.327006180419650072e-02
3.175254669338677171e+00 1.220747215739513211e-02
3.177066012024047925e+00 1.125899006062492345e-02
3.178877354709418679e+00 1.039676322332858463e-02
3.180688697394789433e+00 9.623048264070828070e-03
3.182500040080160186e+00 8.914853021591381821e-03
3.184311382765530940e+00 8.279087692666352305e-03
3.186122725450901694e+00 7.697131144961949847e-03
3.187934068136272447e+00 7.173425232329480074e-03
3.189745410821643201e+00 6.691776213509882491e-03
3.191556753507013955e+00 6.257753584874166906e-03
3.193368096192384709e+00 5.857382111464894993e-03
3.195179438877755462e+00 5.494645182982966711e-03
3.196990781563126216e+00 5.158841258061798440e-03
3.198802124248496970e+00 4.858185469806409161e-03
3.200613466933867723e+00 4.571404439845608986e-03
3.202424809619238477e+00 4.306807310250948366e-03
3.204236152304609231e+00 4.058924706214590492e-03
3.206047494989979540e+00 3.829727029617368238e-03
3.207858837675350294e+00 3.614581327464189402e-03
3.209670180360721048e+00 3.414648011579219950e-03
3.211481523046091802e+00 3.226369939148173056e-03
3.213292865731462555e+00 3.046524751775121862e-03
3.215104208416833309e+00 2.879592239048233727e-03
3.216915551102204063e+00 2.722462983383277732e-03
3.218726893787574816e+00 2.572121934232634091e-03
3.220538236472945570e+00 2.430080582051245136e-03
3.222349579158316324e+00 2.298232577862233637e-03
3.224160921843687078e+00 2.169444892097032503e-03
3.225972264529057831e+00 2.046253942573136777e-03
3.227783607214428585e+00 1.928871481851380165e-03
3.229594949899799339e+00 1.815853074573330235e-03
3.231406292585170092e+00 1.707039064437078108e-03
3.233217635270540846e+00 1.602102403987227348e-03
3.235028977955911600e+00 1.501732435908514776e-03
3.236840320641282354e+00 1.405814513265750670e-03
3.238651663326653107e+00 1.314110939423894422e-03
3.240463006012023861e+00 1.226345726867542930e-03
3.242274348697394615e+00 1.142682160988902663e-03
3.244085691382765368e+00 1.062915351574975293e-03
3.245897034068136122e+00 9.887822336513882836e-04
3.247708376753506876e+00 9.175464197403569331e-04
3.249519719438877630e+00 8.502152457869616153e-04
3.251331062124248383e+00 7.869472233370040275e-04
3.253142404809619137e+00 7.271759919316221708e-04
3.254953747494989891e+00 6.712443901519625890e-04
3.256765090180360644e+00 6.185138260263720912e-04
3.258576432865731398e+00 5.692023093683564426e-04
3.260387775551102152e+00 5.232254054587922925e-04
3.262199118236472906e+00 4.804008579802259500e-04
3.264010460921843659e+00 4.405204419590987301e-04
3.265821803607214413e+00 4.031759790173988084e-04
3.267633146292585167e+00 3.684817745594075366e-04
3.269444488977955920e+00 3.367622821184803228e-04
3.271255831663326674e+00 3.070684236356495313e-04
3.273067174348697428e+00 2.796992937541618982e-04
3.274878517034068182e+00 2.547780167988992323e-04
3.276689859719438935e+00 2.320592139390877540e-04
3.278501202404809689e+00 2.117060466196345127e-04
3.280312545090180443e+00 1.928767870794464599e-04
3.282123887775551196e+00 1.757330621045488726e-04
3.283935230460921950e+00 1.603194426305550057e-04
3.285746573146292704e+00 1.460182832918587861e-04
3.287557915831663014e+00 1.336482998805576335e-04
3.289369258517033767e+00 1.223640760441639631e-04
3.291180601202404521e+00 1.122814927078880570e-04
3.292991943887775275e+00 1.033430936582405222e-04
3.294803286573146028e+00 9.509449086860648508e-05
3.296614629258516782e+00 8.750710912344410067e-05
3.298425971943887536e+00 8.058879230798363406e-05
3.300237314629258290e+00 7.412066237800287198e-05
3.302048657314629043e+00 6.827500859922497594e-05
3.303859999999999797e+00 6.282456129416982783e-05
