5.999999999999999778e-01 2.538104942217020043e-13
6.035070140280560658e-01 7.987386953832269630e-13
6.070140280561121537e-01 5.410638063813288388e-15
6.105210420841683527e-01 1.655746836393316179e-13
6.140280561122244407e-01 1.417738629965295706e-13
6.175350701402805287e-01 1.647941423560489961e-13
6.210420841683366167e-01 2.534129389100748145e-13
6.245490981963928157e-01 2.658744326665811442e-15
6.280561122244489036e-01 6.765820395581325691e-15
6.315631262525049916e-01 2.889460669202248728e-14
6.350701402805610796e-01 1.706165060370238747e-14
6.385771543086171675e-01 2.780428131751377100e-13
6.420841683366733665e-01 5.359258615566737722e-14
6.455911823647294545e-01 9.652735072647685452e-14
6.490981963927855425e-01 8.296857540700678223e-15
6.526052104208416305e-01 2.691558827156925370e-13
6.561122244488977184e-01 2.294941557966856279e-13
6.596192384769539174e-01 3.882422823801862755e-12
6.631262525050100054e-01 1.376769851138652194e-12
6.666332665330660934e-01 8.685404166670134030e-15
6.701402805611221813e-01 1.107091385398980908e-12
6.736472945891783803e-01 2.028929205449227437e-12
6.771543086172344683e-01 4.560507008176587062e-13
6.806613226452905563e-01 1.275024011330007048e-14
6.841683366733466443e-01 4.131142892548703892e-12
6.876753507014028433e-01 2.554342765430495103e-12
6.911823647294589312e-01 2.844194123919994722e-12
6.946893787575150192e-01 1.149773546963458469e-11
6.981963927855711072e-01 2.200729502610980021e-12
7.017034068136271951e-01 1.278177192784544019e-12
7.052104208416833941e-01 2.078316876876629045e-12
7.087174348697394821e-01 7.353413854013608435e-12
7.122244488977955701e-01 1.158181298265365422e-11
7.157314629258516581e-01 3.598786800107846285e-11
7.192384769539077460e-01 5.354634640003825981e-11
7.227454909819639450e-01 9.485295449537241906e-12
7.262525050100200330e-01 8.685741726898477543e-12
7.297595190380761210e-01 5.993797916685083730e-12
7.332665330661322090e-01 4.658479359312630553e-12
7.367735470941882969e-01 7.010396899775418772e-12
7.402805611222444959e-01 2.235347267222007578e-12
7.437875751503005839e-01 1.802925439550980581e-11
7.472945891783566719e-01 1.374017333923652885e-10
7.508016032064128709e-01 1.062446884282442226e-11
7.543086172344688478e-01 9.592361272929437985e-11
7.578156312625250468e-01 4.539698480241329039e-11
7.613226452905811348e-01 4.432730691535180321e-12
7.648296593186372228e-01 6.247928160766250807e-13
7.683366733466934217e-01 4.687447016092464259e-13
7.718436873747495097e-01 9.042223726594311816e-13
7.753507014028055977e-01 2.644761147675589146e-13
7.788577154308616857e-01 5.455019473224551947e-13
7.823647294589177736e-01 1.276791075699210228e-12
7.858717434869739726e-01 1.158467862629431843e-13
7.893787575150300606e-01 1.297418910634894518e-11
7.928857715430861486e-01 1.079221724137469963e-11
7.963927855711422366e-01 -4.254593542903451678e-14
7.998997995991983245e-01 3.791104644204932897e-10
8.034068136272545235e-01 2.687998709564644261e-10
8.069138276553106115e-01 9.855195963959891168e-11
8.104208416833666995e-01 2.620809692410364885e-12
8.139278557114227874e-01 9.862820993668309838e-11
8.174348697394788754e-01 4.817170979555442888e-13
8.209418837675350744e-01 1.287814980383028751e-10
8.244488977955911624e-01 -5.495037034561814578e-15
8.279559118236472504e-01 5.460185076173780084e-14
8.314629258517034494e-01 1.240163790683689710e-10
8.349699398797595373e-01 5.137492144208216437e-11
8.384769539078156253e-01 8.374916334087039957e-11
8.419839679358717133e-01 1.532005986958781959e-10
8.454909819639278012e-01 1.079501496861964706e-11
8.489979959919840002e-01 6.770164137078061014e-14
8.525050100200400882e-01 7.470751470492718825e-11
8.560120240480961762e-01 4.436234284755127660e-11
8.595190380761522642e-01 1.481610692279640737e-10
8.630260521042083521e-01 1.386465422208275111e-10
8.665330661322645511e-01 2.765100104079022532e-10
8.700400801603206391e-01 9.982291097873336767e-14
8.735470941883767271e-01 9.463530772836972879e-10
8.770541082164329261e-01 2.951173700627381128e-10
8.805611222444889030e-01 1.019881199314398140e-09
8.840681362725451020e-01 5.811008783142249563e-14
8.875751503006011900e-01 1.547633573900290841e-10
8.910821643286572780e-01 5.660707274569024164e-10
8.945891783567134770e-01 3.084980093505899994e-09
8.980961923847694539e-01 5.627642561332552446e-09
9.016032064128256529e-01 1.013709193922501728e-10
9.051102204408817409e-01 9.513924214720366187e-11
9.086172344689378289e-01 1.525577147619949607e-11
9.121242484969940278e-01 2.924592150234123487e-11
9.156312625250500048e-01 7.770365148827151440e-11
9.191382765531062038e-01 1.241935549659592981e-10
9.226452905811622918e-01 2.103631295901915329e-10
9.261523046092183797e-01 1.903370870254050857e-10
9.296593186372745787e-01 1.470978188198256410e-10
9.331663326653306667e-01 4.248245514556220253e-10
9.366733466933867547e-01 5.876740978318773745e-10
9.401803607214428427e-01 1.052929084223567291e-09
9.436873747494989306e-01 1.526628254235074978e-09
9.471943887775551296e-01 1.258645893134324947e-09
9.507014028056112176e-01 5.395514116606396684e-10
9.542084168336673056e-01 1.809159615467980458e-10
9.577154308617235046e-01 5.589974761765964552e-11
9.612224448897794815e-01 4.797688378295076351e-10
9.647294589178356805e-01 9.489730599882694054e-10
9.682364729458917685e-01 1.238673232754148245e-09
9.717434869739478565e-01 1.146678019650590104e-09
9.752505010020040555e-01 1.290315908845009288e-09
9.787575150300600324e-01 1.660888184048401622e-09
9.822645290581162314e-01 4.744866905261262660e-09
9.857715430861723194e-01 4.420149899213025175e-09
9.892785571142284073e-01 1.106982384287360754e-08
9.927855711422846063e-01 1.613602943302158521e-08
9.962925851703405833e-01 4.204972955830751880e-08
9.997995991983967823e-01 6.937898686384934803e-08
1.003306613226452981e+00 1.013621269090053305e-07
1.006813627254508958e+00 2.067023437553664796e-07
1.010320641282565157e+00 2.770203636142906487e-08
1.013827655310621356e+00 3.870483718982781578e-07
1.017334669338677333e+00 6.250638799109131305e-08
1.020841683366733310e+00 2.339404201188871396e-07
1.024348697394789509e+00 2.432285266699926535e-08
1.027855711422845708e+00 3.349596639896689262e-07
1.031362725450901685e+00 4.188189280948085202e-07
1.034869739478957884e+00 5.014710651428195638e-08
1.038376753507014083e+00 1.496227517715647328e-07
1.041883767535070060e+00 3.026561685945026284e-07
1.045390781563126259e+00 1.922255978054410793e-08
1.048897795591182458e+00 1.417647388470212493e-07
1.052404809619238435e+00 2.012749347109045414e-07
1.055911823647294634e+00 5.625231083917672918e-08
1.059418837675350611e+00 5.384945401782639115e-08
1.062925851703406810e+00 2.347253722217159614e-07
1.066432865731462787e+00 7.742834865677595555e-08
1.069939879759518986e+00 1.710648726534158160e-07
1.073446893787575185e+00 1.751492662517501175e-07
1.076953907815631162e+00 5.141350459011733962e-08
1.080460921843687361e+00 9.006754784587045485e-08
1.083967935871743560e+00 1.155177576892971164e-07
1.087474949899799537e+00 1.570499465837008953e-07
1.090981963927855736e+00 6.438633098671880257e-08
1.094488977955911935e+00 8.988435770142684281e-08
1.097995991983967912e+00 2.062424579283906387e-07
1.101503006012023889e+00 4.335029160471055143e-07
1.105010020040080310e+00 2.256796721084259822e-07
1.108517034068136287e+00 1.490960221665241637e-07
1.112024048096192264e+00 6.863190946497037477e-08
1.115531062124248463e+00 1.413533412471686888e-07
1.119038076152304662e+00 2.715929668916463558e-07
1.122545090180360638e+00 1.334152349850307964e-07
1.126052104208416837e+00 1.650037709084289914e-07
1.129559118236473036e+00 2.521188762972814688e-07
1.133066132264529013e+00 9.155812234825955258e-08
1.136573146292584990e+00 9.819145922961503435e-08
1.140080160320641411e+00 1.664820550260754683e-07
1.143587174348697388e+00 2.055952453171645233e-07
1.147094188376753365e+00 1.381575001750868965e-07
1.150601202404809564e+00 1.875948806283407877e-07
1.154108216432865763e+00 6.241049477502513420e-08
1.157615230460921740e+00 7.891330498553006459e-08
1.161122244488977939e+00 2.512851165192658593e-07
1.164629258517034138e+00 9.606311227508609987e-08
1.168136272545090115e+00 1.212761041691290673e-07
1.171643286573146314e+00 2.300392199027292676e-07
1.175150300601202513e+00 1.208377535837787771e-07
1.178657314629258490e+00 1.391516132551503318e-07
1.182164328657314467e+00 4.006771318934967085e-07
1.185671342685370888e+00 1.234578580340448818e-07
1.189178356713426865e+00 2.111313968238538578e-07
1.192685370741482842e+00 1.305577694963573659e-11
1.196192384769539041e+00 1.672242852098112428e-07
1.199699398797595240e+00 2.071942844722829333e-07
1.203206412825651217e+00 1.628435128862385576e-07
1.206713426853707416e+00 1.132849926869890455e-07
1.210220440881763615e+00 1.080413870978808861e-07
1.213727454909819592e+00 1.879222757739013917e-07
1.217234468937875569e+00 2.443837170681406827e-07
1.220741482965931990e+00 1.147347728533326702e-07
1.224248496993987967e+00 1.248240866449705651e-07
1.227755511022043944e+00 3.592832495661120931e-07
1.231262525050100143e+00 3.553522521468889917e-07
1.234769539078156342e+00 9.611543143514102059e-08
1.238276553106212319e+00 3.898624767258144924e-07
1.241783567134268518e+00 2.713104188412164710e-07
1.245290581162324717e+00 4.239132011025049164e-07
1.248797595190380694e+00 1.616664825885045567e-07
1.252304609218436893e+00 2.466631596660557133e-07
1.255811623246493092e+00 2.710270639522822958e-07
1.259318637274549069e+00 3.039898801806284781e-08
1.262825651302605046e+00 2.694333508958261482e-07
1.266332665330661467e+00 3.515483916257659000e-07
1.269839679358717444e+00 6.894220676051901341e-07
1.273346693386773421e+00 8.401932077076380004e-08
1.276853707414829620e+00 2.055089764713810181e-07
1.280360721442885819e+00 2.747907693147211510e-07
1.283867735470941795e+00 4.636443888956281509e-07
1.287374749498997994e+00 1.565349072250585850e-07
1.290881763527054193e+00 1.835367791430792735e-07
1.294388777555110170e+00 3.260557679741854503e-07
1.297895791583166369e+00 1.589965022897584016e-07
1.301402805611222568e+00 4.623360250778455336e-08
1.304909819639278545e+00 1.728717872142074154e-07
1.308416833667334522e+00 2.583149043849515828e-07
1.311923847695390721e+00 1.879138285414143898e-07
1.315430861723446920e+00 5.525820197203844558e-08
1.318937875751502897e+00 2.572934197595619833e-07
1.322444889779559096e+00 1.359772372190942966e-07
1.325951903807615295e+00 3.528821333950170201e-07
1.329458917835671272e+00 2.029641163155665060e-07
1.332965931863727471e+00 2.818083438283577549e-07
1.336472945891783670e+00 1.369011828719962932e-07
1.339979959919839647e+00 1.447640372387709252e-07
1.343486973947895624e+00 4.634558790017425342e-07
1.346993987975952045e+00 1.732874092928445518e-07
1.350501002004008022e+00 3.632211972332521681e-07
1.354008016032063999e+00 1.812174788775817340e-07
1.357515030060120198e+00 3.471629805202771269e-07
1.361022044088176397e+00 6.096597440549950358e-07
1.364529058116232374e+00 5.259205979545956317e-07
1.368036072144288573e+00 5.130989301969484399e-07
1.371543086172344772e+00 4.702039729566102353e-08
1.375050100200400749e+00 6.178869987690629278e-07
1.378557114228456948e+00 5.353117266733068683e-07
1.382064128256513147e+00 5.908196966229924166e-07
1.385571142284569124e+00 5.442462297371770079e-07
1.389078156312625101e+00 3.523013093573556121e-07
1.392585170340681300e+00 5.675446389096436123e-07
1.396092184368737499e+00 5.449654186054817996e-07
1.399599198396793476e+00 1.753274389658309522e-07
1.403106212424849675e+00 3.884565060962163819e-07
1.406613226452905874e+00 8.034426874920377923e-07
1.410120240480961851e+00 8.520319091985417468e-07
1.413627254509018050e+00 4.625195845758733634e-07
1.417134268537074249e+00 3.603966216700069749e-07
1.420641282565130226e+00 6.101429755086904290e-07
1.424148296593186203e+00 1.735572877091018432e-07
1.427655310621242624e+00 5.324359223718971730e-07
1.431162324649298601e+00 9.413472484254747789e-07
1.434669338677354578e+00 3.287627864205890568e-07
1.438176352705410777e+00 6.605915579239525895e-07
1.441683366733466976e+00 5.500885887470518625e-07
1.445190380761522952e+00 1.842463527133296971e-07
1.448697394789579151e+00 5.543747596072712308e-07
1.452204408817635350e+00 2.630266279079465146e-07
1.455711422845691327e+00 2.933462338330994239e-07
1.459218436873747526e+00 1.117811811840934079e-07
1.462725450901803725e+00 3.292028342334430941e-07
1.466232464929859702e+00 1.558170104001400399e-07
1.469739478957915679e+00 3.149822025187407374e-07
1.473246492985971878e+00 9.105439083526427266e-07
1.476753507014028077e+00 6.964716894852876496e-07
1.480260521042084054e+00 1.779808240103149629e-07
1.483767535070140253e+00 4.940051084180222508e-07
1.487274549098196452e+00 1.075410338337800261e-06
1.490781563126252429e+00 7.356763001236626867e-07
1.494288577154308628e+00 7.771133849764579886e-07
1.497795591182364827e+00 6.266455158357694202e-07
1.501302605210420804e+00 6.874254630480687111e-07
1.504809619238476781e+00 5.069245590762362572e-07
1.508316633266533202e+00 6.127940425563640306e-07
1.511823647294589179e+00 2.691689927487298144e-07
1.515330661322645156e+00 4.475780602671590540e-07
1.518837675350701355e+00 4.211104170788168599e-07
1.522344689378757554e+00 6.394339789220602470e-07
1.525851703406813531e+00 6.668547133941759563e-07
1.529358717434869730e+00 1.305399183709511355e-06
1.532865731462925929e+00 4.906226237012056583e-07
1.536372745490981906e+00 4.974187738159060871e-07
1.539879759519038105e+00 2.145023066591233687e-07
1.543386773547094304e+00 1.899538047364673555e-06
1.546893787575150281e+00 1.061983472709454606e-06
1.550400801603206258e+00 2.819687221083962349e-07
1.553907815631262679e+00 1.686266700095554175e-07
1.557414829659318656e+00 9.060931428600230428e-08
1.560921843687374633e+00 1.051804665998714012e-06
1.564428857715430832e+00 1.346721617216369009e-08
1.567935871743487031e+00 3.207252306015323544e-07
1.571442885771543008e+00 9.520032542582749567e-07
1.574949899799599207e+00 8.238981177719482520e-07
1.578456913827655406e+00 5.943096448966552194e-07
1.581963927855711383e+00 1.265147904795553345e-06
1.585470941883767360e+00 3.038744894805022684e-07
1.588977955911823781e+00 1.464237863650404537e-06
1.592484969939879758e+00 2.312687630137482894e-06
1.595991983967935735e+00 6.462150126784063108e-06
1.599498997995991934e+00 1.364521937978036925e-05
1.603006012024048133e+00 2.630840186995902201e-05
1.606513026052104109e+00 5.568501417754092935e-05
1.610020040080160530e+00 1.534420534235027354e-04
1.613527054108216507e+00 6.496261069083510316e-04
1.617034068136272484e+00 3.966781413471188664e-03
1.620541082164328461e+00 1.270643276640915330e-02
1.624048096192384882e+00 1.946217460516101727e-02
1.627555110220440859e+00 3.405209747665811915e-02
1.631062124248496836e+00 6.448801961069476618e-02
1.634569138276553257e+00 1.624065065370269290e-01
1.638076152304609234e+00 3.446923665218559751e-01
1.641583166332665211e+00 4.030019800101718452e-01
1.645090180360721632e+00 4.107848814560862150e-01
1.648597194388777609e+00 3.944328848988375436e-01
1.652104208416833586e+00 2.741555457278793684e-01
1.655611222444889563e+00 1.213532488931311215e-01
1.659118236472945984e+00 5.739910855820385543e-02
1.662625250501001961e+00 3.256640396792559455e-02
1.666132264529057938e+00 2.188355545018578693e-02
1.669639278557114359e+00 9.449704325680517020e-03
1.673146292585170336e+00 2.057513804365477400e-03
1.676653306613226313e+00 3.836770556562671582e-04
1.680160320641282734e+00 1.193336697910282138e-04
1.683667334669338711e+00 5.146921374208150002e-05
1.687174348697394688e+00 2.338610475950530981e-05
1.690681362725451109e+00 8.890658123677184298e-06
1.694188376753507086e+00 5.277838755426200483e-06
1.697695390781563063e+00 9.901154784675887451e-07
1.701202404809619040e+00 1.436388541204821634e-06
1.704709418837675461e+00 3.071666511027007565e-06
1.708216432865731438e+00 1.120544891418000391e-06
1.711723446893787415e+00 1.327002733107010568e-06
1.715230460921843836e+00 1.346825008226349062e-06
1.718737474949899813e+00 2.006024095975403111e-06
1.722244488977955790e+00 1.113683144347430337e-06
1.725751503006012211e+00 9.351383229487938402e-07
1.729258517034068188e+00 1.444951428176894702e-06
1.732765531062124165e+00 1.361515577121733538e-06
1.736272545090180142e+00 8.396978738292504387e-07
1.739779559118236563e+00 5.616852185693596785e-07
1.743286573146292540e+00 1.111890927152498025e-06
1.746793587174348517e+00 1.764262842286073185e-06
1.750300601202404938e+00 1.292694101546884510e-06
1.753807615230460915e+00 1.183899533598465524e-06
1.757314629258516891e+00 1.849266111269429338e-06
1.760821643286573313e+00 9.469086352798382702e-07
1.764328657314629289e+00 7.626226991535188776e-07
1.767835671342685266e+00 2.933753421472600012e-06
1.771342685370741687e+00 1.878158349978797046e-06
1.774849699398797664e+00 5.223647843650227241e-07
1.778356713426853641e+00 9.290390578931177138e-07
1.781863727454909618e+00 1.695908626428897240e-07
1.785370741482966039e+00 1.623479474319908331e-06
1.788877755511022016e+00 4.167925479971959969e-07
1.792384769539077993e+00 2.723230819007067372e-08
1.795891783567134414e+00 2.391176623214086393e-06
1.799398797595190391e+00 6.406289955879123276e-07
1.802905811623246368e+00 2.616760511831445941e-06
1.806412825651302789e+00 8.617321411519837159e-07
1.809919839679358766e+00 2.123236666808958051e-06
1.813426853707414743e+00 1.078918749287873985e-06
1.816933867735470720e+00 1.572714431419186374e-06
1.820440881763527141e+00 1.311207661880881005e-06
1.823947895791583118e+00 2.110063785263589614e-06
1.827454909819639095e+00 7.201128951872931042e-06
1.830961923847695516e+00 1.646381592814883554e-06
1.834468937875751493e+00 6.834204369324947678e-07
1.837975951903807470e+00 1.336220972932642636e-06
1.841482965931863891e+00 4.585742971033685770e-06
1.844989979959919868e+00 3.783655817928138159e-07
1.848496993987975845e+00 1.201053633814068405e-06
1.852004008016032266e+00 2.951453891121863221e-06
1.855511022044088243e+00 3.117752635952945687e-07
1.859018036072144220e+00 3.352927598386754042e-06
1.862525050100200197e+00 3.461343697748732882e-06
1.866032064128256618e+00 9.069075992089626955e-07
1.869539078156312595e+00 8.880304274450852731e-07
1.873046092184368572e+00 1.317500847038049660e-06
1.876553106212424993e+00 4.338767382568991331e-06
1.880060120240480970e+00 2.325767054321797512e-06
1.883567134268536947e+00 2.734871202734781809e-06
1.887074148296593368e+00 2.809616833104207639e-06
1.890581162324649345e+00 5.184420573183182368e-07
1.894088176352705322e+00 4.461803274105129933e-07
1.897595190380761299e+00 1.433455492329388275e-06
1.901102204408817720e+00 2.211158308592516552e-06
1.904609218436873697e+00 1.036291411770529150e-06
1.908116232464929674e+00 2.495891024456193046e-06
1.911623246492986095e+00 7.118234284264952485e-07
1.915130260521042072e+00 1.809149490160527487e-06
1.918637274549098048e+00 4.161311883829177902e-07
1.922144288577154470e+00 2.368414665695381649e-06
1.925651302605210446e+00 8.893786482128333926e-07
1.929158316633266423e+00 1.483293553250945224e-06
1.932665330661322844e+00 1.286728359033531452e-06
1.936172344689378821e+00 1.966144765963265537e-06
1.939679358717434798e+00 2.451323539551387197e-06
1.943186372745490775e+00 9.401182388856303239e-07
1.946693386773547196e+00 5.140520456763776003e-07
1.950200400801603173e+00 6.941019621710655812e-07
1.953707414829659150e+00 1.610521444052782377e-06
1.957214428857715571e+00 3.673107661282900301e-06
1.960721442885771548e+00 1.226948661213396476e-06
1.964228456913827525e+00 1.166007036951322229e-06
1.967735470941883946e+00 1.414249265542142202e-06
1.971242484969939923e+00 1.733032135053396074e-06
1.974749498997995900e+00 3.717330295675991015e-06
1.978256513026051877e+00 1.482087883737560876e-06
1.981763527054108298e+00 1.374717936762246214e-06
1.985270541082164275e+00 1.998935464220169209e-06
1.988777555110220252e+00 3.566878022026550035e-06
1.992284569138276673e+00 5.733600537232212156e-07
1.995791583166332650e+00 8.731134262310926651e-07
1.999298597194388627e+00 2.035239567310868791e-06
2.002805611222445048e+00 3.349077192523321202e-06
2.006312625250501025e+00 1.977006639363582464e-06
2.009819639278557002e+00 1.497338978399883392e-06
2.013326653306613423e+00 3.035257677815521283e-06
2.016833667334669400e+00 5.824355962737087865e-06
2.020340681362725377e+00 5.157080069952635667e-06
2.023847695390781354e+00 3.427400703763902283e-06
2.027354709418837775e+00 3.439548527970600882e-06
2.030861723446893752e+00 5.231255847364913469e-06
2.034368737474949729e+00 2.863277423195232329e-06
2.037875751503006150e+00 1.791546019341716050e-06
2.041382765531062127e+00 2.029053943111322242e-06
2.044889779559118104e+00 2.617363795131872212e-06
2.048396793587174525e+00 4.652397342112760536e-07
2.051903807615230502e+00 1.981693526705477686e-06
2.055410821643286479e+00 1.519111409251598833e-06
2.058917835671342900e+00 1.867806121621982228e-06
2.062424849699398877e+00 3.523013863415182811e-07
2.065931863727454854e+00 1.300083149035628132e-06
2.069438877755510831e+00 1.690692972999513795e-06
2.072945891783567252e+00 2.081347974230986780e-06
2.076452905811623229e+00 1.581307199179741841e-06
2.079959919839679205e+00 3.670084200785728608e-06
2.083466933867735627e+00 6.885213336113214260e-06
2.086973947895791603e+00 5.924688873262689458e-06
2.090480961923847580e+00 1.572337029134182227e-06
2.093987975951904001e+00 2.463378668601316430e-06
2.097494989979959978e+00 7.548767954469345668e-07
2.101002004008015955e+00 1.347677114379621342e-06
2.104509018036071932e+00 3.569808526678704751e-07
2.108016032064128353e+00 2.647950755683131307e-06
2.111523046092184330e+00 1.773149134939531011e-06
2.115030060120240307e+00 1.745477610508904749e-06
2.118537074148296728e+00 2.042560166056029126e-07
2.122044088176352705e+00 3.304553813237372667e-06
2.125551102204408682e+00 3.074819000963779578e-06
2.129058116232465103e+00 5.197661975289514208e-06
2.132565130260521080e+00 1.734248330005733604e-06
2.136072144288577057e+00 2.029370392068439586e-06
2.139579158316633478e+00 3.287358695857968408e-06
2.143086172344689455e+00 1.419721793311073594e-06
2.146593186372745432e+00 1.852370523459791666e-06
2.150100200400801409e+00 3.119972700196558500e-06
2.153607214428857830e+00 1.138973522520514563e-06
2.157114228456913807e+00 5.039478048810429456e-07
2.160621242484969784e+00 4.624501278961147047e-06
2.164128256513026205e+00 2.379804995824998738e-06
2.167635270541082182e+00 3.246082028741428014e-06
2.171142284569138159e+00 4.762030169264045114e-07
2.174649298597194580e+00 1.530217960371645141e-06
2.178156312625250557e+00 4.049853977958614177e-07
2.181663326653306534e+00 2.219192095330607638e-06
2.185170340681362511e+00 2.026953678367445146e-06
2.188677354709418932e+00 1.940108166620698164e-06
2.192184368737474909e+00 1.133757431246175204e-06
2.195691382765530886e+00 1.613213958646777936e-06
2.199198396793587307e+00 2.865494308191944047e-06
2.202705410821643284e+00 1.185196964883225074e-06
2.206212424849699261e+00 2.281819204567679898e-06
2.209719438877755682e+00 3.968957401287108151e-06
2.213226452905811659e+00 5.266316897204638155e-07
2.216733466933867636e+00 2.417151212654707729e-06
2.220240480961924057e+00 1.662705164930316692e-06
2.223747494989980034e+00 4.313937340081569095e-06
2.227254509018036011e+00 8.735684031693484986e-07
2.230761523046091988e+00 1.088469071240488082e-06
2.234268537074148409e+00 1.030595404641308319e-06
2.237775551102204386e+00 5.852100401908527881e-06
2.241282565130260362e+00 8.993165130308683440e-06
2.244789579158316783e+00 2.626798172355283446e-06
2.248296593186372760e+00 2.468204548714019466e-06
2.251803607214428737e+00 2.478486398963703335e-06
2.255310621242485158e+00 1.243277431207176549e-05
2.258817635270541135e+00 3.880843299066019248e-06
2.262324649298597112e+00 9.964557884050004980e-06
2.265831663326653089e+00 6.020979849932760829e-06
2.269338677354709510e+00 1.222229536067151201e-06
2.272845691382765487e+00 3.827115551181160378e-06
2.276352705410821464e+00 3.638950641332680455e-06
2.279859719438877885e+00 5.870102611727529486e-06
2.283366733466933862e+00 3.051749068523865791e-06
2.286873747494989839e+00 1.410153939166909489e-06
2.290380761523046260e+00 1.716526249328740506e-06
2.293887775551102237e+00 1.820068471846134276e-06
2.297394789579158214e+00 7.188248796086231801e-07
2.300901803607214635e+00 3.202667668660422571e-06
2.304408817635270612e+00 2.772689023489171093e-06
2.307915831663326589e+00 1.621012276578139458e-06
2.311422845691382566e+00 2.314232289653121624e-06
2.314929859719438987e+00 1.216225858680339287e-06
2.318436873747494964e+00 1.481551021502409360e-06
2.321943887775550941e+00 4.267430380582236988e-07
2.325450901803607362e+00 2.047807145143961810e-07
2.328957915831663339e+00 3.932595685832024967e-07
2.332464929859719316e+00 2.184933469687525157e-07
2.335971943887775737e+00 1.831357944527828120e-07
2.339478957915831714e+00 1.639988714586926338e-07
2.342985971943887691e+00 1.988323408147560214e-07
2.346492985971943668e+00 3.601571109450271573e-07
2.350000000000000089e+00 4.613905267049458502e-07
