6.021499999999999631e-01 3.690853919473490824e-05
6.025548296593186137e-01 8.534670072991263159e-05
6.029596593186372644e-01 1.344516448036715069e-04
6.033644889779559151e-01 2.573825142547659511e-04
6.037693186372745657e-01 4.472668728365240690e-04
6.041741482965931054e-01 6.624973754916248367e-04
6.045789779559117560e-01 1.243171178152975608e-03
6.049838076152304067e-01 1.831844420599993209e-03
6.053886372745490574e-01 2.818203347093264314e-03
6.057934669338677081e-01 4.091113533725517296e-03
6.061982965931863587e-01 5.474237709071183566e-03
6.066031262525050094e-01 7.574904106756371464e-03
6.070079559118236601e-01 9.703666525190701372e-03
6.074127855711421997e-01 1.225932132378941726e-02
6.078176152304608504e-01 1.506378364251404617e-02
6.082224448897795011e-01 1.792654624694428947e-02
6.086272745490981517e-01 2.094873969790069651e-02
6.090321042084168024e-01 2.400435638339863328e-02
6.094369338677354531e-01 2.686446413999988778e-02
6.098417635270541037e-01 2.966842239897673345e-02
6.102465931863727544e-01 3.234869365521959861e-02
6.106514228456912941e-01 3.458812849038022524e-02
6.110562525050099447e-01 3.685919373273192218e-02
6.114610821643285954e-01 3.867648060564818357e-02
6.118659118236472461e-01 4.037422403163222484e-02
6.122707414829658967e-01 4.191785299051321856e-02
6.126755711422845474e-01 4.311405451063572009e-02
6.130804008016031981e-01 4.432509276321548730e-02
6.134852304609218487e-01 4.533599435420745255e-02
6.138900601202404994e-01 4.630737480124452049e-02
6.142948897795590391e-01 4.721380747011297979e-02
6.146997194388776897e-01 4.803111509711722321e-02
6.151045490981963404e-01 4.886103460589837078e-02
6.155093787575149911e-01 4.973550599513758275e-02
6.159142084168336417e-01 5.061313732429006257e-02
6.163190380761522924e-01 5.154865969122748165e-02
6.167238677354709431e-01 5.253065425915089126e-02
6.171286973947895937e-01 5.352677419607902720e-02
6.175335270541081334e-01 5.454114573688122192e-02
6.179383567134267841e-01 5.556563894393484748e-02
6.183431863727454347e-01 5.660706955167139898e-02
6.187480160320640854e-01 5.764138130882814209e-02
6.191528456913827361e-01 5.868049453217619865e-02
6.195576753507013867e-01 5.962775865811890258e-02
6.199625050100200374e-01 6.058026957750879682e-02
6.203673346693386881e-01 6.141712981836147667e-02
6.207721643286572277e-01 6.218840118259520017e-02
6.211769939879758784e-01 6.295079380227015797e-02
6.215818236472945291e-01 6.360887093695047345e-02
6.219866533066131797e-01 6.427645885867608322e-02
6.223914829659318304e-01 6.484675980484812252e-02
6.227963126252504811e-01 6.535717373911135997e-02
6.232011422845691317e-01 6.590514905432479087e-02
6.236059719438877824e-01 6.641564851125458802e-02
6.240108016032064331e-01 6.693137320124985246e-02
6.244156312625249727e-01 6.741236905310987737e-02
6.248204609218436234e-01 6.786894496517470454e-02
6.252252905811622741e-01 6.829962645156995027e-02
6.256301202404809247e-01 6.867112728126521792e-02
6.260349498997995754e-01 6.904683103242140185e-02
6.264397795591182261e-01 6.938124962012948149e-02
6.268446092184368768e-01 6.970335865202319237e-02
6.272494388777555274e-01 7.001556743360942692e-02
6.276542685370740671e-01 7.029586290129255510e-02
6.280590981963927177e-01 7.057457633728200785e-02
6.284639278557113684e-01 7.078940901787367235e-02
6.288687575150300191e-01 7.100102793166090942e-02
6.292735871743486697e-01 7.122072956770446328e-02
6.296784168336673204e-01 7.141583790483241323e-02
6.300832464929859711e-01 7.161631628583195464e-02
6.304880761523046218e-01 7.180717719484080996e-02
6.308929058116231614e-01 7.197906271823503732e-02
6.312977354709418121e-01 7.214182248469411252e-02
6.317025651302604627e-01 7.233514194464815694e-02
6.321073947895791134e-01 7.253462086470958969e-02
6.325122244488977641e-01 7.293725434392046847e-02
6.329170541082164148e-01 7.337060592171017193e-02
6.333218837675350654e-01 7.389148303214397584e-02
6.337267134268537161e-01 7.453135184621835496e-02
6.341315430861722557e-01 7.516136089555384980e-02
6.345363727454909064e-01 7.587687943979677663e-02
6.349412024048095571e-01 7.660710286867347674e-02
6.353460320641282078e-01 7.739478077297366754e-02
6.357508617234468584e-01 7.820871132091897215e-02
6.361556913827655091e-01 7.900969226063955797e-02
6.365605210420841598e-01 7.973037431076671067e-02
6.369653507014028104e-01 8.046159464596296107e-02
6.373701803607214611e-01 8.113213233311503125e-02
6.377750100200400007e-01 8.175099854333874039e-02
6.381798396793586514e-01 8.239436819110078358e-02
6.385846693386773021e-01 8.300344440066260987e-02
6.389894989979959528e-01 8.361972361194357217e-02
6.393943286573146034e-01 8.417237534076191241e-02
6.397991583166332541e-01 8.471828038785142456e-02
6.402039879759519048e-01 8.528687352213878969e-02
6.406088176352705554e-01 8.590071749474563478e-02
6.410136472945890951e-01 8.652348748136633183e-02
6.414184769539077458e-01 8.715026604471115546e-02
6.418233066132263964e-01 8.779533190438147672e-02
6.422281362725450471e-01 8.840326832808063917e-02
6.426329659318636978e-01 8.897423701571040289e-02
6.430377955911823484e-01 8.955846043710101456e-02
6.434426252505009991e-01 9.010075658165128676e-02
6.438474549098196498e-01 9.063850656892073754e-02
6.442522845691383004e-01 9.115325285581674097e-02
6.446571142284568401e-01 9.161127725538412148e-02
6.450619438877754908e-01 9.208079022222664944e-02
6.454667735470941414e-01 9.252027286833194863e-02
6.458716032064127921e-01 9.294133374823866645e-02
6.462764328657314428e-01 9.338169319208473873e-02
6.466812625250500934e-01 9.384538198160942424e-02
6.470860921843687441e-01 9.430485377898957522e-02
6.474909218436873948e-01 9.484100920764908238e-02
6.478957515030059344e-01 9.539157145457885512e-02
6.483005811623245851e-01 9.593718968838703398e-02
6.487054108216432358e-01 9.651598409732776995e-02
6.491102404809618864e-01 9.712413268380382103e-02
6.495150701402805371e-01 9.783895515720668346e-02
6.499198997995991878e-01 9.858478608667961551e-02
6.503247294589178384e-01 9.922922438487702390e-02
6.507295591182364891e-01 9.982502732925048472e-02
6.511343887775550288e-01 1.004093752838748077e-01
6.515392184368736794e-01 1.009204746907088612e-01
6.519440480961923301e-01 1.014045245080917312e-01
6.523488777555109808e-01 1.018779664451856665e-01
6.527537074148296314e-01 1.023050000957969746e-01
6.531585370741482821e-01 1.027373621243473784e-01
6.535633667334669328e-01 1.030917258522814350e-01
6.539681963927855834e-01 1.034628629208552836e-01
6.543730260521041231e-01 1.037338024416449428e-01
6.547778557114227738e-01 1.039998825281645278e-01
6.551826853707414244e-01 1.043005179950337313e-01
6.555875150300600751e-01 1.046109574561467220e-01
6.559923446893787258e-01 1.049255857222265859e-01
6.563971743486973764e-01 1.051700271943335208e-01
6.568020040080160271e-01 1.054027290261498884e-01
6.572068336673346778e-01 1.056324004604886485e-01
6.576116633266533285e-01 1.058969265105595275e-01
6.580164929859718681e-01 1.061522198633283592e-01
6.584213226452905188e-01 1.064864350685994776e-01
6.588261523046091694e-01 1.068534077709302615e-01
6.592309819639278201e-01 1.072800607609932233e-01
6.596358116232464708e-01 1.078244742840457349e-01
6.600406412825651215e-01 1.083610670410361798e-01
6.604454709418837721e-01 1.088889626491803542e-01
6.608503006012024228e-01 1.094363254490972881e-01
6.612551302605209624e-01 1.100497500665531814e-01
6.616599599198396131e-01 1.107800290874163957e-01
6.620647895791582638e-01 1.115015978667016905e-01
6.624696192384769144e-01 1.123320552098914515e-01
6.628744488977955651e-01 1.132068012231247089e-01
6.632792785571142158e-01 1.141250527076162063e-01
6.636841082164328665e-01 1.151133236073246940e-01
6.640889378757515171e-01 1.161048752915002091e-01
6.644937675350701678e-01 1.170248489344935944e-01
6.648985971943887074e-01 1.179572141929459139e-01
6.653034268537073581e-01 1.188442657311699624e-01
6.657082565130260088e-01 1.196534719948254555e-01
6.661130861723446595e-01 1.204438613460761948e-01
6.665179158316633101e-01 1.209711122150031043e-01
6.669227454909819608e-01 1.214955894373022094e-01
6.673275751503006115e-01 1.219577235822433686e-01
6.677324048096191511e-01 1.223275078397769444e-01
6.681372344689378018e-01 1.227209226001609588e-01
6.685420641282564524e-01 1.230499254572669787e-01
6.689468937875751031e-01 1.233747101035218563e-01
6.693517234468937538e-01 1.236349599410135613e-01
6.697565531062124045e-01 1.238665310748631870e-01
6.701613827655310551e-01 1.240828446922520034e-01
6.705662124248497058e-01 1.242532709329264712e-01
6.709710420841683565e-01 1.244294791939742906e-01
6.713758717434870071e-01 1.245974818992531957e-01
6.717807014028055468e-01 1.247444566056874343e-01
6.721855310621241975e-01 1.249362587990057727e-01
6.725903607214428481e-01 1.252145010504184530e-01
6.729951903807614988e-01 1.254663079931152558e-01
6.734000200400801495e-01 1.256546482339107040e-01
6.738048496993988001e-01 1.258683319968741388e-01
6.742096793587174508e-01 1.260503383802849264e-01
6.746145090180359905e-01 1.262415604779305311e-01
6.750193386773546411e-01 1.264380214113226542e-01
6.754241683366732918e-01 1.267523770770984937e-01
6.758289979959919425e-01 1.270901948921793201e-01
6.762338276553105931e-01 1.274995346855639922e-01
6.766386573146292438e-01 1.280091577335764064e-01
6.770434869739478945e-01 1.284860662680403776e-01
6.774483166332665451e-01 1.289501139747856462e-01
6.778531462925851958e-01 1.294387909117016289e-01
6.782579759519037355e-01 1.300155992167908447e-01
6.786628056112223861e-01 1.307162515960428872e-01
6.790676352705410368e-01 1.314232758614289065e-01
6.794724649298596875e-01 1.322890231190597954e-01
6.798772945891783381e-01 1.331661831654544215e-01
6.802821242484969888e-01 1.339977772307390513e-01
6.806869539078156395e-01 1.348266512259649608e-01
6.810917835671342901e-01 1.356499006287704978e-01
6.814966132264528298e-01 1.363317464494732956e-01
6.819014428857714805e-01 1.370181260802833256e-01
6.823062725450901311e-01 1.375924986686025697e-01
6.827111022044087818e-01 1.380478293482200192e-01
6.831159318637274325e-01 1.385400901680912122e-01
6.835207615230460831e-01 1.391149077156288438e-01
6.839255911823647338e-01 1.396406824941389402e-01
6.843304208416833845e-01 1.401065176734719309e-01
6.847352505010020352e-01 1.405396251811736053e-01
6.851400801603205748e-01 1.409901309977822648e-01
6.855449098196392255e-01 1.414843822786378824e-01
6.859497394789578761e-01 1.419846624647600752e-01
6.863545691382765268e-01 1.424084955799060082e-01
6.867593987975951775e-01 1.428186080506163302e-01
6.871642284569138281e-01 1.432442683147903406e-01
6.875690581162324788e-01 1.437434889264386784e-01
6.879738877755510185e-01 1.442024333338290387e-01
6.883787174348696691e-01 1.447851142599949625e-01
6.887835470941883198e-01 1.453883217908034375e-01
6.891883767535069705e-01 1.459742231900050258e-01
6.895932064128256211e-01 1.464796565828884733e-01
6.899980360721442718e-01 1.469679387030098650e-01
6.904028657314629225e-01 1.472837537558958076e-01
6.908076953907815732e-01 1.474958202318725209e-01
6.912125250501002238e-01 1.475998906966357049e-01
6.916173547094188745e-01 1.473935526726457002e-01
6.920221843687374141e-01 1.472010255618267371e-01
6.924270140280560648e-01 1.467839891361178706e-01
6.928318436873747155e-01 1.462000462409931145e-01
6.932366733466933661e-01 1.456256750452536719e-01
6.936415030060120168e-01 1.448719571318409782e-01
6.940463326653306675e-01 1.440727387302962736e-01
6.944511623246493182e-01 1.431899139139145294e-01
6.948559919839678578e-01 1.422687655469886403e-01
6.952608216432865085e-01 1.414423095155571686e-01
6.956656513026051591e-01 1.407815466885715683e-01
6.960704809619238098e-01 1.401170590693855689e-01
6.964753106212424605e-01 1.398022952505553473e-01
6.968801402805611112e-01 1.395804277884511724e-01
6.972849699398797618e-01 1.395157928263804359e-01
6.976897995991984125e-01 1.397897658103300356e-01
6.980946292585170632e-01 1.400735423239675148e-01
6.984994589178356028e-01 1.407710690413828958e-01
6.989042885771542535e-01 1.415393923882481697e-01
6.993091182364729042e-01 1.423906476891159956e-01
6.997139478957915548e-01 1.434362225116220801e-01
7.001187775551102055e-01 1.445153627372873784e-01
7.005236072144288562e-01 1.457501099812103518e-01
7.009284368737475068e-01 1.469914221911661489e-01
7.013332665330661575e-01 1.479709194025027041e-01
7.017380961923846971e-01 1.488253866905732692e-01
7.021429258517033478e-01 1.497394642469374315e-01
7.025477555110219985e-01 1.505020317543209196e-01
7.029525851703406492e-01 1.512618615802857891e-01
7.033574148296592998e-01 1.519568655344037955e-01
7.037622444889779505e-01 1.524677826636864630e-01
7.041670741482966012e-01 1.528881938699508669e-01
7.045719038076152518e-01 1.530251710924446507e-01
7.049767334669339025e-01 1.531630200536185094e-01
7.053815631262524422e-01 1.533953973431246842e-01
7.057863927855710928e-01 1.535818249601055840e-01
7.061912224448897435e-01 1.536875979171097029e-01
7.065960521042083942e-01 1.537584429138958153e-01
7.070008817635270448e-01 1.538365949828866819e-01
7.074057114228456955e-01 1.540580322750648712e-01
7.078105410821643462e-01 1.543185669715892161e-01
7.082153707414828858e-01 1.546181240291500392e-01
7.086202004008015365e-01 1.549832037816241681e-01
7.090250300601201872e-01 1.553403514245954298e-01
7.094298597194388378e-01 1.553741345456710887e-01
7.098346893787574885e-01 1.553428710885647879e-01
7.102395190380761392e-01 1.553291790345170953e-01
7.106443486973947898e-01 1.551019785821159958e-01
7.110491783567134405e-01 1.548495238527922147e-01
7.114540080160320912e-01 1.543164560801447149e-01
7.118588376753507418e-01 1.536186976731675480e-01
7.122636673346692815e-01 1.529341625247100100e-01
7.126684969939879322e-01 1.521813970127982307e-01
7.130733266533065828e-01 1.514183953678493733e-01
7.134781563126252335e-01 1.507502835893839988e-01
7.138829859719438842e-01 1.501475253761068440e-01
7.142878156312625348e-01 1.497026926183766538e-01
7.146926452905811855e-01 1.494915771927128878e-01
7.150974749498997252e-01 1.492440317151401408e-01
7.155023046092183758e-01 1.491379997052897921e-01
7.159071342685370265e-01 1.490190096065824588e-01
7.163119639278556772e-01 1.489619455718509955e-01
7.167167935871743278e-01 1.488730422637328799e-01
7.171216232464929785e-01 1.488025875578165846e-01
7.175264529058116292e-01 1.485284826978276185e-01
7.179312825651302798e-01 1.482171822551041351e-01
7.183361122244489305e-01 1.477357014141237601e-01
7.187409418837674702e-01 1.470897429369738829e-01
7.191457715430861208e-01 1.464500189741387570e-01
7.195506012024047715e-01 1.456649266089406480e-01
7.199554308617234222e-01 1.448817756232579357e-01
7.203602605210420728e-01 1.441639405395803708e-01
7.207650901803607235e-01 1.435336629743221015e-01
7.211699198396793742e-01 1.429249720630192400e-01
7.215747494989980249e-01 1.429242928609522623e-01
7.219795791583165645e-01 1.429172012186766538e-01
7.223844088176352152e-01 1.433399743732546583e-01
7.227892384769538658e-01 1.440852444291491341e-01
7.231940681362725165e-01 1.448919602384007299e-01
7.235988977955911672e-01 1.461781237912269937e-01
7.240037274549098179e-01 1.474693487107829604e-01
7.244085571142284685e-01 1.489974672536466815e-01
7.248133867735471192e-01 1.505496637302432827e-01
7.252182164328657699e-01 1.520977613922778748e-01
7.256230460921843095e-01 1.536126376283496464e-01
7.260278757515029602e-01 1.551193613363010537e-01
7.264327054108216108e-01 1.564040606215211238e-01
7.268375350701402615e-01 1.575949050190502687e-01
7.272423647294589122e-01 1.586398729187613876e-01
7.276471943887775629e-01 1.593513442739561969e-01
7.280520240480962135e-01 1.600701898535756562e-01
7.284568537074147532e-01 1.605944872104160537e-01
7.288616833667334038e-01 1.610300962037088113e-01
7.292665130260520545e-01 1.613827775903227679e-01
7.296713426853707052e-01 1.615549300176603587e-01
7.300761723446893559e-01 1.617173580022592538e-01
7.304810020040080065e-01 1.614541966772411186e-01
7.308858316633266572e-01 1.610792005601714427e-01
7.312906613226453079e-01 1.607532350753401451e-01
7.316954909819639585e-01 1.602842028113443951e-01
7.321003206412826092e-01 1.597953566036481032e-01
7.325051503006011488e-01 1.591411230589712122e-01
7.329099799599197995e-01 1.584640908370670009e-01
7.333148096192384502e-01 1.576585353599199713e-01
7.337196392785571009e-01 1.567203443280768826e-01
7.341244689378757515e-01 1.558180805293826465e-01
7.345292985971944022e-01 1.549558858807086603e-01
7.349341282565129418e-01 1.540311126164210509e-01
7.353389579158315925e-01 1.531759793726301944e-01
7.357437875751502432e-01 1.523921376897169333e-01
7.361486172344688939e-01 1.515926195870602455e-01
7.365534468937875445e-01 1.510374143760647159e-01
7.369582765531061952e-01 1.504278059241412335e-01
7.373631062124248459e-01 1.500284161402075933e-01
7.377679358717434965e-01 1.497548909050498700e-01
7.381727655310621472e-01 1.495214201812425092e-01
7.385775951903807979e-01 1.495516113197291608e-01
7.389824248496994485e-01 1.496040935307673125e-01
7.393872545090179882e-01 1.496078338730239543e-01
7.397920841683366389e-01 1.496532676740178480e-01
7.401969138276552895e-01 1.497409808396278907e-01
7.406017434869739402e-01 1.498568840253613754e-01
7.410065731462925909e-01 1.499629169653706184e-01
7.414114028056112415e-01 1.500056415924162778e-01
7.418162324649297812e-01 1.500478931081903056e-01
7.422210621242484319e-01 1.500986684091301926e-01
7.426258917835670825e-01 1.502934242968761158e-01
7.430307214428857332e-01 1.505229914411968517e-01
7.434355511022043839e-01 1.510180770914922865e-01
7.438403807615230345e-01 1.515670402826098107e-01
7.442452104208416852e-01 1.522247738602578726e-01
7.446500400801603359e-01 1.531181104872175736e-01
7.450548697394789865e-01 1.539530922382212341e-01
7.454596993987976372e-01 1.548064050097118505e-01
7.458645290581161769e-01 1.556989167819937403e-01
7.462693587174348275e-01 1.566599563529291472e-01
7.466741883767534782e-01 1.576336165551900925e-01
7.470790180360721289e-01 1.585820368377225953e-01
7.474838476953907795e-01 1.592893098557286446e-01
7.478886773547094302e-01 1.599180269588428849e-01
7.482935070140280809e-01 1.605339193730994929e-01
7.486983366733466205e-01 1.610393005249846354e-01
7.491031663326652712e-01 1.615262001431416738e-01
7.495079959919839219e-01 1.617272094082368439e-01
7.499128256513025725e-01 1.619269063026829714e-01
7.503176553106212232e-01 1.620181262918952148e-01
7.507224849699398739e-01 1.620138258664859943e-01
7.511273146292585245e-01 1.620359152047058937e-01
7.515321442885771752e-01 1.619027510947027848e-01
7.519369739478958259e-01 1.618088434051307700e-01
7.523418036072144766e-01 1.613462032050637929e-01
7.527466332665330162e-01 1.607123772845421850e-01
7.531514629258516669e-01 1.601486611971432161e-01
7.535562925851703175e-01 1.592938060753203988e-01
7.539611222444889682e-01 1.584451477071734116e-01
7.543659519038076189e-01 1.573650138083999839e-01
7.547707815631262696e-01 1.561524801329915169e-01
7.551756112224448092e-01 1.549295454551072038e-01
7.555804408817634599e-01 1.536410171306934747e-01
7.559852705410821105e-01 1.523994059020231939e-01
7.563901002004007612e-01 1.512122109112067347e-01
7.567949298597194119e-01 1.501782907554535806e-01
7.571997595190380625e-01 1.492481538452872514e-01
7.576045891783567132e-01 1.487052867769365350e-01
7.580094188376753639e-01 1.481457483891951976e-01
7.584142484969940146e-01 1.476295551138588902e-01
7.588190781563126652e-01 1.473245731187885210e-01
7.592239078156313159e-01 1.470764063829405333e-01
7.596287374749498555e-01 1.470307856355571319e-01
7.600335671342685062e-01 1.470221864086872221e-01
7.604383967935871569e-01 1.471560316694865700e-01
7.608432264529058076e-01 1.473283249349492119e-01
7.612480561122244582e-01 1.474529783009153883e-01
7.616528857715431089e-01 1.476209489195743907e-01
7.620577154308616485e-01 1.478271367406927550e-01
7.624625450901802992e-01 1.482955733857969083e-01
7.628673747494989499e-01 1.488748785043512435e-01
7.632722044088176006e-01 1.494961848143873395e-01
7.636770340681362512e-01 1.502927589653020590e-01
7.640818637274549019e-01 1.510593306106245703e-01
7.644866933867735526e-01 1.521210651547075243e-01
7.648915230460922032e-01 1.533386912228435206e-01
7.652963527054108539e-01 1.545191437210940155e-01
7.657011823647295046e-01 1.557395353001324034e-01
7.661060120240480442e-01 1.569814304462452403e-01
7.665108416833666949e-01 1.580327550687923577e-01
7.669156713426853456e-01 1.591030052603731315e-01
7.673205010020039962e-01 1.598824545601185976e-01
7.677253306613226469e-01 1.603227254062782048e-01
7.681301603206412976e-01 1.607538224391821258e-01
7.685349899799599482e-01 1.607250213911627923e-01
7.689398196392784879e-01 1.607253463640807845e-01
7.693446492985971386e-01 1.605342991620601900e-01
7.697494789579157892e-01 1.601594447920535458e-01
7.701543086172344399e-01 1.597573014314144224e-01
7.705591382765530906e-01 1.590670869768541218e-01
7.709639679358717412e-01 1.583668366939414707e-01
7.713687975951903919e-01 1.577197962707788670e-01
7.717736272545090426e-01 1.570710618462272945e-01
7.721784569138276932e-01 1.563509982992224434e-01
7.725832865731463439e-01 1.553615095611294017e-01
7.729881162324648836e-01 1.543440978451393331e-01
7.733929458917835342e-01 1.532936826282465803e-01
7.737977755511021849e-01 1.521248832664006123e-01
7.742026052104208356e-01 1.509228362409086588e-01
7.746074348697394862e-01 1.495227232658289107e-01
7.750122645290581369e-01 1.480662920470486865e-01
7.754170941883766766e-01 1.464643779363629938e-01
7.758219238476953272e-01 1.448047126628703718e-01
7.762267535070139779e-01 1.430386791204062147e-01
7.766315831663326286e-01 1.407116615010841343e-01
7.770364128256512792e-01 1.383879861276155199e-01
7.774412424849699299e-01 1.351353771815185512e-01
7.778460721442885806e-01 1.315757213808529669e-01
7.782509018036072312e-01 1.277061011096092547e-01
7.786557314629258819e-01 1.227512772112149542e-01
7.790605611222445326e-01 1.177773886512296919e-01
7.794653907815631833e-01 1.118796389263493340e-01
7.798702204408817229e-01 1.056236655017483983e-01
7.802750501002003736e-01 9.917711917701596547e-02
7.806798797595190242e-01 9.226676868227834394e-02
7.810847094188376749e-01 8.535133906518736768e-02
7.814895390781563256e-01 7.834568297683358606e-02
7.818943687374749762e-01 7.137381148425735178e-02
7.822991983967935159e-01 6.459789186525172200e-02
7.827040280561121666e-01 5.812394658204611542e-02
7.831088577154308172e-01 5.163136646407478353e-02
7.835136873747494679e-01 4.601011786462867736e-02
7.839185170340681186e-01 4.044646456582291077e-02
7.843233466933867692e-01 3.538424823224214227e-02
7.847281763527054199e-01 3.093823294999191800e-02
7.851330060120240706e-01 2.648060573735074724e-02
7.855378356713427213e-01 2.306568951214175295e-02
7.859426653306613719e-01 1.967705353759742481e-02
7.863474949899799116e-01 1.677547289120366603e-02
7.867523246492985622e-01 1.436923555242954065e-02
7.871571543086172129e-01 1.196933034427366885e-02
7.875619839679358636e-01 1.034138832138743053e-02
7.879668136272545143e-01 8.713646225791895836e-03
7.883716432865731649e-01 7.395353704922055099e-03
7.887764729458918156e-01 6.338496424913605924e-03
7.891813026052103552e-01 5.310605927169925397e-03
7.895861322645290059e-01 4.638653867670437629e-03
7.899909619238476566e-01 3.966321755670725729e-03
7.903957915831663072e-01 3.430008969536006615e-03
7.908006212424849579e-01 2.982974433499251034e-03
7.912054509018036086e-01 2.555404990901611901e-03
7.916102805611222593e-01 2.258439862284285313e-03
7.920151102204409099e-01 1.961779968138020139e-03
7.924199398797595606e-01 1.718021167573848158e-03
7.928247695390782113e-01 1.500110151897423704e-03
7.932295991983967509e-01 1.295976115783466264e-03
7.936344288577154016e-01 1.145882374170251834e-03
7.940392585170340523e-01 9.958237131900426770e-04
7.944440881763527029e-01 8.798330480787038910e-04
7.948489178356713536e-01 7.761956011710071041e-04
7.952537474949900043e-01 6.794056906403342063e-04
7.956585771543085439e-01 6.051400322261827648e-04
7.960634068136271946e-01 5.307662333544984918e-04
7.964682364729458453e-01 4.727518654675404489e-04
7.968730661322644959e-01 4.189490893886420536e-04
7.972778957915831466e-01 3.698537612570952410e-04
7.976827254509017973e-01 3.306525081154602073e-04
7.980875551102204479e-01 2.912190253426932265e-04
7.984923847695390986e-01 2.611103766747423401e-04
7.988972144288577493e-01 2.325014515090370018e-04
7.993020440881763999e-01 2.068119568309359578e-04
7.997068737474950506e-01 1.862709109266734648e-04
8.001117034068135903e-01 1.657062936040996394e-04
8.005165330661322409e-01 1.495982420575737190e-04
8.009213627254508916e-01 1.339775342268780889e-04
8.013261923847695423e-01 1.200158506535889050e-04
8.017310220440881929e-01 1.082535232938802147e-04
8.021358517034068436e-01 9.649933585082260171e-05
8.025406813627253833e-01 8.767050167182355498e-05
8.029455110220440339e-01 7.893483256248294468e-05
8.033503406813626846e-01 7.127923180838290670e-05
8.037551703406813353e-01 6.472264377870923712e-05
8.041599999999999859e-01 5.822126063007668098e-05
