1.834189999999999987e+00 1.012320848666007354e-04
1.834350340681362823e+00 1.056849985618216225e-04
1.834510681362725437e+00 1.102146195130619157e-04
1.834671022044088273e+00 1.147328001148850441e-04
1.834831362725450887e+00 1.192504053153297999e-04
1.834991703406813723e+00 1.237674350756748918e-04
1.835152044088176337e+00 1.283028099881759027e-04
1.835312384769539173e+00 1.340240327122206305e-04
1.835472725450901788e+00 1.402508536619586070e-04
1.835633066132264624e+00 1.464731147073214596e-04
1.835793406813627238e+00 1.526948162983838805e-04
1.835953747494990074e+00 1.589170778187929778e-04
1.836114088176352688e+00 1.651417078137947685e-04
1.836274428857715524e+00 1.719972024514638642e-04
1.836434769539078138e+00 1.795791928336488118e-04
1.836595110220440974e+00 1.871616183056503649e-04
1.836755450901803588e+00 1.947445775487635926e-04
1.836915791583166424e+00 2.023283865724831627e-04
1.837076132264529038e+00 2.099093452013996229e-04
1.837236472945891874e+00 2.186043533532058358e-04
1.837396813627254488e+00 2.310890995971984858e-04
1.837557154308617324e+00 2.435753011475753264e-04
1.837717494989979938e+00 2.560639404614232606e-04
1.837877835671342774e+00 2.685533355521940377e-04
1.838038176352705388e+00 2.810418085686489337e-04
1.838198517034068225e+00 2.935252805249343290e-04
1.838358857715430839e+00 3.129121186100009867e-04
1.838519198396793675e+00 3.323610498514084676e-04
1.838679539078156289e+00 3.518069412288091658e-04
1.838839879759519125e+00 3.712526331618936585e-04
1.839000220440881739e+00 3.906981254899054463e-04
1.839160561122244575e+00 4.101433360072028215e-04
1.839320901803607189e+00 4.387455435217303234e-04
1.839481242484970025e+00 4.703296612880647422e-04
1.839641583166332639e+00 5.019256814244077479e-04
1.839801923847695475e+00 5.335246292250457210e-04
1.839962264529058089e+00 5.651249852875509481e-04
1.840122605210420925e+00 5.967188244663207235e-04
1.840282945891783539e+00 6.386647390015536864e-04
1.840443286573146375e+00 6.902604724966831043e-04
1.840603627254508989e+00 7.418705922576185417e-04
1.840763967935871825e+00 7.934912743989930121e-04
1.840924308617234439e+00 8.451154516496931380e-04
1.841084649298597276e+00 8.967427202888694163e-04
1.841244989979959890e+00 9.587522657176126249e-04
1.841405330661322726e+00 1.047338139904500183e-03
1.841565671342685340e+00 1.135933730752461792e-03
1.841726012024048176e+00 1.224541785633701755e-03
1.841886352705410790e+00 1.313157161444582222e-03
1.842046693386773626e+00 1.401778411371477906e-03
1.842207034068136240e+00 1.493023186280177271e-03
1.842367374749499076e+00 1.640970679948765536e-03
1.842527715430861690e+00 1.788931200605910904e-03
1.842688056112224526e+00 1.936912796087817898e-03
1.842848396793587140e+00 2.084907339311761407e-03
1.843008737474949976e+00 2.232912699230049820e-03
1.843169078156312590e+00 2.380891291548785545e-03
1.843329418837675426e+00 2.594419587840081885e-03
1.843489759519038040e+00 2.823588709469469857e-03
1.843650100200400876e+00 3.052603509654996244e-03
1.843810440881763490e+00 3.281593160348392300e-03
1.843970781563126327e+00 3.510568157335020815e-03
1.844131122244488941e+00 3.739653994168608882e-03
1.844291462925851777e+00 4.032877938160307936e-03
1.844451803607214391e+00 4.374325094240896425e-03
1.844612144288577227e+00 4.715708210022528761e-03
1.844772484969939841e+00 5.057054973380885506e-03
1.844932825651302677e+00 5.398393378792439717e-03
1.845093166332665291e+00 5.739769310106452270e-03
1.845253507014028127e+00 6.124521653060584735e-03
1.845413847695390741e+00 6.595699289686911618e-03
1.845574188376753577e+00 7.066944722109126317e-03
1.845734529058116191e+00 7.538282643295200411e-03
1.845894869739479027e+00 8.009641125351421587e-03
1.846055210420841641e+00 8.481043806419247960e-03
1.846215551102204477e+00 8.961550991616218376e-03
1.846375891783567091e+00 9.525907705396892064e-03
1.846536232464929927e+00 1.009031257956269009e-02
1.846696573146292542e+00 1.065480494524836431e-02
1.846856913827655378e+00 1.121933819301939618e-02
1.847017254509017992e+00 1.178391708051707530e-02
1.847177595190380828e+00 1.234857864268006956e-02
1.847337935871743442e+00 1.292709857925927394e-02
1.847498276553106278e+00 1.350790282253910152e-02
1.847658617234468892e+00 1.408860510967335430e-02
1.847818957915831728e+00 1.466933989654480366e-02
1.847979298597194342e+00 1.525010872918120854e-02
1.848139639278557178e+00 1.583353106878777894e-02
1.848299979959919792e+00 1.642112129346114113e-02
1.848460320641282628e+00 1.701110214953275440e-02
1.848620661322645242e+00 1.760097457373824281e-02
1.848781002004008078e+00 1.819095545182706358e-02
1.848941342685370692e+00 1.878116100426460711e-02
1.849101683366733528e+00 1.936928599693838252e-02
1.849262024048096142e+00 1.994776838632712768e-02
1.849422364729458979e+00 2.051302426579017582e-02
1.849582705410821593e+00 2.107838209041942509e-02
1.849743046092184429e+00 2.164384357135356457e-02
1.849903386773547043e+00 2.220931950048865566e-02
1.850063727454909879e+00 2.277443440058749685e-02
1.850224068136272493e+00 2.334859356041191214e-02
1.850384408817635329e+00 2.397712369345621555e-02
1.850544749498997943e+00 2.460551946694017333e-02
1.850705090180360779e+00 2.523361384971965771e-02
1.850865430861723393e+00 2.586165411079015958e-02
1.851025771543086229e+00 2.648982129616492612e-02
1.851186112224448843e+00 2.711891076113189664e-02
1.851346452905811679e+00 2.775638633832196167e-02
1.851506793587174293e+00 2.839468754035586601e-02
1.851667134268537129e+00 2.903377594428995304e-02
1.851827474949899743e+00 2.967289981235840535e-02
1.851987815631262579e+00 3.031205914393252099e-02
1.852148156312625193e+00 3.095110763498754025e-02
1.852308496993988030e+00 3.161732554121919614e-02
1.852468837675350644e+00 3.229653016148452405e-02
1.852629178356713480e+00 3.297550923376307841e-02
1.852789519038076094e+00 3.365444540733019546e-02
1.852949859719438930e+00 3.433339923668883575e-02
1.853110200400801544e+00 3.501223808619211703e-02
1.853270541082164380e+00 3.564332263604252232e-02
1.853430881763526994e+00 3.621376181064629024e-02
1.853591222444889830e+00 3.678421649272513305e-02
1.853751563126252444e+00 3.735468529239236585e-02
1.853911903807615280e+00 3.792516301635755899e-02
1.854072244488977894e+00 3.849868325649605239e-02
1.854232585170340730e+00 3.917924253495922576e-02
1.854392925851703344e+00 4.026392084932415433e-02
1.854553266533066180e+00 4.134853566594462460e-02
1.854713607214428794e+00 4.243257730245487275e-02
1.854873947895791630e+00 4.351694006938561926e-02
1.855034288577154244e+00 4.460009523410590759e-02
1.855194629258517081e+00 4.567774238538337833e-02
1.855354969939879695e+00 4.683300124036354067e-02
1.855515310621242531e+00 4.799078699252897623e-02
1.855675651302605145e+00 4.914744728874723828e-02
1.855835991983967981e+00 5.030402495962771336e-02
1.855996332665330595e+00 5.146052000573003021e-02
1.856156673346693431e+00 5.261812624838813762e-02
1.856317014028056045e+00 5.408555207276777993e-02
1.856477354709418881e+00 5.566747993544401280e-02
1.856637695390781495e+00 5.724933565934769986e-02
1.856798036072144331e+00 5.883114462084240021e-02
1.856958376753506945e+00 6.041291205045854623e-02
1.857118717434869781e+00 6.199566990924999799e-02
1.857279058116232395e+00 6.369700307126835437e-02
1.857439398797595231e+00 6.551973992660041490e-02
1.857599739478957845e+00 6.734224606259069101e-02
1.857760080160320681e+00 6.916460670475006733e-02
1.857920420841683296e+00 7.098697838296426366e-02
1.858080761523046132e+00 7.280928015736259917e-02
1.858241102204408746e+00 7.482578691296945528e-02
1.858401442885771582e+00 7.740500836196771706e-02
1.858561783567134196e+00 7.998461339089515953e-02
1.858722124248497032e+00 8.256487174386245576e-02
1.858882464929859646e+00 8.514519778454085475e-02
1.859042805611222482e+00 8.772516442962637051e-02
1.859203146292585096e+00 9.031668805607209749e-02
1.859363486973947932e+00 9.353386524761451992e-02
1.859523827655310546e+00 9.675074651341636356e-02
1.859684168336673382e+00 9.996602031973381153e-02
1.859844509018035996e+00 1.031811435475560174e-01
1.860004849699398832e+00 1.063960821949966745e-01
1.860165190380761446e+00 1.096097415902076294e-01
1.860325531062124282e+00 1.138662150310381094e-01
1.860485871743486896e+00 1.184111027951664646e-01
1.860646212424849733e+00 1.229531077949547468e-01
1.860806553106212347e+00 1.274943554066896301e-01
1.860966893787575183e+00 1.320350851330849007e-01
1.861127234468937797e+00 1.365767725952416467e-01
1.861287575150300633e+00 1.417398176955285138e-01
1.861447915831663247e+00 1.474180589418322973e-01
1.861608256513026083e+00 1.530943288003372982e-01
1.861768597194388697e+00 1.587692584657899031e-01
1.861928937875751533e+00 1.644435330226559633e-01
1.862089278557114147e+00 1.701214357157304347e-01
1.862249619238476983e+00 1.762410576386453098e-01
1.862409959919839597e+00 1.833377458226275458e-01
1.862570300601202433e+00 1.904341738645833337e-01
1.862730641282565047e+00 1.975303081606929467e-01
1.862890981963927883e+00 2.046262514545603428e-01
1.863051322645290497e+00 2.117238749106630513e-01
1.863211663326653333e+00 2.189573305015451721e-01
1.863372004008015947e+00 2.278634435085477861e-01
1.863532344689378784e+00 2.367674725519202938e-01
1.863692685370741398e+00 2.456619881748103029e-01
1.863853026052104234e+00 2.545558852980301379e-01
1.864013366733466848e+00 2.634496553683374764e-01
1.864173707414829684e+00 2.723484261471854628e-01
1.864334048096192298e+00 2.806825223560677207e-01
1.864494388777555134e+00 2.889059455157352296e-01
1.864654729458917748e+00 2.971264943401117908e-01
1.864815070140280584e+00 3.053465920215581164e-01
1.864975410821643198e+00 3.135663327090849051e-01
1.865135751503006034e+00 3.217744653125650389e-01
1.865296092184368648e+00 3.296025819124367984e-01
1.865456432865731484e+00 3.371779823364610129e-01
1.865616773547094098e+00 3.447569366652483702e-01
1.865777114228456934e+00 3.523368529114008774e-01
1.865937454909819548e+00 3.599160854043769175e-01
1.866097795591182384e+00 3.674886592443142863e-01
1.866258136272544998e+00 3.742994018179408022e-01
1.866418476953907835e+00 3.797801938332659999e-01
1.866578817635270449e+00 3.852617092980956670e-01
1.866739158316633285e+00 3.907440655891352144e-01
1.866899498997995899e+00 3.962257209708642813e-01
1.867059839679358735e+00 4.017208177322559859e-01
1.867220180360721349e+00 4.069782284848525444e-01
1.867380521042084185e+00 4.104250570891424532e-01
1.867540861723446799e+00 4.138614279902328441e-01
1.867701202404809635e+00 4.172663859824840005e-01
1.867861543086172249e+00 4.206708606186016497e-01
1.868021883767535085e+00 4.240781784654227282e-01
1.868182224448897699e+00 4.275062830670967040e-01
1.868342565130260535e+00 4.293664665227878152e-01
1.868502905811623149e+00 4.310314510257072795e-01
1.868663246492985985e+00 4.326815491205996400e-01
1.868823587174348599e+00 4.343314872581706121e-01
1.868983927855711435e+00 4.359812654435321067e-01
1.869144268537074050e+00 4.376568491040143671e-01
1.869304609218436886e+00 4.389331415315017582e-01
1.869464949899799500e+00 4.399954695056013665e-01
1.869625290581162336e+00 4.410421289318195437e-01
1.869785631262524950e+00 4.420843468297249723e-01
1.869945971943887786e+00 4.431265062789583320e-01
1.870106312625250400e+00 4.441648437735481458e-01
1.870266653306613236e+00 4.448914604672574158e-01
1.870426993987975850e+00 4.451832293176011257e-01
1.870587334669338686e+00 4.454753769519329554e-01
1.870747675350701300e+00 4.457678379222234644e-01
1.870908016032064136e+00 4.460602751071741645e-01
1.871068356713426750e+00 4.463529135801937442e-01
1.871228697394789586e+00 4.465912010162121915e-01
1.871389038076152200e+00 4.465793907289522524e-01
1.871549378757515036e+00 4.465639661927082726e-01
1.871709719438877650e+00 4.465404202893379915e-01
1.871870060120240487e+00 4.465168746460776994e-01
1.872030400801603101e+00 4.464958711864207563e-01
1.872190741482965937e+00 4.464857324983037556e-01
1.872351082164328551e+00 4.465150930674488539e-01
1.872511422845691387e+00 4.465479584965881821e-01
1.872671763527054001e+00 4.465951723079560343e-01
1.872832104208416837e+00 4.466423855894643968e-01
1.872992444889779451e+00 4.466895983409253645e-01
1.873152785571142287e+00 4.468270178082489053e-01
1.873313126252504901e+00 4.467932174479306573e-01
1.873473466933867737e+00 4.466861253653477415e-01
1.873633807615230351e+00 4.465368035864278884e-01
1.873794148296593187e+00 4.463790670437511321e-01
1.873954488977955801e+00 4.462212753769084772e-01
1.874114829659318637e+00 4.460320658438835517e-01
1.874275170340681251e+00 4.458458199648870357e-01
1.874435511022044087e+00 4.456770033237794637e-01
1.874595851703406701e+00 4.455193495110284507e-01
1.874756192384769538e+00 4.453691938547451046e-01
1.874916533066132152e+00 4.452190224956762421e-01
1.875076873747494988e+00 4.450550554827140126e-01
1.875237214428857602e+00 4.448185688436434582e-01
1.875397555110220438e+00 4.443919829908973274e-01
1.875557895791583052e+00 4.439629624202968139e-01
1.875718236472945888e+00 4.435296286354414308e-01
1.875878577154308502e+00 4.430963259029499501e-01
1.876038917835671338e+00 4.426637041114029336e-01
1.876199258517033952e+00 4.422331378208512742e-01
1.876359599198396788e+00 4.415854346548377940e-01
1.876519939879759402e+00 4.409387074709433807e-01
1.876680280561122238e+00 4.403052242370329439e-01
1.876840621242484852e+00 4.396717364227137326e-01
1.877000961923847688e+00 4.390381557160175641e-01
1.877161302605210302e+00 4.383899597025575079e-01
1.877321643286573138e+00 4.372677782635731591e-01
1.877481983967935752e+00 4.359951216368673776e-01
1.877642324649298589e+00 4.347370465027481368e-01
1.877802665330661203e+00 4.334807938236704961e-01
1.877963006012024039e+00 4.322245220974978985e-01
1.878123346693386653e+00 4.309435083453585502e-01
1.878283687374749489e+00 4.293373871451129364e-01
1.878444028056112103e+00 4.274407273919679229e-01
1.878604368737474939e+00 4.255573131991068903e-01
1.878764709418837553e+00 4.236809739599191604e-01
1.878925050100200389e+00 4.218047102010158422e-01
1.879085390781563003e+00 4.199373034239914371e-01
1.879245731462925839e+00 4.176537105649918979e-01
1.879406072144288453e+00 4.143093526232689561e-01
1.879566412825651289e+00 4.109627713461155851e-01
1.879726753507013903e+00 4.076131570455830966e-01
1.879887094188376739e+00 4.042634972984318620e-01
1.880047434869739353e+00 4.009138770488616665e-01
1.880207775551102189e+00 3.974922719338859212e-01
1.880368116232464804e+00 3.926644533403139126e-01
1.880528456913827640e+00 3.878360815844066889e-01
1.880688797595190254e+00 3.830054486806195868e-01
1.880849138276553090e+00 3.781748109610402198e-01
1.881009478957915704e+00 3.733441641421803570e-01
1.881169819639278540e+00 3.685134453197003168e-01
1.881330160320641154e+00 3.623165411075794373e-01
1.881490501002003990e+00 3.558034864955044729e-01
1.881650841683366604e+00 3.492814638992982612e-01
1.881811182364729440e+00 3.427592175849634715e-01
1.881971523046092054e+00 3.362373225756808415e-01
1.882131863727454890e+00 3.297242386130785907e-01
1.882292204408817504e+00 3.226354719388475623e-01
1.882452545090180340e+00 3.151204269328975460e-01
1.882612885771542954e+00 3.076043097573745722e-01
1.882773226452905790e+00 3.000877647542807281e-01
1.882933567134268404e+00 2.925712263457011519e-01
1.883093907815631241e+00 2.850858965910946785e-01
1.883254248496993855e+00 2.775891469332691930e-01
1.883414589178356691e+00 2.700284969147737080e-01
1.883574929859719305e+00 2.624645190776800363e-01
1.883735270541082141e+00 2.548971892962677011e-01
1.883895611222444755e+00 2.473270819965827927e-01
1.884055951903807591e+00 2.397399228565408880e-01
1.884216292585170205e+00 2.322016771222374931e-01
1.884376633266533041e+00 2.253379781242224045e-01
1.884536973947895655e+00 2.184743880862948240e-01
1.884697314629258491e+00 2.116114887426597257e-01
1.884857655310621105e+00 2.047483570383926976e-01
1.885017995991983941e+00 1.978855423765228660e-01
1.885178336673346555e+00 1.910266521447564203e-01
1.885338677354709391e+00 1.852415948227373876e-01
1.885499018036072005e+00 1.796234616503430970e-01
1.885659358717434841e+00 1.739966323568451212e-01
1.885819699398797455e+00 1.683698173270817833e-01
1.885980040080160292e+00 1.627430688998389441e-01
1.886140380761522906e+00 1.571215363954952537e-01
1.886300721442885742e+00 1.521720939428214403e-01
1.886461062124248356e+00 1.476194195439033130e-01
1.886621402805611192e+00 1.430604037474134393e-01
1.886781743486973806e+00 1.384996065106703922e-01
1.886942084168336642e+00 1.339390314768356960e-01
1.887102424849699256e+00 1.293768544024631040e-01
1.887262765531062092e+00 1.252568112947005652e-01
1.887423106212424706e+00 1.218245815562966211e-01
1.887583446893787542e+00 1.183942080074656678e-01
1.887743787575150156e+00 1.149654398832497398e-01
1.887904128256512992e+00 1.115368191218635979e-01
1.888064468937875606e+00 1.081091087865539285e-01
1.888224809619238442e+00 1.047758009511947364e-01
1.888385150300601056e+00 1.019504969401090894e-01
1.888545490981963892e+00 9.912584235145202594e-02
1.888705831663326506e+00 9.630271242351780281e-02
1.888866172344689343e+00 9.347947886366310410e-02
1.889026513026051957e+00 9.065571612083089814e-02
1.889186853707414793e+00 8.782979518476778658e-02
1.889347194388777407e+00 8.570280957811923783e-02
1.889507535070140243e+00 8.363805702323108549e-02
1.889667875751502857e+00 8.157383626665595799e-02
1.889828216432865693e+00 7.950963087799302331e-02
1.889988557114228307e+00 7.744544085749459350e-02
1.890148897795591143e+00 7.538179042078617387e-02
1.890309238476953757e+00 7.354658905855267215e-02
1.890469579158316593e+00 7.181808181452964401e-02
1.890629919839679207e+00 7.009082782356253205e-02
1.890790260521042043e+00 6.836378753223930349e-02
1.890950601202404657e+00 6.663665712809416219e-02
1.891110941883767493e+00 6.491640664349759837e-02
1.891271282565130107e+00 6.339430197189130367e-02
1.891431623246492943e+00 6.211574371675223499e-02
1.891591963927855558e+00 6.083548753224280597e-02
1.891752304609218394e+00 5.955392012547242042e-02
1.891912645290581008e+00 5.827197583677988513e-02
1.892072985971943844e+00 5.698413980751225461e-02
1.892233326653306458e+00 5.571156844273979919e-02
1.892393667334669294e+00 5.452225282999926398e-02
1.892554008016031908e+00 5.333427357941825792e-02
1.892714348697394744e+00 5.214866791162302284e-02
1.892874689378757358e+00 5.096306518320081053e-02
1.893035030060120194e+00 4.977689767820935723e-02
1.893195370741482808e+00 4.858877770468154195e-02
1.893355711422845644e+00 4.762995642741384844e-02
1.893516052104208258e+00 4.667805563452714218e-02
1.893676392785571094e+00 4.572695171684239973e-02
1.893836733466933708e+00 4.477591708945968113e-02
1.893997074148296544e+00 4.382495175218056871e-02
1.894157414829659158e+00 4.288472349337780348e-02
1.894317755511021995e+00 4.194316701810386211e-02
1.894478096192384609e+00 4.100079416780604696e-02
1.894638436873747445e+00 4.005571834193468600e-02
1.894798777555110059e+00 3.910998435476004120e-02
1.894959118236472895e+00 3.816396322949001246e-02
1.895119458917835509e+00 3.721203957936784767e-02
1.895279799599198345e+00 3.629358666073090323e-02
1.895440140280560959e+00 3.541085488559733707e-02
1.895600480961923795e+00 3.452918724107714027e-02
1.895760821643286409e+00 3.364812616656186195e-02
1.895921162324649245e+00 3.276707761668877505e-02
1.896081503006011859e+00 3.188559669383600470e-02
1.896241843687374695e+00 3.102290653029847120e-02
1.896402184368737309e+00 3.021448184123607869e-02
1.896562525050100145e+00 2.940606338364159036e-02
1.896722865731462759e+00 2.859762802409838295e-02
1.896883206412825595e+00 2.778925551883031780e-02
1.897043547094188209e+00 2.698064537602655119e-02
1.897203887775551046e+00 2.617202129673183719e-02
1.897364228456913660e+00 2.539081864180820283e-02
1.897524569138276496e+00 2.460970049547298033e-02
1.897684909819639110e+00 2.382849465785994228e-02
1.897845250501001946e+00 2.304743011037411679e-02
1.898005591182364560e+00 2.226650350302827874e-02
1.898165931863727396e+00 2.148562907179760867e-02
1.898326272545090010e+00 2.073929014275715729e-02
1.898486613226452846e+00 2.000235260094013548e-02
1.898646953907815460e+00 1.926567818199159329e-02
1.898807294589178296e+00 1.852914482245931679e-02
1.898967635270540910e+00 1.779274084496958175e-02
1.899127975951903746e+00 1.705652433706757870e-02
1.899288316633266360e+00 1.633520483953005559e-02
1.899448657314629196e+00 1.562602608834476672e-02
1.899608997995991810e+00 1.491674649558236837e-02
1.899769338677354646e+00 1.420750790170152017e-02
1.899929679358717260e+00 1.349841858197473217e-02
1.900090020040080097e+00 1.279062355616976919e-02
1.900250360721442711e+00 1.212643355810643850e-02
1.900410701402805547e+00 1.155537719912844846e-02
1.900571042084168161e+00 1.098384590024705822e-02
1.900731382765530997e+00 1.041180358350681130e-02
1.900891723446893611e+00 9.839796587176390455e-03
1.901052064128256447e+00 9.268038241125164250e-03
1.901212404809619061e+00 8.706778360923475221e-03
1.901372745490981897e+00 8.265097219300247128e-03
1.901533086172344511e+00 7.823342053269928889e-03
1.901693426853707347e+00 7.381415525575176807e-03
1.901853767535069961e+00 6.939474850423711649e-03
1.902014108216432797e+00 6.497535934783573927e-03
1.902174448897795411e+00 6.055734366106379704e-03
1.902334789579158247e+00 5.716732471447839511e-03
1.902495130260520861e+00 5.397151751060490048e-03
1.902655470941883697e+00 5.077459433812910386e-03
1.902815811623246312e+00 4.757747164037084801e-03
1.902976152304609148e+00 4.438017724637385517e-03
1.903136492985971762e+00 4.118288428946209612e-03
1.903296833667334598e+00 3.854026631352647225e-03
1.903457174348697212e+00 3.626091662547343934e-03
1.903617515030060048e+00 3.398166241241387751e-03
1.903777855711422662e+00 3.170231274667116659e-03
1.903938196392785498e+00 2.942277413469389022e-03
1.904098537074148112e+00 2.714318311057943144e-03
1.904258877755510948e+00 2.516765805718204629e-03
1.904419218436873562e+00 2.371549752591607663e-03
1.904579559118236398e+00 2.226330685783929099e-03
1.904739899799599012e+00 2.081106538073374153e-03
1.904900240480961848e+00 1.935864977157471288e-03
1.905060581162324462e+00 1.790612665361551465e-03
1.905220921843687298e+00 1.652348760317520629e-03
1.905381262525049912e+00 1.560569304794294553e-03
1.905541603206412749e+00 1.468776908383870273e-03
1.905701943887775363e+00 1.376971373494493634e-03
1.905862284569138199e+00 1.285153084037801924e-03
1.906022625250500813e+00 1.193354434446417629e-03
1.906182965931863649e+00 1.101720049313694881e-03
1.906343306613226263e+00 1.040012759608040412e-03
1.906503647294589099e+00 9.818252907372129225e-04
1.906663987975951713e+00 9.235970708580550602e-04
1.906824328657314549e+00 8.653395994379567543e-04
1.906984669338677163e+00 8.070528722409449959e-04
1.907145010020039999e+00 7.486031770423972644e-04
1.907305350701402613e+00 7.044870033362826993e-04
1.907465691382765449e+00 6.678493002970403627e-04
1.907626032064128063e+00 6.311988123664532104e-04
1.907786372745490899e+00 5.945432062393629386e-04
1.907946713426853513e+00 5.578850504027922262e-04
1.908107054108216349e+00 5.212129655395591771e-04
1.908267394789578963e+00 4.902821326297748718e-04
1.908427735470941800e+00 4.672677672447508022e-04
1.908588076152304414e+00 4.442523317573225292e-04
1.908748416833667250e+00 4.212361436000949940e-04
1.908908757515029864e+00 3.982200440529154689e-04
1.909069098196392700e+00 3.752036696129583491e-04
1.909229438877755314e+00 3.534730723950556979e-04
1.909389779559118150e+00 3.374497329302156789e-04
1.909550120240480764e+00 3.214274639293107096e-04
1.909710460921843600e+00 3.054071925411022551e-04
1.909870801603206214e+00 2.893867564774406224e-04
1.910031142284569050e+00 2.733678044454872745e-04
1.910191482965931664e+00 2.573549362159096503e-04
1.910351823647294500e+00 2.468345143903774900e-04
1.910512164328657114e+00 2.366196097545444964e-04
1.910672505010019950e+00 2.264034120214820846e-04
1.910832845691382564e+00 2.161865287028218857e-04
1.910993186372745400e+00 2.059689598040874490e-04
1.911153527054108014e+00 1.957664101884257018e-04
1.911313867735470851e+00 1.875534729193539579e-04
1.911474208416833687e+00 1.801501964784082109e-04
1.911634549098196301e+00 1.727588814559117756e-04
1.911794889779558915e+00 1.653671628187355761e-04
1.911955230460921751e+00 1.579723004593845161e-04
1.912115571142284587e+00 1.505566667675924055e-04
1.912275911823647201e+00 1.441253029292264827e-04
1.912436252505009815e+00 1.387954964682633797e-04
1.912596593186372651e+00 1.334604815925711737e-04
1.912756933867735487e+00 1.281223490639065137e-04
1.912917274549098101e+00 1.227843133307899930e-04
1.913077615230460715e+00 1.174457369657289595e-04
1.913237955911823551e+00 1.124360980134247475e-04
1.913398296593186387e+00 1.084870682956953319e-04
1.913558637274549001e+00 1.045380968744828764e-04
1.913718977955911615e+00 1.005891233331877605e-04
1.913879318637274451e+00 9.664033092641175805e-05
1.914039659318637288e+00 9.269233144870474490e-05
1.914199999999999902e+00 8.874662166498509491e-05
