4.500000000000000000e+00 1.172337719065839336e-04
4.501201497995992007e+00 1.222036987205288728e-04
4.502402995991984014e+00 1.230008239565496446e-04
4.503604493987976021e+00 1.264880228362765023e-04
4.504805991983968028e+00 1.320783387208841503e-04
4.506007489979960035e+00 1.391335327670113590e-04
4.507208987975952041e+00 1.424222671024163967e-04
4.508410485971944048e+00 1.458115340182365629e-04
4.509611983967936055e+00 1.522363184575025125e-04
4.510813481963928062e+00 1.608866282206116848e-04
4.512014979959920069e+00 1.690189889118647775e-04
4.513216477955912076e+00 1.742925367419391068e-04
4.514417975951904083e+00 1.797767758117660745e-04
4.515619473947896090e+00 1.921581371505103216e-04
4.516820971943888097e+00 2.030904940021295492e-04
4.518022469939880104e+00 2.114104043453683148e-04
4.519223967935872111e+00 2.164362870013464887e-04
4.520425465931864117e+00 2.239245475014621826e-04
4.521626963927856124e+00 2.370691819893739726e-04
4.522828461923848131e+00 2.514804300440534796e-04
4.524029959919839250e+00 2.640680896686986340e-04
4.525231457915831257e+00 2.743719098258079882e-04
4.526432955911823264e+00 2.891477118016162534e-04
4.527634453907815271e+00 3.097010740406150103e-04
4.528835951903807278e+00 3.269751774180036479e-04
4.530037449899799284e+00 3.430435921066672059e-04
4.531238947895791291e+00 3.604504563986735805e-04
4.532440445891783298e+00 3.826341431561014711e-04
4.533641943887775305e+00 4.109965680565899463e-04
4.534843441883767312e+00 4.359045460899393606e-04
4.536044939879759319e+00 4.577272934517010936e-04
4.537246437875751326e+00 4.803541398577833429e-04
4.538447935871743333e+00 5.099952065138545860e-04
4.539649433867735340e+00 5.441991021744632109e-04
4.540850931863727347e+00 5.767320192879800064e-04
4.542052429859719354e+00 6.089913163918375585e-04
4.543253927855711360e+00 6.449302926035862648e-04
4.544455425851703367e+00 6.858277087644211413e-04
4.545656923847695374e+00 7.323503979229506597e-04
4.546858421843687381e+00 7.746829971980263635e-04
4.548059919839679388e+00 8.184481842293835335e-04
4.549261417835671395e+00 8.675151187367653380e-04
4.550462915831663402e+00 9.213535442283803242e-04
4.551664413827655409e+00 9.769842000475258224e-04
4.552865911823647416e+00 1.030942459209293607e-03
4.554067409819639423e+00 1.086489910491036026e-03
4.555268907815631430e+00 1.150278224636417778e-03
4.556470405811623436e+00 1.219099041029982110e-03
4.557671903807615443e+00 1.292238985679041233e-03
4.558873401803607450e+00 1.359994583062159972e-03
4.560074899799599457e+00 1.433931835052064006e-03
4.561276397795591464e+00 1.517891022587708558e-03
4.562477895791583471e+00 1.608222510748660893e-03
4.563679393787575478e+00 1.699529531274447149e-03
4.564880891783567485e+00 1.791529769244466991e-03
4.566082389779559492e+00 1.887587450972213815e-03
4.567283887775551499e+00 1.998040673011677176e-03
4.568485385771543505e+00 2.112824779139588476e-03
4.569686883767534624e+00 2.231133406317548345e-03
4.570888381763526631e+00 2.348201528348767796e-03
4.572089879759518638e+00 2.478980442133465675e-03
4.573291377755510645e+00 2.622016256755599437e-03
4.574492875751502652e+00 2.773361403086409098e-03
4.575694373747494659e+00 2.927868819363507735e-03
4.576895871743486666e+00 3.086938195721696237e-03
4.578097369739478673e+00 3.252820504588800881e-03
4.579298867735470679e+00 3.441882794797249123e-03
4.580500365731462686e+00 3.639324457188112226e-03
4.581701863727454693e+00 3.844300753392892924e-03
4.582903361723446700e+00 4.058463083581976411e-03
4.584104859719438707e+00 4.288955798382192500e-03
4.585306357715430714e+00 4.539613464561055925e-03
4.586507855711422721e+00 4.804574137676344975e-03
4.587709353707414728e+00 5.077193671396206670e-03
4.588910851703406735e+00 5.365488000104559445e-03
4.590112349699398742e+00 5.670915634059201307e-03
4.591313847695390749e+00 6.011641904830718891e-03
4.592515345691382755e+00 6.366797126196415725e-03
4.593716843687374762e+00 6.736238724699483010e-03
4.594918341683366769e+00 7.129313137526046944e-03
4.596119839679358776e+00 7.551705176923296896e-03
4.597321337675350783e+00 8.005958569710966422e-03
4.598522835671342790e+00 8.488655939535133185e-03
4.599724333667334797e+00 8.987869329425839798e-03
4.600925831663326804e+00 9.520229362721314634e-03
4.602127329659318811e+00 1.009333728299344896e-02
4.603328827655310818e+00 1.071327161758661717e-02
4.604530325651302824e+00 1.136797617492569731e-02
4.605731823647294831e+00 1.205481734710862375e-02
4.606933321643286838e+00 1.278640136060438422e-02
4.608134819639278845e+00 1.357147530857500187e-02
4.609336317635270852e+00 1.440949628028980606e-02
4.610537815631262859e+00 1.530326157178335880e-02
4.611739313627254866e+00 1.624225502450707750e-02
4.612940811623246873e+00 1.725286699888062963e-02
4.614142309619238880e+00 1.833790305405542248e-02
4.615343807615230887e+00 1.949659272659715753e-02
4.616545305611222005e+00 2.072570484489473508e-02
4.617746803607214012e+00 2.202336026154970428e-02
4.618948301603206019e+00 2.340405400707405367e-02
4.620149799599198026e+00 2.488671368998938635e-02
4.621351297595190033e+00 2.646477040524945062e-02
4.622552795591182040e+00 2.814718934106834325e-02
4.623754293587174047e+00 2.993626205459998593e-02
4.624955791583166054e+00 3.183742869208742304e-02
4.626157289579158061e+00 3.386931166491802953e-02
4.627358787575150068e+00 3.602746407218335167e-02
4.628560285571142074e+00 3.831347815388927436e-02
4.629761783567134081e+00 4.073116050236636615e-02
4.630963281563126088e+00 4.329162295976975161e-02
4.632164779559118095e+00 4.602334623767422722e-02
4.633366277555110102e+00 4.893025524639649931e-02
4.634567775551102109e+00 5.202685990118292164e-02
4.635769273547094116e+00 5.530107159023130159e-02
4.636970771543086123e+00 5.876690927103831591e-02
4.638172269539078130e+00 6.245017182147798857e-02
4.639373767535070137e+00 6.634867442246887570e-02
4.640575265531062144e+00 7.045946759041574192e-02
4.641776763527054150e+00 7.478231625647013825e-02
4.642978261523046157e+00 7.930249061738310623e-02
4.644179759519038164e+00 8.407101318543634683e-02
4.645381257515030171e+00 8.913660486475596945e-02
4.646582755511022178e+00 9.441209495738250856e-02
4.647784253507014185e+00 9.994145615921178061e-02
4.648985751503006192e+00 1.057276309551574284e-01
4.650187249498998199e+00 1.117589633199232158e-01
4.651388747494990206e+00 1.180899111769733029e-01
4.652590245490982213e+00 1.247062701742129853e-01
4.653791743486974219e+00 1.314515926756411879e-01
4.654993241482966226e+00 1.384104303991688101e-01
4.656194739478958233e+00 1.456872769793223499e-01
4.657396237474950240e+00 1.531758809727350457e-01
4.658597735470942247e+00 1.608478667350526359e-01
4.659799233466934254e+00 1.687405350600556520e-01
4.661000731462925373e+00 1.767760111774317466e-01
4.662202229458917380e+00 1.849249227191175071e-01
4.663403727454909387e+00 1.932531444361447193e-01
4.664605225450901393e+00 2.017340075104215036e-01
4.665806723446893400e+00 2.100789474613886099e-01
4.667008221442885407e+00 2.185648844547704028e-01
4.668209719438877414e+00 2.270967033629206488e-01
4.669411217434869421e+00 2.354760762250920902e-01
4.670612715430861428e+00 2.438245740023360086e-01
4.671814213426853435e+00 2.520942855219398537e-01
4.673015711422845442e+00 2.601647558479061595e-01
4.674217209418837449e+00 2.680394498432465689e-01
4.675418707414829456e+00 2.758127179388913941e-01
4.676620205410821463e+00 2.832413974379980881e-01
4.677821703406813469e+00 2.903020043928680183e-01
4.679023201402805476e+00 2.971876414139576483e-01
4.680224699398797483e+00 3.035650971422126920e-01
4.681426197394789490e+00 3.095965092184593259e-01
4.682627695390781497e+00 3.153827625294109982e-01
4.683829193386773504e+00 3.207567768120567764e-01
4.685030691382765511e+00 3.256110055412053672e-01
4.686232189378757518e+00 3.302034821060660930e-01
4.687433687374749525e+00 3.344142738880849230e-01
4.688635185370741532e+00 3.380348295805111203e-01
4.689836683366733538e+00 3.414122163624943584e-01
4.691038181362725545e+00 3.443848238804042561e-01
4.692239679358717552e+00 3.469837642231988206e-01
4.693441177354709559e+00 3.493137092312701975e-01
4.694642675350701566e+00 3.513447456510292999e-01
4.695844173346693573e+00 3.530178257868005209e-01
4.697045671342685580e+00 3.544812931699068970e-01
4.698247169338677587e+00 3.561130873660857676e-01
4.699448667334669594e+00 3.569346134392197833e-01
4.700650165330661601e+00 3.576323957934966491e-01
4.701851663326653608e+00 3.581657290190203846e-01
4.703053161322645614e+00 3.585323626242583606e-01
4.704254659318637621e+00 3.587856272780443612e-01
4.705456157314629628e+00 3.589376039112089911e-01
4.706657655310621635e+00 3.589752688966901806e-01
4.707859153306612754e+00 3.589414835135348314e-01
4.709060651302604761e+00 3.588605011689105506e-01
4.710262149298596768e+00 3.587039999919641176e-01
4.711463647294588775e+00 3.585202090839887945e-01
4.712665145290580782e+00 3.582775395052411604e-01
4.713866643286572788e+00 3.579723219796120959e-01
4.715068141282564795e+00 3.576412911788737770e-01
4.716269639278556802e+00 3.573164892694566941e-01
4.717471137274548809e+00 3.569961101371328382e-01
4.718672635270540816e+00 3.566601853831691815e-01
4.719874133266532823e+00 3.563070302115338706e-01
4.721075631262524830e+00 3.558425586343043068e-01
4.722277129258516837e+00 3.553606652197211502e-01
4.723478627254508844e+00 3.548674983434660368e-01
4.724680125250500851e+00 3.543960038662771761e-01
4.725881623246492858e+00 3.539494265738290513e-01
4.727083121242484864e+00 3.535267608126432259e-01
4.728284619238476871e+00 3.531255239684173985e-01
4.729486117234468878e+00 3.527260949742662688e-01
4.730687615230460885e+00 3.523217872749432322e-01
4.731889113226452892e+00 3.518910534628053588e-01
4.733090611222444899e+00 3.514666440444284001e-01
4.734292109218436906e+00 3.511598619432619861e-01
4.735493607214428913e+00 3.510273011593744719e-01
4.736695105210420920e+00 3.506294728825029017e-01
4.737896603206412927e+00 3.502300237937117644e-01
4.739098101202404933e+00 3.498364018635450878e-01
4.740299599198396940e+00 3.494636869335980278e-01
4.741501097194388947e+00 3.491001805329170260e-01
4.742702595190380954e+00 3.487354914791403471e-01
4.743904093186372961e+00 3.483214215894083199e-01
4.745105591182364968e+00 3.478712548801005666e-01
4.746307089178356975e+00 3.473892190889664167e-01
4.747508587174348982e+00 3.469067979263747437e-01
4.748710085170340989e+00 3.464516193917557274e-01
4.749911583166332996e+00 3.460249149799007329e-01
4.751113081162325003e+00 3.456085475987603073e-01
4.752314579158316121e+00 3.451916693563282790e-01
4.753516077154309016e+00 3.447468501680945874e-01
4.754717575150300135e+00 3.442960695446744546e-01
4.755919073146292142e+00 3.438387493871229994e-01
4.757120571142284149e+00 3.433786958797944711e-01
4.758322069138276156e+00 3.429191469470468934e-01
4.759523567134268163e+00 3.424630775890074030e-01
4.760725065130260170e+00 3.420165602607502242e-01
4.761926563126252177e+00 3.415821920478694929e-01
4.763128061122244183e+00 3.411400142708639893e-01
4.764329559118236190e+00 3.406921878112895152e-01
4.765531057114228197e+00 3.402294041978799477e-01
4.766732555110220204e+00 3.397476659276965627e-01
4.767934053106212211e+00 3.392299510393261275e-01
4.769135551102204218e+00 3.386902816563850394e-01
4.770337049098196225e+00 3.381435038328156062e-01
4.771538547094188232e+00 3.376006372006511991e-01
4.772740045090180239e+00 3.370795825076422503e-01
4.773941543086172246e+00 3.365777879329529543e-01
4.775143041082164252e+00 3.361302089976492824e-01
4.776344539078156259e+00 3.356992132781577709e-01
4.777546037074148266e+00 3.352937166326041551e-01
4.778747535070140273e+00 3.349018886969395425e-01
4.779949033066132280e+00 3.345168127210103592e-01
4.781150531062124287e+00 3.341343506728957635e-01
4.782352029058116294e+00 3.337624010676552566e-01
4.783553527054108301e+00 3.334007312244577914e-01
4.784755025050100308e+00 3.330509989069632693e-01
4.785956523046092315e+00 3.326973213995581546e-01
4.787158021042084322e+00 3.323391737397300982e-01
4.788359519038076328e+00 3.319643989534560302e-01
4.789561017034068335e+00 3.315858328828115709e-01
4.790762515030060342e+00 3.312094277512713791e-01
4.791964013026052349e+00 3.308403630133148199e-01
4.793165511022044356e+00 3.304814071346172666e-01
4.794367009018036363e+00 3.301279530625477188e-01
4.795568507014028370e+00 3.297839613169723516e-01
4.796770005010020377e+00 3.294420870557420722e-01
4.797971503006012384e+00 3.291008643012146018e-01
4.799173001002003502e+00 3.287493546178939519e-01
4.800374498997996398e+00 3.283973243688177446e-01
4.801575996993987516e+00 3.280493609828401547e-01
4.802777494989979523e+00 3.277100782285244929e-01
4.803978992985971530e+00 3.273841373773520580e-01
4.805180490981963537e+00 3.270661228010669497e-01
4.806381988977955544e+00 3.267545462859994254e-01
4.807583486973947551e+00 3.264364160260562753e-01
4.808784984969939558e+00 3.263868459000575095e-01
4.809986482965931565e+00 3.261124516478259294e-01
4.811187980961923571e+00 3.257438675743429823e-01
4.812389478957915578e+00 3.253690523210732155e-01
4.813590976953907585e+00 3.249957417763651435e-01
4.814792474949899592e+00 3.246314815726981107e-01
4.815993972945891599e+00 3.242702046006651351e-01
4.817195470941883606e+00 3.238836218925751909e-01
4.818396968937875613e+00 3.234799799107482832e-01
4.819598466933867620e+00 3.230152598727799029e-01
4.820799964929859627e+00 3.225448285661699499e-01
4.822001462925851634e+00 3.220709563540597453e-01
4.823202960921843641e+00 3.216078497217251808e-01
4.824404458917835647e+00 3.211595164409464243e-01
4.825605956913827654e+00 3.207243901012812315e-01
4.826807454909819661e+00 3.203074776755377440e-01
4.828008952905811668e+00 3.198927103447187781e-01
4.829210450901803675e+00 3.194804154113504158e-01
4.830411948897795682e+00 3.190276183865008996e-01
4.831613446893787689e+00 3.185585629000760033e-01
4.832814944889779696e+00 3.180688290819594921e-01
4.834016442885771703e+00 3.175763266440623789e-01
4.835217940881763710e+00 3.170935568738410537e-01
4.836419438877755717e+00 3.166170918449710547e-01
4.837620936873747723e+00 3.161391806747798072e-01
4.838822434869739730e+00 3.156591426564888669e-01
4.840023932865731737e+00 3.151684098961864966e-01
4.841225430861723744e+00 3.146828695014333710e-01
4.842426928857715751e+00 3.142034631035896530e-01
4.843628426853706870e+00 3.137030288348190421e-01
4.844829924849699765e+00 3.131833596403223452e-01
4.846031422845690884e+00 3.126371712342730924e-01
4.847232920841682891e+00 3.120641755922090033e-01
4.848434418837674897e+00 3.114889221102188355e-01
4.849635916833666904e+00 3.109110414448049697e-01
4.850837414829658911e+00 3.103417933503557213e-01
4.852038912825650918e+00 3.097785658952381671e-01
4.853240410821642925e+00 3.092494668589921281e-01
4.854441908817634932e+00 3.087327374668338287e-01
4.855643406813626939e+00 3.082243307310474911e-01
4.856844904809618946e+00 3.076979327667401787e-01
4.858046402805610953e+00 3.071346810992972576e-01
4.859247900801602960e+00 3.065509388583208539e-01
4.860449398797594966e+00 3.059420574937594672e-01
4.861650896793586973e+00 3.053370903008426618e-01
4.862852394789578980e+00 3.047415718255180872e-01
4.864053892785570987e+00 3.041261552145068103e-01
4.865255390781562994e+00 3.034970015187200554e-01
4.866456888777555001e+00 3.028508004068645176e-01
4.867658386773547008e+00 3.021922338104922057e-01
4.868859884769539015e+00 3.015265486826513852e-01
4.870061382765531022e+00 3.008436731745576243e-01
4.871262880761523029e+00 3.001232405788103463e-01
4.872464378757515036e+00 2.993764670831684516e-01
4.873665876753507042e+00 2.986153553911401470e-01
4.874867374749499049e+00 2.978568287251032176e-01
4.876068872745491056e+00 2.971376959134749973e-01
4.877270370741483063e+00 2.967031468666921357e-01
4.878471868737475070e+00 2.959209829795057534e-01
4.879673366733467077e+00 2.950710323471989471e-01
4.880874864729459084e+00 2.942249818159168862e-01
4.882076362725451091e+00 2.933833238051198888e-01
4.883277860721443098e+00 2.925525454675785286e-01
4.884479358717435105e+00 2.917238622726335828e-01
4.885680856713427112e+00 2.908984643404084469e-01
4.886882354709419118e+00 2.900760840111737959e-01
4.888083852705411125e+00 2.892555728774076629e-01
4.889285350701403132e+00 2.884338263758345899e-01
4.890486848697394251e+00 2.876118205844463982e-01
4.891688346693387146e+00 2.867979840883256859e-01
4.892889844689378265e+00 2.860003314905237293e-01
4.894091342685370272e+00 2.852293344659934671e-01
4.895292840681362279e+00 2.844779594909913056e-01
4.896494338677354285e+00 2.837492976608702588e-01
4.897695836673346292e+00 2.830371090738333928e-01
4.898897334669338299e+00 2.823693082851981284e-01
4.900098832665330306e+00 2.817488193975172805e-01
4.901300330661322313e+00 2.811662359156831270e-01
4.902501828657314320e+00 2.806164560443762390e-01
4.903703326653306327e+00 2.800584063455813233e-01
4.904904824649298334e+00 2.794962964509921099e-01
4.906106322645290341e+00 2.789118089951236890e-01
4.907307820641282348e+00 2.783242352720791679e-01
4.908509318637274355e+00 2.777333478148858448e-01
4.909710816633266361e+00 2.771239387084054040e-01
4.910912314629258368e+00 2.764922505742438696e-01
4.912113812625250375e+00 2.758359059508738720e-01
4.913315310621242382e+00 2.751501230157414324e-01
4.914516808617234389e+00 2.744415233481988237e-01
4.915718306613226396e+00 2.736462572773820101e-01
4.916919804609218403e+00 2.727556107970879884e-01
4.918121302605210410e+00 2.717388515916334679e-01
4.919322800601202417e+00 2.705770826723319367e-01
4.920524298597194424e+00 2.693198221856382135e-01
4.921725796593186431e+00 2.679118910029962830e-01
4.922927294589178437e+00 2.663329607229217855e-01
4.924128792585170444e+00 2.646385819605152068e-01
4.925330290581162451e+00 2.627046710086265446e-01
4.926531788577154458e+00 2.606201651462269342e-01
4.927733286573146465e+00 2.583802685999616600e-01
4.928934784569138472e+00 2.559050631123555020e-01
4.930136282565130479e+00 2.533385443609876275e-01
4.931337780561122486e+00 2.505196149499260283e-01
4.932539278557114493e+00 2.475087819626116126e-01
4.933740776553106500e+00 2.444023527729623224e-01
4.934942274549098506e+00 2.411252251063736585e-01
4.936143772545090513e+00 2.377273537635258560e-01
4.937345270541081632e+00 2.342531749891971216e-01
4.938546768537073639e+00 2.305536072967572792e-01
4.939748266533065646e+00 2.268701762615036310e-01
4.940949764529057653e+00 2.230843617282433355e-01
4.942151262525049660e+00 2.195213029869789723e-01
4.943352760521041667e+00 2.157115709857970187e-01
4.944554258517033674e+00 2.118702862278529497e-01
4.945755756513025680e+00 2.080345700652736218e-01
4.946957254509017687e+00 2.042477914458712407e-01
4.948158752505009694e+00 2.005211110286405363e-01
4.949360250501001701e+00 1.969394878908099222e-01
4.950561748496993708e+00 1.934297274042071080e-01
4.951763246492985715e+00 1.900276168195012549e-01
4.952964744488977722e+00 1.867162153315109763e-01
4.954166242484969729e+00 1.835058643477496532e-01
4.955367740480961736e+00 1.804189582254950297e-01
4.956569238476953743e+00 1.774474926439214284e-01
4.957770736472945750e+00 1.745633640010628707e-01
4.958972234468937756e+00 1.717995248106666817e-01
4.960173732464929763e+00 1.691105451823489703e-01
4.961375230460921770e+00 1.665406920911992328e-01
4.962576728456913777e+00 1.640876378872332675e-01
4.963778226452905784e+00 1.617266055627566979e-01
4.964979724448897791e+00 1.594451038196491865e-01
4.966181222444889798e+00 1.572273002973571809e-01
4.967382720440881805e+00 1.550572071258514151e-01
4.968584218436873812e+00 1.529567209613686973e-01
4.969785716432865819e+00 1.509136934071401148e-01
4.970987214428857826e+00 1.489259996381575302e-01
4.972188712424849832e+00 1.469512715254443214e-01
4.973390210420841839e+00 1.449965892523982225e-01
4.974591708416833846e+00 1.430644671523234601e-01
4.975793206412825853e+00 1.411509083054778291e-01
4.976994704408817860e+00 1.392617973174698764e-01
4.978196202404809867e+00 1.373804851312775410e-01
4.979397700400801874e+00 1.354216707644675666e-01
4.980599198396793881e+00 1.334787154095798956e-01
4.981800696392784999e+00 1.314599952658543902e-01
4.983002194388777895e+00 1.294309250395736521e-01
4.984203692384769013e+00 1.273820289639819858e-01
4.985405190380761020e+00 1.252704988521088914e-01
4.986606688376753027e+00 1.231146468346779599e-01
4.987808186372745034e+00 1.209089817688947938e-01
4.989009684368737041e+00 1.186263536880134972e-01
4.990211182364729048e+00 1.163484769106023775e-01
4.991412680360721055e+00 1.139732324252805823e-01
4.992614178356713062e+00 1.115690669095871640e-01
4.993815676352705069e+00 1.090715244957876917e-01
4.995017174348697075e+00 1.065131783613947059e-01
4.996218672344689082e+00 1.039247094785840236e-01
4.997420170340681089e+00 1.012851850502870660e-01
4.998621668336673096e+00 9.861318169336630302e-02
4.999823166332665103e+00 9.592574031460791850e-02
5.001024664328657110e+00 9.311366603176882140e-02
5.002226162324649117e+00 9.043689543397261110e-02
5.003427660320641124e+00 8.768424138708683091e-02
5.004629158316633131e+00 8.494268599440885081e-02
5.005830656312625138e+00 8.219802527873862341e-02
5.007032154308617145e+00 7.942851722140155390e-02
5.008233652304609151e+00 7.668031574029116060e-02
5.009435150300601158e+00 7.398124198795658080e-02
5.010636648296593165e+00 7.121740081169397607e-02
5.011838146292585172e+00 6.852022608222677058e-02
5.013039644288577179e+00 6.580474253364745896e-02
5.014241142284569186e+00 6.316733645219001214e-02
5.015442640280561193e+00 6.053656213694885713e-02
5.016644138276553200e+00 5.796190691107412640e-02
5.017845636272545207e+00 5.545056614689523877e-02
5.019047134268537214e+00 5.299796734631716938e-02
5.020248632264529220e+00 5.061299757598525934e-02
5.021450130260521227e+00 4.829826109044066396e-02
5.022651628256513234e+00 4.602085112611970646e-02
5.023853126252505241e+00 4.384017801456320529e-02
5.025054624248497248e+00 4.172749090143695883e-02
5.026256122244488367e+00 3.970494618000509901e-02
5.027457620240481262e+00 3.775444845851592957e-02
5.028659118236472381e+00 3.587432978042703891e-02
5.029860616232465276e+00 3.406313330358146096e-02
5.031062114228456394e+00 3.232496402514022787e-02
5.032263612224448401e+00 3.066857908551746253e-02
5.033465110220440408e+00 2.909211520639942705e-02
5.034666608216432415e+00 2.758483235042306914e-02
5.035868106212424422e+00 2.616005171959560199e-02
5.037069604208416429e+00 2.478328192802146945e-02
5.038271102204408436e+00 2.347503833523533964e-02
5.039472600200400443e+00 2.223679882037717104e-02
5.040674098196392450e+00 2.106322654957368604e-02
5.041875596192384457e+00 1.994917872504797796e-02
5.043077094188376464e+00 1.889000602360548994e-02
5.044278592184368470e+00 1.787995636254204740e-02
5.045480090180360477e+00 1.692014625347552231e-02
5.046681588176352484e+00 1.602751795460707895e-02
5.047883086172344491e+00 1.518403577064911941e-02
5.049084584168336498e+00 1.438243086570146524e-02
5.050286082164328505e+00 1.362096826223050706e-02
5.051487580160320512e+00 1.289528638127576156e-02
5.052689078156312519e+00 1.220622679594578382e-02
5.053890576152304526e+00 1.156007407212085968e-02
5.055092074148296533e+00 1.095610104563213456e-02
5.056293572144288540e+00 1.038314078304186129e-02
5.057495070140280546e+00 9.842590893856672726e-03
5.058696568136272553e+00 9.326978385294771440e-03
5.059898066132264560e+00 8.836680848277022812e-03
5.061099564128256567e+00 8.380082911866081410e-03
5.062301062124248574e+00 7.953323042354900826e-03
5.063502560120240581e+00 7.549189982789385883e-03
5.064704058116232588e+00 7.164885687430024540e-03
5.065905556112224595e+00 6.799370726491925539e-03
5.067107054108216602e+00 6.450783990912777911e-03
5.068308552104208609e+00 6.127016524866677784e-03
5.069510050100200615e+00 5.826563880622892197e-03
5.070711548096192622e+00 5.539692872697350723e-03
5.071913046092184629e+00 5.264588492484662159e-03
5.073114544088175748e+00 5.002136414741607286e-03
5.074316042084168643e+00 4.752739525754869944e-03
5.075517540080159762e+00 4.518401401532142619e-03
5.076719038076152657e+00 4.304078606867851355e-03
5.077920536072143776e+00 4.105504601472188299e-03
5.079122034068135783e+00 3.907009432262182995e-03
5.080323532064127789e+00 3.717870014257782744e-03
5.081525030060119796e+00 3.538561331129306663e-03
5.082726528056111803e+00 3.370331841687238417e-03
5.083928026052103810e+00 3.214851053642403794e-03
5.085129524048095817e+00 3.068676290368179370e-03
5.086331022044087824e+00 2.925913257647313245e-03
5.087532520040079831e+00 2.787177660481623877e-03
5.088734018036071838e+00 2.656627622642218547e-03
5.089935516032063845e+00 2.533864707508546362e-03
5.091137014028055852e+00 2.422301988343820815e-03
5.092338512024047859e+00 2.317732350680634570e-03
5.093540010020039865e+00 2.213220354892605438e-03
5.094741508016031872e+00 2.110402855544168000e-03
5.095943006012023879e+00 2.013474354866392254e-03
5.097144504008015886e+00 1.923294177182135372e-03
5.098346002004007893e+00 1.838755111544452354e-03
5.099547499999999900e+00 1.761750816725005412e-03
