2.990270000000000206e+00 5.260799747972123668e-05
2.992774809619238585e+00 6.009254056538835008e-05
2.995279619238476965e+00 6.861871622713106955e-05
2.997784428857715788e+00 7.766175150008069821e-05
3.000289238476954168e+00 8.828997618942291078e-05
3.002794048096192547e+00 1.003106225591813650e-04
3.005298857715430927e+00 1.131913870824276014e-04
3.007803667334669750e+00 1.285039617089308336e-04
3.010308476953908130e+00 1.454585334124732377e-04
3.012813286573146510e+00 1.645741909783699863e-04
3.015318096192384889e+00 1.864265629508890640e-04
3.017822905811623269e+00 2.108253531101856920e-04
3.020327715430862092e+00 2.378958548688527475e-04
3.022832525050100472e+00 2.680734877290120370e-04
3.025337334669338851e+00 3.020192913612378669e-04
3.027842144288577231e+00 3.398807310105139267e-04
3.030346953907815610e+00 3.836636878536769739e-04
3.032851763527054434e+00 4.338086422585515087e-04
3.035356573146292813e+00 4.908655537426716677e-04
3.037861382765531193e+00 5.567484035638736468e-04
3.040366192384769572e+00 6.318888281575836801e-04
3.042871002004008396e+00 7.194433084863454666e-04
3.045375811623246776e+00 8.213432504987532370e-04
3.047880621242485155e+00 9.394817184988127866e-04
3.050385430861723535e+00 1.077390352933820525e-03
3.052890240480961914e+00 1.235693720377396571e-03
3.055395050100200738e+00 1.420430254500155845e-03
3.057899859719439117e+00 1.636398760253805719e-03
3.060404669338677497e+00 1.891026770388729884e-03
3.062909478957915876e+00 2.194472986306011085e-03
3.065414288577154700e+00 2.552670414695750768e-03
3.067919098196393080e+00 2.975168894695586971e-03
3.070423907815631459e+00 3.474868613328314666e-03
3.072928717434869839e+00 4.056954770693410768e-03
3.075433527054108218e+00 4.744204937968076602e-03
3.077938336673347042e+00 5.560781568601646553e-03
3.080443146292585421e+00 6.529329069918475038e-03
3.082947955911823801e+00 7.685585993744042770e-03
3.085452765531062180e+00 9.052801906032047208e-03
3.087957575150301004e+00 1.066703849957821061e-02
3.090462384769539383e+00 1.256973888257925491e-02
3.092967194388777763e+00 1.481461825807302811e-02
3.095472004008016143e+00 1.748657011812201553e-02
3.097976813627254522e+00 2.059202359967954657e-02
3.100481623246493346e+00 2.420660344823442889e-02
3.102986432865731725e+00 2.836887213963758952e-02
3.105491242484970105e+00 3.316499992719701417e-02
3.107996052104208484e+00 3.865809075001028911e-02
3.110500861723447308e+00 4.491606525688358886e-02
3.113005671342685687e+00 5.203453250408377612e-02
3.115510480961924067e+00 5.999753023810935199e-02
3.118015290581162446e+00 6.880938162910710254e-02
3.120520100200400826e+00 7.851826047787119345e-02
3.123024909819639650e+00 8.911600211689298112e-02
3.125529719438878029e+00 1.003731103512277012e-01
3.128034529058116409e+00 1.122133191705612237e-01
3.130539338677354788e+00 1.244577031917996068e-01
3.133044148296593612e+00 1.368510610384303383e-01
3.135548957915831991e+00 1.492538304366806678e-01
3.138053767535070371e+00 1.614542544235267330e-01
3.140558577154308750e+00 1.732643095275964440e-01
3.143063386773547130e+00 1.845566785706720392e-01
3.145568196392785953e+00 1.950329935527864711e-01
3.148073006012024333e+00 2.047770893743752207e-01
3.150577815631262713e+00 2.132433582266893002e-01
3.153082625250501092e+00 2.206139115350210789e-01
3.155587434869739472e+00 2.269085455980557609e-01
3.158092244488978295e+00 2.321945280482435037e-01
3.160597054108216675e+00 2.365552799917468307e-01
3.163101863727455054e+00 2.400587327839387997e-01
3.165606673346693434e+00 2.429122488068285179e-01
3.168111482965931813e+00 2.452562303591596105e-01
3.170616292585170637e+00 2.472763166249221378e-01
3.173121102204409016e+00 2.495226849308268269e-01
3.175625911823647396e+00 2.512709201614877763e-01
3.178130721442885775e+00 2.528805513946170702e-01
3.180635531062124599e+00 2.543647425298145581e-01
3.183140340681362979e+00 2.556841567339575017e-01
3.185645150300601358e+00 2.569757398647341540e-01
3.188149959919839738e+00 2.582575307732373204e-01
3.190654769539078117e+00 2.595323316863609175e-01
3.193159579158316941e+00 2.608136223078566518e-01
3.195664388777555320e+00 2.620976191996745586e-01
3.198169198396793700e+00 2.636901203190665233e-01
3.200674008016032079e+00 2.649371599323258053e-01
3.203178817635270903e+00 2.660865597822614781e-01
3.205683627254509283e+00 2.672253763907843638e-01
3.208188436873747662e+00 2.683511693019151045e-01
3.210693246492986042e+00 2.694599970920966703e-01
3.213198056112224421e+00 2.702492552583742880e-01
3.215702865731463245e+00 2.713329603735341045e-01
3.218207675350701624e+00 2.724165426506498511e-01
3.220712484969940004e+00 2.735467175860378797e-01
3.223217294589178383e+00 2.751052260869429333e-01
3.225722104208417207e+00 2.763445511124784093e-01
3.228226913827655586e+00 2.775908498738110519e-01
3.230731723446893966e+00 2.787555870769230504e-01
3.233236533066132345e+00 2.797263142061461316e-01
3.235741342685370725e+00 2.807066409999278700e-01
3.238246152304609549e+00 2.816953893286921473e-01
3.240750961923847928e+00 2.826724037844787762e-01
3.243255771543086308e+00 2.836020096663408041e-01
3.245760581162324687e+00 2.848685294398465850e-01
3.248265390781563511e+00 2.857946953129309464e-01
3.250770200400801890e+00 2.867621025538035773e-01
3.253275010020040270e+00 2.878268068787396272e-01
3.255779819639278649e+00 2.888907590051251750e-01
3.258284629258517029e+00 2.899580944148197892e-01
3.260789438877755853e+00 2.909952131587722479e-01
3.263294248496994232e+00 2.919623571801006623e-01
3.265799058116232612e+00 2.929261144682025475e-01
3.268303867735470991e+00 2.942351088400580461e-01
3.270808677354709815e+00 2.951488275958107366e-01
3.273313486973948194e+00 2.959692052163475640e-01
3.275818296593186574e+00 2.967976596733439276e-01
3.278323106212424953e+00 2.976323978041041651e-01
3.280827915831663333e+00 2.984810580760233201e-01
3.283332725450902156e+00 2.993483958317278426e-01
3.285837535070140536e+00 3.002297137178536746e-01
3.288342344689378915e+00 3.011329605847696267e-01
3.290847154308617295e+00 3.024180755849864566e-01
3.293351963927856119e+00 3.033739656791090700e-01
3.295856773547094498e+00 3.043573197704628197e-01
3.298361583166332878e+00 3.053631419627802490e-01
3.300866392785571257e+00 3.063062070667676440e-01
3.303371202404809637e+00 3.071122408890062383e-01
3.305876012024048016e+00 3.079367919026400613e-01
3.308380821643286840e+00 3.087861270758368581e-01
3.310885631262525219e+00 3.096307942508209066e-01
3.313390440881763599e+00 3.108098432664427313e-01
3.315895250501002423e+00 3.116376744522137421e-01
3.318400060120240802e+00 3.124672087626952366e-01
3.320904869739479182e+00 3.132732537923867411e-01
3.323409679358717561e+00 3.140389408559700612e-01
3.325914488977955941e+00 3.147978825866871166e-01
3.328419298597194320e+00 3.155506661135994984e-01
3.330924108216433144e+00 3.160238869973543974e-01
3.333428917835671523e+00 3.160150748255824982e-01
3.335933727454909903e+00 3.163630755661006044e-01
3.338438537074148282e+00 3.163278249302519107e-01
3.340943346693387106e+00 3.156900193563368928e-01
3.343448156312625485e+00 3.140615149973691178e-01
3.345952965931863865e+00 3.124121679023483256e-01
3.348457775551102245e+00 3.107401358785323309e-01
3.350962585170340624e+00 3.080409469288060698e-01
3.353467394789579448e+00 3.036964472291222572e-01
3.355972204408817827e+00 2.993253966327285576e-01
3.358477014028056207e+00 2.949324166219967069e-01
3.360981823647294586e+00 2.925661727789322653e-01
3.363486633266533410e+00 2.933708949818903955e-01
3.365991442885771789e+00 2.941755941644916827e-01
3.368496252505010169e+00 2.949797292121639769e-01
3.371001062124248548e+00 2.976271129363350365e-01
3.373505871743486928e+00 3.035737360363556236e-01
3.376010681362725752e+00 3.092054171423672115e-01
3.378515490981964131e+00 3.146811244462147106e-01
3.381020300601202511e+00 3.187008482828874723e-01
3.383525110220440890e+00 3.205811342708920764e-01
3.386029919839679714e+00 3.224694867574062762e-01
3.388534729458918093e+00 3.243628131888612320e-01
3.391039539078156473e+00 3.254398627522478438e-01
3.393544348697394852e+00 3.253565720510773196e-01
3.396049158316633232e+00 3.252524844060806219e-01
3.398553967935872056e+00 3.251265659170634037e-01
3.401058777555110435e+00 3.249158525798397923e-01
3.403563587174348815e+00 3.245986269520795275e-01
3.406068396793587194e+00 3.242665032969642147e-01
3.408573206412826018e+00 3.239187130368593182e-01
3.411078016032064397e+00 3.240430785658003354e-01
3.413582825651302777e+00 3.239143190036560260e-01
3.416087635270541156e+00 3.241331960642034882e-01
3.418592444889779536e+00 3.239740396559056546e-01
3.421097254509018359e+00 3.240227472067947478e-01
3.423602064128256739e+00 3.243448370046184137e-01
3.426106873747495118e+00 3.246603195429901834e-01
3.428611683366733498e+00 3.249758913486686662e-01
3.431116492985972322e+00 3.251871527958555830e-01
3.433621302605210701e+00 3.252551213463743540e-01
3.436126112224449081e+00 3.253060335552706017e-01
3.438630921843687460e+00 3.253413284545489947e-01
3.441135731462925840e+00 3.252460423403273904e-01
3.443640541082164663e+00 3.252531778920489391e-01
3.446145350701403043e+00 3.251642516614109968e-01
3.448650160320641422e+00 3.251829241308991092e-01
3.451154969939879802e+00 3.252579043142256876e-01
3.453659779559118626e+00 3.254038243143100861e-01
3.456164589178357005e+00 3.255604016457526173e-01
3.458669398797595385e+00 3.257243383565846528e-01
3.461174208416833764e+00 3.261356552109431206e-01
3.463679018036072144e+00 3.268264990259872604e-01
3.466183827655310523e+00 3.275243394539429920e-01
3.468688637274549347e+00 3.282271513615933056e-01
3.471193446893787726e+00 3.287328329256491433e-01
3.473698256513026106e+00 3.290218734645272702e-01
3.476203066132264929e+00 3.293971084579832564e-01
3.478707875751503309e+00 3.300085388799758879e-01
3.481212685370741688e+00 3.308953596032904176e-01
3.483717494989980068e+00 3.316364552584745717e-01
3.486222304609218448e+00 3.323752920279431367e-01
3.488727114228456827e+00 3.331082672322073224e-01
3.491231923847695651e+00 3.339265029305725219e-01
3.493736733466934030e+00 3.348329383361939304e-01
3.496241543086172410e+00 3.357322097417829720e-01
3.498746352705411233e+00 3.366243016077737349e-01
3.501251162324649613e+00 3.374412045384255210e-01
3.503755971943887992e+00 3.381812597235671070e-01
3.506260781563126372e+00 3.389130140070263364e-01
3.508765591182364751e+00 3.400364629101615965e-01
3.511270400801603131e+00 3.411923529023098700e-01
3.513775210420841955e+00 3.420032578433579440e-01
3.516280020040080334e+00 3.427989378763765527e-01
3.518784829659318714e+00 3.435861485010769933e-01
3.521289639278557537e+00 3.443058064640983074e-01
3.523794448897795917e+00 3.449585550882264262e-01
3.526299258517034296e+00 3.456107076118324906e-01
3.528804068136272676e+00 3.462618897460071343e-01
3.531308877755511055e+00 3.468685224352878738e-01
3.533813687374749435e+00 3.474364237857685556e-01
3.536318496993988258e+00 3.484106235670313412e-01
3.538823306613226638e+00 3.489793390905814863e-01
3.541328116232465018e+00 3.494437043104937635e-01
3.543832925851703397e+00 3.502097915862404931e-01
3.546337735470942221e+00 3.505919262706009842e-01
3.548842545090180600e+00 3.509795299663077128e-01
3.551347354709418980e+00 3.514777907543867874e-01
3.553852164328657359e+00 3.520788737737602925e-01
3.556356973947895739e+00 3.524205117417559818e-01
3.558861783567134562e+00 3.527718405425001036e-01
3.561366593186372942e+00 3.531813802366811639e-01
3.563871402805611321e+00 3.536380389587858164e-01
3.566376212424849701e+00 3.541024227615006681e-01
3.568881022044088525e+00 3.549407533143095206e-01
3.571385831663326904e+00 3.554234125766962960e-01
3.573890641282565284e+00 3.558222953321095727e-01
3.576395450901803663e+00 3.562261823352478318e-01
3.578900260521042043e+00 3.570315308674124055e-01
3.581405070140280422e+00 3.573949953867519014e-01
3.583909879759519246e+00 3.577257423484392351e-01
3.586414689378757625e+00 3.584771631422456473e-01
3.588919498997996005e+00 3.588106746166756511e-01
3.591424308617234828e+00 3.590926513184700131e-01
3.593929118236473208e+00 3.593360301586612238e-01
3.596433927855711588e+00 3.595806300077673545e-01
3.598938737474949967e+00 3.598290683414796520e-01
3.601443547094188347e+00 3.600594321471934922e-01
3.603948356713426726e+00 3.606700831915812255e-01
3.606453166332665550e+00 3.609053282304212629e-01
3.608957975951903929e+00 3.611202792080490664e-01
3.611462785571142309e+00 3.612871176214655922e-01
3.613967595190381132e+00 3.614197811572444907e-01
3.616472404809619512e+00 3.615523161761984294e-01
3.618977214428857891e+00 3.616847105955928177e-01
3.621482024048096271e+00 3.622127378596489700e-01
3.623986833667334650e+00 3.623351205812627707e-01
3.626491643286573030e+00 3.624591671963249273e-01
3.628996452905811854e+00 3.625825410233013968e-01
3.631501262525050233e+00 3.627616635633374997e-01
3.634006072144288613e+00 3.629770695580225026e-01
3.636510881763527436e+00 3.631924748105121448e-01
3.639015691382765816e+00 3.634082962202697664e-01
3.641520501002004195e+00 3.636782006200381390e-01
3.644025310621242575e+00 3.639819542943209529e-01
3.646530120240480954e+00 3.642835268824888284e-01
3.649034929859719334e+00 3.645979665045179785e-01
3.651539739478958158e+00 3.653641616889273802e-01
3.654044549098196537e+00 3.657553048800067930e-01
3.656549358717434917e+00 3.661414113428287931e-01
3.659054168336673740e+00 3.665225575066067831e-01
3.661558977955912120e+00 3.668368895020691078e-01
3.664063787575150499e+00 3.671118820491124923e-01
3.666568597194388879e+00 3.673818579594433364e-01
3.669073406813627258e+00 3.676746692552471107e-01
3.671578216432865638e+00 3.683695170474306502e-01
3.674083026052104461e+00 3.687112351497661700e-01
3.676587835671342841e+00 3.690455413793166106e-01
3.679092645290581221e+00 3.693741221604555092e-01
3.681597454909820044e+00 3.696951130339218849e-01
3.684102264529058424e+00 3.700111608341867253e-01
3.686607074148296803e+00 3.703205575466636534e-01
3.689111883767535183e+00 3.706262134478539583e-01
3.691616693386773562e+00 3.708115449436130695e-01
3.694121503006011942e+00 3.713587074172496338e-01
3.696626312625250765e+00 3.714752507356963718e-01
3.699131122244489145e+00 3.715912026765639808e-01
3.701635931863727524e+00 3.716629020776531234e-01
3.704140741482965904e+00 3.717122516831562473e-01
3.706645551102204728e+00 3.717653702931691950e-01
3.709150360721443107e+00 3.718211271808579133e-01
3.711655170340681487e+00 3.719388896368227559e-01
3.714159979959919866e+00 3.720891998171075854e-01
3.716664789579158246e+00 3.722379075121036163e-01
3.719169599198397069e+00 3.723875565467166249e-01
3.721674408817635449e+00 3.725419463476664084e-01
3.724179218436873828e+00 3.726990436145050101e-01
3.726684028056112208e+00 3.728577633528999957e-01
3.729188837675351031e+00 3.730161829754898295e-01
3.731693647294589411e+00 3.731764025331847923e-01
3.734198456913827791e+00 3.733365743846198681e-01
3.736703266533066170e+00 3.739253932334961616e-01
3.739208076152304550e+00 3.740738442932554086e-01
3.741712885771542929e+00 3.745612025918595434e-01
3.744217695390781753e+00 3.745867046555136359e-01
3.746722505010020132e+00 3.745975259264954227e-01
3.749227314629258512e+00 3.745955433106576971e-01
3.751732124248497335e+00 3.745784776224839185e-01
3.754236933867735715e+00 3.745448618527737472e-01
3.756741743486974094e+00 3.744927163403480308e-01
3.759246553106212474e+00 3.744198609660610022e-01
3.761751362725450853e+00 3.743278374429587774e-01
3.764256172344689233e+00 3.742177633636781797e-01
3.766760981963928057e+00 3.740917084168930984e-01
3.769265791583166436e+00 3.739510239816247195e-01
3.771770601202404816e+00 3.737862392184562732e-01
3.774275410821643639e+00 3.736015957768651363e-01
3.776780220440882019e+00 3.737404111352137237e-01
3.779285030060120398e+00 3.736269533538637555e-01
3.781789839679358778e+00 3.734897452184253730e-01
3.784294649298597157e+00 3.733807489377090061e-01
3.786799458917835537e+00 3.732702988519873144e-01
3.789304268537074361e+00 3.731594284541713269e-01
3.791809078156312740e+00 3.729150578266114957e-01
3.794313887775551120e+00 3.726294093647588568e-01
3.796818697394789943e+00 3.723613350556124191e-01
3.799323507014028323e+00 3.721084441525326358e-01
3.801828316633266702e+00 3.720247325136140093e-01
3.804333126252505082e+00 3.720162378113007762e-01
3.806837935871743461e+00 3.720291504062892551e-01
3.809342745490981841e+00 3.720719376450726812e-01
3.811847555110220664e+00 3.720697172336115410e-01
3.814352364729459044e+00 3.720701761922968753e-01
3.816857174348697423e+00 3.720979668481351754e-01
3.819361983967936247e+00 3.725762514739020537e-01
3.821866793587174627e+00 3.726546693337140503e-01
3.824371603206413006e+00 3.727598571302409569e-01
3.826876412825651386e+00 3.728862871349091224e-01
3.829381222444889765e+00 3.730297377486228583e-01
3.831886032064128145e+00 3.731797679383347943e-01
3.834390841683366968e+00 3.733298189144340085e-01
3.836895651302605348e+00 3.734750330909434868e-01
3.839400460921843727e+00 3.740267462667304366e-01
3.841905270541082551e+00 3.741463609218311226e-01
3.844410080160320931e+00 3.742412027786918838e-01
3.846914889779559310e+00 3.743067589708969911e-01
3.849419699398797690e+00 3.743337577293048279e-01
3.851924509018036069e+00 3.743071743140630736e-01
3.854429318637274449e+00 3.742312635833838219e-01
3.856934128256513272e+00 3.741022482294620310e-01
3.859438937875751652e+00 3.743437373131261459e-01
3.861943747494990031e+00 3.740945906964969758e-01
3.864448557114228411e+00 3.737746433771272359e-01
3.866953366733467234e+00 3.733818072167109370e-01
3.869458176352705614e+00 3.729214244922287591e-01
3.871962985971943993e+00 3.723828816699288891e-01
3.874467795591182373e+00 3.717770383216912888e-01
3.876972605210420753e+00 3.711036487228647762e-01
3.879477414829659576e+00 3.703682222447315930e-01
3.881982224448897956e+00 3.695901915757991985e-01
3.884487034068136335e+00 3.687674353197421540e-01
3.886991843687374715e+00 3.679100966397238492e-01
3.889496653306613538e+00 3.670224842488318817e-01
3.892001462925851918e+00 3.661018828542964565e-01
3.894506272545090297e+00 3.651579292664129950e-01
3.897011082164328677e+00 3.641994227831898412e-01
3.899515891783567056e+00 3.636380139761419272e-01
3.902020701402805436e+00 3.625708643410849863e-01
3.904525511022044260e+00 3.614771878280196304e-01
3.907030320641282639e+00 3.603704097934787298e-01
3.909535130260521019e+00 3.592423357215835389e-01
3.912039939879759842e+00 3.580958258293632235e-01
3.914544749498998222e+00 3.571185433099959283e-01
3.917049559118236601e+00 3.560335449628370674e-01
3.919554368737474981e+00 3.546728274694215255e-01
3.922059178356713360e+00 3.531868901437325570e-01
3.924563987975951740e+00 3.515338595371310659e-01
3.927068797595190563e+00 3.496682588227838506e-01
3.929573607214428943e+00 3.475392341258245477e-01
3.932078416833667323e+00 3.450779846630944170e-01
3.934583226452906146e+00 3.422168625027394717e-01
3.937088036072144526e+00 3.389448350232573404e-01
3.939592845691382905e+00 3.354831524984568381e-01
3.942097655310621285e+00 3.311731595422092167e-01
3.944602464929859664e+00 3.262426337025018941e-01
3.947107274549098044e+00 3.206253469164066505e-01
3.949612084168336867e+00 3.142743343660538424e-01
3.952116893787575247e+00 3.070637206453845081e-01
3.954621703406813626e+00 2.990855025002523426e-01
3.957126513026052450e+00 2.903557587226853198e-01
3.959631322645290830e+00 2.808971096685096702e-01
3.962136132264529209e+00 2.707590880189256755e-01
3.964640941883767589e+00 2.600003113244630515e-01
3.967145751503005968e+00 2.486977801892978068e-01
3.969650561122244348e+00 2.371108360016874195e-01
3.972155370741483171e+00 2.251022866042126647e-01
3.974660180360721551e+00 2.127713555897895181e-01
3.977164989979959930e+00 2.003582966777640584e-01
3.979669799599198754e+00 1.880809913025885960e-01
3.982174609218437134e+00 1.757042150425701943e-01
3.984679418837675513e+00 1.635316513033936436e-01
3.987184228456913893e+00 1.516594975749168406e-01
3.989689038076152272e+00 1.401621199958734687e-01
3.992193847695390652e+00 1.291085940882789884e-01
3.994698657314629031e+00 1.185526471639211377e-01
3.997203466933867855e+00 1.085347490120534553e-01
3.999708276553106234e+00 9.908348797501609351e-02
4.002213086172345058e+00 9.022963530544123034e-02
4.004717895791583437e+00 8.197983761498155164e-02
4.007222705410821817e+00 7.432267953293869578e-02
4.009727515030060196e+00 6.724677704093257047e-02
4.012232324649298576e+00 6.074926974118449730e-02
4.014737134268536956e+00 5.479331583430057523e-02
4.017241943887775335e+00 4.935192508285057844e-02
4.019746753507014603e+00 4.446365863801734347e-02
4.022251563126252094e+00 4.000951065930036937e-02
4.024756372745491362e+00 3.593005370883465416e-02
4.027261182364729741e+00 3.224307811676772884e-02
4.029765991983968121e+00 2.891831036072019592e-02
4.032270801603206500e+00 2.592507163743533807e-02
4.034775611222444880e+00 2.323368641367786619e-02
4.037280420841683259e+00 2.082803518752596172e-02
4.039785230460921639e+00 1.867067911143423936e-02
4.042290040080160907e+00 1.674097717171516356e-02
4.044794849699398398e+00 1.501307046027781401e-02
4.047299659318637666e+00 1.346774048640681821e-02
4.049804468937876045e+00 1.208439156360426557e-02
4.052309278557114425e+00 1.084570578010572717e-02
4.054814088176352804e+00 9.742610568051609729e-03
4.057318897795591184e+00 8.756754684997048940e-03
4.059823707414829563e+00 7.874728764981244258e-03
4.062328517034067943e+00 7.093735539506863114e-03
4.064833326653307211e+00 6.386763523370206710e-03
4.067338136272544702e+00 5.753702672171639824e-03
4.069842945891783970e+00 5.188509260729978409e-03
4.072347755511022349e+00 4.686650663214698108e-03
4.074852565130260729e+00 4.238545937346607263e-03
4.077357374749499108e+00 3.834555847094940541e-03
4.079862184368737488e+00 3.472893284130709312e-03
4.082366993987975867e+00 3.147058061903279698e-03
4.084871803607214247e+00 2.854671487115331609e-03
4.087376613226453514e+00 2.591243603432074726e-03
4.089881422845691006e+00 2.353469831980026499e-03
4.092386232464930274e+00 2.139999686611879833e-03
4.094891042084168653e+00 1.948382913815175244e-03
4.097395851703407033e+00 1.776498782810240944e-03
4.099900661322645412e+00 1.621407978998476310e-03
4.102405470941883792e+00 1.481211075242149173e-03
4.104910280561122171e+00 1.355910749550215616e-03
4.107415090180360551e+00 1.241085694341203301e-03
4.109919899799599818e+00 1.137145029579615012e-03
4.112424709418837310e+00 1.044004833754800946e-03
4.114929519038076577e+00 9.593104247522999577e-04
4.117434328657314957e+00 8.823048013594170713e-04
4.119939138276553336e+00 8.132380638418290489e-04
4.122443947895791716e+00 7.494856384736756603e-04
4.124948757515030096e+00 6.912366679825033156e-04
4.127453567134268475e+00 6.380501862281052344e-04
4.129958376753506855e+00 5.894543544652507691e-04
4.132463186372746122e+00 5.451235185707561113e-04
4.134967995991983614e+00 5.055648632264740389e-04
4.137472805611222881e+00 4.692018667166281912e-04
4.139977615230461261e+00 4.365229962896258371e-04
4.142482424849699640e+00 4.053870060092644835e-04
4.144987234468938020e+00 3.762062787517925591e-04
4.147492044088176399e+00 3.502238738538143259e-04
4.149996853707414779e+00 3.269804105593295787e-04
4.152501663326653158e+00 3.057882644569919839e-04
4.155006472945891538e+00 2.868982044626665817e-04
4.157511282565129918e+00 2.677813040275138609e-04
4.160016092184369185e+00 2.502492173260049795e-04
4.162520901803607565e+00 2.343992187196804048e-04
4.165025711422845944e+00 2.195263315148910039e-04
4.167530521042084324e+00 2.065478522379843524e-04
4.170035330661322703e+00 1.951056440412456778e-04
4.172540140280561083e+00 1.843054752568411563e-04
4.175044949899799462e+00 1.740013711834992370e-04
4.177549759519037842e+00 1.646487568009685320e-04
4.180054569138276221e+00 1.559046656932478435e-04
4.182559378757515489e+00 1.473259567589659338e-04
4.185064188376753869e+00 1.394104268992177125e-04
4.187568997995992248e+00 1.325707452084903880e-04
4.190073807615230628e+00 1.257018107140681789e-04
4.192578617234469007e+00 1.195919393133440664e-04
4.195083426853707387e+00 1.140379979076258014e-04
4.197588236472945766e+00 1.087275853340392585e-04
4.200093046092184146e+00 1.034324420113142773e-04
4.202597855711422525e+00 9.863838886128380352e-05
4.205102665330661793e+00 9.435124063370570213e-05
4.207607474949900173e+00 9.098141824974197102e-05
4.210112284569138552e+00 8.804629588783267164e-05
4.212617094188376932e+00 8.603944233201657617e-05
4.215121903807615311e+00 8.371624883775204910e-05
4.217626713426853691e+00 8.108183116211098451e-05
4.220131523046092070e+00 7.851917922742539311e-05
4.222636332665330450e+00 7.607690741751896790e-05
4.225141142284568829e+00 7.300178371763046666e-05
4.227645951903808097e+00 7.038629307287548403e-05
4.230150761523046476e+00 6.816888051572133180e-05
4.232655571142284856e+00 6.654807036594496419e-05
4.235160380761523236e+00 6.479341783647044831e-05
4.237665190380761615e+00 6.346997461284306489e-05
4.240169999999999995e+00 6.076481921916255499e-05
