2.990275099999999853e+00 8.160208148173117505e-05
2.992779887975951958e+00 9.311887174701417315e-05
2.995284675951903619e+00 1.061717547201127915e-04
2.997789463927855724e+00 1.199969980511733170e-04
3.000294251903807385e+00 1.362920767392245013e-04
3.002799039879759491e+00 1.546955028401599680e-04
3.005303827855711152e+00 1.743787619250160162e-04
3.007808615831663257e+00 1.977620995090239675e-04
3.010313403807614918e+00 2.236570869733966820e-04
3.012818191783567023e+00 2.528251271800766703e-04
3.015322979759518685e+00 2.861303392616891083e-04
3.017827767735470790e+00 3.232191924468694991e-04
3.020332555711422895e+00 3.644094628806092222e-04
3.022837343687374556e+00 4.102665158792983234e-04
3.025342131663326661e+00 4.616626534087475719e-04
3.027846919639278322e+00 5.191715112135441733e-04
3.030351707615230428e+00 5.855008156180044245e-04
3.032856495591182089e+00 6.612035135785582262e-04
3.035361283567134194e+00 7.474728957137729028e-04
3.037866071543085855e+00 8.470882615972258334e-04
3.040370859519037960e+00 9.604074587135294364e-04
3.042875647494989622e+00 1.092218433981234030e-03
3.045380435470941727e+00 1.245743629373979693e-03
3.047885223446893832e+00 1.423231023767925407e-03
3.050390011422845493e+00 1.630595745218678524e-03
3.052894799398797598e+00 1.868131763272472441e-03
3.055399587374749260e+00 2.144863968998960389e-03
3.057904375350701365e+00 2.469306092161362848e-03
3.060409163326653026e+00 2.850477678142769936e-03
3.062913951302605131e+00 3.303598279051535823e-03
3.065418739278556792e+00 3.838627960963568540e-03
3.067923527254508897e+00 4.470152433067701297e-03
3.070428315230461003e+00 5.214910840284778075e-03
3.072933103206412664e+00 6.083261532781202366e-03
3.075437891182364769e+00 7.105121534315910793e-03
3.077942679158316430e+00 8.321743013058043731e-03
3.080447467134268535e+00 9.760279069231641430e-03
3.082952255110220197e+00 1.147281683239476970e-02
3.085457043086172302e+00 1.349967377749092257e-02
3.087961831062123963e+00 1.589222734062966519e-02
3.090466619038076068e+00 1.870694580855817440e-02
3.092971407014027729e+00 2.201598109762554351e-02
3.095476194989979835e+00 2.596016309437243139e-02
3.097980982965931496e+00 3.054477722371236673e-02
3.100485770941883601e+00 3.586806854812728956e-02
3.102990558917835706e+00 4.199152343685329247e-02
3.105495346893787367e+00 4.905584696637804720e-02
3.108000134869739473e+00 5.714520351438096696e-02
3.110504922845691134e+00 6.636255941237524658e-02
3.113009710821643239e+00 7.679163694646984339e-02
3.115514498797594900e+00 8.844908003427415233e-02
3.118019286773547005e+00 1.013493206744769393e-01
3.120524074749498666e+00 1.155816923783219291e-01
3.123028862725450772e+00 1.310803967698549732e-01
3.125533650701402877e+00 1.474366558935626959e-01
3.128038438677354538e+00 1.647220475473570311e-01
3.130543226653306643e+00 1.825995465577484322e-01
3.133048014629258304e+00 2.005755759587149190e-01
3.135552802605210410e+00 2.184808105328101269e-01
3.138057590581162071e+00 2.361591485958183245e-01
3.140562378557114176e+00 2.532397838191760564e-01
3.143067166533065837e+00 2.694774643657926738e-01
3.145571954509017942e+00 2.844863133137153222e-01
3.148076742484969603e+00 2.984381174066793041e-01
3.150581530460921709e+00 3.105609361579608763e-01
3.153086318436873814e+00 3.209450616045474436e-01
3.155591106412825475e+00 3.297374580626858398e-01
3.158095894388777580e+00 3.371366052430422866e-01
3.160600682364729241e+00 3.432733934549862531e-01
3.163105470340681347e+00 3.479670868592679156e-01
3.165610258316633008e+00 3.517622929008078492e-01
3.168115046292585113e+00 3.548434618003128427e-01
3.170619834268536774e+00 3.574940264992039762e-01
3.173124622244488879e+00 3.603690798357441771e-01
3.175629410220440541e+00 3.626108187922336690e-01
3.178134198196392646e+00 3.645979761560718679e-01
3.180638986172344751e+00 3.663984141344156509e-01
3.183143774148296412e+00 3.679755081467229183e-01
3.185648562124248517e+00 3.694924536136071636e-01
3.188153350100200178e+00 3.709684927392554732e-01
3.190658138076152284e+00 3.725618890956762241e-01
3.193162926052103945e+00 3.740065528013669649e-01
3.195667714028056050e+00 3.754791292509809808e-01
3.198172502004007711e+00 3.773921521968288117e-01
3.200677289979959816e+00 3.788602725240582947e-01
3.203182077955911922e+00 3.803084650908254427e-01
3.205686865931863583e+00 3.817389949522955739e-01
3.208191653907815688e+00 3.830634688589953929e-01
3.210696441883767349e+00 3.844001369446787275e-01
3.213201229859719454e+00 3.852109839493631505e-01
3.215706017835671116e+00 3.865484552884290159e-01
3.218210805811623221e+00 3.877214849476349201e-01
3.220715593787574882e+00 3.890643532601016363e-01
3.223220381763526987e+00 3.910399781014551879e-01
3.225725169739478648e+00 3.925826629526980027e-01
3.228229957715430753e+00 3.941112381827305278e-01
3.230734745691382415e+00 3.955099024902111182e-01
3.233239533667334520e+00 3.966151198960400359e-01
3.235744321643286625e+00 3.978046733911517197e-01
3.238249109619238286e+00 3.988934544167626051e-01
3.240753897595190391e+00 3.999402356872849840e-01
3.243258685571142053e+00 4.009289586566657793e-01
3.245763473547094158e+00 4.025092356456151932e-01
3.248268261523045819e+00 4.036116824606428843e-01
3.250773049498997924e+00 4.047720694751025805e-01
3.253277837474949585e+00 4.059344923075679512e-01
3.255782625450901691e+00 4.070743432415774299e-01
3.258287413426853796e+00 4.083630104247994441e-01
3.260792201402805457e+00 4.096094500756894408e-01
3.263296989378757562e+00 4.107048522435146620e-01
3.265801777354709223e+00 4.116898581737518659e-01
3.268306565330661329e+00 4.132462171168211906e-01
3.270811353306612990e+00 4.143104275735731146e-01
3.273316141282565095e+00 4.152455656912313331e-01
3.275820929258516756e+00 4.159963187817151686e-01
3.278325717234468861e+00 4.168269582826445996e-01
3.280830505210420966e+00 4.178419287489523737e-01
3.283335293186372628e+00 4.188851164427862539e-01
3.285840081162324289e+00 4.198127373378588989e-01
3.288344869138276394e+00 4.207188706019426294e-01
3.290849657114228499e+00 4.222275911355312106e-01
3.293354445090180160e+00 4.232947169505010820e-01
3.295859233066132266e+00 4.244140377814972220e-01
3.298364021042083927e+00 4.255038917427187428e-01
3.300868809018036032e+00 4.265386690630768585e-01
3.303373596993987693e+00 4.275054469707931237e-01
3.305878384969939798e+00 4.285143698967148196e-01
3.308383172945891459e+00 4.294476543543520042e-01
3.310887960921843565e+00 4.303700990785032099e-01
3.313392748897795670e+00 4.318033582309416252e-01
3.315897536873747331e+00 4.328183311563920110e-01
3.318402324849699436e+00 4.337309103290346579e-01
3.320907112825651097e+00 4.345770478870357167e-01
3.323411900801603203e+00 4.354985240278322345e-01
3.325916688777554864e+00 4.363530642263829251e-01
3.328421476753506969e+00 4.372444497460292734e-01
3.330926264729458630e+00 4.377716810693546567e-01
3.333431052705410735e+00 4.374475712451575959e-01
3.335935840681362841e+00 4.378107970943834748e-01
3.338440628657314502e+00 4.375109904703811115e-01
3.340945416633266163e+00 4.365138716887939641e-01
3.343450204609218268e+00 4.341245109519447642e-01
3.345954992585170373e+00 4.315786333785829321e-01
3.348459780561122034e+00 4.289488582193533017e-01
3.350964568537074140e+00 4.251455709498561109e-01
3.353469356513025801e+00 4.190392237361346139e-01
3.355974144488977906e+00 4.126826609231709631e-01
3.358478932464929567e+00 4.064707942797022300e-01
3.360983720440881672e+00 4.030301957510029065e-01
3.363488508416833334e+00 4.039891886020361977e-01
3.365993296392785439e+00 4.048859012185874184e-01
3.368498084368737544e+00 4.057100017928546576e-01
3.371002872344689205e+00 4.091485436951289301e-01
3.373507660320641310e+00 4.172025446783908520e-01
3.376012448296592972e+00 4.247366893416947287e-01
3.378517236272545077e+00 4.321233481371148377e-01
3.381022024248496738e+00 4.373373204423947058e-01
3.383526812224448843e+00 4.397728034103347006e-01
3.386031600200400504e+00 4.421810642320936902e-01
3.388536388176352609e+00 4.444367086947992318e-01
3.391041176152304715e+00 4.457945383432476150e-01
3.393545964128256376e+00 4.455072749676906585e-01
3.396050752104208481e+00 4.450865433069066679e-01
3.398555540080160142e+00 4.448139082207342443e-01
3.401060328056112247e+00 4.443424397790642910e-01
3.403565116032063909e+00 4.438235776427241208e-01
3.406069904008016014e+00 4.431087111859424166e-01
3.408574691983967675e+00 4.425665181205543641e-01
3.411079479959919780e+00 4.427262921041408839e-01
3.413584267935871441e+00 4.425138458540205377e-01
3.416089055911823547e+00 4.425722839280301635e-01
3.418593843887775208e+00 4.420938915480304710e-01
3.421098631863727313e+00 4.420107060167520197e-01
3.423603419839679418e+00 4.423212432487567125e-01
3.426108207815631079e+00 4.427971774074185851e-01
3.428612995791583185e+00 4.431018239497546141e-01
3.431117783767534846e+00 4.431781884908074787e-01
3.433622571743486951e+00 4.431218760109584265e-01
3.436127359719438612e+00 4.432802096323126828e-01
3.438632147695390717e+00 4.434188578966397620e-01
3.441136935671342378e+00 4.433001949127592378e-01
3.443641723647294484e+00 4.431180402586730183e-01
3.446146511623246589e+00 4.427869928064980254e-01
3.448651299599198250e+00 4.427769554183398903e-01
3.451156087575150355e+00 4.429682340084559189e-01
3.453660875551102016e+00 4.430940007777813827e-01
3.456165663527054122e+00 4.431120319143457276e-01
3.458670451503005783e+00 4.431504780800654686e-01
3.461175239478957888e+00 4.436500037949822062e-01
3.463680027454909549e+00 4.446291802859134168e-01
3.466184815430861654e+00 4.455914640728484422e-01
3.468689603406813760e+00 4.463693132302592459e-01
3.471194391382765421e+00 4.468230376323517050e-01
3.473699179358717082e+00 4.472233143839546288e-01
3.476203967334669187e+00 4.477255409991238722e-01
3.478708755310621292e+00 4.484719320565022649e-01
3.481213543286572953e+00 4.495544470155486971e-01
3.483718331262525059e+00 4.503789826500505522e-01
3.486223119238476720e+00 4.513333241286759390e-01
3.488727907214428825e+00 4.523158596149916000e-01
3.491232695190380930e+00 4.533485611183896147e-01
3.493737483166332591e+00 4.544202858066828110e-01
3.496242271142284253e+00 4.554602930878718370e-01
3.498747059118236358e+00 4.565785333058595685e-01
3.501251847094188463e+00 4.576459434422365247e-01
3.503756635070140124e+00 4.586622375386291695e-01
3.506261423046092229e+00 4.595617619259750875e-01
3.508766211022043890e+00 4.610123932892908893e-01
3.511270998997995996e+00 4.625589522143419008e-01
3.513775786973947657e+00 4.635195793632564953e-01
3.516280574949899762e+00 4.647222439401313410e-01
3.518785362925851423e+00 4.659511180958660903e-01
3.521290150901803528e+00 4.668477240560383601e-01
3.523794938877755634e+00 4.676247456838114602e-01
3.526299726853707295e+00 4.686788022124495079e-01
3.528804514829658956e+00 4.696775662198161005e-01
3.531309302805611061e+00 4.704461747744170252e-01
3.533814090781563166e+00 4.711211872104673071e-01
3.536318878757514828e+00 4.723152381519641341e-01
3.538823666733466933e+00 4.731025500225561342e-01
3.541328454709418594e+00 4.738422651462107504e-01
3.543833242685370699e+00 4.748355611209428839e-01
3.546338030661322804e+00 4.753507865555951506e-01
3.548842818637274465e+00 4.757783947208810704e-01
3.551347606613226127e+00 4.764168262334846360e-01
3.553852394589178232e+00 4.772786023454277382e-01
3.556357182565130337e+00 4.777364471745994545e-01
3.558861970541081998e+00 4.780756446681933558e-01
3.561366758517034103e+00 4.784865965582202341e-01
3.563871546492985765e+00 4.790821427268101562e-01
3.566376334468937870e+00 4.797110578977459849e-01
3.568881122444889531e+00 4.809649702766977675e-01
3.571385910420841636e+00 4.815814023363516605e-01
3.573890698396793297e+00 4.819998445917229035e-01
3.576395486372745403e+00 4.824820106390833030e-01
3.578900274348697508e+00 4.836776969618293842e-01
3.581405062324649169e+00 4.842319358961106324e-01
3.583909850300600830e+00 4.846525284229877273e-01
3.586414638276552935e+00 4.855581394547915375e-01
3.588919426252505041e+00 4.859868424972473289e-01
3.591424214228456702e+00 4.862630682394972759e-01
3.593929002204408807e+00 4.866210175804063232e-01
3.596433790180360468e+00 4.870071128217747236e-01
3.598938578156312573e+00 4.872981168499769256e-01
3.601443366132264678e+00 4.874940574427678586e-01
3.603948154108216340e+00 4.884079847999845958e-01
3.606452942084168001e+00 4.888059088660139384e-01
3.608957730060120106e+00 4.890421877741374934e-01
3.611462518036072211e+00 4.893034915041353794e-01
3.613967306012023872e+00 4.894985724779782332e-01
3.616472093987975978e+00 4.896501407849043752e-01
3.618976881963927639e+00 4.897901206405738672e-01
3.621481669939879744e+00 4.905370912584436915e-01
3.623986457915831405e+00 4.907393020844402765e-01
3.626491245891783510e+00 4.910173530941564501e-01
3.628996033867735171e+00 4.911396422907740034e-01
3.631500821843687277e+00 4.912843634652792613e-01
3.634005609819639382e+00 4.916968410163339853e-01
3.636510397795591043e+00 4.921198180207060346e-01
3.639015185771543148e+00 4.924125545998785380e-01
3.641519973747494809e+00 4.926434890128060240e-01
3.644024761723446915e+00 4.931011790241948689e-01
3.646529549699398576e+00 4.935916239571799258e-01
3.649034337675350681e+00 4.940255643756721882e-01
3.651539125651302342e+00 4.952480103483379859e-01
3.654043913627254447e+00 4.958183531779945530e-01
3.656548701603206553e+00 4.962075283343702070e-01
3.659053489579158214e+00 4.966355305905362227e-01
3.661558277555109875e+00 4.970397987892329339e-01
3.664063065531061980e+00 4.975847114913613534e-01
3.666567853507014085e+00 4.980848400788150943e-01
3.669072641482965746e+00 4.984450180679949605e-01
3.671577429458917852e+00 4.992849107000023046e-01
3.674082217434869513e+00 4.997499000975631489e-01
3.676587005410821618e+00 5.003128214586237688e-01
3.679091793386773723e+00 5.007738409766955279e-01
3.681596581362725384e+00 5.011947535244818397e-01
3.684101369338677046e+00 5.016394076695938065e-01
3.686606157314629151e+00 5.019698087201963643e-01
3.689110945290581256e+00 5.022926836649043159e-01
3.691615733266532917e+00 5.026053713546561053e-01
3.694120521242485022e+00 5.034922368591943087e-01
3.696625309218436684e+00 5.037123666808468458e-01
3.699130097194388789e+00 5.038549560100982205e-01
3.701634885170340450e+00 5.039449361038629283e-01
3.704139673146292555e+00 5.041600821031100299e-01
3.706644461122244216e+00 5.043330508732074557e-01
3.709149249098196321e+00 5.045478923502475510e-01
3.711654037074148427e+00 5.048375335522804486e-01
3.714158825050100088e+00 5.050213979294431166e-01
3.716663613026051749e+00 5.051995782313336569e-01
3.719168401002003854e+00 5.055560885191260345e-01
3.721673188977955959e+00 5.058827116582543804e-01
3.724177976953907621e+00 5.062210858960937143e-01
3.726682764929859726e+00 5.065931647357528878e-01
3.729187552905811387e+00 5.068588044357286160e-01
3.731692340881763492e+00 5.070848659646192136e-01
3.734197128857715597e+00 5.073232557244079510e-01
3.736701916833667259e+00 5.082488226053781810e-01
3.739206704809618920e+00 5.085469643896466385e-01
3.741711492785571025e+00 5.092719425028756630e-01
3.744216280761523130e+00 5.093440807580188467e-01
3.746721068737474791e+00 5.094515861548625235e-01
3.749225856713426897e+00 5.095199981931735067e-01
3.751730644689378558e+00 5.096929226790145595e-01
3.754235432665330663e+00 5.097831481224064376e-01
3.756740220641282324e+00 5.097722766725134580e-01
3.759245008617234429e+00 5.096926394756283729e-01
3.761749796593186090e+00 5.095484879467617745e-01
3.764254584569138196e+00 5.095087542771050693e-01
3.766759372545090301e+00 5.095338100084222388e-01
3.769264160521041962e+00 5.094699078866975483e-01
3.771768948496993623e+00 5.093259548564749162e-01
3.774273736472945728e+00 5.091171174036810410e-01
3.776778524448897834e+00 5.093620812848455026e-01
3.779283312424849495e+00 5.092394693659787475e-01
3.781788100400801600e+00 5.090690095902045131e-01
3.784292888376753261e+00 5.090880842265291806e-01
3.786797676352705366e+00 5.090214130468908582e-01
3.789302464328657472e+00 5.088577241393760220e-01
3.791807252304609133e+00 5.086073805568468442e-01
3.794312040280560794e+00 5.082233823201778300e-01
3.796816828256512899e+00 5.079722702970882464e-01
3.799321616232465004e+00 5.078905816880339152e-01
3.801826404208416665e+00 5.077781089628596867e-01
3.804331192184368771e+00 5.078409350530038724e-01
3.806835980160320432e+00 5.078163512920913503e-01
3.809340768136272537e+00 5.077104516496095954e-01
3.811845556112224642e+00 5.078201382288550780e-01
3.814350344088176303e+00 5.080323103703262566e-01
3.816855132064127964e+00 5.081740732143328332e-01
3.819359920040080070e+00 5.088664613559032990e-01
3.821864708016032175e+00 5.089523995841641613e-01
3.824369495991983836e+00 5.091238875394374919e-01
3.826874283967935941e+00 5.094234804164982089e-01
3.829379071943887602e+00 5.096037311198901021e-01
3.831883859919839708e+00 5.098441005808760362e-01
3.834388647895791369e+00 5.100667205518252256e-01
3.836893435871743474e+00 5.103393536697741206e-01
3.839398223847695135e+00 5.110370066859732940e-01
3.841903011823647240e+00 5.112456399464352375e-01
3.844407799799599346e+00 5.115994566678622180e-01
3.846912587775551007e+00 5.118986844135866576e-01
3.849417375751502668e+00 5.120114362431813504e-01
3.851922163727454773e+00 5.118875575659399546e-01
3.854426951703406878e+00 5.116226450261863734e-01
3.856931739679358540e+00 5.115222143239355201e-01
3.859436527655310645e+00 5.120332638590181507e-01
3.861941315631262306e+00 5.117146299110141294e-01
3.864446103607214411e+00 5.112452366195917586e-01
3.866950891583166516e+00 5.107386268255780237e-01
3.869455679559118177e+00 5.100897626622316050e-01
3.871960467535069839e+00 5.094323169376947513e-01
3.874465255511021944e+00 5.086826545154472523e-01
3.876970043486974049e+00 5.079038334599553783e-01
3.879474831462925710e+00 5.068753913590018367e-01
3.881979619438877815e+00 5.058002231478949673e-01
3.884484407414829477e+00 5.047752719080889072e-01
3.886989195390781582e+00 5.035428836453115231e-01
3.889493983366733243e+00 5.023063459018626276e-01
3.891998771342685348e+00 5.010971400907681117e-01
3.894503559318637009e+00 4.998751371341659255e-01
3.897008347294589115e+00 4.985389671808024836e-01
3.899513135270541220e+00 4.977921975424442480e-01
3.902017923246492881e+00 4.963667176760624411e-01
3.904522711222444542e+00 4.949476526534551390e-01
3.907027499198396647e+00 4.937796850044959829e-01
3.909532287174348753e+00 4.925598981817476130e-01
3.912037075150300414e+00 4.911701404252176717e-01
3.914541863126252519e+00 4.899374543450329411e-01
3.917046651102204180e+00 4.885283491431242076e-01
3.919551439078156285e+00 4.867318100577331941e-01
3.922056227054108390e+00 4.849251615771894564e-01
3.924561015030060052e+00 4.829550950112183605e-01
3.927065803006011713e+00 4.805885453795502582e-01
3.929570590981963818e+00 4.777292718116554204e-01
3.932075378957915923e+00 4.743976653545832201e-01
3.934580166933867584e+00 4.706090974289563467e-01
3.937084954909819690e+00 4.661297585563206614e-01
3.939589742885771351e+00 4.615785168458304555e-01
3.942094530861723456e+00 4.558937479822301464e-01
3.944599318837675117e+00 4.492905795937791602e-01
3.947104106813627222e+00 4.416433901326337619e-01
3.949608894789578883e+00 4.328777881632430713e-01
3.952113682765530989e+00 4.230102514206225406e-01
3.954618470741483094e+00 4.121475756988120520e-01
3.957123258717434755e+00 4.002560904254210961e-01
3.959628046693386860e+00 3.873457138629796681e-01
3.962132834669338521e+00 3.735409124268111447e-01
3.964637622645290627e+00 3.588449813368624342e-01
3.967142410621242288e+00 3.432586992383222513e-01
3.969647198597194393e+00 3.272955221481304022e-01
3.972151986573146054e+00 3.108831113984731331e-01
3.974656774549098159e+00 2.939926503094306143e-01
3.977161562525050265e+00 2.769489867509743464e-01
3.979666350501001926e+00 2.600144613190552567e-01
3.982171138476953587e+00 2.429376015653072762e-01
3.984675926452905692e+00 2.261271333839477427e-01
3.987180714428857797e+00 2.097862213040106172e-01
3.989685502404809458e+00 1.939916923050675202e-01
3.992190290380761564e+00 1.787790224509341330e-01
3.994695078356713225e+00 1.642060392489442244e-01
3.997199866332665330e+00 1.503529617043552757e-01
3.999704654308617435e+00 1.372744002544400432e-01
4.002209442284568652e+00 1.250150106515616477e-01
4.004714230260520758e+00 1.135986617044794089e-01
4.007219018236472863e+00 1.030513358903462212e-01
4.009723806212424968e+00 9.330595948881242885e-02
4.012228594188377073e+00 8.432842224546945042e-02
4.014733382164328290e+00 7.606201219328927177e-02
4.017238170140280396e+00 6.852239852816560672e-02
4.019742958116232501e+00 6.175431185493632930e-02
4.022247746092184606e+00 5.559225122069386127e-02
4.024752534068136711e+00 4.994354102776153714e-02
4.027257322044087928e+00 4.482936801706927099e-02
4.029762110020040033e+00 4.021138885861638701e-02
4.032266897995992139e+00 3.605433548845472097e-02
4.034771685971943356e+00 3.232028509359562152e-02
4.037276473947895461e+00 2.898521995056096631e-02
4.039781261923847566e+00 2.599346902689068928e-02
4.042286049899799671e+00 2.331498535840642941e-02
4.044790837875751777e+00 2.091327336900563119e-02
4.047295625851702994e+00 1.876364368500658963e-02
4.049800413827655099e+00 1.684243224811202144e-02
4.052305201803607204e+00 1.511780837674987776e-02
4.054809989779559309e+00 1.358228289320327110e-02
4.057314777755511415e+00 1.221496987513849032e-02
4.059819565731462632e+00 1.099046212494746849e-02
4.062324353707414737e+00 9.901984442355423952e-03
4.064829141683366842e+00 8.918379106892929120e-03
4.067333929659318059e+00 8.034530280825879708e-03
4.069838717635270164e+00 7.244785904499195274e-03
4.072343505611222270e+00 6.547170923912118412e-03
4.074848293587174375e+00 5.926028240953360414e-03
4.077353081563126480e+00 5.363201626596458479e-03
4.079857869539077697e+00 4.856952275731771934e-03
4.082362657515029802e+00 4.402556126407252031e-03
4.084867445490981908e+00 3.993720946688627746e-03
4.087372233466934013e+00 3.624929394000369481e-03
4.089877021442886118e+00 3.294154932663157734e-03
4.092381809418837335e+00 2.996945354906996144e-03
4.094886597394789440e+00 2.729582564921768581e-03
4.097391385370741546e+00 2.488842605708357827e-03
4.099896173346693651e+00 2.271607384524729472e-03
4.102400961322645756e+00 2.075469543218636231e-03
4.104905749298596973e+00 1.900689164762825239e-03
4.107410537274549078e+00 1.740850741299942170e-03
4.109915325250501184e+00 1.595606982152937602e-03
4.112420113226452401e+00 1.465036543405649327e-03
4.114924901202404506e+00 1.346499996271005280e-03
4.117429689178356611e+00 1.239033077773836911e-03
4.119934477154308716e+00 1.142583322075187667e-03
4.122439265130260821e+00 1.053313125676444461e-03
4.124944053106212039e+00 9.716163058006163991e-04
4.127448841082164144e+00 8.970351789611742416e-04
4.129953629058116249e+00 8.289583510618308377e-04
4.132458417034068354e+00 7.668341938538084232e-04
4.134963205010020459e+00 7.113832230927696291e-04
4.137467992985971676e+00 6.603539703670185338e-04
4.139972780961923782e+00 6.144631283132856578e-04
4.142477568937875887e+00 5.708421934419826002e-04
4.144982356913827104e+00 5.300373605570027867e-04
4.147487144889779209e+00 4.935810849256272838e-04
4.149991932865731314e+00 4.609363641304258506e-04
4.152496720841683420e+00 4.312145263506082489e-04
4.155001508817635525e+00 4.047279274417960124e-04
4.157506296793586742e+00 3.777932733590336168e-04
4.160011084769538847e+00 3.531143053684182901e-04
4.162515872745490952e+00 3.309351695178701478e-04
4.165020660721443058e+00 3.100940006199808083e-04
4.167525448697395163e+00 2.917951484151363214e-04
4.170030236673346380e+00 2.756501513722925813e-04
4.172535024649298485e+00 2.604410150056908992e-04
4.175039812625250590e+00 2.459196192706455475e-04
4.177544600601201807e+00 2.327534369962139130e-04
4.180049388577154801e+00 2.204696755591212774e-04
4.182554176553106018e+00 2.083983231214645276e-04
4.185058964529058123e+00 1.972725277918672493e-04
4.187563752505010228e+00 1.876753035110317587e-04
4.190068540480961445e+00 1.780255361552904975e-04
4.192573328456913551e+00 1.693808414287669751e-04
4.195078116432865656e+00 1.615450189615782919e-04
4.197582904408817761e+00 1.540888954102287163e-04
4.200087692384769866e+00 1.466220552020190964e-04
4.202592480360721083e+00 1.398769055300519708e-04
4.205097268336673189e+00 1.338388194869485437e-04
4.207602056312625294e+00 1.291052677468953927e-04
4.210106844288577399e+00 1.249613982849786316e-04
4.212611632264529504e+00 1.221685421599815954e-04
4.215116420240480721e+00 1.189359060568112965e-04
4.217621208216432827e+00 1.152148027185777502e-04
4.220125996192384932e+00 1.116014502506004389e-04
4.222630784168336149e+00 1.081625949285880547e-04
4.225135572144288254e+00 1.038266040307583317e-04
4.227640360120240359e+00 1.001428125106669200e-04
4.230145148096192464e+00 9.701130255859747589e-05
4.232649936072144570e+00 9.472190910292357295e-05
4.235154724048095787e+00 9.224556449069871370e-05
4.237659512024047892e+00 9.037880388766354322e-05
4.240164299999999997e+00 8.652261199475189579e-05
