2.375510600000000139e+00 1.030181437511062150e-04
2.376078591983968202e+00 1.205992258954466644e-04
2.376646583967935822e+00 1.382098538130509724e-04
2.377214575951903885e+00 1.568333828590967149e-04
2.377782567935871949e+00 1.756077369715281704e-04
2.378350559919840013e+00 1.995371256203341327e-04
2.378918551903807632e+00 2.250299809266666793e-04
2.379486543887775696e+00 2.553309585842619450e-04
2.380054535871743759e+00 2.881934774695213419e-04
2.380622527855711379e+00 3.250226182217646402e-04
2.381190519839679443e+00 3.651191413732132241e-04
2.381758511823647506e+00 4.091904439066782113e-04
2.382326503807615570e+00 4.587761402150137939e-04
2.382894495791583189e+00 5.121902457353519214e-04
2.383462487775551253e+00 5.739884592071306480e-04
2.384030479759519316e+00 6.389692748701109124e-04
2.384598471743486936e+00 7.166842436209539067e-04
2.385166463727455000e+00 7.958870030226396523e-04
2.385734455711423063e+00 8.915966777405468771e-04
2.386302447695391127e+00 9.872486248694932031e-04
2.386870439679358746e+00 1.109459724469378942e-03
2.387438431663326810e+00 1.233047542015144708e-03
2.388006423647294874e+00 1.383922268075817941e-03
2.388574415631262493e+00 1.538486416503611048e-03
2.389142407615230557e+00 1.724356981891104253e-03
2.389710399599198620e+00 1.921115423452769092e-03
2.390278391583166240e+00 2.151815842192661594e-03
2.390846383567134303e+00 2.402710699187690126e-03
2.391414375551102367e+00 2.689761362696278107e-03
2.391982367535070431e+00 3.011159982779523792e-03
2.392550359519038050e+00 3.371370382343417613e-03
2.393118351503006114e+00 3.790063570414253357e-03
2.393686343486974177e+00 4.244202136339201084e-03
2.394254335470941797e+00 4.788850618768687208e-03
2.394822327454909860e+00 5.364459247852068971e-03
2.395390319438877924e+00 6.078136376393095987e-03
2.395958311422845988e+00 6.803660926372421050e-03
2.396526303406813607e+00 7.746391014680375012e-03
2.397094295390781671e+00 8.689639980414866349e-03
2.397662287374749734e+00 9.922686424920237891e-03
2.398230279358717354e+00 1.117490901655981278e-02
2.398798271342685418e+00 1.277024222077569569e-02
2.399366263326653481e+00 1.443908533588959299e-02
2.399934255310621545e+00 1.649912734479355714e-02
2.400502247294589164e+00 1.871859073432306092e-02
2.401070239278557228e+00 2.137160224819518659e-02
2.401638231262525291e+00 2.431867552245950415e-02
2.402206223246492911e+00 2.772277212141873240e-02
2.402774215230460975e+00 3.161697934859099973e-02
2.403342207214429038e+00 3.595325140078253073e-02
2.403910199198397102e+00 4.104422632196700477e-02
2.404478191182364721e+00 4.651083016972595158e-02
2.405046183166332785e+00 5.306649069151133519e-02
2.405614175150300849e+00 5.986753025912079640e-02
2.406182167134268468e+00 6.813290058921540882e-02
2.406750159118236532e+00 7.645679673475078153e-02
2.407318151102204595e+00 8.661290110590803837e-02
2.407886143086172659e+00 9.678221575455364656e-02
2.408454135070140278e+00 1.087045680671391429e-01
2.409022127054108342e+00 1.208120559513853887e-01
2.409590119038076406e+00 1.342930008032357792e-01
2.410158111022044025e+00 1.481391171431341303e-01
2.410726103006012089e+00 1.628411901767761183e-01
2.411294094989980152e+00 1.779508260695256139e-01
2.411862086973948216e+00 1.933530334099149983e-01
2.412430078957915836e+00 2.089811635116589073e-01
2.412998070941883899e+00 2.244222109717768920e-01
2.413566062925851963e+00 2.396294201627877096e-01
2.414134054909819582e+00 2.543738313850008037e-01
2.414702046893787646e+00 2.681954900783276030e-01
2.415270038877755709e+00 2.815470431292216302e-01
2.415838030861723773e+00 2.932436867670634717e-01
2.416406022845691393e+00 3.046712265174525980e-01
2.416974014829659456e+00 3.138862901754967960e-01
2.417542006813627520e+00 3.231003512659360588e-01
2.418109998797595139e+00 3.298580679597388210e-01
2.418677990781563203e+00 3.366020928666035861e-01
2.419245982765531267e+00 3.414779575763441377e-01
2.419813974749498886e+00 3.460987695434634137e-01
2.420381966733466950e+00 3.495214800240671882e-01
2.420949958717435013e+00 3.525822624681161366e-01
2.421517950701403077e+00 3.551300341045272591e-01
2.422085942685370696e+00 3.572836233324588884e-01
2.422653934669338760e+00 3.588527460433819649e-01
2.423221926653306824e+00 3.600935811693583566e-01
2.423789918637274443e+00 3.611647136307148398e-01
2.424357910621242507e+00 3.620055679962383421e-01
2.424925902605210570e+00 3.627866251849751755e-01
2.425493894589178634e+00 3.634340368137989885e-01
2.426061886573146253e+00 3.640671714522572544e-01
2.426629878557114317e+00 3.646414451868299489e-01
2.427197870541082381e+00 3.652084763440944792e-01
2.427765862525050000e+00 3.657736862545690193e-01
2.428333854509018064e+00 3.663343494207933482e-01
2.428901846492986127e+00 3.669335487265945606e-01
2.429469838476954191e+00 3.675295625244961450e-01
2.430037830460921811e+00 3.681575137213990989e-01
2.430605822444889874e+00 3.688063162534827022e-01
2.431173814428857938e+00 3.694721833870097116e-01
2.431741806412825557e+00 3.701408170063697489e-01
2.432309798396793621e+00 3.708107025425132486e-01
2.432877790380761684e+00 3.714819122002421814e-01
2.433445782364729748e+00 3.721424266293453798e-01
2.434013774348697368e+00 3.727935545397554895e-01
2.434581766332665431e+00 3.734320499650108371e-01
2.435149758316633495e+00 3.740512782362791500e-01
2.435717750300601114e+00 3.746590340052461943e-01
2.436285742284569178e+00 3.752362866741041914e-01
2.436853734268537242e+00 3.758157967568244162e-01
2.437421726252505305e+00 3.763707425294595121e-01
2.437989718236472925e+00 3.769230231771926176e-01
2.438557710220440988e+00 3.774099452959659429e-01
2.439125702204409052e+00 3.778980247821079885e-01
2.439693694188376671e+00 3.783156784324039901e-01
2.440261686172344735e+00 3.787314906363530298e-01
2.440829678156312799e+00 3.790819913286082032e-01
2.441397670140280862e+00 3.794193832364883834e-01
2.441965662124248482e+00 3.797142247336947052e-01
2.442533654108216545e+00 3.799964624015810810e-01
2.443101646092184609e+00 3.802402959045139141e-01
2.443669638076152228e+00 3.804614290550604183e-01
2.444237630060120292e+00 3.806569570368540378e-01
2.444805622044088356e+00 3.808247436876241454e-01
2.445373614028055975e+00 3.809769135023780562e-01
2.445941606012024039e+00 3.810971391736561187e-01
2.446509597995992102e+00 3.812093592267829512e-01
2.447077589979960166e+00 3.812584321896308470e-01
2.447645581963927786e+00 3.810925873685878096e-01
2.448213573947895849e+00 3.809888515291897093e-01
2.448781565931863913e+00 3.810427608617261708e-01
2.449349557915831532e+00 3.809970584247578396e-01
2.449917549899799596e+00 3.809087008379100636e-01
2.450485541883767659e+00 3.808091813954583293e-01
2.451053533867735723e+00 3.807077119803183307e-01
2.451621525851703343e+00 3.805961027719068079e-01
2.452189517835671406e+00 3.804823875877680339e-01
2.452757509819639470e+00 3.803601124678049339e-01
2.453325501803607089e+00 3.802346451692550366e-01
2.453893493787575153e+00 3.801064822180862390e-01
2.454461485771543217e+00 3.799791398114431007e-01
2.455029477755511280e+00 3.798832517201093384e-01
2.455597469739478900e+00 3.798277584334273094e-01
2.456165461723446963e+00 3.797737225498287184e-01
2.456733453707415027e+00 3.797200881257842275e-01
2.457301445691382646e+00 3.796687092449574363e-01
2.457869437675350710e+00 3.796223880536994111e-01
2.458437429659318774e+00 3.795781654276819128e-01
2.459005421643286837e+00 3.795406327800103785e-01
2.459573413627254457e+00 3.795031897873530347e-01
2.460141405611222520e+00 3.794690610687558863e-01
2.460709397595190584e+00 3.794124021934359159e-01
2.461277389579158204e+00 3.793656301622585492e-01
2.461845381563126267e+00 3.793204760198850556e-01
2.462413373547094331e+00 3.792910668648764028e-01
2.462981365531062394e+00 3.792665556091886492e-01
2.463549357515030014e+00 3.792566240201368788e-01
2.464117349498998077e+00 3.792540987914082007e-01
2.464685341482966141e+00 3.792615636407846158e-01
2.465253333466933761e+00 3.792778520069342574e-01
2.465821325450901824e+00 3.793016883864797073e-01
2.466389317434869888e+00 3.793358411109430395e-01
2.466957309418837951e+00 3.793792290626274433e-01
2.467525301402805571e+00 3.794430385145598494e-01
2.468093293386773635e+00 3.795217932171583430e-01
2.468661285370741698e+00 3.796732181311356369e-01
2.469229277354709318e+00 3.798038112783082565e-01
2.469797269338677381e+00 3.799190116563270214e-01
2.470365261322645445e+00 3.800836578833945434e-01
2.470933253306613508e+00 3.803053163710610751e-01
2.471501245290581128e+00 3.804754253688351073e-01
2.472069237274549192e+00 3.806697497942432840e-01
2.472637229258517255e+00 3.809160179700379900e-01
2.473205221242484875e+00 3.812681088726826983e-01
2.473773213226452938e+00 3.817557933308063922e-01
2.474341205210421002e+00 3.821640901518991718e-01
2.474909197194389066e+00 3.825177224651705177e-01
2.475477189178356685e+00 3.828382925747151888e-01
2.476045181162324749e+00 3.831706885796621886e-01
2.476613173146292812e+00 3.835590653102415315e-01
2.477181165130260432e+00 3.839377760612736612e-01
2.477749157114228495e+00 3.842763804240397763e-01
2.478317149098196559e+00 3.846491392521263486e-01
2.478885141082164179e+00 3.850488425890974953e-01
2.479453133066132242e+00 3.854582777352059120e-01
2.480021125050100306e+00 3.858651839209369383e-01
2.480589117034068369e+00 3.862178947920610339e-01
2.481157109018035989e+00 3.865159721260325587e-01
2.481725101002004052e+00 3.866631816234317731e-01
2.482293092985972116e+00 3.869381009522959713e-01
2.482861084969939736e+00 3.873271864674653897e-01
2.483429076953907799e+00 3.877024426237056232e-01
2.483997068937875863e+00 3.880748969461733644e-01
2.484565060921843926e+00 3.883857479472872520e-01
2.485133052905811546e+00 3.886912397507794048e-01
2.485701044889779610e+00 3.890271540691193075e-01
2.486269036873747673e+00 3.893487370759270427e-01
2.486837028857715293e+00 3.896543071414008130e-01
2.487405020841683356e+00 3.899508180494891674e-01
2.487973012825651420e+00 3.902346192657648594e-01
2.488541004809619483e+00 3.904537881261525012e-01
2.489108996793587103e+00 3.906585127591450379e-01
2.489676988777555167e+00 3.909015273877949337e-01
2.490244980761523230e+00 3.910896179401397443e-01
2.490812972745490850e+00 3.912638075464996978e-01
2.491380964729458913e+00 3.913972924323442237e-01
2.491948956713426977e+00 3.915300580368612504e-01
2.492516948697395041e+00 3.916610182798791473e-01
2.493084940681362660e+00 3.917951171622777728e-01
2.493652932665330724e+00 3.919159068668570667e-01
2.494220924649298787e+00 3.920327846658233084e-01
2.494788916633266407e+00 3.921140347052262110e-01
2.495356908617234470e+00 3.921772365312432562e-01
2.495924900601202534e+00 3.922239636414397990e-01
2.496492892585170598e+00 3.922565962273005802e-01
2.497060884569138217e+00 3.922636623425042601e-01
2.497628876553106281e+00 3.922359452866269747e-01
2.498196868537074344e+00 3.921898207422306881e-01
2.498764860521041964e+00 3.921106823716581369e-01
2.499332852505010027e+00 3.919668613534534329e-01
2.499900844488978091e+00 3.917810054183742952e-01
2.500468836472945711e+00 3.916226731651559212e-01
2.501036828456913774e+00 3.914352107755878496e-01
2.501604820440881838e+00 3.912845587190842411e-01
2.502172812424849901e+00 3.911012345475533003e-01
2.502740804408817521e+00 3.909160867971104847e-01
2.503308796392785585e+00 3.907198153568524068e-01
2.503876788376753648e+00 3.905241129366077701e-01
2.504444780360721268e+00 3.903457737968945018e-01
2.505012772344689331e+00 3.901627754926989544e-01
2.505580764328657395e+00 3.899585297619512225e-01
2.506148756312625459e+00 3.897440857707010764e-01
2.506716748296593078e+00 3.895169129269797637e-01
2.507284740280561142e+00 3.892641819184102792e-01
2.507852732264529205e+00 3.890139664534666419e-01
2.508420724248496825e+00 3.887488059564952469e-01
2.508988716232464888e+00 3.884804137078907149e-01
2.509556708216432952e+00 3.882135092403288801e-01
2.510124700200401016e+00 3.879549889918106342e-01
2.510692692184368635e+00 3.877077997610255400e-01
2.511260684168336699e+00 3.874625064440553879e-01
2.511828676152304762e+00 3.872636930578105541e-01
2.512396668136272382e+00 3.871509627165939382e-01
2.512964660120240445e+00 3.871043960574788723e-01
2.513532652104208509e+00 3.870345765807082228e-01
2.514100644088176573e+00 3.869472356994588247e-01
2.514668636072144192e+00 3.868579923067132498e-01
2.515236628056112256e+00 3.867133647157212084e-01
2.515804620040080319e+00 3.865761007525825854e-01
2.516372612024047939e+00 3.864763755172608839e-01
2.516940604008016003e+00 3.863965794891511818e-01
2.517508595991984066e+00 3.863265768825166480e-01
2.518076587975952130e+00 3.862702525234852913e-01
2.518644579959919749e+00 3.862239654675319600e-01
2.519212571943887813e+00 3.862169451374068418e-01
2.519780563927855876e+00 3.862179790744731944e-01
2.520348555911823496e+00 3.862305144342479957e-01
2.520916547895791560e+00 3.862398703047295601e-01
2.521484539879759623e+00 3.862605759161666930e-01
2.522052531863727687e+00 3.862918960479910790e-01
2.522620523847695306e+00 3.863433050518748635e-01
2.523188515831663370e+00 3.863596302209945654e-01
2.523756507815631434e+00 3.863778524086313171e-01
2.524324499799599053e+00 3.864014039588370419e-01
2.524892491783567117e+00 3.864345915915712859e-01
2.525460483767535180e+00 3.864684839458263355e-01
2.526028475751503244e+00 3.865118770276887994e-01
2.526596467735470863e+00 3.865598762296335034e-01
2.527164459719438927e+00 3.866019421912451071e-01
2.527732451703406991e+00 3.866416067013013214e-01
2.528300443687374610e+00 3.866914836419330648e-01
2.528868435671342674e+00 3.867819105376514854e-01
2.529436427655310737e+00 3.868745383082384803e-01
2.530004419639278801e+00 3.869563626803457224e-01
2.530572411623246420e+00 3.870571953192994963e-01
2.531140403607214484e+00 3.871619323841194449e-01
2.531708395591182548e+00 3.872687557458225904e-01
2.532276387575150167e+00 3.874046849312945962e-01
2.532844379559118231e+00 3.875216877423599549e-01
2.533412371543086294e+00 3.876376677357440403e-01
2.533980363527054358e+00 3.877645387693908763e-01
2.534548355511021978e+00 3.878904572101005699e-01
2.535116347494990041e+00 3.880086762707668502e-01
2.535684339478958105e+00 3.880943237372713739e-01
2.536252331462925724e+00 3.881749292760682257e-01
2.536820323446893788e+00 3.882642406547121561e-01
2.537388315430861851e+00 3.883517128687279385e-01
2.537956307414829471e+00 3.884139547461212816e-01
2.538524299398797535e+00 3.884603565648803158e-01
2.539092291382765598e+00 3.885121809298009987e-01
2.539660283366733662e+00 3.886065926212005084e-01
2.540228275350701281e+00 3.886936388289254363e-01
2.540796267334669345e+00 3.887562048901114786e-01
2.541364259318637409e+00 3.888150776934672370e-01
2.541932251302605028e+00 3.888410691167401567e-01
2.542500243286573092e+00 3.888407179497379018e-01
2.543068235270541155e+00 3.888173987997918246e-01
2.543636227254509219e+00 3.887892299497138771e-01
2.544204219238476838e+00 3.887438233455851599e-01
2.544772211222444902e+00 3.887586606925304000e-01
2.545340203206412966e+00 3.887893948380689579e-01
2.545908195190380585e+00 3.888072800775075333e-01
2.546476187174348649e+00 3.887790430527935936e-01
2.547044179158316712e+00 3.887438132373682298e-01
2.547612171142284776e+00 3.887036874298039901e-01
2.548180163126252396e+00 3.886588469638535548e-01
2.548748155110220459e+00 3.885739842158981716e-01
2.549316147094188523e+00 3.884582287113603205e-01
2.549884139078156142e+00 3.883278911715439818e-01
2.550452131062124206e+00 3.881966847794016684e-01
2.551020123046092269e+00 3.880683263443565623e-01
2.551588115030060333e+00 3.879430548939574175e-01
2.552156107014027953e+00 3.878200416424358310e-01
2.552724098997996016e+00 3.877117883395363451e-01
2.553292090981964080e+00 3.876073704494395478e-01
2.553860082965931699e+00 3.874479338463127087e-01
2.554428074949899763e+00 3.873029523662019913e-01
2.554996066933867827e+00 3.871193529126291666e-01
2.555564058917835446e+00 3.869299640239328708e-01
2.556132050901803510e+00 3.867030096531151040e-01
2.556700042885771573e+00 3.864710897418456303e-01
2.557268034869739637e+00 3.861957063330014317e-01
2.557836026853707256e+00 3.859044337099206690e-01
2.558404018837675320e+00 3.855966078789563323e-01
2.558972010821643384e+00 3.852717529769233984e-01
2.559540002805611003e+00 3.849144061540332173e-01
2.560107994789579067e+00 3.845249654482180146e-01
2.560675986773547130e+00 3.841198161254977261e-01
2.561243978757515194e+00 3.836958555957151740e-01
2.561811970741482813e+00 3.832647694341068112e-01
2.562379962725450877e+00 3.828026514346379305e-01
2.562947954709418941e+00 3.823366973853359330e-01
2.563515946693386560e+00 3.818592117671983366e-01
2.564083938677354624e+00 3.813750549783624932e-01
2.564651930661322687e+00 3.808590996752245217e-01
2.565219922645290751e+00 3.803340191416135219e-01
2.565787914629258371e+00 3.798282978356214423e-01
2.566355906613226434e+00 3.793399580159118045e-01
2.566923898597194498e+00 3.788919176441696290e-01
2.567491890581162117e+00 3.784606035659990875e-01
2.568059882565130181e+00 3.780743772624744481e-01
2.568627874549098244e+00 3.776991198883224987e-01
2.569195866533066308e+00 3.773538997886860535e-01
2.569763858517033928e+00 3.770489709692715907e-01
2.570331850501001991e+00 3.769271700979803796e-01
2.570899842484970055e+00 3.769543789524427146e-01
2.571467834468937674e+00 3.768308211111146000e-01
2.572035826452905738e+00 3.767846874500675458e-01
2.572603818436873802e+00 3.767849185955556846e-01
2.573171810420841865e+00 3.769225494491204032e-01
2.573739802404809485e+00 3.770746084780928764e-01
2.574307794388777548e+00 3.773532130649784322e-01
2.574875786372745612e+00 3.776459635269700521e-01
2.575443778356713231e+00 3.780321732987880212e-01
2.576011770340681295e+00 3.783579348685310872e-01
2.576579762324649359e+00 3.787732035050979107e-01
2.577147754308617422e+00 3.791535523207611447e-01
2.577715746292585042e+00 3.793390717990510752e-01
2.578283738276553105e+00 3.796333653155981036e-01
2.578851730260521169e+00 3.799323979882108238e-01
2.579419722244488788e+00 3.801656481283355871e-01
2.579987714228456852e+00 3.801817577582251584e-01
2.580555706212424916e+00 3.800377262300675407e-01
2.581123698196392979e+00 3.796306295569188416e-01
2.581691690180360599e+00 3.788812787759985867e-01
2.582259682164328662e+00 3.778540524147472879e-01
2.582827674148296726e+00 3.762452942172044845e-01
2.583395666132264346e+00 3.744016279455317786e-01
2.583963658116232409e+00 3.716177671186470244e-01
2.584531650100200473e+00 3.686789932734845232e-01
2.585099642084168536e+00 3.643980266063823192e-01
2.585667634068136156e+00 3.601195373772441144e-01
2.586235626052104219e+00 3.542900970686184703e-01
2.586803618036072283e+00 3.484297481194361668e-01
2.587371610020039903e+00 3.410989890361277865e-01
2.587939602004007966e+00 3.335780157615672592e-01
2.588507593987976030e+00 3.247917636850107259e-01
2.589075585971944093e+00 3.155552462707585382e-01
2.589643577955911713e+00 3.052711249204091426e-01
2.590211569939879777e+00 2.944180963719846278e-01
2.590779561923847840e+00 2.828934586975520582e-01
2.591347553907815460e+00 2.707513154670778133e-01
2.591915545891783523e+00 2.582167195856929776e-01
2.592483537875751587e+00 2.451074174405144246e-01
2.593051529859719651e+00 2.318709105623885103e-01
2.593619521843687270e+00 2.183425761889188077e-01
2.594187513827655334e+00 2.047344543864937916e-01
2.594755505811623397e+00 1.908915037485230115e-01
2.595323497795591017e+00 1.771650554791381060e-01
2.595891489779559080e+00 1.641358660024180849e-01
2.596459481763527144e+00 1.511039329971325951e-01
2.597027473747494764e+00 1.391574254002839739e-01
2.597595465731462827e+00 1.273401841515014732e-01
2.598163457715430891e+00 1.165657727832650481e-01
2.598731449699398954e+00 1.059509647061172705e-01
2.599299441683366574e+00 9.638355611911203491e-02
2.599867433667334637e+00 8.721925339227717955e-02
2.600435425651302701e+00 7.892698530095752785e-02
2.601003417635270321e+00 7.121051688284005254e-02
2.601571409619238384e+00 6.415560200555679715e-02
2.602139401603206448e+00 5.778964494383456024e-02
2.602707393587174511e+00 5.188983409023292803e-02
2.603275385571142131e+00 4.675851069193279197e-02
2.603843377555110195e+00 4.190238427229766444e-02
2.604411369539078258e+00 3.781457314775448636e-02
2.604979361523045878e+00 3.384614241624742809e-02
2.605547353507013941e+00 3.055119150039877982e-02
2.606115345490982005e+00 2.728077932713449463e-02
2.606683337474950068e+00 2.470758894902394184e-02
2.607251329458917688e+00 2.213823479246175910e-02
2.607819321442885752e+00 2.006268854251264805e-02
2.608387313426853815e+00 1.803327767854469993e-02
2.608955305410821435e+00 1.633955764041329292e-02
2.609523297394789498e+00 1.472743068130775296e-02
2.610091289378757562e+00 1.334936600382750568e-02
2.610659281362725181e+00 1.207623755003731439e-02
2.611227273346693245e+00 1.095236857339752790e-02
2.611795265330661309e+00 9.938616565731805963e-03
2.612363257314629372e+00 9.017847075069926679e-03
2.612931249298596992e+00 8.205568055819805265e-03
2.613499241282565055e+00 7.448028119017546453e-03
2.614067233266533119e+00 6.799998334864279341e-03
2.614635225250500739e+00 6.184889633763130355e-03
2.615203217234468802e+00 5.661765453776414041e-03
2.615771209218436866e+00 5.150879980220291789e-03
2.616339201202404929e+00 4.732067682266039195e-03
2.616907193186372549e+00 4.313505328234532900e-03
2.617475185170340612e+00 3.975081450891520402e-03
2.618043177154308676e+00 3.636246312872205236e-03
2.618611169138276296e+00 3.349711672261306526e-03
2.619179161122244359e+00 3.069709337359186919e-03
2.619747153106212423e+00 2.832493201203786868e-03
2.620315145090180486e+00 2.607393081589944386e-03
2.620883137074148106e+00 2.406876852242894813e-03
2.621451129058116170e+00 2.219156504400404163e-03
2.622019121042084233e+00 2.049249280150599716e-03
2.622587113026051853e+00 1.893896384246733988e-03
2.623155105010019916e+00 1.752476762376074370e-03
2.623723096993987980e+00 1.629073236513277909e-03
2.624291088977956043e+00 1.511653162915204069e-03
2.624859080961923663e+00 1.407126899813808396e-03
2.625427072945891727e+00 1.306204135411735256e-03
2.625995064929859790e+00 1.219215000141761658e-03
2.626563056913827410e+00 1.133523447485993785e-03
2.627131048897795473e+00 1.061251369267664007e-03
2.627699040881763537e+00 9.889920370530025460e-04
2.628267032865731601e+00 9.249636588501612775e-04
2.628835024849699220e+00 8.611709649326815784e-04
2.629403016833667284e+00 8.088109448190517478e-04
2.629971008817635347e+00 7.583507330150814421e-04
2.630539000801602967e+00 7.130815556024483384e-04
2.631106992785571030e+00 6.695996835778870006e-04
2.631674984769539094e+00 6.291814427412286944e-04
2.632242976753507158e+00 5.905251709153672016e-04
2.632810968737474777e+00 5.574412506921609233e-04
2.633378960721442841e+00 5.296134920613125531e-04
2.633946952705410904e+00 5.013593989704916761e-04
2.634514944689378524e+00 4.727841738618545112e-04
2.635082936673346587e+00 4.454573194390979633e-04
2.635650928657314651e+00 4.210791309614082063e-04
2.636218920641282715e+00 3.976160277525704200e-04
2.636786912625250334e+00 3.785791900693792167e-04
2.637354904609218398e+00 3.596175238857064185e-04
2.637922896593186461e+00 3.418575377365969396e-04
2.638490888577154081e+00 3.240908746649153881e-04
2.639058880561122145e+00 3.118503230120037184e-04
2.639626872545090208e+00 2.998912106518818350e-04
2.640194864529058272e+00 2.870211501855343531e-04
2.640762856513025891e+00 2.739790984171874724e-04
2.641330848496993955e+00 2.610498286553459071e-04
2.641898840480962019e+00 2.481558344651537806e-04
2.642466832464929638e+00 2.385816040647723490e-04
2.643034824448897702e+00 2.312114233028055878e-04
2.643602816432865765e+00 2.228094330815700371e-04
2.644170808416833829e+00 2.133383941803139417e-04
2.644738800400801448e+00 2.042525948249841988e-04
2.645306792384769512e+00 1.957833254621673812e-04
2.645874784368737576e+00 1.878686617084380681e-04
2.646442776352705195e+00 1.815459128112049026e-04
2.647010768336673259e+00 1.750496445810331182e-04
2.647578760320641322e+00 1.674958337694855903e-04
2.648146752304609386e+00 1.600362134083839927e-04
2.648714744288577005e+00 1.557179671356730198e-04
2.649282736272545069e+00 1.514109157805999415e-04
2.649850728256513133e+00 1.447266360026625324e-04
2.650418720240480752e+00 1.377427587055252145e-04
2.650986712224448816e+00 1.330851474608414067e-04
2.651554704208416879e+00 1.290859549533841658e-04
2.652122696192384943e+00 1.266571005093110422e-04
2.652690688176352563e+00 1.250068978116965310e-04
2.653258680160320626e+00 1.206316069247416017e-04
2.653826672144288690e+00 1.141930996966454933e-04
2.654394664128256309e+00 1.093788723814826812e-04
2.654962656112224373e+00 1.065053750626625251e-04
2.655530648096192436e+00 1.037998645136397799e-04
2.656098640080160500e+00 1.014201926717414370e-04
2.656666632064128120e+00 9.849012312832326592e-05
2.657234624048096183e+00 9.370586327568942975e-05
2.657802616032064247e+00 8.927238072002407826e-05
2.658370608016031866e+00 8.754460144212316988e-05
2.658938599999999930e+00 8.581824880429843663e-05
