3.664530000000000065e+00 9.206733809864953893e-05
3.666260360721442790e+00 9.196778552176514273e-05
3.667990721442885960e+00 9.502792463002823341e-05
3.669721082164328685e+00 9.498332442206945821e-05
3.671451442885771410e+00 9.719229166110307928e-05
3.673181803607214579e+00 1.020650591624309961e-04
3.674912164328657305e+00 1.095112703986314665e-04
3.676642525050100474e+00 1.155854775239692451e-04
3.678372885771543199e+00 1.202115987163784275e-04
3.680103246492985924e+00 1.280176430313060903e-04
3.681833607214429094e+00 1.347192891583809100e-04
3.683563967935871819e+00 1.406912098455297860e-04
3.685294328657314544e+00 1.447459145203507211e-04
3.687024689378757714e+00 1.538931803699190317e-04
3.688755050100200439e+00 1.599853694508272925e-04
3.690485410821643164e+00 1.754296685763524332e-04
3.692215771543086333e+00 1.881630211019544470e-04
3.693946132264529059e+00 1.985576769771713458e-04
3.695676492985972228e+00 2.058161778847334691e-04
3.697406853707414953e+00 2.163576219198951967e-04
3.699137214428857678e+00 2.321466268285090164e-04
3.700867575150300848e+00 2.469984238405602598e-04
3.702597935871743573e+00 2.651172732011551018e-04
3.704328296593186298e+00 2.824909842815745810e-04
3.706058657314629468e+00 3.041523472528391927e-04
3.707789018036072193e+00 3.257039477762084761e-04
3.709519378757514918e+00 3.480416319199194919e-04
3.711249739478958087e+00 3.686488433796090004e-04
3.712980100200400813e+00 3.947625344379671335e-04
3.714710460921843982e+00 4.215788133308406458e-04
3.716440821643286707e+00 4.495386343591852214e-04
3.718171182364729432e+00 4.789732723808237842e-04
3.719901543086172602e+00 5.084955330310273868e-04
3.721631903807615327e+00 5.470037969913333969e-04
3.723362264529058052e+00 5.881332908868788355e-04
3.725092625250501222e+00 6.323237430472620222e-04
3.726822985971943947e+00 6.781303426639473343e-04
3.728553346693386672e+00 7.345155482740414396e-04
3.730283707414829841e+00 7.891394097483490824e-04
3.732014068136272567e+00 8.456435116703847534e-04
3.733744428857715292e+00 9.075112632731938871e-04
3.735474789579158461e+00 9.763436030525196639e-04
3.737205150300601186e+00 1.052764238436670234e-03
3.738935511022044356e+00 1.130059189821167997e-03
3.740665871743487081e+00 1.219154847697510565e-03
3.742396232464929806e+00 1.311366894381624107e-03
3.744126593186372975e+00 1.412074872926839244e-03
3.745856953907815701e+00 1.516409621026304196e-03
3.747587314629258426e+00 1.629175563475088054e-03
3.749317675350701595e+00 1.752785178118890707e-03
3.751048036072144320e+00 1.890025174557729420e-03
3.752778396793587490e+00 2.040721140543896080e-03
3.754508757515030215e+00 2.196838402683390975e-03
3.756239118236472940e+00 2.367062781619011774e-03
3.757969478957916110e+00 2.547678509075852488e-03
3.759699839679358835e+00 2.748712618344886088e-03
3.761430200400801560e+00 2.963727615029910882e-03
3.763160561122244729e+00 3.194138994111250796e-03
3.764890921843687455e+00 3.444232028527164768e-03
3.766621282565130180e+00 3.714212072887238501e-03
3.768351643286573349e+00 4.008522194360741517e-03
3.770082004008016074e+00 4.320825301853764566e-03
3.771812364729458800e+00 4.663090969040309744e-03
3.773542725450901969e+00 5.030028351636347400e-03
3.775273086172344694e+00 5.429521689481735247e-03
3.777003446893787864e+00 5.872242898607449475e-03
3.778733807615230589e+00 6.339557174558398990e-03
3.780464168336673314e+00 6.846110082506790331e-03
3.782194529058116483e+00 7.393636166170971386e-03
3.783924889779559209e+00 7.998098889296419850e-03
3.785655250501001934e+00 8.649517830883496350e-03
3.787385611222445103e+00 9.355672331257922775e-03
3.789115971943887828e+00 1.012049704891284860e-02
3.790846332665330998e+00 1.094761028676504225e-02
3.792576693386773723e+00 1.184628704476884710e-02
3.794307054108216448e+00 1.281704428819368038e-02
3.796037414829659618e+00 1.389368423889357669e-02
3.797767775551102343e+00 1.505093848588991666e-02
3.799498136272545068e+00 1.631004479787867556e-02
3.801228496993988237e+00 1.768768467462624588e-02
3.802958857715430963e+00 1.919515095412050593e-02
3.804689218436873688e+00 2.083643950875065792e-02
3.806419579158316857e+00 2.261048216969208449e-02
3.808149939879759582e+00 2.457337442015864945e-02
3.809880300601202308e+00 2.669123458087937009e-02
3.811610661322645477e+00 2.898890024596438922e-02
3.813341022044088202e+00 3.149440865907336684e-02
3.815071382765531371e+00 3.423529171347414884e-02
3.816801743486974097e+00 3.720647498582162899e-02
3.818532104208416822e+00 4.046377021361071552e-02
3.820262464929859991e+00 4.399155640994011768e-02
3.821992825651302716e+00 4.781091673696973715e-02
3.823723186372745442e+00 5.194414925964351004e-02
3.825453547094188611e+00 5.642346229650258699e-02
3.827183907815631336e+00 6.128696118834012913e-02
3.828914268537074062e+00 6.651897964506144068e-02
3.830644629258517231e+00 7.212321281846421905e-02
3.832374989979959956e+00 7.819047350605390356e-02
3.834105350701403125e+00 8.468282582105889078e-02
3.835835711422845851e+00 9.160219550416853762e-02
3.837566072144288576e+00 9.895983265981943278e-02
3.839296432865731745e+00 1.069263983102602816e-01
3.841026793587174470e+00 1.152271645780603843e-01
3.842757154308617196e+00 1.239384475969473182e-01
3.844487515030060365e+00 1.331189352678541216e-01
3.846217875751503090e+00 1.427113913898140074e-01
3.847948236472945815e+00 1.526724636855505690e-01
3.849678597194388985e+00 1.629822944344692937e-01
3.851408957915831710e+00 1.736377001466673786e-01
3.853139318637274879e+00 1.845721504130560242e-01
3.854869679358717605e+00 1.957278069215981076e-01
3.856600040080160330e+00 2.070819978593485544e-01
3.858330400801603499e+00 2.188365141789159751e-01
3.860060761523046224e+00 2.304250353433910381e-01
3.861791122244488950e+00 2.420733286739830681e-01
3.863521482965932119e+00 2.536796464607295465e-01
3.865251843687374844e+00 2.652665946528677821e-01
3.866982204408817569e+00 2.767737524913077563e-01
3.868712565130260739e+00 2.881707621392374241e-01
3.870442925851703464e+00 2.994294323537464719e-01
3.872173286573146633e+00 3.105186265179896710e-01
3.873903647294589359e+00 3.214542972525962772e-01
3.875634008016032084e+00 3.321670430925582340e-01
3.877364368737475253e+00 3.426675745217825919e-01
3.879094729458917978e+00 3.529578765232860849e-01
3.880825090180360704e+00 3.629871961639611899e-01
3.882555450901803873e+00 3.727512139522592416e-01
3.884285811623246598e+00 3.821914364918621576e-01
3.886016172344689323e+00 3.913477266205068750e-01
3.887746533066132493e+00 4.001405448702801126e-01
3.889476893787575218e+00 4.085703119219493140e-01
3.891207254509017943e+00 4.166666533597507827e-01
3.892937615230461113e+00 4.243833947372416260e-01
3.894667975951903838e+00 4.316683095530399195e-01
3.896398336673347007e+00 4.385561459203727863e-01
3.898128697394789732e+00 4.455371336390813175e-01
3.899859058116232458e+00 4.515625711665329778e-01
3.901589418837675627e+00 4.570537836008304322e-01
3.903319779559118352e+00 4.621160752395210847e-01
3.905050140280561077e+00 4.667429621146971797e-01
3.906780501002004247e+00 4.708902900205686470e-01
3.908510861723446972e+00 4.746561470620304091e-01
3.910241222444890141e+00 4.780389053822495793e-01
3.911971583166332866e+00 4.810559847746994633e-01
3.913701943887775592e+00 4.836859263619975868e-01
3.915432304609218761e+00 4.865267329843050437e-01
3.917162665330661486e+00 4.885241355240443895e-01
3.918893026052104211e+00 4.901731796171735489e-01
3.920623386773547381e+00 4.915838563162989727e-01
3.922353747494990106e+00 4.927701902273733947e-01
3.924084108216432831e+00 4.937655126648122783e-01
3.925814468937876001e+00 4.945927558747902908e-01
3.927544829659318726e+00 4.952781370146596696e-01
3.929275190380761451e+00 4.958536434260650272e-01
3.931005551102204620e+00 4.962890882905993117e-01
3.932735911823647346e+00 4.966210884893205169e-01
3.934466272545090515e+00 4.968826114265552651e-01
3.936196633266533240e+00 4.970691003246259787e-01
3.937926993987975965e+00 4.977445723384734677e-01
3.939657354709419135e+00 4.979021115488549420e-01
3.941387715430861860e+00 4.980816290456557272e-01
3.943118076152304585e+00 4.982828469702018648e-01
3.944848436873747755e+00 4.984764533113738016e-01
3.946578797595190480e+00 4.986798437315058119e-01
3.948309158316633649e+00 4.988702084937521875e-01
3.950039519038076374e+00 4.990617130807523671e-01
3.951769879759519100e+00 4.991540357508149617e-01
3.953500240480962269e+00 4.992465214304458443e-01
3.955230601202404994e+00 4.993580253863991181e-01
3.956960961923847719e+00 4.994842483988904958e-01
3.958691322645290889e+00 4.996349706587830952e-01
3.960421683366733614e+00 4.998175025186465392e-01
3.962152044088176339e+00 5.000092975387017136e-01
3.963882404809619509e+00 5.002057678049458556e-01
3.965612765531062234e+00 5.003917083815181410e-01
3.967343126252504959e+00 5.005686596244249831e-01
3.969073486973948128e+00 5.007778280607997345e-01
3.970803847695390854e+00 5.014537477436291635e-01
3.972534208416834023e+00 5.016388017924462428e-01
3.974264569138276748e+00 5.018291648575521346e-01
3.975994929859719473e+00 5.020257597024379015e-01
3.977725290581162643e+00 5.026409722569042948e-01
3.979455651302605368e+00 5.029793557578524643e-01
3.981186012024048093e+00 5.031330101587722092e-01
3.982916372745491262e+00 5.032536057449331635e-01
3.984646733466933988e+00 5.033470058461424479e-01
3.986377094188377157e+00 5.034279561496682875e-01
3.988107454909819882e+00 5.034919428417247156e-01
3.989837815631262607e+00 5.035532376986087133e-01
3.991568176352705777e+00 5.036099411511077983e-01
3.993298537074148502e+00 5.036622570578083158e-01
3.995028897795591227e+00 5.037165943796656498e-01
3.996759258517034397e+00 5.037467769806264206e-01
3.998489619238477122e+00 5.037583294973890791e-01
4.000219979959919847e+00 5.037453033219235765e-01
4.001950340681363016e+00 5.037017321342576182e-01
4.003680701402806186e+00 5.036524304855329870e-01
4.005411062124248467e+00 5.035987713288353484e-01
4.007141422845691636e+00 5.035580149853771115e-01
4.008871783567134806e+00 5.035234988795341815e-01
4.010602144288577087e+00 5.035156240042520936e-01
4.012332505010020256e+00 5.035654326628022925e-01
4.014062865731463425e+00 5.036015556341020272e-01
4.015793226452905706e+00 5.036194966190483679e-01
4.017523587174348876e+00 5.036280027919848301e-01
4.019253947895792045e+00 5.042076712302011599e-01
4.020984308617234326e+00 5.047197692432509042e-01
4.022714669338677496e+00 5.046608573661535146e-01
4.024445030060120665e+00 5.046035511652651184e-01
4.026175390781562946e+00 5.045695430825680727e-01
4.027905751503006115e+00 5.045355850348930415e-01
4.029636112224449285e+00 5.044978069436045764e-01
4.031366472945891566e+00 5.044509569585990949e-01
4.033096833667334735e+00 5.043944727698087549e-01
4.034827194388777905e+00 5.043358086940561424e-01
4.036557555110221074e+00 5.042702362602839994e-01
4.038287915831663355e+00 5.042158736912849548e-01
4.040018276553106524e+00 5.041807208468874757e-01
4.041748637274549694e+00 5.042442869772579828e-01
4.043478997995991975e+00 5.043199770514761315e-01
4.045209358717435144e+00 5.044011973133395443e-01
4.046939719438878313e+00 5.044812282274050430e-01
4.048670080160320595e+00 5.045571417137739711e-01
4.050400440881763764e+00 5.046066731117667681e-01
4.052130801603206933e+00 5.045921942374922420e-01
4.053861162324649214e+00 5.045779603754564357e-01
4.055591523046092384e+00 5.045533439798869368e-01
4.057321883767535553e+00 5.045512311848432407e-01
4.059052244488977834e+00 5.045682677987972653e-01
4.060782605210421004e+00 5.050527355176464006e-01
4.062512965931864173e+00 5.052161893035979068e-01
4.064243326653306454e+00 5.052424893710303344e-01
4.065973687374749623e+00 5.052652003767093003e-01
4.067704048096192793e+00 5.052827613251029693e-01
4.069434408817635074e+00 5.052937646598466559e-01
4.071164769539078243e+00 5.053670162995224091e-01
4.072895130260521412e+00 5.059677223501110044e-01
4.074625490981963694e+00 5.061327640179611453e-01
4.076355851703406863e+00 5.062524704808767373e-01
4.078086212424850032e+00 5.063759611877826083e-01
4.079816573146293202e+00 5.065020368876338441e-01
4.081546933867735483e+00 5.065416745749556915e-01
4.083277294589178652e+00 5.065515866173423420e-01
4.085007655310621821e+00 5.065508564221891108e-01
4.086738016032064102e+00 5.065358599088266578e-01
4.088468376753507272e+00 5.065116796348020367e-01
4.090198737474950441e+00 5.064898547041281063e-01
4.091929098196392722e+00 5.064657640299327079e-01
4.093659458917835892e+00 5.064510917109319443e-01
4.095389819639279061e+00 5.064394744294704598e-01
4.097120180360721342e+00 5.064200731331598426e-01
4.098850541082164511e+00 5.063966567724088597e-01
4.100580901803607681e+00 5.063275120419467035e-01
4.102311262525049962e+00 5.061867271529205681e-01
4.104041623246493131e+00 5.066156398864588573e-01
4.105771983967936301e+00 5.064457095813683640e-01
4.107502344689378582e+00 5.062732599043415771e-01
4.109232705410821751e+00 5.061088910997435519e-01
4.110963066132264920e+00 5.059936282631657400e-01
4.112693426853708090e+00 5.059233882280061989e-01
4.114423787575150371e+00 5.058545399208244087e-01
4.116154148296593540e+00 5.057743153801581570e-01
4.117884509018036709e+00 5.056886425597363344e-01
4.119614869739478991e+00 5.061522590639034869e-01
4.121345230460922160e+00 5.060522776833052960e-01
4.123075591182365329e+00 5.059552314229804892e-01
4.124805951903807610e+00 5.058658625868304171e-01
4.126536312625250780e+00 5.057945845923992323e-01
4.128266673346693949e+00 5.057433344094290906e-01
4.129997034068136230e+00 5.057074462386880187e-01
4.131727394789579400e+00 5.056065270314358262e-01
4.133457755511022569e+00 5.055179219151740844e-01
4.135188116232464850e+00 5.054346934817941506e-01
4.136918476953908019e+00 5.053550612380013352e-01
4.138648837675351189e+00 5.052763771669973591e-01
4.140379198396793470e+00 5.052451021647014207e-01
4.142109559118236639e+00 5.053593721306806064e-01
4.143839919839679808e+00 5.054940788042699973e-01
4.145570280561122090e+00 5.056663489904230646e-01
4.147300641282565259e+00 5.060460416695539143e-01
4.149031002004008428e+00 5.066750586307220416e-01
4.150761362725450709e+00 5.068753531360895570e-01
4.152491723446893879e+00 5.070377280641271689e-01
4.154222084168337048e+00 5.072137032027922432e-01
4.155952444889779329e+00 5.073955163543779623e-01
4.157682805611222498e+00 5.075746900506263870e-01
4.159413166332665668e+00 5.077694772037496529e-01
4.161143527054108837e+00 5.085479124991832967e-01
4.162873887775551118e+00 5.087753954803999612e-01
4.164604248496994288e+00 5.090154850948186427e-01
4.166334609218437457e+00 5.092683236066878338e-01
4.168064969939879738e+00 5.095168170663786356e-01
4.169795330661322907e+00 5.097562610555572693e-01
4.171525691382766077e+00 5.099766620073183931e-01
4.173256052104208358e+00 5.101688138163743558e-01
4.174986412825651527e+00 5.103398504347184117e-01
4.176716773547094697e+00 5.104860981656815788e-01
4.178447134268536978e+00 5.106119876107702016e-01
4.180177494989980147e+00 5.107235512986159076e-01
4.181907855711423316e+00 5.108106799364422468e-01
4.183638216432865597e+00 5.108791608280133234e-01
4.185368577154308767e+00 5.109253047837138961e-01
4.187098937875751936e+00 5.109329398592565852e-01
4.188829298597195105e+00 5.108969122274300556e-01
4.190559659318637387e+00 5.108035781317981083e-01
4.192290020040080556e+00 5.106615107691118149e-01
4.194020380761523725e+00 5.110654212916355688e-01
4.195750741482966006e+00 5.108451302231086233e-01
4.197481102204409176e+00 5.105979768344555136e-01
4.199211462925852345e+00 5.103327488210627205e-01
4.200941823647294626e+00 5.100336786816341839e-01
4.202672184368737796e+00 5.097094682721408088e-01
4.204402545090180965e+00 5.099258315901356031e-01
4.206132905811623246e+00 5.095509157282839263e-01
4.207863266533066415e+00 5.091540811009807044e-01
4.209593627254509585e+00 5.087256113141017666e-01
4.211323987975951866e+00 5.082836888708047729e-01
4.213054348697395035e+00 5.078355896217042753e-01
4.214784709418838204e+00 5.073811811567171537e-01
4.216515070140280486e+00 5.069240204496531232e-01
4.218245430861723655e+00 5.064744059027284084e-01
4.219975791583166824e+00 5.060227788601692200e-01
4.221706152304609105e+00 5.055542924984879338e-01
4.223436513026052275e+00 5.050870833776074376e-01
4.225166873747495444e+00 5.046054553821207600e-01
4.226897234468937725e+00 5.040932282009936705e-01
4.228627595190380895e+00 5.035446764279960519e-01
4.230357955911824064e+00 5.029544617920751470e-01
4.232088316633266345e+00 5.023385276634922958e-01
4.233818677354709514e+00 5.016847491121566582e-01
4.235549038076152684e+00 5.009720729707207720e-01
4.237279398797594965e+00 5.002074599680043088e-01
4.239009759519038134e+00 4.993718011412395796e-01
4.240740120240481303e+00 4.984398104324977430e-01
4.242470480961924473e+00 4.976807735537358557e-01
4.244200841683366754e+00 4.968272761446432262e-01
4.245931202404809923e+00 4.954415099432477043e-01
4.247661563126253093e+00 4.942295990629258506e-01
4.249391923847695374e+00 4.926364560996515096e-01
4.251122284569138543e+00 4.905416305136170441e-01
4.252852645290581712e+00 4.881670090921775285e-01
4.254583006012023993e+00 4.855170323234547780e-01
4.256313366733467163e+00 4.825265619527333572e-01
4.258043727454910332e+00 4.791251553995523049e-01
4.259774088176352613e+00 4.753543638526608883e-01
4.261504448897795783e+00 4.702069098611822984e-01
4.263234809619238952e+00 4.644034654366433479e-01
4.264965170340682121e+00 4.581020069480782886e-01
4.266695531062124402e+00 4.513835446559682496e-01
4.268425891783567572e+00 4.441594188081689487e-01
4.270156252505010741e+00 4.363268202682137886e-01
4.271886613226453022e+00 4.275831924619620805e-01
4.273616973947896192e+00 4.184154090025309913e-01
4.275347334669339361e+00 4.087421904035242748e-01
4.277077695390781642e+00 3.986483749137440524e-01
4.278808056112224811e+00 3.882222058730134817e-01
4.280538416833667981e+00 3.785033532892776997e-01
4.282268777555110262e+00 3.708813200930148879e-01
4.283999138276553431e+00 3.628277573199948369e-01
4.285729498997996600e+00 3.542591158465747125e-01
4.287459859719438882e+00 3.452495566874906330e-01
4.289190220440882051e+00 3.359196254942372062e-01
4.290920581162325220e+00 3.252758032894605411e-01
4.292650941883767501e+00 3.135572443136840359e-01
4.294381302605210671e+00 3.022824124337283314e-01
4.296111663326653840e+00 2.907214616456368916e-01
4.297842024048096121e+00 2.789218333691659280e-01
4.299572384769539291e+00 2.672159133209575099e-01
4.301302745490982460e+00 2.556215320268170332e-01
4.303033106212424741e+00 2.441379989871448886e-01
4.304763466933867910e+00 2.328634189373076369e-01
4.306493827655311080e+00 2.218509123795260884e-01
4.308224188376753361e+00 2.111086526968242727e-01
4.309954549098196530e+00 2.006561803484825379e-01
4.311684909819639699e+00 1.905166627561981352e-01
4.313415270541081981e+00 1.807248997687445347e-01
4.315145631262525150e+00 1.712707247906480601e-01
4.316875991983968319e+00 1.621490902990261607e-01
4.318606352705411489e+00 1.533616065183348032e-01
4.320336713426853770e+00 1.449490439199975500e-01
4.322067074148296939e+00 1.368703777717349968e-01
4.323797434869740108e+00 1.291165994109421400e-01
4.325527795591182390e+00 1.217222822098237706e-01
4.327258156312625559e+00 1.146672884722836627e-01
4.328988517034068728e+00 1.079253840386221741e-01
4.330718877755511009e+00 1.014915726733809642e-01
4.332449238476954179e+00 9.539875613782690389e-02
4.334179599198397348e+00 8.959480517979864778e-02
4.335909959919839629e+00 8.407241828786604643e-02
4.337640320641282798e+00 7.883838879351166840e-02
4.339370681362725968e+00 7.388633068930562653e-02
4.341101042084168249e+00 6.918619217647965780e-02
4.342831402805611418e+00 6.472205153689511437e-02
4.344561763527054588e+00 6.052651311432721143e-02
4.346292124248497757e+00 5.662861473150741787e-02
4.348022484969940038e+00 5.288086397766886271e-02
4.349752845691383207e+00 4.934940649857282730e-02
4.351483206412826377e+00 4.607063063740385322e-02
4.353213567134268658e+00 4.297726172050674726e-02
4.354943927855711827e+00 4.003375201335083317e-02
4.356674288577154996e+00 3.729486470128274417e-02
4.358404649298597278e+00 3.472048169513176213e-02
4.360135010020040447e+00 3.229614776409068383e-02
4.361865370741483616e+00 3.003745291703532536e-02
4.363595731462925897e+00 2.793544771233255966e-02
4.365326092184369067e+00 2.595986387750187988e-02
4.367056452905812236e+00 2.411744430686495883e-02
4.368786813627254517e+00 2.240755288189599098e-02
4.370517174348697687e+00 2.080935129838826919e-02
4.372247535070140856e+00 1.931998050708787565e-02
4.373977895791583137e+00 1.793334789831712434e-02
4.375708256513026306e+00 1.664826450854987178e-02
4.377438617234469476e+00 1.545682167215155396e-02
4.379168977955911757e+00 1.435033941204270913e-02
4.380899338677354926e+00 1.331524502052993525e-02
4.382629699398798095e+00 1.235651199678978324e-02
4.384360060120240377e+00 1.146991630011386099e-02
4.386090420841683546e+00 1.063809345997795107e-02
4.387820781563126715e+00 9.877085979912063676e-03
4.389551142284568996e+00 9.174369537967316454e-03
4.391281503006012166e+00 8.515505786497160404e-03
4.393011863727455335e+00 7.909210821568514460e-03
4.394742224448897616e+00 7.354238151510934796e-03
4.396472585170340786e+00 6.832204772529316267e-03
4.398202945891783955e+00 6.346473552973693789e-03
4.399933306613227124e+00 5.906835241512366566e-03
4.401663667334669405e+00 5.497216879450668621e-03
4.403394028056112575e+00 5.113881337491028856e-03
4.405124388777555744e+00 4.766224948056520770e-03
4.406854749498998025e+00 4.445919012556592484e-03
4.408585110220441194e+00 4.137257759666479115e-03
4.410315470941884364e+00 3.857462125571882623e-03
4.412045831663326645e+00 3.602933588604623812e-03
4.413776192384769814e+00 3.366273551924483468e-03
4.415506553106212984e+00 3.148951661942186488e-03
4.417236913827655265e+00 2.945428106319867342e-03
4.418967274549098434e+00 2.752035115189580428e-03
4.420697635270541603e+00 2.575262254647102921e-03
4.422427995991984773e+00 2.414049074305791263e-03
4.424158356713427054e+00 2.259329997122990104e-03
4.425888717434870223e+00 2.115319180893118680e-03
4.427619078156313392e+00 1.985473216150134002e-03
4.429349438877755674e+00 1.860078828249628639e-03
4.431079799599198843e+00 1.745178797412987428e-03
4.432810160320642012e+00 1.642366776036138483e-03
4.434540521042084293e+00 1.542237646711812696e-03
4.436270881763527463e+00 1.449344683013465643e-03
4.438001242484970632e+00 1.366971100141548944e-03
4.439731603206412913e+00 1.287037710213964669e-03
4.441461963927856083e+00 1.210204892700910686e-03
4.443192324649299252e+00 1.142247404559643478e-03
4.444922685370741533e+00 1.075955117062333535e-03
4.446653046092184702e+00 1.009269622004960697e-03
4.448383406813627872e+00 9.532722926563746285e-04
4.450113767535070153e+00 9.061490866204994837e-04
4.451844128256513322e+00 8.571852300313944316e-04
4.453574488977956491e+00 8.130986567517259735e-04
4.455304849699398773e+00 7.705737624756008692e-04
4.457035210420841942e+00 7.257124432207068742e-04
4.458765571142285111e+00 6.844720022575319319e-04
4.460495931863727392e+00 6.480532034213049714e-04
4.462226292585170562e+00 6.116639919265463550e-04
4.463956653306613731e+00 5.793576607811580514e-04
4.465687014028056012e+00 5.550323526839600610e-04
4.467417374749499182e+00 5.275837123154137730e-04
4.469147735470942351e+00 4.974070391724916967e-04
4.470878096192384632e+00 4.716406033561512320e-04
4.472608456913827801e+00 4.441235301979970952e-04
4.474338817635270971e+00 4.191932679515568264e-04
4.476069178356714140e+00 4.026005828393329228e-04
4.477799539078156421e+00 3.889269630411171718e-04
4.479529899799599590e+00 3.698377210282808398e-04
4.481260260521042760e+00 3.520843094515852456e-04
4.482990621242485041e+00 3.374079143771850425e-04
4.484720981963928210e+00 3.182583980668854721e-04
4.486451342685371380e+00 3.022889279412890244e-04
4.488181703406813661e+00 2.904410888287121332e-04
4.489912064128256830e+00 2.742054755996177072e-04
4.491642424849699999e+00 2.573845622411724977e-04
4.493372785571142281e+00 2.446503055942288608e-04
4.495103146292585450e+00 2.332186996404294016e-04
4.496833507014028619e+00 2.213502082492234890e-04
4.498563867735470900e+00 2.156176811195191360e-04
4.500294228456914070e+00 2.083746645794360460e-04
4.502024589178357239e+00 1.970276747810650723e-04
4.503754949899800408e+00 1.908946222403921521e-04
4.505485310621242689e+00 1.847136676373841303e-04
4.507215671342685859e+00 1.735543436636190998e-04
4.508946032064129028e+00 1.628633751999076986e-04
4.510676392785571309e+00 1.566809145711125790e-04
4.512406753507014479e+00 1.481798794601007108e-04
4.514137114228457648e+00 1.397115729758906830e-04
4.515867474949899929e+00 1.361238822334211488e-04
4.517597835671343098e+00 1.249979334685276367e-04
4.519328196392786268e+00 1.125409320687224861e-04
4.521058557114228549e+00 1.081344703357299493e-04
4.522788917835671718e+00 1.058497244718339600e-04
4.524519278557114887e+00 1.004899233085116843e-04
4.526249639278557169e+00 9.612626104665387831e-05
4.527980000000000338e+00 9.552763592170389470e-05
