1.280340000000000034e+00 8.795990076996171541e-05
1.280857054108216486e+00 9.395791632313308880e-05
1.281374108216432939e+00 9.996799796120256747e-05
1.281891162324649391e+00 1.064435187528813464e-04
1.282408216432865844e+00 1.134516792006593736e-04
1.282925270541082297e+00 1.246763548788089532e-04
1.283442324649298527e+00 1.351329505050338591e-04
1.283959378757514980e+00 1.420814178463054183e-04
1.284476432865731432e+00 1.498531483019257832e-04
1.284993486973947885e+00 1.601987277698526150e-04
1.285510541082164337e+00 1.706649055121660949e-04
1.286027595190380790e+00 1.814310873092841428e-04
1.286544649298597243e+00 1.952803928944825331e-04
1.287061703406813695e+00 2.142602679302200010e-04
1.287578757515030148e+00 2.322732574946468243e-04
1.288095811623246600e+00 2.490903258989750043e-04
1.288612865731463053e+00 2.679034093710327318e-04
1.289129919839679506e+00 2.886557597872983641e-04
1.289646973947895736e+00 3.164776963695072097e-04
1.290164028056112189e+00 3.495391347914016751e-04
1.290681082164328641e+00 3.781884534368899287e-04
1.291198136272545094e+00 4.044404078599134829e-04
1.291715190380761547e+00 4.430388228821371954e-04
1.292232244488977999e+00 4.867770908148651545e-04
1.292749298597194452e+00 5.248121774540455333e-04
1.293266352705410904e+00 5.610550841987772645e-04
1.293783406813627357e+00 6.188402298661749810e-04
1.294300460921843809e+00 6.809167745255177749e-04
1.294817515030060262e+00 7.587979482425633200e-04
1.295334569138276493e+00 8.385213526335694298e-04
1.295851623246492945e+00 9.311618211875591529e-04
1.296368677354709398e+00 1.025121249906264017e-03
1.296885731462925850e+00 1.138277653194277135e-03
1.297402785571142303e+00 1.253678536983281449e-03
1.297919839679358756e+00 1.387117732801317884e-03
1.298436893787575208e+00 1.528475140484161906e-03
1.298953947895791661e+00 1.704573936037946614e-03
1.299471002004008113e+00 1.886124243469572501e-03
1.299988056112224566e+00 2.088043135397155657e-03
1.300505110220441018e+00 2.310715459852303883e-03
1.301022164328657249e+00 2.582277570593612299e-03
1.301539218436873702e+00 2.863299006524928740e-03
1.302056272545090154e+00 3.160915875912954833e-03
1.302573326653306607e+00 3.499025267217252891e-03
1.303090380761523059e+00 3.890651804266430543e-03
1.303607434869739512e+00 4.325455041464704685e-03
1.304124488977955965e+00 4.804012574162238453e-03
1.304641543086172417e+00 5.231366245696603134e-03
1.305158597194388870e+00 5.619256884038124379e-03
1.305675651302605322e+00 6.226789077832017676e-03
1.306192705410821775e+00 6.963606068165881582e-03
1.306709759519038005e+00 7.622613804286912549e-03
1.307226813627254458e+00 8.249924963444085421e-03
1.307743867735470911e+00 8.831729829416134700e-03
1.308260921843687363e+00 9.396981628125012503e-03
1.308777975951903816e+00 1.004680170931988165e-02
1.309295030060120268e+00 1.071573215985544177e-02
1.309812084168336721e+00 1.134616536947009348e-02
1.310329138276553174e+00 1.197303683476844127e-02
1.310846192384769626e+00 1.281785430044522084e-02
1.311363246492986079e+00 1.365889496177026194e-02
1.311880300601202531e+00 1.395859019444421062e-02
1.312397354709418984e+00 1.434999866509609721e-02
1.312914408817635215e+00 1.558041601736460252e-02
1.313431462925851667e+00 1.675525023074882561e-02
1.313948517034068120e+00 1.766669334011213358e-02
1.314465571142284572e+00 1.870290305275726719e-02
1.314982625250501025e+00 2.017268114040005056e-02
1.315499679358717477e+00 2.159722246377837260e-02
1.316016733466933930e+00 2.291084355929573144e-02
1.316533787575150383e+00 2.441537428751812400e-02
1.317050841683366835e+00 2.626718800606436810e-02
1.317567895791583288e+00 2.821023057981261045e-02
1.318084949899799740e+00 3.027926726575875735e-02
1.318602004008015971e+00 3.274149949458356190e-02
1.319119058116232424e+00 3.561822444364421553e-02
1.319636112224448876e+00 3.828930030777225740e-02
1.320153166332665329e+00 4.079477914379622122e-02
1.320670220440881781e+00 4.413525503772940117e-02
1.321187274549098234e+00 4.799016590599659154e-02
1.321704328657314687e+00 5.177263819949586010e-02
1.322221382765531139e+00 5.552260144596195268e-02
1.322738436873747592e+00 6.101181878034045436e-02
1.323255490981964044e+00 6.711795226103491052e-02
1.323772545090180497e+00 7.158278635113017596e-02
1.324289599198396949e+00 7.565650773957036113e-02
1.324806653306613180e+00 8.290728318479720360e-02
1.325323707414829633e+00 9.055459408073796013e-02
1.325840761523046085e+00 9.787701770803171331e-02
1.326357815631262538e+00 1.052188193520714882e-01
1.326874869739478990e+00 1.147816022370258121e-01
1.327391923847695443e+00 1.245170634789893732e-01
1.327908977955911896e+00 1.361873678082827777e-01
1.328426032064128348e+00 1.478044704143741117e-01
1.328943086172344801e+00 1.591020343570477003e-01
1.329460140280561253e+00 1.709229596619221692e-01
1.329977194388777484e+00 1.846726606767990497e-01
1.330494248496993936e+00 1.980688321422081344e-01
1.331011302605210389e+00 2.105427580490386030e-01
1.331528356713426842e+00 2.249042064608908209e-01
1.332045410821643294e+00 2.428493627393127074e-01
1.332562464929859747e+00 2.596129289890007907e-01
1.333079519038076199e+00 2.746817974419631936e-01
1.333596573146292652e+00 2.898740693090894327e-01
1.334113627254509105e+00 3.052454461850636069e-01
1.334630681362725557e+00 3.181772015080138738e-01
1.335147735470942010e+00 3.288703238338288037e-01
1.335664789579158462e+00 3.388327673165615339e-01
1.336181843687374693e+00 3.484205464894377102e-01
1.336698897795591146e+00 3.599094937396646321e-01
1.337215951903807598e+00 3.723159374501320285e-01
1.337733006012024051e+00 3.761402087472053291e-01
1.338250060120240503e+00 3.769607095941959196e-01
1.338767114228456956e+00 3.842746670633482298e-01
1.339284168336673408e+00 3.931449097045912611e-01
1.339801222444889861e+00 3.943461456256412978e-01
1.340318276553106314e+00 3.945657922260255579e-01
1.340835330661322766e+00 3.955912025684146238e-01
1.341352384769539219e+00 3.965282143067928589e-01
1.341869438877755449e+00 4.001366691172314471e-01
1.342386492985971902e+00 4.032550213563270147e-01
1.342903547094188355e+00 3.999288935484157648e-01
1.343420601202404807e+00 3.972850906332612841e-01
1.343937655310621260e+00 3.989663109354898429e-01
1.344454709418837712e+00 4.005549166935039040e-01
1.344971763527054165e+00 4.017833399972308706e-01
1.345488817635270618e+00 4.028709986857124115e-01
1.346005871743487070e+00 4.029230522046156060e-01
1.346522925851703523e+00 4.022590947417922780e-01
1.347039979959919975e+00 4.006831301477215002e-01
1.347557034068136428e+00 4.016615695773709249e-01
1.348074088176352658e+00 4.064674806106694516e-01
1.348591142284569111e+00 4.073132176498170387e-01
1.349108196392785564e+00 4.036290879816330501e-01
1.349625250501002016e+00 4.041809328298841542e-01
1.350142304609218469e+00 4.085265318913807731e-01
1.350659358717434921e+00 4.079210611490257654e-01
1.351176412825651374e+00 4.037711879699771300e-01
1.351693466933867827e+00 4.042055601009065802e-01
1.352210521042084279e+00 4.070437029178852750e-01
1.352727575150300732e+00 4.067501165520240880e-01
1.353244629258517184e+00 4.052989687212368852e-01
1.353761683366733415e+00 4.031818341564001318e-01
1.354278737474949867e+00 4.008928840690395567e-01
1.354795791583166320e+00 4.039629456098748350e-01
1.355312845691382773e+00 4.080462959492143771e-01
1.355829899799599225e+00 4.071080757055183241e-01
1.356346953907815678e+00 4.057436609162711760e-01
1.356864008016032130e+00 4.047082197796540437e-01
1.357381062124248583e+00 4.036149584099035237e-01
1.357898116232465036e+00 4.041415987833168466e-01
1.358415170340681488e+00 4.042123145811863383e-01
1.358932224448897941e+00 4.011446425199640675e-01
1.359449278557114393e+00 3.996436037244402439e-01
1.359966332665330624e+00 4.047475572905359642e-01
1.360483386773547076e+00 4.083614013366267392e-01
1.361000440881763529e+00 4.077523458692646763e-01
1.361517494989979982e+00 4.065693545186133684e-01
1.362034549098196434e+00 4.041978880723882672e-01
1.362551603206412887e+00 4.027361255088189318e-01
1.363068657314629339e+00 4.027027546470821062e-01
1.363585711422845792e+00 4.034140099351268827e-01
1.364102765531062245e+00 4.050687490689910963e-01
1.364619819639278697e+00 4.061382795472645024e-01
1.365136873747494928e+00 4.064135936558969653e-01
1.365653927855711380e+00 4.056387868765100047e-01
1.366170981963927833e+00 4.042630906666767610e-01
1.366688036072144286e+00 4.055746825485068152e-01
1.367205090180360738e+00 4.083088524704017730e-01
1.367722144288577191e+00 4.065361812182748946e-01
1.368239198396793643e+00 4.030105221404862159e-01
1.368756252505010096e+00 4.034944389052100844e-01
1.369273306613226548e+00 4.052099382597032506e-01
1.369790360721443001e+00 4.058456114144152194e-01
1.370307414829659454e+00 4.061280017976228174e-01
1.370824468937875906e+00 4.045018469180938769e-01
1.371341523046092137e+00 4.027175292948581009e-01
1.371858577154308589e+00 4.030460897636672368e-01
1.372375631262525042e+00 4.036090439546284325e-01
1.372892685370741495e+00 4.048752885900253062e-01
1.373409739478957947e+00 4.056423351535061173e-01
1.373926793587174400e+00 4.023128452414319045e-01
1.374443847695390852e+00 3.997099017837741353e-01
1.374960901803607305e+00 4.013255391605783928e-01
1.375477955911823758e+00 4.019262106699283410e-01
1.375995010020040210e+00 3.994233993711566177e-01
1.376512064128256663e+00 3.971967313314624382e-01
1.377029118236472893e+00 3.955647644279280395e-01
1.377546172344689346e+00 3.949535806119506831e-01
1.378063226452905798e+00 3.960080824146024470e-01
1.378580280561122251e+00 3.958012328439998728e-01
1.379097334669338704e+00 3.940232926498134503e-01
1.379614388777555156e+00 3.929133685365304163e-01
1.380131442885771609e+00 3.924469137956929088e-01
1.380648496993988061e+00 3.921905095836676347e-01
1.381165551102204514e+00 3.921592690299832706e-01
1.381682605210420967e+00 3.907981551215659044e-01
1.382199659318637419e+00 3.885058452908086712e-01
1.382716713426853872e+00 3.881771165416836866e-01
1.383233767535070102e+00 3.887137810561707707e-01
1.383750821643286555e+00 3.896791448748034292e-01
1.384267875751503007e+00 3.908947490359273025e-01
1.384784929859719460e+00 3.880039524096310366e-01
1.385301983967935913e+00 3.841622718919080470e-01
1.385819038076152365e+00 3.885293179979443234e-01
1.386336092184368818e+00 3.937412601007658774e-01
1.386853146292585270e+00 3.902560489298063651e-01
1.387370200400801723e+00 3.866833421758329448e-01
1.387887254509018176e+00 3.869189442408396129e-01
1.388404308617234406e+00 3.870646762802622542e-01
1.388921362725450859e+00 3.864432771593999116e-01
1.389438416833667311e+00 3.866863636558388606e-01
1.389955470941883764e+00 3.892812160224713436e-01
1.390472525050100217e+00 3.902031374793824003e-01
1.390989579158316669e+00 3.870143386398507412e-01
1.391506633266533122e+00 3.858277304304466582e-01
1.392023687374749574e+00 3.892026196211486044e-01
1.392540741482966027e+00 3.907243129835565876e-01
1.393057795591182479e+00 3.890376922267461679e-01
1.393574849699398932e+00 3.882875093741169903e-01
1.394091903807615385e+00 3.887278550915663211e-01
1.394608957915831615e+00 3.886712694765058207e-01
1.395126012024048068e+00 3.881035334059261821e-01
1.395643066132264520e+00 3.873950804428091810e-01
1.396160120240480973e+00 3.865713933547441639e-01
1.396677174348697426e+00 3.867015533709348141e-01
1.397194228456913878e+00 3.875691370256996726e-01
1.397711282565130331e+00 3.916162214146124976e-01
1.398228336673346783e+00 3.966882794200772833e-01
1.398745390781563236e+00 3.954297285025698550e-01
1.399262444889779688e+00 3.923057974434897011e-01
1.399779498997996141e+00 3.917810617018718244e-01
1.400296553106212372e+00 3.917722430259187316e-01
1.400813607214428824e+00 3.923154221065006109e-01
1.401330661322645277e+00 3.929193733676068501e-01
1.401847715430861729e+00 3.937059686724043717e-01
1.402364769539078182e+00 3.945137431103111214e-01
1.402881823647294635e+00 3.959508642468733131e-01
1.403398877755511087e+00 3.974754740100410744e-01
1.403915931863727540e+00 3.998746351426938350e-01
1.404432985971943992e+00 4.018470874699034412e-01
1.404950040080160445e+00 4.015987978124800351e-01
1.405467094188376898e+00 4.011785283061415353e-01
1.405984148296593350e+00 3.994057174386895781e-01
1.406501202404809581e+00 3.989464922619295195e-01
1.407018256513026033e+00 4.022523327164210238e-01
1.407535310621242486e+00 4.045552328232023820e-01
1.408052364729458938e+00 4.050510940634930446e-01
1.408569418837675391e+00 4.052610349825199187e-01
1.409086472945891844e+00 4.051173192733124595e-01
1.409603527054108296e+00 4.064214275165425883e-01
1.410120581162324749e+00 4.089427232371983245e-01
1.410637635270541201e+00 4.095108188274367844e-01
1.411154689378757654e+00 4.086739784108981977e-01
1.411671743486973885e+00 4.087923133680266830e-01
1.412188797595190337e+00 4.094894740059243365e-01
1.412705851703406790e+00 4.109615133465231440e-01
1.413222905811623242e+00 4.128979285017218559e-01
1.413739959919839695e+00 4.108048485485312207e-01
1.414257014028056147e+00 4.072135890031784999e-01
1.414774068136272600e+00 4.105007612232274283e-01
1.415291122244489053e+00 4.153255913633943641e-01
1.415808176352705505e+00 4.157574052940344322e-01
1.416325230460921958e+00 4.156215125038892344e-01
1.416842284569138410e+00 4.162233929945413635e-01
1.417359338677354863e+00 4.168670955033502712e-01
1.417876392785571316e+00 4.179765865742267605e-01
1.418393446893787546e+00 4.189489588389647134e-01
1.418910501002003999e+00 4.184747025539999887e-01
1.419427555110220451e+00 4.177342878410307270e-01
1.419944609218436904e+00 4.155170573150497315e-01
1.420461663326653357e+00 4.150290279907927760e-01
1.420978717434869809e+00 4.199227157742869698e-01
1.421495771543086262e+00 4.226794591776728005e-01
1.422012825651302714e+00 4.199825902469189187e-01
1.422529879759519167e+00 4.186483534623914871e-01
1.423046933867735619e+00 4.203720804863043670e-01
1.423563987975951850e+00 4.213595657537035910e-01
1.424081042084168303e+00 4.213095928814228341e-01
1.424598096192384755e+00 4.211017768551268414e-01
1.425115150300601208e+00 4.207262636212177886e-01
1.425632204408817660e+00 4.213388192736003957e-01
1.426149258517034113e+00 4.227758508240762603e-01
1.426666312625250566e+00 4.223900256395854425e-01
1.427183366733467018e+00 4.208472345141831550e-01
1.427700420841683471e+00 4.199109481063927896e-01
1.428217474949899923e+00 4.192626707832208255e-01
1.428734529058116376e+00 4.198745898666064180e-01
1.429251583166332829e+00 4.210503795352696366e-01
1.429768637274549281e+00 4.231850262304826527e-01
1.430285691382765512e+00 4.255044697875996484e-01
1.430802745490981964e+00 4.249417455073618566e-01
1.431319799599198417e+00 4.238001597977705259e-01
1.431836853707414869e+00 4.221899605984363868e-01
1.432353907815631322e+00 4.205677478557757754e-01
1.432870961923847775e+00 4.206182286659259084e-01
1.433388016032064227e+00 4.206541969642322298e-01
1.433905070140280680e+00 4.205303409782981117e-01
1.434422124248497132e+00 4.203887402951462793e-01
1.434939178356713585e+00 4.201494564870456583e-01
1.435456232464929816e+00 4.198886685165730270e-01
1.435973286573146268e+00 4.195524335999873400e-01
1.436490340681362721e+00 4.193310934115097033e-01
1.437007394789579173e+00 4.194237509310209666e-01
1.437524448897795626e+00 4.194981592530647729e-01
1.438041503006012078e+00 4.195620397328084783e-01
1.438558557114228531e+00 4.196257394168573795e-01
1.439075611222444984e+00 4.192902008287975879e-01
1.439592665330661436e+00 4.196139505590785745e-01
1.440109719438877889e+00 4.209391270474140967e-01
1.440626773547094341e+00 4.208456277457728878e-01
1.441143827655310794e+00 4.196038702311665758e-01
1.441660881763527025e+00 4.191133814151584147e-01
1.442177935871743477e+00 4.189015110803513964e-01
1.442694989979959930e+00 4.199330106939318519e-01
1.443212044088176382e+00 4.216718424381789565e-01
1.443729098196392835e+00 4.215126489199365611e-01
1.444246152304609287e+00 4.206622611139688717e-01
1.444763206412825740e+00 4.212124842505048372e-01
1.445280260521042193e+00 4.221138619152056681e-01
1.445797314629258645e+00 4.213206730769528119e-01
1.446314368737475098e+00 4.204241131226629236e-01
1.446831422845691328e+00 4.218958712527178245e-01
1.447348476953907781e+00 4.233549868817736428e-01
1.447865531062124234e+00 4.241712336789232318e-01
1.448382585170340686e+00 4.249715635633659061e-01
1.448899639278557139e+00 4.255806652115411981e-01
1.449416693386773591e+00 4.257166545679896275e-01
1.449933747494990044e+00 4.226695977419028805e-01
1.450450801603206497e+00 4.207771572343836364e-01
1.450967855711422949e+00 4.236623392535700527e-01
1.451484909819639402e+00 4.261647693569579620e-01
1.452001963927855854e+00 4.268842031483860433e-01
1.452519018036072307e+00 4.274444377183440613e-01
1.453036072144288759e+00 4.282368812277671521e-01
1.453553126252504990e+00 4.286856649477851500e-01
1.454070180360721443e+00 4.286057674348797697e-01
1.454587234468937895e+00 4.291236419723770124e-01
1.455104288577154348e+00 4.304027829148304174e-01
1.455621342685370800e+00 4.294799016743702236e-01
1.456138396793587253e+00 4.262914173118761418e-01
1.456655450901803706e+00 4.263261934877174419e-01
1.457172505010020158e+00 4.287315015343537983e-01
1.457689559118236611e+00 4.313147347459405645e-01
1.458206613226453063e+00 4.339909836851301161e-01
1.458723667334669294e+00 4.335119741270317406e-01
1.459240721442885746e+00 4.318224874307967087e-01
1.459757775551102199e+00 4.314984668936260870e-01
1.460274829659318652e+00 4.315378290755336743e-01
1.460791883767535104e+00 4.319963647809352825e-01
1.461308937875751557e+00 4.325266601417850909e-01
1.461825991983968009e+00 4.326417653513704997e-01
1.462343046092184462e+00 4.329040116023084028e-01
1.462860100200400915e+00 4.328411028454593468e-01
1.463377154308617367e+00 4.326887791555887319e-01
1.463894208416833820e+00 4.345620451473387047e-01
1.464411262525050272e+00 4.361960212033209605e-01
1.464928316633266725e+00 4.344687661869018336e-01
1.465445370741482956e+00 4.326085127509329831e-01
1.465962424849699408e+00 4.311682504625554690e-01
1.466479478957915861e+00 4.307019889849165173e-01
1.466996533066132313e+00 4.331467211896126712e-01
1.467513587174348766e+00 4.331182393154146548e-01
1.468030641282565218e+00 4.277442259541581193e-01
1.468547695390781671e+00 4.237424178678935172e-01
1.469064749498998124e+00 4.219549906256568339e-01
1.469581803607214576e+00 4.195506714806785387e-01
1.470098857715431029e+00 4.163893261652372169e-01
1.470615911823647259e+00 4.123414029352419630e-01
1.471132965931863712e+00 4.074437539562942856e-01
1.471650020040080165e+00 4.013149764437515254e-01
1.472167074148296617e+00 3.943762447647310987e-01
1.472684128256513070e+00 3.857660498443754027e-01
1.473201182364729522e+00 3.760461332270872425e-01
1.473718236472945975e+00 3.657281322843455862e-01
1.474235290581162428e+00 3.553303385530002800e-01
1.474752344689378880e+00 3.421766566521121100e-01
1.475269398797595333e+00 3.280792138651116852e-01
1.475786452905811785e+00 3.163370438598155920e-01
1.476303507014028238e+00 3.050479056454675764e-01
1.476820561122244468e+00 2.886412950423284940e-01
1.477337615230460921e+00 2.717280759013639413e-01
1.477854669338677374e+00 2.561644262679217410e-01
1.478371723446893826e+00 2.405851516038949589e-01
1.478888777555110279e+00 2.239207581662218949e-01
1.479405831663326731e+00 2.075034926796364421e-01
1.479922885771543184e+00 1.931337620730065319e-01
1.480439939879759637e+00 1.789964022240886077e-01
1.480956993987976089e+00 1.659720435716386111e-01
1.481474048096192542e+00 1.530379899994029902e-01
1.481991102204408772e+00 1.403891880552204929e-01
1.482508156312625225e+00 1.286791290130976928e-01
1.483025210420841677e+00 1.191014853836454140e-01
1.483542264529058130e+00 1.101766477243717873e-01
1.484059318637274583e+00 1.022243596098727780e-01
1.484576372745491035e+00 9.437134769158213310e-02
1.485093426853707488e+00 8.673404762607633822e-02
1.485610480961923940e+00 7.984093117002644124e-02
1.486127535070140393e+00 7.362176310657422840e-02
1.486644589178356846e+00 6.755042985084779017e-02
1.487161643286573298e+00 6.161868283207028868e-02
1.487678697394789751e+00 5.785101236699381755e-02
1.488195751503006203e+00 5.532314704183867449e-02
1.488712805611222434e+00 5.106979234733248496e-02
1.489229859719438887e+00 4.608214889963208050e-02
1.489746913827655339e+00 4.278390014059903906e-02
1.490263967935871792e+00 3.999603022344661724e-02
1.490781022044088244e+00 3.728879503731732242e-02
1.491298076152304697e+00 3.459735934629644405e-02
1.491815130260521149e+00 3.240505501465850563e-02
1.492332184368737602e+00 3.026806171011521204e-02
1.492849238476954055e+00 2.857758219760077670e-02
1.493366292585170507e+00 2.689669697620708858e-02
1.493883346693386738e+00 2.503252420920191665e-02
1.494400400801603190e+00 2.327799979288577154e-02
1.494917454909819643e+00 2.243902432584048839e-02
1.495434509018036096e+00 2.153469602399251184e-02
1.495951563126252548e+00 2.035876774947939505e-02
1.496468617234469001e+00 1.922592880180110791e-02
1.496985671342685453e+00 1.823858425953297363e-02
1.497502725450901906e+00 1.723238694864398513e-02
1.498019779559118358e+00 1.615498647117720801e-02
1.498536833667334811e+00 1.514563546243764651e-02
1.499053887775551264e+00 1.427524098466114062e-02
1.499570941883767716e+00 1.331295535202697833e-02
1.500087995991984169e+00 1.222763907728307078e-02
1.500605050100200399e+00 1.116536986640579571e-02
1.501122104208416852e+00 1.012631129423015655e-02
1.501639158316633305e+00 9.204082896732274088e-03
1.502156212424849757e+00 8.373876351150510294e-03
1.502673266533066210e+00 7.611980831321700676e-03
1.503190320641282662e+00 6.890916574874177310e-03
1.503707374749499115e+00 6.272153243685255931e-03
1.504224428857715568e+00 5.698968899484084874e-03
1.504741482965932020e+00 5.199401652721350256e-03
1.505258537074148251e+00 4.724803053704387801e-03
1.505775591182364703e+00 4.309518812353299241e-03
1.506292645290581156e+00 3.904697898228091241e-03
1.506809699398797608e+00 3.608932963623865623e-03
1.507326753507014061e+00 3.326807939625398090e-03
1.507843807615230514e+00 3.062408708335401155e-03
1.508360861723446966e+00 2.799976136327453693e-03
1.508877915831663419e+00 2.595519659982529256e-03
1.509394969939879871e+00 2.392534990674300387e-03
1.509912024048096324e+00 2.205918098638357753e-03
1.510429078156312777e+00 2.025489922486075917e-03
1.510946132264529229e+00 1.874086356178863164e-03
1.511463186372745682e+00 1.727927960836311968e-03
1.511980240480961912e+00 1.604691131119983681e-03
1.512497294589178365e+00 1.485573429612714125e-03
1.513014348697394817e+00 1.376891391750339946e-03
1.513531402805611270e+00 1.281210337541090856e-03
1.514048456913827723e+00 1.209639971686620906e-03
1.514565511022044175e+00 1.131644448089299832e-03
1.515082565130260628e+00 1.044675431391770297e-03
1.515599619238477080e+00 9.701304686764011115e-04
1.516116673346693533e+00 9.089081266108602975e-04
1.516633727454909986e+00 8.496312032708405867e-04
1.517150781563126216e+00 7.919531642835217619e-04
1.517667835671342669e+00 7.430584857540547096e-04
1.518184889779559121e+00 6.998234620014248805e-04
1.518701943887775574e+00 6.574256393453590998e-04
1.519218997995992027e+00 6.150783924388401273e-04
1.519736052104208479e+00 5.757238370477213820e-04
1.520253106212424932e+00 5.374516748588232173e-04
1.520770160320641384e+00 5.092692162074228613e-04
1.521287214428857837e+00 4.834078534958577444e-04
1.521804268537074289e+00 4.535342495633412499e-04
1.522321322645290742e+00 4.230978615956416662e-04
1.522838376753507195e+00 4.040882215403993993e-04
1.523355430861723647e+00 3.857080816577501290e-04
1.523872484969939878e+00 3.640367881791836853e-04
1.524389539078156330e+00 3.424476552893748011e-04
1.524906593186372783e+00 3.219265339808054216e-04
1.525423647294589236e+00 3.022929959893092683e-04
1.525940701402805688e+00 2.880343563215365674e-04
1.526457755511022141e+00 2.738776770238045928e-04
1.526974809619238593e+00 2.595466816009869533e-04
1.527491863727455046e+00 2.459685732025810494e-04
1.528008917835671499e+00 2.348171698982931999e-04
1.528525971943887951e+00 2.230413977968826139e-04
1.529043026052104182e+00 2.100600551105719809e-04
1.529560080160320634e+00 1.984209453142969344e-04
1.530077134268537087e+00 1.887463321098736986e-04
1.530594188376753539e+00 1.798748301871139926e-04
1.531111242484969992e+00 1.719217018289309997e-04
1.531628296593186445e+00 1.635538810678209261e-04
1.532145350701402897e+00 1.547243051653896396e-04
1.532662404809619350e+00 1.471074638218603404e-04
1.533179458917835802e+00 1.403334227688737281e-04
1.533696513026052255e+00 1.338340694053778137e-04
1.534213567134268708e+00 1.274693466948216504e-04
1.534730621242485160e+00 1.208473280603764483e-04
1.535247675350701613e+00 1.141322804207605166e-04
1.535764729458917843e+00 1.093892046505422189e-04
1.536281783567134296e+00 1.051318273867409551e-04
1.536798837675350748e+00 1.005025766322164302e-04
1.537315891783567201e+00 9.581595668949937966e-05
1.537832945891783654e+00 9.162083978281732163e-05
1.538350000000000106e+00 8.745953443936933705e-05
