2.479999999999999982e+00 5.124146250692989638e-05
2.485249599198396719e+00 5.260030879568558000e-05
2.490499198396793457e+00 5.230766935870134564e-05
2.495748797595190194e+00 1.002668230202421757e-03
2.500998396793587375e+00 1.158339606025511875e-03
2.506247995991984112e+00 3.520198768287596835e-04
2.511497595190380849e+00 3.085839850820076336e-04
2.516747194388777586e+00 2.622553204574643590e-04
2.521996793587174324e+00 2.155166803932563992e-04
2.527246392785571061e+00 1.697112782978416556e-04
2.532495991983967798e+00 1.284438076402458358e-04
2.537745591182364535e+00 9.263073513795564936e-05
2.542995190380761716e+00 6.353440264788906208e-05
2.548244789579158454e+00 4.170799367667529090e-05
2.553494388777555191e+00 2.600157618775386813e-05
2.558743987975951928e+00 1.581323343300842301e-05
2.563993587174348665e+00 9.867089037294198982e-06
2.569243186372745402e+00 6.197968117933194049e-06
2.574492785571142139e+00 4.194715050986245360e-06
2.579742384769538877e+00 3.080104985758503747e-06
2.584991983967936058e+00 2.796466462165271299e-06
2.590241583166332795e+00 2.439815464407453873e-06
2.595491182364729532e+00 2.121209302254618299e-06
2.600740781563126269e+00 1.687941715450146329e-06
2.605990380761523006e+00 2.257432905437599258e-06
2.611239979959919744e+00 2.783484610984172221e-06
2.616489579158316481e+00 1.770211835431150841e-06
2.621739178356713218e+00 1.473960977510203091e-06
2.626988777555110399e+00 1.558003355541022544e-06
2.632238376753507136e+00 1.702609190074279810e-06
2.637487975951903874e+00 1.713347564124298833e-06
2.642737575150300611e+00 1.699184888121129307e-06
2.647987174348697348e+00 1.747573115571754857e-06
2.653236773547094085e+00 1.704454290569481364e-06
2.658486372745490822e+00 2.237101557294934091e-06
2.663735971943887559e+00 3.386965457977264565e-06
2.668985571142284741e+00 2.448292093569640599e-06
2.674235170340681478e+00 1.478665005918714518e-06
2.679484769539078215e+00 1.414029164479435738e-06
2.684734368737474952e+00 1.044839442035865776e-06
2.689983967935871689e+00 1.069863986494516819e-06
2.695233567134268426e+00 7.297973933898000655e-07
2.700483166332665164e+00 8.427781962736137715e-07
2.705732765531061901e+00 1.571561492757618651e-06
2.710982364729459082e+00 1.696025070292925206e-06
2.716231963927855819e+00 1.007656637848988788e-06
2.721481563126252556e+00 9.799950741612406215e-07
2.726731162324649294e+00 1.322034213248989487e-06
2.731980761523046031e+00 1.239295399471467722e-06
2.737230360721442768e+00 1.264726777918051344e-06
2.742479959919839505e+00 1.296487898932159053e-06
2.747729559118236686e+00 1.338512601416485516e-06
2.752979158316633423e+00 1.171276286260236967e-06
2.758228757515030161e+00 8.020651123296564203e-07
2.763478356713426898e+00 7.739530856766846549e-07
2.768727955911823635e+00 1.036286074037623744e-06
2.773977555110220372e+00 1.618128263926615025e-06
2.779227154308617109e+00 1.333793162157340198e-06
2.784476753507013846e+00 1.048774157253675970e-06
2.789726352705410584e+00 1.369754651260051533e-06
2.794975951903807765e+00 1.016590152572660759e-06
2.800225551102204502e+00 9.136204959151326427e-07
2.805475150300601239e+00 1.214986976566126744e-06
2.810724749498997976e+00 1.308191484387098557e-06
2.815974348697394714e+00 1.542354141390336317e-06
2.821223947895791451e+00 1.301281194043925123e-06
2.826473547094188188e+00 9.731338316835857173e-07
2.831723146292585369e+00 7.480797478629955954e-07
2.836972745490982106e+00 6.575662103064000810e-07
2.842222344689378843e+00 6.612548808348469381e-07
2.847471943887775581e+00 8.068685372751139306e-07
2.852721543086172318e+00 9.555962267935632267e-07
2.857971142284569055e+00 6.348605032986541094e-07
2.863220741482965792e+00 3.525933192566051691e-07
2.868470340681362529e+00 7.238541457282039270e-07
2.873719939879759266e+00 1.039781218818185793e-06
2.878969539078156448e+00 7.715407228413299379e-07
2.884219138276553185e+00 7.384505050005002032e-07
2.889468737474949922e+00 6.111259078615430676e-07
2.894718336673346659e+00 3.039036158821867724e-07
2.899967935871743396e+00 3.071276161413243295e-07
2.905217535070140134e+00 3.175265689887886255e-07
2.910467134268536871e+00 8.184061846974658369e-07
2.915716733466934052e+00 8.432097218797426449e-07
2.920966332665330789e+00 9.734858029762849166e-07
2.926215931863727526e+00 1.495148904332834648e-06
2.931465531062124263e+00 1.379377779560176185e-06
2.936715130260521001e+00 1.559995176932692083e-06
2.941964729458917738e+00 1.372789665609614378e-06
2.947214328657314475e+00 1.244583832128287926e-06
2.952463927855711212e+00 1.286392157626992326e-06
2.957713527054107949e+00 1.367203158639699009e-06
2.962963126252505131e+00 1.323011863659096898e-06
2.968212725450901868e+00 1.079859293262110599e-06
2.973462324649298605e+00 1.312249995354932953e-06
2.978711923847695342e+00 1.461501522782272533e-06
2.983961523046092079e+00 1.133014942943273029e-06
2.989211122244488816e+00 1.046957248295548240e-06
2.994460721442885998e+00 1.264727092499284586e-06
2.999710320641282735e+00 1.017813939428451580e-06
3.004959919839679472e+00 1.006960399219894706e-06
3.010209519038076209e+00 9.456374603759147443e-07
3.015459118236472946e+00 8.982796526182478947e-07
3.020708717434869683e+00 9.772335620133125259e-07
3.025958316633266421e+00 9.036602768143240573e-07
3.031207915831663158e+00 1.348212300324034154e-06
3.036457515030059895e+00 1.271165990758139465e-06
3.041707114228456632e+00 1.148710503264232344e-06
3.046956713426853813e+00 1.933432049031317445e-06
3.052206312625250550e+00 2.238183868136042753e-06
3.057455911823647288e+00 1.905192014379172634e-06
3.062705511022044025e+00 2.021268850971099879e-06
3.067955110220440762e+00 1.695290531111483673e-06
3.073204709418837499e+00 1.338670011392531104e-06
3.078454308617234680e+00 1.517281314466432927e-06
3.083703907815631418e+00 1.320053001344655323e-06
3.088953507014028155e+00 1.026874879698475544e-06
3.094203106212424892e+00 2.141857130467000930e-06
3.099452705410821629e+00 2.385408370913332479e-06
3.104702304609218366e+00 1.473471117675292676e-06
3.109951903807615103e+00 1.467788703486139257e-06
3.115201503006011841e+00 1.465730142180294214e-06
3.120451102204408578e+00 1.580441358353496110e-06
3.125700701402805315e+00 2.626205107153725834e-06
3.130950300601202496e+00 3.674269297036224664e-06
3.136199899799599233e+00 3.998630275323485222e-06
3.141449498997995970e+00 4.502599667873687858e-06
3.146699098196392708e+00 5.029680819835871889e-06
3.151948697394789445e+00 4.789932218999464424e-06
3.157198296593186626e+00 4.400665917082795767e-06
3.162447895791583363e+00 3.997488257623190429e-06
3.167697494989980100e+00 2.554120617236849436e-06
3.172947094188376838e+00 1.337799153209558413e-06
3.178196693386773575e+00 6.731632925665943189e-07
3.183446292585170312e+00 2.822368040073364353e-07
3.188695891783567049e+00 6.401854057613897883e-07
3.193945490981963786e+00 1.429909264446035269e-06
3.199195090180360523e+00 2.023152055243885982e-06
3.204444689378757261e+00 2.440490643538760191e-06
3.209694288577154442e+00 2.711580033157138058e-06
3.214943887775551179e+00 2.495516704412729618e-06
3.220193486973947916e+00 2.281649554597644289e-06
3.225443086172344653e+00 2.001790825584706534e-06
3.230692685370741390e+00 1.721393381104517692e-06
3.235942284569138128e+00 1.811135185253324427e-06
3.241191883767535309e+00 2.183987029170030462e-06
3.246441482965932046e+00 3.226648458031371529e-06
3.251691082164328783e+00 3.655357409211552574e-06
3.256940681362725520e+00 3.183429715621472087e-06
3.262190280561122258e+00 3.729250417335371733e-06
3.267439879759518995e+00 4.237671867529015920e-06
3.272689478957915732e+00 4.177654099120439909e-06
3.277939078156312469e+00 4.182194941975837568e-06
3.283188677354709206e+00 4.284692474833193536e-06
3.288438276553105943e+00 4.009471378570862558e-06
3.293687875751503125e+00 3.559312686184037412e-06
3.298937474949899862e+00 2.789370539585820155e-06
3.304187074148296599e+00 2.527126576056411724e-06
3.309436673346693336e+00 3.312915093293157768e-06
3.314686272545090073e+00 3.570910945070598269e-06
3.319935871743486810e+00 3.074682064117113869e-06
3.325185470941883992e+00 2.375816797277307182e-06
3.330435070140280729e+00 2.217158826590999093e-06
3.335684669338677466e+00 3.370324723461269314e-06
3.340934268537074203e+00 3.859883303603208778e-06
3.346183867735470940e+00 3.385246930839150025e-06
3.351433466933867678e+00 3.818853062559661949e-06
3.356683066132264415e+00 4.369683699418236190e-06
3.361932665330661152e+00 5.180879758854432915e-06
3.367182264529057889e+00 5.588216398742849275e-06
3.372431863727454626e+00 6.201863612727495848e-06
3.377681462925851807e+00 6.595375785001352001e-06
3.382931062124248545e+00 6.795932296520914957e-06
3.388180661322645282e+00 7.600868373095619731e-06
3.393430260521042019e+00 7.914280752820252552e-06
3.398679859719438756e+00 8.121415837219649652e-06
3.403929458917835493e+00 8.473072767666372070e-06
3.409179058116232675e+00 8.678824762652778287e-06
3.414428657314629412e+00 8.067502469408131610e-06
3.419678256513026149e+00 7.425380818621350089e-06
3.424927855711422886e+00 6.552839095986064312e-06
3.430177454909819623e+00 6.842931887002989498e-06
3.435427054108216360e+00 7.730119934718800208e-06
3.440676653306613098e+00 7.839839190230376824e-06
3.445926252505009835e+00 6.851780753829640125e-06
3.451175851703406572e+00 5.344920671116556371e-06
3.456425450901803309e+00 5.644959402625545756e-06
3.461675050100200490e+00 6.776175770854125585e-06
3.466924649298597227e+00 6.641242842890575757e-06
3.472174248496993965e+00 5.720170810971501562e-06
3.477423847695390702e+00 6.077241039376037232e-06
3.482673446893787439e+00 6.311354624565596910e-06
3.487923046092184620e+00 6.743630562910928682e-06
3.493172645290581357e+00 7.295135800652162105e-06
3.498422244488978095e+00 5.644251759327220185e-06
3.503671843687374832e+00 4.966713517362040552e-06
3.508921442885771569e+00 5.885006365520455679e-06
3.514171042084168306e+00 5.326905258836239203e-06
3.519420641282565043e+00 5.020088032632697411e-06
3.524670240480961780e+00 5.988881650582427994e-06
3.529919839679358518e+00 6.374408304165324695e-06
3.535169438877755255e+00 6.469407544836359164e-06
3.540419038076151992e+00 6.912001906785882237e-06
3.545668637274549173e+00 7.137924619907244636e-06
3.550918236472945910e+00 7.775319421089187436e-06
3.556167835671342647e+00 8.029746269639062204e-06
3.561417434869739385e+00 8.686050125326110190e-06
3.566667034068136566e+00 9.371147428592477142e-06
3.571916633266533303e+00 1.095213412878777945e-05
3.577166232464930040e+00 1.223307876113772265e-05
3.582415831663326777e+00 1.223401748978562593e-05
3.587665430861723515e+00 1.253481368721755705e-05
3.592915030060120252e+00 1.322479919595770091e-05
3.598164629258516989e+00 1.385788850548008307e-05
3.603414228456913726e+00 1.404395796204185137e-05
3.608663827655310463e+00 1.432734935361409699e-05
3.613913426853707200e+00 1.559436531550996953e-05
3.619163026052103938e+00 1.661313312839801667e-05
3.624412625250500675e+00 1.730855074795475344e-05
3.629662224448897856e+00 1.846515550616537217e-05
3.634911823647294593e+00 1.910057592822565938e-05
3.640161422845691330e+00 2.098028908085745981e-05
3.645411022044088067e+00 2.359853504954051445e-05
3.650660621242485249e+00 2.475838122228331712e-05
3.655910220440881986e+00 2.516497971407374135e-05
3.661159819639278723e+00 2.612245057809899640e-05
3.666409418837675460e+00 2.846246184954311648e-05
3.671659018036072197e+00 3.121203481125991850e-05
3.676908617234468934e+00 3.510852419681955382e-05
3.682158216432865672e+00 4.000851721531524128e-05
3.687407815631262409e+00 4.336603165563010070e-05
3.692657414829659146e+00 4.935811426491703110e-05
3.697907014028055883e+00 6.070788034060358351e-05
3.703156613226452620e+00 7.350282404495419610e-05
3.708406212424849357e+00 8.859121351870264337e-05
3.713655811623246539e+00 1.094249350313108971e-04
3.718905410821643276e+00 1.390340693292824788e-04
3.724155010020040013e+00 1.785281606279226474e-04
3.729404609218436750e+00 2.279191383363018974e-04
3.734654208416833931e+00 2.940846583138894701e-04
3.739903807615230669e+00 3.797802260091389477e-04
3.745153406813627406e+00 4.847850535031558998e-04
3.750403006012024143e+00 6.162478630377098707e-04
3.755652605210420880e+00 7.830563135689297925e-04
3.760902204408817617e+00 9.896090125592451117e-04
3.766151803607214354e+00 1.242942102641639464e-03
3.771401402805611092e+00 1.553074301446411227e-03
3.776651002004007829e+00 1.930536857808780662e-03
3.781900601202404566e+00 2.390966331798451572e-03
3.787150200400801303e+00 2.956023433918182966e-03
3.792399799599198040e+00 3.654445577435608966e-03
3.797649398797595222e+00 4.528364321066110330e-03
3.802898997995991959e+00 5.642283054340458022e-03
3.808148597194388696e+00 7.082572343523258103e-03
3.813398196392785433e+00 8.962976622528574799e-03
3.818647795591182614e+00 1.146578421482215802e-02
3.823897394789579351e+00 1.481971826855446074e-02
3.829146993987976089e+00 1.937718776408457397e-02
3.834396593186372826e+00 2.560231048012840890e-02
3.839646192384769563e+00 3.418310628520507960e-02
3.844895791583166300e+00 4.589151331676564333e-02
3.850145390781563037e+00 6.175573876174554611e-02
3.855394989979959774e+00 8.285881229733649267e-02
3.860644589178356512e+00 1.102600078822995877e-01
3.865894188376753249e+00 1.441277910921550665e-01
3.871143787575149986e+00 1.840671953460923660e-01
3.876393386773547167e+00 2.283630680407314761e-01
3.881642985971943904e+00 2.743025392972052168e-01
3.886892585170340642e+00 3.187429906415464309e-01
3.892142184368737379e+00 3.589758722458222251e-01
3.897391783567134560e+00 3.935460636655554456e-01
3.902641382765531297e+00 4.219125167968881263e-01
3.907890981963928034e+00 4.441459547057055035e-01
3.913140581162324771e+00 4.615205694136629289e-01
3.918390180360721509e+00 4.754628096392448655e-01
3.923639779559118246e+00 4.857352552182581662e-01
3.928889378757514983e+00 4.935026405369561386e-01
3.934138977955911720e+00 4.992264565261475551e-01
3.939388577154308457e+00 5.039191782180112433e-01
3.944638176352705194e+00 5.070503740109982838e-01
3.949887775551101932e+00 5.092944692395798834e-01
3.955137374749498669e+00 5.105772781402660998e-01
3.960386973947895850e+00 5.114391799187564258e-01
3.965636573146292587e+00 5.120650938104700511e-01
3.970886172344689324e+00 5.131127002518939273e-01
3.976135771543086062e+00 5.135675125478248448e-01
3.981385370741483243e+00 5.145710767709555933e-01
3.986634969939879980e+00 5.149147794632429331e-01
3.991884569138276717e+00 5.152366553782538050e-01
3.997134168336673454e+00 5.155455092384593208e-01
4.002383767535070191e+00 5.158102975839203852e-01
4.007633366733466929e+00 5.160403315411449254e-01
4.012882965931863666e+00 5.164227913590426766e-01
4.018132565130260403e+00 5.170009767907497444e-01
4.023382164328657140e+00 5.184167670754112889e-01
4.028631763527053877e+00 5.186678499109731444e-01
4.033881362725450614e+00 5.189146369777735135e-01
4.039130961923847352e+00 5.191543416548617396e-01
4.044380561122244089e+00 5.196384460884724277e-01
4.049630160320640826e+00 5.201670925055964512e-01
4.054879759519037563e+00 5.204087522387136344e-01
4.060129358717434300e+00 5.206965499616835746e-01
4.065378957915831926e+00 5.214188019602024049e-01
4.070628557114228663e+00 5.216095138463516800e-01
4.075878156312625400e+00 5.225871587389193662e-01
4.081127755511022137e+00 5.229171608526422821e-01
4.086377354709418874e+00 5.230084319384091796e-01
4.091626953907815611e+00 5.230872503952788133e-01
4.096876553106212349e+00 5.231782106578055647e-01
4.102126152304609086e+00 5.231735778251845881e-01
4.107375751503005823e+00 5.236130391930274852e-01
4.112625350701402560e+00 5.236001317573533154e-01
4.117874949899799297e+00 5.237239592462175075e-01
4.123124549098196034e+00 5.244189919914146181e-01
4.128374148296593660e+00 5.245262779737089875e-01
4.133623747494990397e+00 5.244277146568100401e-01
4.138873346693387134e+00 5.241880277979863445e-01
4.144122945891783871e+00 5.242875141153152674e-01
4.149372545090180608e+00 5.250532497614841532e-01
4.154622144288577346e+00 5.249207556717864209e-01
4.159871743486974083e+00 5.246806405783240868e-01
4.165121342685370820e+00 5.249898552776294247e-01
4.170370941883767557e+00 5.246610411170462562e-01
4.175620541082164294e+00 5.242905944487240566e-01
4.180870140280561031e+00 5.238813268854403127e-01
4.186119739478957769e+00 5.234602177692682101e-01
4.191369338677354506e+00 5.230184815752001448e-01
4.196618937875751243e+00 5.231475744968462349e-01
4.201868537074147980e+00 5.226966780436886895e-01
4.207118136272544717e+00 5.228435796758018617e-01
4.212367735470941454e+00 5.224633784644556744e-01
4.217617334669338192e+00 5.221400863977733176e-01
4.222866933867734929e+00 5.218178253991676563e-01
4.228116533066132554e+00 5.214839920380388572e-01
4.233366132264529291e+00 5.211248771789818157e-01
4.238615731462926028e+00 5.207570704720853039e-01
4.243865330661322766e+00 5.210297390233380455e-01
4.249114929859719503e+00 5.213161567671623642e-01
4.254364529058116240e+00 5.209779539403568416e-01
4.259614128256512977e+00 5.206368686564013526e-01
4.264863727454909714e+00 5.168004238776682246e-01
4.270113326653306451e+00 5.126159751642499485e-01
4.275362925851703189e+00 5.065406074559621885e-01
4.280612525050099926e+00 5.022178029728848747e-01
4.285862124248496663e+00 5.111251594320281866e-01
4.291111723446894288e+00 5.180750909839803020e-01
4.296361322645291025e+00 5.190809227041731644e-01
4.301610921843687763e+00 5.188265810120455956e-01
4.306860521042084500e+00 5.183369841377548637e-01
4.312110120240481237e+00 5.178302425317888869e-01
4.317359719438877974e+00 5.173136662314893330e-01
4.322609318637274711e+00 5.168194734334925489e-01
4.327858917835671448e+00 5.163355814818846312e-01
4.333108517034068186e+00 5.158152714488024593e-01
4.338358116232464923e+00 5.152723890349062419e-01
4.343607715430861660e+00 5.147028297147853149e-01
4.348857314629258397e+00 5.146385484389653930e-01
4.354106913827655134e+00 5.144764914724978544e-01
4.359356513026051871e+00 5.136637713984272269e-01
4.364606112224448609e+00 5.128151675121767061e-01
4.369855711422845346e+00 5.118805246376121332e-01
4.375105310621242083e+00 5.108522587341812748e-01
4.380354909819638820e+00 5.097603330190400017e-01
4.385604509018035557e+00 5.086488850987985755e-01
4.390854108216432294e+00 5.075085965802935695e-01
4.396103707414829920e+00 5.063719478596884205e-01
4.401353306613226657e+00 5.054404751760880332e-01
4.406602905811623394e+00 5.051034882731785247e-01
4.411852505010020131e+00 5.042846600633531517e-01
4.417102104208416868e+00 5.041276864077208764e-01
4.422351703406813606e+00 5.034748184623717426e-01
4.427601302605210343e+00 5.028936743128457065e-01
4.432850901803607080e+00 5.023581421252053536e-01
4.438100501002003817e+00 5.018641121143240236e-01
4.443350100200400554e+00 5.014296563665042727e-01
4.448599699398797291e+00 5.009541979174892967e-01
4.453849298597194029e+00 5.004663148202055378e-01
4.459098897795591654e+00 4.999723178343301044e-01
4.464348496993988391e+00 4.994870701405779156e-01
4.469598096192385128e+00 4.989917187737261672e-01
4.474847695390781865e+00 4.984695110453990496e-01
4.480097294589178603e+00 4.984608415065728271e-01
4.485346893787575340e+00 4.984294743132377525e-01
4.490596492985972077e+00 4.977873146864076892e-01
4.495846092184368814e+00 4.970726061759013215e-01
4.501095691382765551e+00 4.962875932779913790e-01
4.506345290581162288e+00 4.954701686053785692e-01
4.511594889779559026e+00 4.945867095433755245e-01
4.516844488977955763e+00 4.936422905430374874e-01
4.522094088176352500e+00 4.926489818062692039e-01
4.527343687374749237e+00 4.916021207488882605e-01
4.532593286573145974e+00 4.904904040339643778e-01
4.537842885771542711e+00 4.893397055259111061e-01
4.543092484969939449e+00 4.881680375692492024e-01
4.548342084168336186e+00 4.869618737507016015e-01
4.553591683366732923e+00 4.857656452166848604e-01
4.558841282565129660e+00 4.845914741965990924e-01
4.564090881763526397e+00 4.839551510207130147e-01
4.569340480961924023e+00 4.828030864834058078e-01
4.574590080160320760e+00 4.822051766877299972e-01
4.579839679358717497e+00 4.810660375296820224e-01
4.585089278557114234e+00 4.799330873040087431e-01
4.590338877755510971e+00 4.787702200592547919e-01
4.595588476953907708e+00 4.775421575050725620e-01
4.600838076152304446e+00 4.762714725430884366e-01
4.606087675350701183e+00 4.749399082769704128e-01
4.611337274549098808e+00 4.735854841616116695e-01
4.616586873747495545e+00 4.723273994223760597e-01
4.621836472945892282e+00 4.708822540008851254e-01
4.627086072144289020e+00 4.691576703244114133e-01
4.632335671342685757e+00 4.673401136328336203e-01
4.637585270541082494e+00 4.654397731301459507e-01
4.642834869739479231e+00 4.634754710085357554e-01
4.648084468937875968e+00 4.614693056948103167e-01
4.653334068136272705e+00 4.599230714906482054e-01
4.658583667334669443e+00 4.578532391288425707e-01
4.663833266533066180e+00 4.558339462864255953e-01
4.669082865731462917e+00 4.538898784342731418e-01
4.674332464929859654e+00 4.520426856841665564e-01
4.679582064128256391e+00 4.502940579551299449e-01
4.684831663326653128e+00 4.486210359483418508e-01
4.690081262525049866e+00 4.470856422717721101e-01
4.695330861723446603e+00 4.457155674501296350e-01
4.700580460921843340e+00 4.449867054314970982e-01
4.705830060120240077e+00 4.438829460211218270e-01
4.711079659318636814e+00 4.429383106303615425e-01
4.716329258517033551e+00 4.422708279166093215e-01
4.721578857715430289e+00 4.415897277785388320e-01
4.726828456913827026e+00 4.407695131014605638e-01
4.732078056112223763e+00 4.399550279622489457e-01
4.737327655310621388e+00 4.396104047885917576e-01
4.742577254509018125e+00 4.387518706368973009e-01
4.747826853707414863e+00 4.378314538407120371e-01
4.753076452905811600e+00 4.368276275536452924e-01
4.758326052104208337e+00 4.357483591176501969e-01
4.763575651302605074e+00 4.345903959708896092e-01
4.768825250501001811e+00 4.333142809874519497e-01
4.774074849699398548e+00 4.319766804246015224e-01
4.779324448897796174e+00 4.306082886159970369e-01
4.784574048096192911e+00 4.292095094563198043e-01
4.789823647294589648e+00 4.278275856503678254e-01
4.795073246492986385e+00 4.264876517926439736e-01
4.800322845691383122e+00 4.251943176252151457e-01
4.805572444889779860e+00 4.239717260462327886e-01
4.810822044088176597e+00 4.232676480398188112e-01
4.816071643286573334e+00 4.221277523182495051e-01
4.821321242484970071e+00 4.210221756120778314e-01
4.826570841683366808e+00 4.199328927959266045e-01
4.831820440881763545e+00 4.188072380061321764e-01
4.837070040080160283e+00 4.176145381997820039e-01
4.842319639278557020e+00 4.163081336636285101e-01
4.847569238476953757e+00 4.148312007717326888e-01
4.852818837675350494e+00 4.131824444097071392e-01
4.858068436873747231e+00 4.113533075936119388e-01
4.863318036072143968e+00 4.093117610238904969e-01
4.868567635270540706e+00 4.070523018781233571e-01
4.873817234468937443e+00 4.045692708549160632e-01
4.879066833667334180e+00 4.022247093511588933e-01
4.884316432865730917e+00 3.988317864373858712e-01
4.889566032064127654e+00 3.953952876833317642e-01
4.894815631262524391e+00 3.919453427522353595e-01
4.900065230460922017e+00 3.885233808501932229e-01
4.905314829659318754e+00 3.851638704350313080e-01
4.910564428857715491e+00 3.818817530933691917e-01
4.915814028056112228e+00 3.786366657167714589e-01
4.921063627254508965e+00 3.753181053316650417e-01
4.926313226452905703e+00 3.717718870249877017e-01
4.931562825651302440e+00 3.678297039138043734e-01
4.936812424849699177e+00 3.632701645771511667e-01
4.942062024048096802e+00 3.582009068975249844e-01
4.947311623246493539e+00 3.515431471923247120e-01
4.952561222444890277e+00 3.434567257527915696e-01
4.957810821643287014e+00 3.337722413575792135e-01
4.963060420841683751e+00 3.224047088368353076e-01
4.968310020040080488e+00 3.093872901014740329e-01
4.973559619238477225e+00 2.948972773650079815e-01
4.978809218436873962e+00 2.791701523333188217e-01
4.984058817635270699e+00 2.625165520377616413e-01
4.989308416833667437e+00 2.452780693147241509e-01
4.994558016032064174e+00 2.278013651021140451e-01
4.999807615230460911e+00 2.104031343003261445e-01
5.005057214428857648e+00 1.934431014763992596e-01
5.010306813627254385e+00 1.771847801243903731e-01
5.015556412825651122e+00 1.613752511121679667e-01
5.020806012024047860e+00 1.463175022679366888e-01
5.026055611222444597e+00 1.320610333987044804e-01
5.031305210420841334e+00 1.186016904279936918e-01
5.036554809619238071e+00 1.059059179559591612e-01
5.041804408817634808e+00 9.395040512058930315e-02
5.047054008016031545e+00 8.272371964636622554e-02
5.052303607214428283e+00 7.221977537256386859e-02
5.057553206412825020e+00 6.244798136007850831e-02
5.062802805611221757e+00 5.342755665227282014e-02
5.068052404809619382e+00 4.523743999569693197e-02
5.073302004008016119e+00 3.785144164189027660e-02
5.078551603206412857e+00 3.133948497447441861e-02
5.083801202404809594e+00 2.563294272626318385e-02
5.089050801603206331e+00 2.075169785900347202e-02
5.094300400801603068e+00 1.665336604972177462e-02
5.099549999999999805e+00 1.327241709053409748e-02
