1.277789999999999981e+00 5.266564991970632779e-05
1.278687815631262437e+00 5.958370987352246074e-05
1.279585631262525114e+00 6.746371955563445133e-05
1.280483446893787569e+00 7.650153893400780470e-05
1.281381262525050024e+00 8.688566894359419474e-05
1.282279078156312702e+00 9.856247579717236835e-05
1.283176893787575157e+00 1.117095732540766378e-04
1.284074709418837612e+00 1.265425064826189699e-04
1.284972525050100289e+00 1.433417260060367102e-04
1.285870340681362745e+00 1.627753024918839845e-04
1.286768156312625200e+00 1.857872110755513263e-04
1.287665971943887655e+00 2.102231264449280106e-04
1.288563787575150332e+00 2.405381631801030494e-04
1.289461603206412788e+00 2.756475537557542626e-04
1.290359418837675243e+00 3.149270510744074550e-04
1.291257234468937920e+00 3.596695624542844971e-04
1.292155050100200375e+00 4.143700011286005820e-04
1.293052865731462830e+00 4.799871088191679479e-04
1.293950681362725508e+00 5.517555732806737109e-04
1.294848496993987963e+00 6.363945361217676188e-04
1.295746312625250418e+00 7.468642949298531872e-04
1.296644128256513095e+00 8.715141420485646336e-04
1.297541943887775551e+00 1.021849287507900538e-03
1.298439759519038006e+00 1.209375229147925624e-03
1.299337575150300683e+00 1.433306603593521595e-03
1.300235390781563138e+00 1.698828065696112713e-03
1.301133206412825594e+00 2.021236515261519689e-03
1.302031022044088049e+00 2.415150973618886057e-03
1.302928837675350726e+00 2.886281296879492433e-03
1.303826653306613181e+00 3.435574971170660651e-03
1.304724468937875637e+00 4.092428398664932181e-03
1.305622284569138314e+00 4.842803270953805091e-03
1.306520100200400769e+00 5.562342806196634258e-03
1.307417915831663224e+00 6.129759333483838883e-03
1.308315731462925902e+00 6.716142549605722510e-03
1.309213547094188357e+00 7.319396869888687707e-03
1.310111362725450812e+00 7.924848690111948452e-03
1.311009178356713489e+00 8.637941248471602343e-03
1.311906993987975945e+00 9.507269967440109409e-03
1.312804809619238400e+00 1.054674627087908573e-02
1.313702625250501077e+00 1.165006123777049402e-02
1.314600440881763532e+00 1.312576987363547887e-02
1.315498256513025988e+00 1.446831721158890229e-02
1.316396072144288665e+00 1.622193601574776350e-02
1.317293887775551120e+00 1.825264120161559575e-02
1.318191703406813575e+00 2.071970953387633138e-02
1.319089519038076030e+00 2.375426304920659135e-02
1.319987334669338708e+00 2.723437029418919811e-02
1.320885150300601163e+00 3.172881578833530725e-02
1.321782965931863618e+00 3.658453796997227642e-02
1.322680781563126295e+00 4.269987819279907199e-02
1.323578597194388751e+00 4.921698331768591811e-02
1.324476412825651206e+00 5.733905913206843730e-02
1.325374228456913883e+00 6.584103119179644803e-02
1.326272044088176338e+00 7.534510719130153855e-02
1.327169859719438794e+00 8.617319950820533092e-02
1.328067675350701471e+00 9.808299178968275800e-02
1.328965490981963926e+00 1.113986009682799705e-01
1.329863306613226381e+00 1.255739392692131473e-01
1.330761122244489059e+00 1.408504623759284091e-01
1.331658937875751514e+00 1.558808419600420103e-01
1.332556753507013969e+00 1.709492244550822604e-01
1.333454569138276646e+00 1.858244550253348171e-01
1.334352384769539102e+00 1.995844170397975681e-01
1.335250200400801557e+00 2.120939686865706553e-01
1.336148016032064012e+00 2.230968614664039784e-01
1.337045831663326689e+00 2.325872858267788723e-01
1.337943647294589145e+00 2.406105749608243305e-01
1.338841462925851600e+00 2.468164550996163054e-01
1.339739278557114277e+00 2.516921408746370936e-01
1.340637094188376732e+00 2.553264097204964722e-01
1.341534909819639187e+00 2.580169889453092225e-01
1.342432725450901865e+00 2.600263610946964010e-01
1.343330541082164320e+00 2.622943091114164349e-01
1.344228356713426775e+00 2.635295322049838740e-01
1.345126172344689452e+00 2.639888577230734557e-01
1.346023987975951908e+00 2.656178401705532877e-01
1.346921803607214363e+00 2.672047608040620248e-01
1.347819619238476818e+00 2.679014006686846749e-01
1.348717434869739495e+00 2.690809068439813379e-01
1.349615250501001951e+00 2.699824362203395722e-01
1.350513066132264406e+00 2.714403649725793399e-01
1.351410881763527083e+00 2.724720361862357221e-01
1.352308697394789538e+00 2.731376164086044556e-01
1.353206513026051994e+00 2.740562178025010565e-01
1.354104328657314671e+00 2.748524094601993983e-01
1.355002144288577126e+00 2.749325183665125016e-01
1.355899959919839581e+00 2.757831579504979591e-01
1.356797775551102259e+00 2.762410532869973290e-01
1.357695591182364714e+00 2.764101431687577271e-01
1.358593406813627169e+00 2.767302208112755180e-01
1.359491222444889846e+00 2.768467157417368596e-01
1.360389038076152302e+00 2.768766234046398655e-01
1.361286853707414757e+00 2.769407813326802414e-01
1.362184669338677434e+00 2.768126831543602506e-01
1.363082484969939889e+00 2.768011961644293861e-01
1.363980300601202345e+00 2.773556944105846078e-01
1.364878116232465022e+00 2.782413743597185740e-01
1.365775931863727477e+00 2.786007607045080658e-01
1.366673747494989932e+00 2.781589283196174156e-01
1.367571563126252387e+00 2.781936060360600260e-01
1.368469378757515065e+00 2.789075243993808795e-01
1.369367194388777520e+00 2.791883021604971149e-01
1.370265010020039975e+00 2.796748625144430123e-01
1.371162825651302652e+00 2.800618025578319736e-01
1.372060641282565108e+00 2.798472840940871564e-01
1.372958456913827563e+00 2.793026595251270061e-01
1.373856272545090240e+00 2.792299509482589204e-01
1.374754088176352695e+00 2.789196410290650796e-01
1.375651903807615151e+00 2.787627356127683753e-01
1.376549719438877828e+00 2.784095281368613728e-01
1.377447535070140283e+00 2.782555655015012119e-01
1.378345350701402738e+00 2.780117171360163009e-01
1.379243166332665416e+00 2.776336474694944267e-01
1.380140981963927871e+00 2.772470363432157359e-01
1.381038797595190326e+00 2.768890615812675815e-01
1.381936613226452781e+00 2.773035478503110829e-01
1.382834428857715459e+00 2.784058836912078339e-01
1.383732244488977914e+00 2.783644020109531381e-01
1.384630060120240369e+00 2.786459443349846299e-01
1.385527875751503046e+00 2.792786377073258053e-01
1.386425691382765502e+00 2.798996555106867956e-01
1.387323507014027957e+00 2.801303413101423612e-01
1.388221322645290634e+00 2.805497371519874994e-01
1.389119138276553089e+00 2.816231433270145468e-01
1.390016953907815545e+00 2.831224652764599004e-01
1.390914769539078222e+00 2.839804091732741620e-01
1.391812585170340677e+00 2.844628113974492223e-01
1.392710400801603132e+00 2.860110547497019540e-01
1.393608216432865810e+00 2.867608633353229131e-01
1.394506032064128265e+00 2.880170359273260816e-01
1.395403847695390720e+00 2.892752811113408207e-01
1.396301663326653397e+00 2.903005557748700727e-01
1.397199478957915852e+00 2.915702536646846976e-01
1.398097294589178308e+00 2.933403935616006319e-01
1.398995110220440763e+00 2.941328385698911974e-01
1.399892925851703440e+00 2.951051576098506213e-01
1.400790741482965895e+00 2.969566502427442578e-01
1.401688557114228351e+00 2.979424001373570663e-01
1.402586372745491028e+00 2.990207047002427232e-01
1.403484188376753483e+00 3.003289716065496440e-01
1.404382004008015938e+00 3.014072986198361725e-01
1.405279819639278616e+00 3.027309234877118560e-01
1.406177635270541071e+00 3.041332811948954107e-01
1.407075450901803526e+00 3.048020724849025420e-01
1.407973266533066203e+00 3.055449770949527633e-01
1.408871082164328659e+00 3.070028068813586697e-01
1.409768897795591114e+00 3.083796197434318653e-01
1.410666713426853569e+00 3.085538948436493678e-01
1.411564529058116246e+00 3.100289343869644942e-01
1.412462344689378702e+00 3.112134821231321014e-01
1.413360160320641157e+00 3.125295980189020106e-01
1.414257975951903834e+00 3.136715227271570927e-01
1.415155791583166289e+00 3.144131007382329202e-01
1.416053607214428744e+00 3.156245830943295028e-01
1.416951422845691422e+00 3.167049313370899899e-01
1.417849238476953877e+00 3.168612639383159291e-01
1.418747054108216332e+00 3.186401050382401956e-01
1.419644869739479009e+00 3.192736291007434724e-01
1.420542685370741465e+00 3.199945984528043130e-01
1.421440501002003920e+00 3.213618857518705796e-01
1.422338316633266597e+00 3.224111982524993092e-01
1.423236132264529052e+00 3.233259777385235623e-01
1.424133947895791508e+00 3.244310637223147276e-01
1.425031763527054185e+00 3.249046343200106546e-01
1.425929579158316640e+00 3.250997250107836578e-01
1.426827394789579095e+00 3.265160333689409722e-01
1.427725210420841773e+00 3.270538578285692166e-01
1.428623026052104228e+00 3.275870836540831776e-01
1.429520841683366683e+00 3.293572706718776444e-01
1.430418657314629360e+00 3.304753793654802152e-01
1.431316472945891816e+00 3.313493513657749800e-01
1.432214288577154271e+00 3.317245217288963266e-01
1.433112104208416726e+00 3.318867718987795756e-01
1.434009919839679403e+00 3.327643171258956589e-01
1.434907735470941859e+00 3.337307494376725581e-01
1.435805551102204314e+00 3.338791708424870275e-01
1.436703366733466991e+00 3.343515890236306021e-01
1.437601182364729446e+00 3.355742660240891295e-01
1.438498997995991902e+00 3.362626220065365046e-01
1.439396813627254579e+00 3.367770903431849261e-01
1.440294629258517034e+00 3.376625387196158790e-01
1.441192444889779489e+00 3.382928321433861796e-01
1.442090260521041944e+00 3.386633102053456801e-01
1.442988076152304622e+00 3.395470271450033439e-01
1.443885891783567077e+00 3.404024928573868847e-01
1.444783707414829532e+00 3.412345367288781017e-01
1.445681523046092209e+00 3.410718081119281098e-01
1.446579338677354665e+00 3.419048316341261051e-01
1.447477154308617120e+00 3.423751533191160545e-01
1.448374969939879797e+00 3.434556959443988422e-01
1.449272785571142252e+00 3.439644734393327852e-01
1.450170601202404708e+00 3.439165340959481343e-01
1.451068416833667385e+00 3.445034254854330014e-01
1.451966232464929840e+00 3.457003649834803349e-01
1.452864048096192295e+00 3.459401499619727538e-01
1.453761863727454973e+00 3.451707138364858984e-01
1.454659679358717428e+00 3.448575315581281497e-01
1.455557494989979883e+00 3.459304583827245150e-01
1.456455310621242560e+00 3.460343000275595826e-01
1.457353126252505016e+00 3.460391637082206873e-01
1.458250941883767471e+00 3.466055207917321801e-01
1.459148757515030148e+00 3.469827234187438103e-01
1.460046573146292603e+00 3.465598390434375675e-01
1.460944388777555059e+00 3.457534410895040655e-01
1.461842204408817736e+00 3.452945705161329926e-01
1.462740020040080191e+00 3.455128732338694775e-01
1.463637835671342646e+00 3.455773450234620459e-01
1.464535651302605102e+00 3.459987400220110310e-01
1.465433466933867779e+00 3.464994179257168683e-01
1.466331282565130234e+00 3.460070802953745250e-01
1.467229098196392689e+00 3.456038844090855155e-01
1.468126913827655367e+00 3.459146243664386056e-01
1.469024729458917822e+00 3.461423818420490406e-01
1.469922545090180277e+00 3.457034605571586150e-01
1.470820360721442954e+00 3.449603456064196938e-01
1.471718176352705409e+00 3.451193501217640347e-01
1.472615991983967865e+00 3.460490725605550044e-01
1.473513807615230320e+00 3.457329705589194391e-01
1.474411623246492997e+00 3.467173246207721493e-01
1.475309438877755452e+00 3.472998154158221662e-01
1.476207254509017908e+00 3.474139620544584028e-01
1.477105070140280585e+00 3.480834535821381026e-01
1.478002885771543040e+00 3.486280432912793881e-01
1.478900701402805495e+00 3.491223624855707697e-01
1.479798517034068173e+00 3.497359696277378416e-01
1.480696332665330628e+00 3.497690925186848210e-01
1.481594148296593083e+00 3.505426044475994374e-01
1.482491963927855760e+00 3.514424588408228134e-01
1.483389779559118216e+00 3.519282057956797383e-01
1.484287595190380671e+00 3.530031379595110486e-01
1.485185410821643348e+00 3.547952303616979663e-01
1.486083226452905803e+00 3.563927625914413699e-01
1.486981042084168259e+00 3.563681209235242675e-01
1.487878857715430936e+00 3.574847008918049518e-01
1.488776673346693391e+00 3.582437848074549458e-01
1.489674488977955846e+00 3.591104599490779203e-01
1.490572304609218524e+00 3.600748110882637798e-01
1.491470120240480979e+00 3.616479095141920119e-01
1.492367935871743434e+00 3.626584729860545808e-01
1.493265751503006111e+00 3.633264578971997505e-01
1.494163567134268567e+00 3.640929427322467382e-01
1.495061382765531022e+00 3.654019139889634338e-01
1.495959198396793477e+00 3.667037596673675681e-01
1.496857014028056154e+00 3.679197546572514632e-01
1.497754829659318609e+00 3.680334822909180903e-01
1.498652645290581065e+00 3.691995901195164187e-01
1.499550460921843742e+00 3.713069822410515197e-01
1.500448276553106197e+00 3.725056935121870416e-01
1.501346092184368652e+00 3.730499539793324937e-01
1.502243907815631330e+00 3.735159951496807573e-01
1.503141723446893785e+00 3.744809678438411060e-01
1.504039539078156240e+00 3.757844534158131800e-01
1.504937354709418695e+00 3.764468043801317831e-01
1.505835170340681373e+00 3.774621680457213579e-01
1.506732985971943828e+00 3.790054807015932337e-01
1.507630801603206283e+00 3.794525596500263331e-01
1.508528617234468960e+00 3.805695705639942084e-01
1.509426432865731416e+00 3.818283366748446706e-01
1.510324248496993871e+00 3.828554139514911414e-01
1.511222064128256548e+00 3.835030074497279284e-01
1.512119879759519003e+00 3.840615638702580825e-01
1.513017695390781459e+00 3.853346269497974763e-01
1.513915511022044136e+00 3.859298483130338964e-01
1.514813326653306591e+00 3.854628862567465730e-01
1.515711142284569046e+00 3.864744050799031605e-01
1.516608957915831724e+00 3.870293272529308215e-01
1.517506773547094179e+00 3.882597876654677593e-01
1.518404589178356634e+00 3.879863875223572567e-01
1.519302404809619311e+00 3.883809378543829349e-01
1.520200220440881766e+00 3.888743797187819151e-01
1.521098036072144222e+00 3.885918307056937526e-01
1.521995851703406899e+00 3.888709021377937392e-01
1.522893667334669354e+00 3.905979906619291286e-01
1.523791482965931809e+00 3.895595357840683226e-01
1.524689298597194487e+00 3.890501508792621466e-01
1.525587114228456942e+00 3.897856220209278688e-01
1.526484929859719397e+00 3.903864693792624130e-01
1.527382745490981852e+00 3.906923053372979848e-01
1.528280561122244530e+00 3.905417453873741840e-01
1.529178376753506985e+00 3.899912631319962797e-01
1.530076192384769440e+00 3.898289999686526675e-01
1.530974008016032117e+00 3.908818603390236124e-01
1.531871823647294573e+00 3.905696725609284492e-01
1.532769639278557028e+00 3.905756088411752591e-01
1.533667454909819483e+00 3.898330353350873412e-01
1.534565270541082160e+00 3.904037701785135761e-01
1.535463086172344616e+00 3.907248400201058236e-01
1.536360901803607071e+00 3.906616901272169651e-01
1.537258717434869748e+00 3.910925342602180610e-01
1.538156533066132203e+00 3.916623168828219370e-01
1.539054348697394659e+00 3.911815207480942580e-01
1.539952164328657336e+00 3.907682271128466445e-01
1.540849979959919791e+00 3.908753801605990841e-01
1.541747795591182246e+00 3.912085363397500015e-01
1.542645611222444924e+00 3.913052957649401087e-01
1.543543426853707379e+00 3.918783519647036084e-01
1.544441242484969834e+00 3.916886645555726632e-01
1.545339058116232511e+00 3.916607084998990351e-01
1.546236873747494966e+00 3.919527068350968091e-01
1.547134689378757422e+00 3.922811052675281851e-01
1.548032505010020099e+00 3.924048006980482839e-01
1.548930320641282554e+00 3.935628385041791133e-01
1.549828136272545009e+00 3.919967742527936672e-01
1.550725951903807687e+00 3.929928782178648827e-01
1.551623767535070142e+00 3.918415221440209595e-01
1.552521583166332597e+00 3.926532381138670980e-01
1.553419398797595274e+00 3.925122305388044075e-01
1.554317214428857730e+00 3.927415800130152901e-01
1.555215030060120185e+00 3.926361201670339751e-01
1.556112845691382862e+00 3.915891602976455110e-01
1.557010661322645317e+00 3.912875875063973607e-01
1.557908476953907773e+00 3.914120456251181657e-01
1.558806292585170450e+00 3.916774269816840626e-01
1.559704108216432905e+00 3.919259389630034285e-01
1.560601923847695360e+00 3.915627401651951001e-01
1.561499739478957816e+00 3.922034336987843539e-01
1.562397555110220493e+00 3.914769488968245503e-01
1.563295370741482948e+00 3.914930591020921447e-01
1.564193186372745403e+00 3.922397640604581848e-01
1.565091002004007859e+00 3.923340306666065480e-01
1.565988817635270536e+00 3.927963738292033491e-01
1.566886633266532991e+00 3.937679306404655022e-01
1.567784448897795446e+00 3.940342096246453596e-01
1.568682264529058124e+00 3.946301109566511256e-01
1.569580080160320579e+00 3.952626052796540113e-01
1.570477895791583034e+00 3.957531293727861166e-01
1.571375711422845711e+00 3.966228436445728978e-01
1.572273527054108166e+00 3.983508022848870622e-01
1.573171342685370622e+00 3.994020362036014848e-01
1.574069158316633299e+00 3.996795498181547890e-01
1.574966973947895754e+00 4.012398486504044626e-01
1.575864789579158209e+00 4.013243367002364836e-01
1.576762605210420887e+00 4.035009855810681167e-01
1.577660420841683342e+00 4.043301943254394848e-01
1.578558236472945797e+00 4.045595920236418341e-01
1.579456052104208474e+00 4.058881141347187582e-01
1.580353867735470930e+00 4.073816139939227532e-01
1.581251683366733385e+00 4.082774182780831707e-01
1.582149498997996062e+00 4.090544831431283668e-01
1.583047314629258517e+00 4.102558018745069979e-01
1.583945130260520973e+00 4.117164814725052246e-01
1.584842945891783650e+00 4.130177701857249972e-01
1.585740761523046105e+00 4.136070988438098062e-01
1.586638577154308560e+00 4.129290639038231125e-01
1.587536392785571238e+00 4.141641129461841042e-01
1.588434208416833693e+00 4.144490049838834289e-01
1.589332024048096148e+00 4.149914571748262171e-01
1.590229839679358825e+00 4.157014580380621327e-01
1.591127655310621281e+00 4.162625273102453227e-01
1.592025470941883736e+00 4.173767993434537860e-01
1.592923286573146191e+00 4.178500938969458289e-01
1.593821102204408868e+00 4.177165816805152310e-01
1.594718917835671324e+00 4.174109738859609897e-01
1.595616733466933779e+00 4.177953376929519624e-01
1.596514549098196456e+00 4.193310557436025765e-01
1.597412364729458911e+00 4.197628958766225216e-01
1.598310180360721366e+00 4.198793342488964520e-01
1.599207995991983822e+00 4.194093636729014363e-01
1.600105811623246499e+00 4.194369955506696002e-01
1.601003627254508954e+00 4.211744133675408008e-01
1.601901442885771409e+00 4.206407798682117449e-01
1.602799258517034087e+00 4.209306570114923485e-01
1.603697074148296542e+00 4.208040267281744629e-01
1.604594889779558997e+00 4.219207649374613345e-01
1.605492705410821674e+00 4.222908639451405377e-01
1.606390521042084130e+00 4.225181533472560091e-01
1.607288336673346585e+00 4.226522080963133754e-01
1.608186152304609262e+00 4.225421375224598930e-01
1.609083967935871717e+00 4.226399456182386438e-01
1.609981783567134173e+00 4.230624527478402674e-01
1.610879599198396850e+00 4.232044578577713878e-01
1.611777414829659305e+00 4.236586528463195389e-01
1.612675230460921760e+00 4.228733823027567840e-01
1.613573046092184438e+00 4.237460761969373824e-01
1.614470861723446893e+00 4.242005248425024799e-01
1.615368677354709348e+00 4.246839569163594064e-01
1.616266492985972025e+00 4.250029710424705343e-01
1.617164308617234481e+00 4.256597147935247683e-01
1.618062124248496936e+00 4.257707767047425595e-01
1.618959939879759613e+00 4.240187024222088485e-01
1.619857755511022068e+00 4.252606747786731867e-01
1.620755571142284523e+00 4.235372600678935506e-01
1.621653386773547201e+00 4.250729964284135076e-01
1.622551202404809656e+00 4.242768357365601650e-01
1.623449018036072111e+00 4.241506636882141912e-01
1.624346833667334788e+00 4.240660129009042323e-01
1.625244649298597244e+00 4.237126936866288385e-01
1.626142464929859699e+00 4.230800094815627688e-01
1.627040280561122154e+00 4.227621939131795403e-01
1.627938096192384831e+00 4.237785431594870977e-01
1.628835911823647287e+00 4.231867472237662020e-01
1.629733727454909742e+00 4.222490830822319130e-01
1.630631543086172197e+00 4.224481194919820215e-01
1.631529358717434874e+00 4.228385869433785582e-01
1.632427174348697330e+00 4.234533044352336573e-01
1.633324989979959785e+00 4.233991878952723109e-01
1.634222805611222462e+00 4.232990454042668271e-01
1.635120621242484917e+00 4.240932506018087467e-01
1.636018436873747373e+00 4.249927052726036325e-01
1.636916252505010050e+00 4.249502532168878965e-01
1.637814068136272505e+00 4.256121738375830410e-01
1.638711883767534960e+00 4.255821757299526609e-01
1.639609699398797638e+00 4.267967864590320182e-01
1.640507515030060093e+00 4.265258403371434692e-01
1.641405330661322548e+00 4.268968287210948565e-01
1.642303146292585225e+00 4.272323398994151700e-01
1.643200961923847681e+00 4.276569587622121582e-01
1.644098777555110136e+00 4.274241383089135704e-01
1.644996593186372813e+00 4.262785729054688333e-01
1.645894408817635268e+00 4.287916322373610534e-01
1.646792224448897723e+00 4.285412307807206500e-01
1.647690040080160401e+00 4.301301680906981506e-01
1.648587855711422856e+00 4.298317776586413341e-01
1.649485671342685311e+00 4.303883581801942748e-01
1.650383486973947988e+00 4.313965619007560925e-01
1.651281302605210444e+00 4.320552579268489013e-01
1.652179118236472899e+00 4.330499926055744186e-01
1.653076933867735576e+00 4.344918334384846870e-01
1.653974749498998031e+00 4.349186584361705576e-01
1.654872565130260487e+00 4.347659471259328612e-01
1.655770380761523164e+00 4.328133135174722645e-01
1.656668196392785619e+00 4.317288810184615189e-01
1.657566012024048074e+00 4.291508949078330915e-01
1.658463827655310530e+00 4.241543848940725336e-01
1.659361643286573207e+00 4.166898217151182582e-01
1.660259458917835662e+00 4.077502252610403777e-01
1.661157274549098117e+00 3.960791105277221003e-01
1.662055090180360573e+00 3.808880016804009339e-01
1.662952905811623250e+00 3.633439527824245951e-01
1.663850721442885705e+00 3.415274288079463427e-01
1.664748537074148160e+00 3.196932535625349181e-01
1.665646352705410838e+00 2.963044537567818271e-01
1.666544168336673293e+00 2.710840803414168998e-01
1.667441983967935748e+00 2.466703107731541833e-01
1.668339799599198425e+00 2.218432270847509880e-01
1.669237615230460881e+00 1.969903566713838705e-01
1.670135430861723336e+00 1.739387812355633611e-01
1.671033246492986013e+00 1.531591819296136137e-01
1.671931062124248468e+00 1.332614942792612056e-01
1.672828877755510923e+00 1.158864208347150510e-01
1.673726693386773601e+00 1.005250718116587755e-01
1.674624509018036056e+00 8.789939024745295482e-02
1.675522324649298511e+00 7.771711743516553084e-02
1.676420140280561188e+00 6.868545875899031983e-02
1.677317955911823644e+00 6.106916253687466600e-02
1.678215771543086099e+00 5.428973379766903473e-02
1.679113587174348776e+00 4.801571759491176511e-02
1.680011402805611231e+00 4.277412964479607171e-02
1.680909218436873687e+00 3.816747964473794080e-02
1.681807034068136364e+00 3.457604686866204424e-02
1.682704849699398819e+00 3.076911209177778106e-02
1.683602665330661274e+00 2.775744939926046845e-02
1.684500480961923952e+00 2.469913948764768108e-02
1.685398296593186407e+00 2.159445019980689787e-02
1.686296112224448862e+00 1.870129037294864655e-02
1.687193927855711539e+00 1.610940299001735465e-02
1.688091743486973995e+00 1.377911036123006215e-02
1.688989559118236450e+00 1.173522085158639275e-02
1.689887374749498905e+00 1.006937617708868020e-02
1.690785190380761582e+00 8.611606264839484493e-03
1.691683006012024038e+00 7.405396815788236296e-03
1.692580821643286493e+00 6.330521519266712506e-03
1.693478637274548948e+00 5.448522732230546943e-03
1.694376452905811625e+00 4.692018350435968495e-03
1.695274268537074080e+00 4.028803680911326526e-03
1.696172084168336536e+00 3.471049853349819116e-03
1.697069899799599213e+00 3.007524578338474034e-03
1.697967715430861668e+00 2.594267921068975791e-03
1.698865531062124123e+00 2.248876921585936817e-03
1.699763346693386801e+00 1.958137840625380488e-03
1.700661162324649256e+00 1.715248924261536610e-03
1.701558977955911711e+00 1.495522534951687545e-03
1.702456793587174388e+00 1.309699957910658887e-03
1.703354609218436844e+00 1.150872096407649274e-03
1.704252424849699299e+00 1.011441520912027131e-03
1.705150240480961976e+00 8.909765972010448305e-04
1.706048056112224431e+00 7.891909113031540845e-04
1.706945871743486887e+00 6.986233239947871581e-04
1.707843687374749564e+00 6.184168660893951848e-04
1.708741503006012019e+00 5.496218745126475475e-04
1.709639318637274474e+00 4.908113573843804044e-04
1.710537134268537152e+00 4.380080100727950674e-04
1.711434949899799607e+00 3.912629558507686213e-04
1.712332765531062062e+00 3.512958770753634580e-04
1.713230581162324739e+00 3.149483526760787780e-04
1.714128396793587195e+00 2.823287930379822725e-04
1.715026212424849650e+00 2.554596480489344291e-04
1.715924028056112327e+00 2.304175507242987246e-04
1.716821843687374782e+00 2.088018650822978108e-04
1.717719659318637238e+00 1.885693232711840492e-04
1.718617474949899915e+00 1.716935019257326907e-04
1.719515290581162370e+00 1.564777308080449658e-04
1.720413106212424825e+00 1.427938130437894659e-04
1.721310921843687280e+00 1.307834847253916725e-04
1.722208737474949958e+00 1.194287977465530566e-04
1.723106553106212413e+00 1.088650986257395556e-04
1.724004368737474868e+00 1.002064798029949109e-04
1.724902184368737323e+00 9.187209649815582420e-05
1.725800000000000001e+00 8.483797903746440863e-05
