2.335869999999999891e+00 8.775320926200603708e-05
2.337809859719438776e+00 1.087658732045490659e-04
2.339749719438877662e+00 1.349606874302377560e-04
2.341689579158316548e+00 1.671500673139961982e-04
2.343629438877755433e+00 2.069128534936153689e-04
2.345569298597194319e+00 2.567384787155843249e-04
2.347509158316633204e+00 3.217235613113843587e-04
2.349449018036072090e+00 4.074658278154342323e-04
2.351388877755510975e+00 5.235748719804146981e-04
2.353328737474949861e+00 6.858158891926774891e-04
2.355268597194388747e+00 9.065345470648694974e-04
2.357208456913827632e+00 1.212136597727387710e-03
2.359148316633266518e+00 1.623663323275842743e-03
2.361088176352705403e+00 2.159702331398997109e-03
2.363028036072144289e+00 2.850066133448472816e-03
2.364967895791583175e+00 3.686488680884718316e-03
2.366907755511022060e+00 4.666582399936025985e-03
2.368847615230460946e+00 5.769052227395553116e-03
2.370787474949899831e+00 6.964413490180574109e-03
2.372727334669338717e+00 8.243541538701970248e-03
2.374667194388777602e+00 9.580039283204385553e-03
2.376607054108216488e+00 1.099395482738780433e-02
2.378546913827655374e+00 1.260345729971564660e-02
2.380486773547094259e+00 1.446470212893403301e-02
2.382426633266533145e+00 1.669559434611114779e-02
2.384366492985972030e+00 1.943762656239067174e-02
2.386306352705410916e+00 2.283030757087052207e-02
2.388246212424849801e+00 2.728640284840454580e-02
2.390186072144288687e+00 3.291101610200938832e-02
2.392125931863727129e+00 4.015394778170067874e-02
2.394065791583166014e+00 4.946254963971274260e-02
2.396005651302604900e+00 6.102292609070396334e-02
2.397945511022043785e+00 7.515541761685169686e-02
2.399885370741482671e+00 9.143689839430013677e-02
2.401825230460921556e+00 1.092451937308134419e-01
2.403765090180360442e+00 1.274976218869442735e-01
2.405704949899799328e+00 1.449758941134037804e-01
2.407644809619238213e+00 1.605079486056317228e-01
2.409584669338677099e+00 1.735716517135163228e-01
2.411524529058115984e+00 1.843668595852957781e-01
2.413464388777554870e+00 1.932940769481714394e-01
2.415404248496993755e+00 2.015978256564343596e-01
2.417344108216432641e+00 2.102231864461667488e-01
2.419283967935871527e+00 2.200311335996603390e-01
2.421223827655310412e+00 2.312865416591589340e-01
2.423163687374749298e+00 2.439873939713095574e-01
2.425103547094188183e+00 2.568508048889479589e-01
2.427043406813627069e+00 2.691922335314501646e-01
2.428983266533065954e+00 2.799742999068366434e-01
2.430923126252504840e+00 2.889047181078170934e-01
2.432862985971943726e+00 2.957842175722614209e-01
2.434802845691382611e+00 3.011058308855014687e-01
2.436742705410821497e+00 3.055217672494127679e-01
2.438682565130260382e+00 3.096541155381391519e-01
2.440622424849699268e+00 3.140651307562936645e-01
2.442562284569138154e+00 3.191056075779188372e-01
2.444502144288577039e+00 3.249930722496663926e-01
2.446442004008015925e+00 3.317043029230993811e-01
2.448381863727454810e+00 3.388632799636013826e-01
2.450321723446893696e+00 3.467250329926197527e-01
2.452261583166332581e+00 3.547767916552084788e-01
2.454201442885771467e+00 3.628027674320654650e-01
2.456141302605210353e+00 3.704956155360620285e-01
2.458081162324649238e+00 3.775343182636531347e-01
2.460021022044088124e+00 3.837191498652882116e-01
2.461960881763527009e+00 3.888856002461334449e-01
2.463900741482965895e+00 3.929824166053543233e-01
2.465840601202404780e+00 3.962219367283693061e-01
2.467780460921843666e+00 3.986599089713327992e-01
2.469720320641282552e+00 4.005548372727271156e-01
2.471660180360721437e+00 4.020632964589399005e-01
2.473600040080160323e+00 4.035024955651675405e-01
2.475539899799599208e+00 4.046329991319573827e-01
2.477479759519038094e+00 4.054304212553255238e-01
2.479419619238476979e+00 4.061735647402913152e-01
2.481359478957915865e+00 4.066022540800051099e-01
2.483299338677354751e+00 4.069174304577851675e-01
2.485239198396793636e+00 4.073272404167422311e-01
2.487179058116232522e+00 4.077248027737132574e-01
2.489118917835671407e+00 4.078444742678009050e-01
2.491058777555110293e+00 4.078569615559336503e-01
2.492998637274549178e+00 4.076261521805717991e-01
2.494938496993987620e+00 4.071695685621115612e-01
2.496878356713426506e+00 4.065044371712556726e-01
2.498818216432865391e+00 4.056192847709655380e-01
2.500758076152304277e+00 4.045483052313237349e-01
2.502697935871743162e+00 4.033195306021579718e-01
2.504637795591182048e+00 4.019685794347613306e-01
2.506577655310620933e+00 4.005508091719346964e-01
2.508517515030059819e+00 3.991004327540087493e-01
2.510457374749498705e+00 3.976758911814765041e-01
2.512397234468937590e+00 3.963237631365654767e-01
2.514337094188376476e+00 3.950777036354716776e-01
2.516276953907815361e+00 3.939507688446133304e-01
2.518216813627254247e+00 3.929799523581647969e-01
2.520156673346693132e+00 3.921868199819914524e-01
2.522096533066132018e+00 3.915822692643656788e-01
2.524036392785570904e+00 3.911874226102598495e-01
2.525976252505009789e+00 3.909835512063332130e-01
2.527916112224448675e+00 3.909725257880218852e-01
2.529855971943887560e+00 3.911627129049353169e-01
2.531795831663326446e+00 3.915782871183761671e-01
2.533735691382765332e+00 3.921692924897756116e-01
2.535675551102204217e+00 3.929074506875340211e-01
2.537615410821643103e+00 3.937665366021798619e-01
2.539555270541081988e+00 3.947335690086910542e-01
2.541495130260520874e+00 3.957426356391421929e-01
2.543434989979959759e+00 3.967993708271322917e-01
2.545374849699398645e+00 3.978878846264638502e-01
2.547314709418837531e+00 3.989919978185357818e-01
2.549254569138276416e+00 4.000922595467197862e-01
2.551194428857715302e+00 4.011915815905108262e-01
2.553134288577154187e+00 4.022687618341944105e-01
2.555074148296593073e+00 4.032980003467904195e-01
2.557014008016031958e+00 4.042759479463712280e-01
2.558953867735470844e+00 4.051907093125662329e-01
2.560893727454909730e+00 4.060465452449497636e-01
2.562833587174348615e+00 4.068507309948674600e-01
2.564773446893787501e+00 4.075904946762599068e-01
2.566713306613226386e+00 4.082815710449140822e-01
2.568653166332665272e+00 4.089280125554171641e-01
2.570593026052104157e+00 4.098081280894091405e-01
2.572532885771543043e+00 4.105691551880030765e-01
2.574472745490981929e+00 4.111169332600453918e-01
2.576412605210420814e+00 4.116529844825123630e-01
2.578352464929859700e+00 4.117523129160921003e-01
2.580292324649298585e+00 4.122745166869197786e-01
2.582232184368737471e+00 4.128155055307461407e-01
2.584172044088176357e+00 4.133950121463539351e-01
2.586111903807615242e+00 4.139847062428432256e-01
2.588051763527054128e+00 4.145834690697138281e-01
2.589991623246493013e+00 4.151862720571338761e-01
2.591931482965931899e+00 4.157896951822004916e-01
2.593871342685370784e+00 4.164067140744728279e-01
2.595811202404809670e+00 4.165325310621694199e-01
2.597751062124248556e+00 4.174863431720973739e-01
2.599690921843687441e+00 4.181839033001893413e-01
2.601630781563126327e+00 4.182455494372702143e-01
2.603570641282565212e+00 4.181243575131193269e-01
2.605510501002004098e+00 4.179607105039875314e-01
2.607450360721442983e+00 4.177580999695793551e-01
2.609390220440881869e+00 4.175084856841705383e-01
2.611330080160320311e+00 4.172177818618163503e-01
2.613269939879759196e+00 4.167726624099777344e-01
2.615209799599198082e+00 4.163859575449749273e-01
2.617149659318636967e+00 4.164562270962718360e-01
2.619089519038075853e+00 4.168384180647902171e-01
2.621029378757514738e+00 4.167926299703236803e-01
2.622969238476953624e+00 4.167375113898942884e-01
2.624909098196392510e+00 4.166702305948255525e-01
2.626848957915831395e+00 4.165959330013236372e-01
2.628788817635270281e+00 4.165206455320094037e-01
2.630728677354709166e+00 4.164530552756848802e-01
2.632668537074148052e+00 4.163998941194657077e-01
2.634608396793586937e+00 4.166546391070057309e-01
2.636548256513025823e+00 4.168413719738003342e-01
2.638488116232464709e+00 4.168630051762296507e-01
2.640427975951903594e+00 4.169257316695890170e-01
2.642367835671342480e+00 4.170175975603450103e-01
2.644307695390781365e+00 4.171477535069361697e-01
2.646247555110220251e+00 4.173113216842478934e-01
2.648187414829659136e+00 4.175003685494393935e-01
2.650127274549098022e+00 4.176559057694127497e-01
2.652067134268536908e+00 4.174313456978344661e-01
2.654006993987975793e+00 4.179796482139571667e-01
2.655946853707414679e+00 4.180773601173119469e-01
2.657886713426853564e+00 4.181709117579157087e-01
2.659826573146292450e+00 4.182574753545197366e-01
2.661766432865731336e+00 4.174822786275685926e-01
2.663706292585170221e+00 4.173772152932973545e-01
2.665646152304609107e+00 4.173648501279515477e-01
2.667586012024047992e+00 4.173292996397947596e-01
2.669525871743486878e+00 4.177670431866081224e-01
2.671465731462925763e+00 4.175332995154063531e-01
2.673405591182364649e+00 4.172774789867363388e-01
2.675345450901803535e+00 4.172888364292162144e-01
2.677285310621242420e+00 4.173085032848703468e-01
2.679225170340681306e+00 4.173096725014199815e-01
2.681165030060120191e+00 4.172965076937614759e-01
2.683104889779559077e+00 4.167800242384436249e-01
2.685044749498997962e+00 4.167166987070155537e-01
2.686984609218436848e+00 4.171007801250131153e-01
2.688924468937875734e+00 4.170205003072963712e-01
2.690864328657314619e+00 4.168986436117942951e-01
2.692804188376753505e+00 4.163639889591397303e-01
2.694744048096192390e+00 4.161463656636710806e-01
2.696683907815631276e+00 4.160510349516452488e-01
2.698623767535070161e+00 4.159869835742248112e-01
2.700563627254509047e+00 4.164436900408421405e-01
2.702503486973947933e+00 4.164196371885455772e-01
2.704443346693386818e+00 4.168897474190623731e-01
2.706383206412825260e+00 4.171331853897546904e-01
2.708323066132264145e+00 4.173782960073196269e-01
2.710262925851703031e+00 4.176233862278893594e-01
2.712202785571141916e+00 4.178552641650510879e-01
2.714142645290580802e+00 4.175806918428366377e-01
2.716082505010019688e+00 4.177660749930401929e-01
2.718022364729458573e+00 4.179273603106241075e-01
2.719962224448897459e+00 4.180567558000078954e-01
2.721902084168336344e+00 4.185242727291005327e-01
2.723841943887775230e+00 4.181761925105875188e-01
2.725781803607214115e+00 4.180921512302878673e-01
2.727721663326653001e+00 4.180595834776395514e-01
2.729661523046091887e+00 4.180023118171568575e-01
2.731601382765530772e+00 4.179415567048688218e-01
2.733541242484969658e+00 4.176047396108109044e-01
2.735481102204408543e+00 4.172902733258049279e-01
2.737420961923847429e+00 4.171924745913709875e-01
2.739360821643286314e+00 4.171015983606929933e-01
2.741300681362725200e+00 4.174901507014341928e-01
2.743240541082164086e+00 4.174125193059410877e-01
2.745180400801602971e+00 4.168804366478719992e-01
2.747120260521041857e+00 4.168677210359107987e-01
2.749060120240480742e+00 4.168850638535964714e-01
2.750999979959919628e+00 4.166397848985496921e-01
2.752939839679358514e+00 4.156966833753595880e-01
2.754879699398797399e+00 4.152323858205989038e-01
2.756819559118236285e+00 4.144508213060388857e-01
2.758759418837675170e+00 4.140292120358183281e-01
2.760699278557114056e+00 4.142430464702797077e-01
2.762639138276552941e+00 4.137716112180777617e-01
2.764578997995991827e+00 4.141047505097223413e-01
2.766518857715430713e+00 4.142225478141649542e-01
2.768458717434869598e+00 4.144136493917472408e-01
2.770398577154308484e+00 4.146794310000334050e-01
2.772338436873747369e+00 4.148342450957233085e-01
2.774278296593186255e+00 4.153199063626402676e-01
2.776218156312625140e+00 4.153418169828244078e-01
2.778158016032064026e+00 4.159452455687643879e-01
2.780097875751502912e+00 4.168358335761522260e-01
2.782037735470941797e+00 4.169473116002110902e-01
2.783977595190380683e+00 4.174933894070101958e-01
2.785917454909819568e+00 4.175736083647740848e-01
2.787857314629258454e+00 4.180415086747663045e-01
2.789797174348697339e+00 4.185224761072433575e-01
2.791737034068136225e+00 4.185213012542831068e-01
2.793676893787575111e+00 4.189827159764467068e-01
2.795616753507013996e+00 4.189012600656182861e-01
2.797556613226452882e+00 4.192694580837104112e-01
2.799496472945891767e+00 4.198198772098294951e-01
2.801436332665330653e+00 4.197666486096512384e-01
2.803376192384769539e+00 4.198924753533715415e-01
2.805316052104208424e+00 4.194780390139324910e-01
2.807255911823647310e+00 4.195223165880856975e-01
2.809195771543086195e+00 4.194339982251704124e-01
2.811135631262525081e+00 4.190177744827313089e-01
2.813075490981963966e+00 4.189833086460292288e-01
2.815015350701402852e+00 4.184284047307846310e-01
2.816955210420841738e+00 4.183552460668312767e-01
2.818895070140280623e+00 4.186956106587584880e-01
2.820834929859719509e+00 4.181255896857363208e-01
2.822774789579158394e+00 4.179576720724808570e-01
2.824714649298597280e+00 4.177950844681257436e-01
2.826654509018035721e+00 4.176445494894914789e-01
2.828594368737474607e+00 4.175052836776937393e-01
2.830534228456913493e+00 4.173631005270529437e-01
2.832474088176352378e+00 4.171889512177900938e-01
2.834413947895791264e+00 4.170330727348188216e-01
2.836353807615230149e+00 4.167289504842702774e-01
2.838293667334669035e+00 4.163041677972963983e-01
2.840233527054107920e+00 4.163364841820013651e-01
2.842173386773546806e+00 4.166511364929590955e-01
2.844113246492985692e+00 4.166307461127304324e-01
2.846053106212424577e+00 4.166357440689134051e-01
2.847992965931863463e+00 4.166700378733761423e-01
2.849932825651302348e+00 4.167276286452587519e-01
2.851872685370741234e+00 4.163910686786015392e-01
2.853812545090180119e+00 4.160624145541723662e-01
2.855752404809619005e+00 4.157547404515469225e-01
2.857692264529057891e+00 4.154644837590402151e-01
2.859632124248496776e+00 4.151928149078066843e-01
2.861571983967935662e+00 4.145868940686707194e-01
2.863511843687374547e+00 4.145229079000766759e-01
2.865451703406813433e+00 4.149416848606219399e-01
2.867391563126252318e+00 4.149002307085831731e-01
2.869331422845691204e+00 4.148656218686857522e-01
2.871271282565130090e+00 4.148881624162062409e-01
2.873211142284568975e+00 4.149390494872068347e-01
2.875151002004007861e+00 4.149857610344475645e-01
2.877090861723446746e+00 4.150238835005705673e-01
2.879030721442885632e+00 4.150490190917922040e-01
2.880970581162324518e+00 4.150503860392496525e-01
2.882910440881763403e+00 4.150222044927141529e-01
2.884850300601202289e+00 4.149651113615321352e-01
2.886790160320641174e+00 4.143761091510982375e-01
2.888730020040080060e+00 4.142396248111228640e-01
2.890669879759518945e+00 4.141193660344470451e-01
2.892609739478957831e+00 4.143503814322174184e-01
2.894549599198396717e+00 4.144247138226391791e-01
2.896489458917835602e+00 4.142535463490906178e-01
2.898429318637274488e+00 4.140194878530412681e-01
2.900369178356713373e+00 4.136935796344056726e-01
2.902309038076152259e+00 4.131678163831491446e-01
2.904248897795591144e+00 4.125769831413073629e-01
2.906188757515030030e+00 4.119222713107263956e-01
2.908128617234468916e+00 4.112029810908710004e-01
2.910068476953907801e+00 4.103952019364388026e-01
2.912008336673346687e+00 4.091987981851603062e-01
2.913948196392785128e+00 4.084116713379569164e-01
2.915888056112224014e+00 4.075845454852307093e-01
2.917827915831662899e+00 4.067276528956701442e-01
2.919767775551101785e+00 4.058524827541786784e-01
2.921707635270540671e+00 4.047495192506146977e-01
2.923647494989979556e+00 4.036176482613664795e-01
2.925587354709418442e+00 4.024945477883246636e-01
2.927527214428857327e+00 4.018473962301027380e-01
2.929467074148296213e+00 4.007744281830750710e-01
2.931406933867735098e+00 3.996164715009154489e-01
2.933346793587173984e+00 3.984591980563900737e-01
2.935286653306612870e+00 3.973521352837228182e-01
2.937226513026051755e+00 3.961979859176800178e-01
2.939166372745490641e+00 3.948457701118917584e-01
2.941106232464929526e+00 3.939803860721341477e-01
2.943046092184368412e+00 3.932488000369301906e-01
2.944985951903807297e+00 3.930076750549987841e-01
2.946925811623246183e+00 3.923818710891607275e-01
2.948865671342685069e+00 3.918163469223644446e-01
2.950805531062123954e+00 3.915358900925782204e-01
2.952745390781562840e+00 3.909204714502992895e-01
2.954685250501001725e+00 3.902661145922053931e-01
2.956625110220440611e+00 3.896473673636897117e-01
2.958564969939879497e+00 3.890557956347510116e-01
2.960504829659318382e+00 3.884825566239623051e-01
2.962444689378757268e+00 3.879169540718181430e-01
2.964384549098196153e+00 3.873580543269545262e-01
2.966324408817635039e+00 3.867987941393772333e-01
2.968264268537073924e+00 3.862274030384147960e-01
2.970204128256512810e+00 3.856532554146958613e-01
2.972143987975951696e+00 3.851101527968057159e-01
2.974083847695390581e+00 3.845484618144301980e-01
2.976023707414829467e+00 3.848643596179094351e-01
2.977963567134268352e+00 3.842663812602478135e-01
2.979903426853707238e+00 3.836541913653145897e-01
2.981843286573146123e+00 3.827313516976008079e-01
2.983783146292585009e+00 3.817810654254745195e-01
2.985723006012023895e+00 3.808237399115165789e-01
2.987662865731462780e+00 3.798642394166149017e-01
2.989602725450901666e+00 3.793001549737345379e-01
2.991542585170340551e+00 3.785475423079704416e-01
2.993482444889779437e+00 3.778596389843081882e-01
2.995422304609218322e+00 3.771883328579661021e-01
2.997362164328657208e+00 3.765370728817196699e-01
2.999302024048096094e+00 3.759121299997276733e-01
3.001241883767534979e+00 3.751463733886605256e-01
3.003181743486973865e+00 3.744659307440925677e-01
3.005121603206412750e+00 3.735140138772686802e-01
3.007061462925851636e+00 3.730326823906257028e-01
3.009001322645290522e+00 3.721275735068520496e-01
3.010941182364729407e+00 3.714347269597101930e-01
3.012881042084168293e+00 3.709677648194808497e-01
3.014820901803607178e+00 3.705061994275264947e-01
3.016760761523046064e+00 3.700416169518755405e-01
3.018700621242484949e+00 3.695693564473386261e-01
3.020640480961923835e+00 3.689948723385801932e-01
3.022580340681362721e+00 3.682199769459896244e-01
3.024520200400801606e+00 3.674102252246298494e-01
3.026460060120240492e+00 3.665605755456876058e-01
3.028399919839679377e+00 3.656615993264669129e-01
3.030339779559118263e+00 3.648034083578721720e-01
3.032279639278557148e+00 3.643280553781849673e-01
3.034219498997996034e+00 3.637974734663537713e-01
3.036159358717434920e+00 3.632809680462820712e-01
3.038099218436873805e+00 3.630025773743214001e-01
3.040039078156312691e+00 3.623154564159982716e-01
3.041978937875751576e+00 3.619340866765363707e-01
3.043918797595190462e+00 3.615054311976256818e-01
3.045858657314629347e+00 3.610437996788490866e-01
3.047798517034067789e+00 3.605559232337076092e-01
3.049738376753506675e+00 3.604231719079884488e-01
3.051678236472945560e+00 3.597375430415858943e-01
3.053618096192384446e+00 3.590297849319233903e-01
3.055557955911823331e+00 3.583354047696406530e-01
3.057497815631262217e+00 3.576615547812084794e-01
3.059437675350701102e+00 3.570191683390231963e-01
3.061377535070139988e+00 3.568537652046708253e-01
3.063317394789578874e+00 3.569136855145271792e-01
3.065257254509017759e+00 3.571308327632047863e-01
3.067197114228456645e+00 3.576034836391523974e-01
3.069136973947895530e+00 3.582116716364926456e-01
3.071076833667334416e+00 3.582611189887438541e-01
3.073016693386773301e+00 3.581874236811419254e-01
3.074956553106212187e+00 3.581342851771316949e-01
3.076896412825651073e+00 3.580883652688620078e-01
3.078836272545089958e+00 3.580257174464289704e-01
3.080776132264528844e+00 3.581353878965563564e-01
3.082715991983967729e+00 3.584890549895190515e-01
3.084655851703406615e+00 3.587225959299251143e-01
3.086595711422845500e+00 3.588059260169187414e-01
3.088535571142284386e+00 3.586620289674652962e-01
3.090475430861723272e+00 3.582790070649424230e-01
3.092415290581162157e+00 3.576835422601520320e-01
3.094355150300601043e+00 3.570503683923620386e-01
3.096295010020039928e+00 3.555002593417943557e-01
3.098234869739478814e+00 3.533234305029528399e-01
3.100174729458917700e+00 3.504054753376260045e-01
3.102114589178356585e+00 3.464907188758730161e-01
3.104054448897795471e+00 3.416078336331188070e-01
3.105994308617234356e+00 3.357977298169612657e-01
3.107934168336673242e+00 3.289488256228162988e-01
3.109874028056112127e+00 3.209786310326469549e-01
3.111813887775551013e+00 3.121058695968428887e-01
3.113753747494989899e+00 3.020842150077241994e-01
3.115693607214428784e+00 2.910199734005994299e-01
3.117633466933867670e+00 2.790038794016791446e-01
3.119573326653306555e+00 2.660500767919158904e-01
3.121513186372745441e+00 2.529435268577679419e-01
3.123453046092184326e+00 2.389588738915790767e-01
3.125392905811623212e+00 2.245458775796665973e-01
3.127332765531062098e+00 2.098855550725658436e-01
3.129272625250500539e+00 1.951701224966770065e-01
3.131212484969939425e+00 1.805180133590734426e-01
3.133152344689378310e+00 1.661326673013788779e-01
3.135092204408817196e+00 1.522410918405300850e-01
3.137032064128256081e+00 1.389078099721223480e-01
3.138971923847694967e+00 1.263218627621189583e-01
3.140911783567133853e+00 1.145261647236243407e-01
3.142851643286572738e+00 1.035535887040456154e-01
3.144791503006011624e+00 9.348074592819101414e-02
3.146731362725450509e+00 8.420059879423993920e-02
3.148671222444889395e+00 7.586089378243617010e-02
3.150611082164328280e+00 6.821892159642435616e-02
3.152550941883767166e+00 6.128561654957737775e-02
3.154490801603206052e+00 5.511951748114548438e-02
3.156430661322644937e+00 4.956291963891821389e-02
3.158370521042083823e+00 4.459857894580767507e-02
3.160310380761522708e+00 4.019085687201193191e-02
3.162250240480961594e+00 3.623330974566674190e-02
3.164190100200400479e+00 3.273683610317613263e-02
3.166129959919839365e+00 2.961905753551198964e-02
3.168069819639278251e+00 2.683702530634796829e-02
3.170009679358717136e+00 2.438055582612989533e-02
3.171949539078156022e+00 2.219944939837838541e-02
3.173889398797594907e+00 2.028652812264101352e-02
3.175829258517033793e+00 1.855553830199972373e-02
3.177769118236472679e+00 1.699991159761173737e-02
3.179708977955911564e+00 1.562202242581545164e-02
3.181648837675350450e+00 1.437215773020946927e-02
3.183588697394789335e+00 1.324903442188234484e-02
3.185528557114228221e+00 1.224292231125206735e-02
3.187468416833667106e+00 1.132996602587372191e-02
3.189408276553105992e+00 1.051043873149300895e-02
3.191348136272544878e+00 9.767616894712579864e-03
3.193287995991983763e+00 9.092324806321461575e-03
3.195227855711422649e+00 8.482488914936038224e-03
3.197167715430861534e+00 7.925425066480950784e-03
3.199107575150300420e+00 7.423078392189652770e-03
3.201047434869739305e+00 6.952742760243268982e-03
3.202987294589178191e+00 6.516742098460497415e-03
3.204927154308617077e+00 6.116565095241931552e-03
3.206867014028055962e+00 5.743502315597285440e-03
3.208806873747494848e+00 5.397478783857071090e-03
3.210746733466933733e+00 5.076653456751048857e-03
3.212686593186372619e+00 4.771041467226769597e-03
3.214626452905811504e+00 4.488377665013802698e-03
3.216566312625250390e+00 4.223507613641389047e-03
3.218506172344689276e+00 3.971835278753649452e-03
3.220446032064128161e+00 3.735109656964029096e-03
3.222385891783567047e+00 3.515897453868023059e-03
3.224325751503005932e+00 3.302880000322589403e-03
3.226265611222444818e+00 3.100399699302691051e-03
3.228205470941883704e+00 2.907402501506648178e-03
3.230145330661322589e+00 2.723164219009456110e-03
3.232085190380761475e+00 2.545023923435001199e-03
3.234025050100200360e+00 2.375219646517028743e-03
3.235964909819639246e+00 2.213172439381972875e-03
3.237904769539078131e+00 2.058733477995725990e-03
3.239844629258517017e+00 1.912337718444186152e-03
3.241784488977955903e+00 1.772411996774592548e-03
3.243724348697394788e+00 1.639594673875387643e-03
3.245664208416833674e+00 1.517047595134341648e-03
3.247604068136272559e+00 1.399405284620186410e-03
3.249543927855711445e+00 1.289007008169140061e-03
3.251483787575150330e+00 1.185744162323611227e-03
3.253423647294589216e+00 1.088442260513980625e-03
3.255363507014028102e+00 9.981440619930932387e-04
3.257303366733466987e+00 9.136288136893954727e-04
3.259243226452905873e+00 8.348296688677037765e-04
3.261183086172344758e+00 7.620014244004793841e-04
3.263122945891783200e+00 6.947673906056608777e-04
3.265062805611222085e+00 6.318818960751685374e-04
3.267002665330660971e+00 5.736262600909494691e-04
3.268942525050099857e+00 5.207240995874057830e-04
3.270882384769538742e+00 4.717094015040934878e-04
3.272822244488977628e+00 4.265601344534563255e-04
3.274762104208416513e+00 3.857620734366859288e-04
3.276701963927855399e+00 3.488154837058504254e-04
3.278641823647294284e+00 3.158946528189221785e-04
3.280581683366733170e+00 2.858293490422272268e-04
3.282521543086172056e+00 2.585596244434531653e-04
3.284461402805610941e+00 2.340252213024843501e-04
3.286401262525049827e+00 2.121155424333206975e-04
3.288341122244488712e+00 1.924406465600543234e-04
3.290280981963927598e+00 1.755198893831898005e-04
3.292220841683366483e+00 1.600607925419001993e-04
3.294160701402805369e+00 1.463173971509064289e-04
3.296100561122244255e+00 1.339835587064795806e-04
3.298040420841683140e+00 1.223665069004551504e-04
3.299980280561122026e+00 1.120226083322203647e-04
3.301920140280560911e+00 1.024556938255870384e-04
3.303859999999999797e+00 9.368164702830617712e-05
