1.662500000000000089e+00 9.179566804994534362e-05
1.663269539078156445e+00 1.020037940447823382e-04
1.664039078156312801e+00 1.128493661256491971e-04
1.664808617234468935e+00 1.254693832810728558e-04
1.665578156312625291e+00 1.403154689397401080e-04
1.666347695390781647e+00 1.550102168712429640e-04
1.667117234468938003e+00 1.762007201525657549e-04
1.667886773547094359e+00 1.982690173270495397e-04
1.668656312625250493e+00 2.203834014560459176e-04
1.669425851703406849e+00 2.454688917264688584e-04
1.670195390781563205e+00 2.750847931981771004e-04
1.670964929859719561e+00 3.061650466633268012e-04
1.671734468937875917e+00 3.392973930483807491e-04
1.672504008016032051e+00 3.753968202543244868e-04
1.673273547094188407e+00 4.144971845252159071e-04
1.674043086172344763e+00 4.611015100501508800e-04
1.674812625250501119e+00 5.131984810879372571e-04
1.675582164328657475e+00 5.690843412355139951e-04
1.676351703406813609e+00 6.269105053239353107e-04
1.677121242484969965e+00 6.871127610870744707e-04
1.677890781563126321e+00 7.442926355256557778e-04
1.678660320641282677e+00 8.042266207473733244e-04
1.679429859719439033e+00 8.879677003645889462e-04
1.680199398797595167e+00 9.706886629518800659e-04
1.680968937875751523e+00 1.059030274882627812e-03
1.681738476953907879e+00 1.153139880810107867e-03
1.682508016032064235e+00 1.252015829906708445e-03
1.683277555110220591e+00 1.351455437187755069e-03
1.684047094188376725e+00 1.463715693089760479e-03
1.684816633266533081e+00 1.578508838875489857e-03
1.685586172344689437e+00 1.694080989323414142e-03
1.686355711422845793e+00 1.845431393795853806e-03
1.687125250501002149e+00 1.986903343777821247e-03
1.687894789579158505e+00 2.138040651417623741e-03
1.688664328657314639e+00 2.316249684339779982e-03
1.689433867735470995e+00 2.553168683080545877e-03
1.690203406813627351e+00 2.753843077585384908e-03
1.690972945891783707e+00 3.002756199376282499e-03
1.691742484969940064e+00 3.286177072055834758e-03
1.692512024048096198e+00 3.572466884542867607e-03
1.693281563126252554e+00 3.953820716104701830e-03
1.694051102204408910e+00 4.399929946045748157e-03
1.694820641282565266e+00 4.858997206503070168e-03
1.695590180360721622e+00 5.327777255754770347e-03
1.696359719438877756e+00 6.004613326573786034e-03
1.697129258517034112e+00 6.889856733983809253e-03
1.697898797595190468e+00 7.875885317839462219e-03
1.698668336673346824e+00 8.997228298983068681e-03
1.699437875751503180e+00 1.042208013172641820e-02
1.700207414829659314e+00 1.178396527506979027e-02
1.700976953907815670e+00 1.356489475164828623e-02
1.701746492985972026e+00 1.575288785261615490e-02
1.702516032064128382e+00 1.825435002297583209e-02
1.703285571142284738e+00 2.088912779920503587e-02
1.704055110220440872e+00 2.314114995780870362e-02
1.704824649298597228e+00 2.514038006280840121e-02
1.705594188376753584e+00 2.707291541744466165e-02
1.706363727454909940e+00 2.943112067362536541e-02
1.707133266533066296e+00 3.174071630476227313e-02
1.707902805611222430e+00 3.453413287557569739e-02
1.708672344689378786e+00 3.799207037109095936e-02
1.709441883767535142e+00 4.220278414568472830e-02
1.710211422845691498e+00 4.486412672444795025e-02
1.710980961923847854e+00 4.970685603673955649e-02
1.711750501002003988e+00 5.549680924472415178e-02
1.712520040080160344e+00 6.047951419966765552e-02
1.713289579158316700e+00 6.895137653239430398e-02
1.714059118236473056e+00 7.650141502410388872e-02
1.714828657314629412e+00 8.615690874174576630e-02
1.715598196392785546e+00 9.911823413035349140e-02
1.716367735470941902e+00 1.122003139556450174e-01
1.717137274549098258e+00 1.280601135095628951e-01
1.717906813627254614e+00 1.467414993670841938e-01
1.718676352705410970e+00 1.660494325327599996e-01
1.719445891783567104e+00 1.807187980202846211e-01
1.720215430861723460e+00 2.038850365474358384e-01
1.720984969939879816e+00 2.271213071824728646e-01
1.721754509018036172e+00 2.505811640375188443e-01
1.722524048096192528e+00 2.750245505362952647e-01
1.723293587174348662e+00 2.944633019561679887e-01
1.724063126252505018e+00 3.092515410337122184e-01
1.724832665330661374e+00 3.249006975995436530e-01
1.725602204408817730e+00 3.422552792699370405e-01
1.726371743486974086e+00 3.486807442354606379e-01
1.727141282565130442e+00 3.533988375771885959e-01
1.727910821643286576e+00 3.592303942146907736e-01
1.728680360721442932e+00 3.657156665768630521e-01
1.729449899799599288e+00 3.701843324728374962e-01
1.730219438877755644e+00 3.701724402944541192e-01
1.730988977955911778e+00 3.775260751902306255e-01
1.731758517034068134e+00 3.860790334849923400e-01
1.732528056112224490e+00 3.883611738107276001e-01
1.733297595190380846e+00 3.930313131403740390e-01
1.734067134268537203e+00 3.986130796032992807e-01
1.734836673346693559e+00 4.044722549288012892e-01
1.735606212424849693e+00 4.103724126342915834e-01
1.736375751503006049e+00 4.167112281142251184e-01
1.737145290581162405e+00 4.257843564111443713e-01
1.737914829659318761e+00 4.304957619360467724e-01
1.738684368737475117e+00 4.320707490085942126e-01
1.739453907815631251e+00 4.378883468586580174e-01
1.740223446893787607e+00 4.440581964913403179e-01
1.740992985971943963e+00 4.461253249627779582e-01
1.741762525050100319e+00 4.489622382813147627e-01
1.742532064128256675e+00 4.575354998501769410e-01
1.743301603206412809e+00 4.607072587993260027e-01
1.744071142284569165e+00 4.574230689182878229e-01
1.744840681362725521e+00 4.575404508894566624e-01
1.745610220440881877e+00 4.634949241468320213e-01
1.746379759519038233e+00 4.618686168664639657e-01
1.747149298597194367e+00 4.601454047408732317e-01
1.747918837675350723e+00 4.591501697796948056e-01
1.748688376753507079e+00 4.575790046573168235e-01
1.749457915831663435e+00 4.522982174795442956e-01
1.750227454909819791e+00 4.663913783882008279e-01
1.750996993987975925e+00 4.660129325832030878e-01
1.751766533066132281e+00 4.610692484494013366e-01
1.752536072144288637e+00 4.625222671454389811e-01
1.753305611222444993e+00 4.609671237121171772e-01
1.754075150300601349e+00 4.614973951788697848e-01
1.754844689378757483e+00 4.621984519757583731e-01
1.755614228456913839e+00 4.632197966528109889e-01
1.756383767535070195e+00 4.699279002512733450e-01
1.757153306613226551e+00 4.691081026785272057e-01
1.757922845691382907e+00 4.689817632710712725e-01
1.758692384769539041e+00 4.694426316034023272e-01
1.759461923847695397e+00 4.666684912752986913e-01
1.760231462925851753e+00 4.692033648276430768e-01
1.761001002004008109e+00 4.724237540136209113e-01
1.761770541082164465e+00 4.744226077453319590e-01
1.762540080160320599e+00 4.737624879170680425e-01
1.763309619238476955e+00 4.731679774380404546e-01
1.764079158316633311e+00 4.687583283221492536e-01
1.764848697394789667e+00 4.676105965082180682e-01
1.765618236472946023e+00 4.721025418981841248e-01
1.766387775551102379e+00 4.776061450500147521e-01
1.767157314629258513e+00 4.768095439105859978e-01
1.767926853707414869e+00 4.756095989696217385e-01
1.768696392785571225e+00 4.736476474620379129e-01
1.769465931863727581e+00 4.678943141615647394e-01
1.770235470941883715e+00 4.707138897206138983e-01
1.771005010020040071e+00 4.747683339246676626e-01
1.771774549098196427e+00 4.758443940413117912e-01
1.772544088176352783e+00 4.707853667253910634e-01
1.773313627254509139e+00 4.658790846014999598e-01
1.774083166332665495e+00 4.674328686715967240e-01
1.774852705410821629e+00 4.690263959413463746e-01
1.775622244488977985e+00 4.676849154586770752e-01
1.776391783567134341e+00 4.634427385126617671e-01
1.777161322645290698e+00 4.706793749087826995e-01
1.777930861723447054e+00 4.682265365493712972e-01
1.778700400801603188e+00 4.616772117250705909e-01
1.779469939879759544e+00 4.692997056704760750e-01
1.780239478957915900e+00 4.683863966553722946e-01
1.781009018036072256e+00 4.656657457752185203e-01
1.781778557114228612e+00 4.625223383511751774e-01
1.782548096192384746e+00 4.603093894568593969e-01
1.783317635270541102e+00 4.635899223933475644e-01
1.784087174348697458e+00 4.654637792990738987e-01
1.784856713426853814e+00 4.646805358094020511e-01
1.785626252505010170e+00 4.609879192184009877e-01
1.786395791583166304e+00 4.555759925098614715e-01
1.787165330661322660e+00 4.559057002335020203e-01
1.787934869739479016e+00 4.590805449521018211e-01
1.788704408817635372e+00 4.606143714569589931e-01
1.789473947895791728e+00 4.534710207183432762e-01
1.790243486973947862e+00 4.533355809506848244e-01
1.791013026052104218e+00 4.525727362267833453e-01
1.791782565130260574e+00 4.523278205054064305e-01
1.792552104208416930e+00 4.536336727048002615e-01
1.793321643286573286e+00 4.536242357200463426e-01
1.794091182364729420e+00 4.482396114840783152e-01
1.794860721442885776e+00 4.481397171296362947e-01
1.795630260521042132e+00 4.541639252824695161e-01
1.796399799599198488e+00 4.519974217818055751e-01
1.797169338677354844e+00 4.490002734074766133e-01
1.797938877755511200e+00 4.469658428717975251e-01
1.798708416833667334e+00 4.475482829850034872e-01
1.799477955911823690e+00 4.523639006417511932e-01
1.800247494989980046e+00 4.524572906086278823e-01
1.801017034068136402e+00 4.521967859462078798e-01
1.801786573146292536e+00 4.537222242728011778e-01
1.802556112224448892e+00 4.579413117341060713e-01
1.803325651302605248e+00 4.554170285225297987e-01
1.804095190380761604e+00 4.502502269302035010e-01
1.804864729458917960e+00 4.491323762235768235e-01
1.805634268537074316e+00 4.536552500524120846e-01
1.806403807615230450e+00 4.597516915727504760e-01
1.807173346693386806e+00 4.671508723305062838e-01
1.807942885771543162e+00 4.669014866262488073e-01
1.808712424849699518e+00 4.633520006234032595e-01
1.809481963927855652e+00 4.656358348712139050e-01
1.810251503006012008e+00 4.681172673070907453e-01
1.811021042084168364e+00 4.695025530381637391e-01
1.811790581162324720e+00 4.685269811850740207e-01
1.812560120240481076e+00 4.653701193436148298e-01
1.813329659318637432e+00 4.726818736574243118e-01
1.814099198396793566e+00 4.694364951036247846e-01
1.814868737474949922e+00 4.689697366301726067e-01
1.815638276553106278e+00 4.744063823979586259e-01
1.816407815631262634e+00 4.759123808503953335e-01
1.817177354709418768e+00 4.770977522649660352e-01
1.817946893787575124e+00 4.756672262418946695e-01
1.818716432865731480e+00 4.760796193468224136e-01
1.819485971943887836e+00 4.859499559257856593e-01
1.820255511022044193e+00 4.798475333563222422e-01
1.821025050100200549e+00 4.776680135333343236e-01
1.821794589178356683e+00 4.779688515753524602e-01
1.822564128256513039e+00 4.791612403544746601e-01
1.823333667334669395e+00 4.811236348795461804e-01
1.824103206412825751e+00 4.799423759534492406e-01
1.824872745490982107e+00 4.787059542292028680e-01
1.825642284569138241e+00 4.792944357369289254e-01
1.826411823647294597e+00 4.841185664940915179e-01
1.827181362725450953e+00 4.802765703218689342e-01
1.827950901803607309e+00 4.782161606727802217e-01
1.828720440881763665e+00 4.778082827754234763e-01
1.829489979959919799e+00 4.764074558036668350e-01
1.830259519038076155e+00 4.754179397020590891e-01
1.831029058116232511e+00 4.833912154543947848e-01
1.831798597194388867e+00 4.865026669472343746e-01
1.832568136272545223e+00 4.763150743178361513e-01
1.833337675350701357e+00 4.740951770535146714e-01
1.834107214428857713e+00 4.791684164954811420e-01
1.834876753507014069e+00 4.792700743422319554e-01
1.835646292585170425e+00 4.741675091147775079e-01
1.836415831663326781e+00 4.776416685984972710e-01
1.837185370741483137e+00 4.773754950344924475e-01
1.837954909819639271e+00 4.742864854327226154e-01
1.838724448897795627e+00 4.714842562115956204e-01
1.839493987975951983e+00 4.733508041484245088e-01
1.840263527054108339e+00 4.747679756604673007e-01
1.841033066132264473e+00 4.721263267546076947e-01
1.841802605210420829e+00 4.697026676840235782e-01
1.842572144288577185e+00 4.707134858165377689e-01
1.843341683366733541e+00 4.748092468851098369e-01
1.844111222444889897e+00 4.697149543518456261e-01
1.844880761523046253e+00 4.677035696874376480e-01
1.845650300601202387e+00 4.689086108165442801e-01
1.846419839679358743e+00 4.603764121684943977e-01
1.847189378757515099e+00 4.667973319883459427e-01
1.847958917835671455e+00 4.665810912109782382e-01
1.848728456913827589e+00 4.631627975639104333e-01
1.849497995991983945e+00 4.643673029336478075e-01
1.850267535070140301e+00 4.634247579119126215e-01
1.851037074148296657e+00 4.619146158183254913e-01
1.851806613226453013e+00 4.601264649203563595e-01
1.852576152304609369e+00 4.585384880314360423e-01
1.853345691382765503e+00 4.593532779411466094e-01
1.854115230460921859e+00 4.562892994211922848e-01
1.854884769539078215e+00 4.550989752768048180e-01
1.855654308617234571e+00 4.565047219164884429e-01
1.856423847695390705e+00 4.596503238585810114e-01
1.857193386773547061e+00 4.585241198422684850e-01
1.857962925851703417e+00 4.587270451678494010e-01
1.858732464929859773e+00 4.600352981343985848e-01
1.859502004008016129e+00 4.611385248899669831e-01
1.860271543086172485e+00 4.588327472586731792e-01
1.861041082164328619e+00 4.582022276053204779e-01
1.861810621242484975e+00 4.583317141605997014e-01
1.862580160320641331e+00 4.584477985024262847e-01
1.863349699398797688e+00 4.578523519750463122e-01
1.864119238476954044e+00 4.608780573725964058e-01
1.864888777555110178e+00 4.626517854842935318e-01
1.865658316633266534e+00 4.630701855536326628e-01
1.866427855711422890e+00 4.663089419131432045e-01
1.867197394789579246e+00 4.672568334100871135e-01
1.867966933867735602e+00 4.684498247315366792e-01
1.868736472945891736e+00 4.701665922303723821e-01
1.869506012024048092e+00 4.723542655071915619e-01
1.870275551102204448e+00 4.739042614856549540e-01
1.871045090180360804e+00 4.717090157520583693e-01
1.871814629258517160e+00 4.714348176882348085e-01
1.872584168336673294e+00 4.758315509694419077e-01
1.873353707414829650e+00 4.777035711547570895e-01
1.874123246492986006e+00 4.818780532291464525e-01
1.874892785571142362e+00 4.846854001749648644e-01
1.875662324649298718e+00 4.840960053356451742e-01
1.876431863727454852e+00 4.761563790717885380e-01
1.877201402805611208e+00 4.844107926159288979e-01
1.877970941883767564e+00 4.848296791199166456e-01
1.878740480961923920e+00 4.819817398273989473e-01
1.879510020040080276e+00 4.849952581148265773e-01
1.880279559118236410e+00 4.827020983004962074e-01
1.881049098196392766e+00 4.835979464533607386e-01
1.881818637274549122e+00 4.846623318573456407e-01
1.882588176352705478e+00 4.841575568081910586e-01
1.883357715430861834e+00 4.838632663840847781e-01
1.884127254509018190e+00 4.858922767091074513e-01
1.884896793587174324e+00 4.853296665690171596e-01
1.885666332665330680e+00 4.828667127757558797e-01
1.886435871743487036e+00 4.827315201590519633e-01
1.887205410821643392e+00 4.870012434797228451e-01
1.887974949899799526e+00 4.853672046898594994e-01
1.888744488977955882e+00 4.822230586063333546e-01
1.889514028056112238e+00 4.841456922101860516e-01
1.890283567134268594e+00 4.811793824636756978e-01
1.891053106212424950e+00 4.798055054808041398e-01
1.891822645290581306e+00 4.820179537712161455e-01
1.892592184368737440e+00 4.860052627075724940e-01
1.893361723446893796e+00 4.784949071325033110e-01
1.894131262525050152e+00 4.774415996904051163e-01
1.894900801603206508e+00 4.784649982375311916e-01
1.895670340681362642e+00 4.786977588668974715e-01
1.896439879759518998e+00 4.764624210752709255e-01
1.897209418837675354e+00 4.792298697332164070e-01
1.897978957915831710e+00 4.777197491525717599e-01
1.898748496993988066e+00 4.735195079955671349e-01
1.899518036072144422e+00 4.698163543067129799e-01
1.900287575150300556e+00 4.722120797068687925e-01
1.901057114228456912e+00 4.732155016097397970e-01
1.901826653306613268e+00 4.722845457644039846e-01
1.902596192384769624e+00 4.690906966319356441e-01
1.903365731462925758e+00 4.634961457173750743e-01
1.904135270541082114e+00 4.684895633381894742e-01
1.904904809619238470e+00 4.686615193072325991e-01
1.905674348697394827e+00 4.643906846466980820e-01
1.906443887775551183e+00 4.669736986718611704e-01
1.907213426853707539e+00 4.629998662013484756e-01
1.907982965931863673e+00 4.656586048463765004e-01
1.908752505010020029e+00 4.699770317370553507e-01
1.909522044088176385e+00 4.685372798410410988e-01
1.910291583166332741e+00 4.640164502302593363e-01
1.911061122244489097e+00 4.661163828590679237e-01
1.911830661322645231e+00 4.667957301923796876e-01
1.912600200400801587e+00 4.622961452726416232e-01
1.913369739478957943e+00 4.632680864660482789e-01
1.914139278557114299e+00 4.624211379039072090e-01
1.914908817635270655e+00 4.636873744376788231e-01
1.915678356713427011e+00 4.669050686472724365e-01
1.916447895791583145e+00 4.693243963032170396e-01
1.917217434869739501e+00 4.670879157772404033e-01
1.917986973947895857e+00 4.652341534267908085e-01
1.918756513026052213e+00 4.655885504078480785e-01
1.919526052104208347e+00 4.692235032274963968e-01
1.920295591182364703e+00 4.643964792708322742e-01
1.921065130260521059e+00 4.696869004742315612e-01
1.921834669338677415e+00 4.729502537672807261e-01
1.922604208416833771e+00 4.694855506672307444e-01
1.923373747494990127e+00 4.704612018434679022e-01
1.924143286573146261e+00 4.710347460567199107e-01
1.924912825651302617e+00 4.733543985356009065e-01
1.925682364729458973e+00 4.760334631131487027e-01
1.926451903807615329e+00 4.741200863096102780e-01
1.927221442885771463e+00 4.772097508183834047e-01
1.927990981963927819e+00 4.792907219035657529e-01
1.928760521042084175e+00 4.812247045266018763e-01
1.929530060120240531e+00 4.848536484255598356e-01
1.930299599198396887e+00 4.798063703405822111e-01
1.931069138276553243e+00 4.831679911831739949e-01
1.931838677354709377e+00 4.820012520921779231e-01
1.932608216432865733e+00 4.744445966000659376e-01
1.933377755511022089e+00 4.859956448492762093e-01
1.934147294589178445e+00 4.885399358874462084e-01
1.934916833667334579e+00 4.845428770711754929e-01
1.935686372745490935e+00 4.797591943176788276e-01
1.936455911823647291e+00 4.853155975038592196e-01
1.937225450901803647e+00 4.806702581225166249e-01
1.937994989979960003e+00 4.836237108496531656e-01
1.938764529058116359e+00 4.877595648865452049e-01
1.939534068136272493e+00 4.853693301904093427e-01
1.940303607214428849e+00 4.821747681058506374e-01
1.941073146292585205e+00 4.833378112122835857e-01
1.941842685370741561e+00 4.828329453327914189e-01
1.942612224448897695e+00 4.796480989360450975e-01
1.943381763527054051e+00 4.887582041904602881e-01
1.944151302605210407e+00 4.872770099195061211e-01
1.944920841683366763e+00 4.881207085514363553e-01
1.945690380761523119e+00 4.909430589135627687e-01
1.946459919839679475e+00 4.876054595123441859e-01
1.947229458917835609e+00 4.848258143204037252e-01
1.947998997995991965e+00 4.863716495835864739e-01
1.948768537074148322e+00 4.881214256308967769e-01
1.949538076152304678e+00 4.858565747426361048e-01
1.950307615230460812e+00 4.823213568045366939e-01
1.951077154308617168e+00 4.868311139983730329e-01
1.951846693386773524e+00 4.883504954524082731e-01
1.952616232464929880e+00 4.826022419834783972e-01
1.953385771543086236e+00 4.748819335887209392e-01
1.954155310621242592e+00 4.774790048474234494e-01
1.954924849699398948e+00 4.744798659845191890e-01
1.955694388777555082e+00 4.667410880039872811e-01
1.956463927855711438e+00 4.617032165748454764e-01
1.957233466933867794e+00 4.515295870013218971e-01
1.958003006012023928e+00 4.382410500138718135e-01
1.958772545090180284e+00 4.255521448660870010e-01
1.959542084168336640e+00 4.165198476658877325e-01
1.960311623246492996e+00 3.988399529536830190e-01
1.961081162324649352e+00 3.863399006753742149e-01
1.961850701402805708e+00 3.754785581606736589e-01
1.962620240480962064e+00 3.630587971671336844e-01
1.963389779559118198e+00 3.443018287695643331e-01
1.964159318637274554e+00 3.254951255756249329e-01
1.964928857715430910e+00 3.069582443801143756e-01
1.965698396793587266e+00 2.893633056448220442e-01
1.966467935871743400e+00 2.738486393669817276e-01
1.967237474949899756e+00 2.531589592061554428e-01
1.968007014028056112e+00 2.368275565028264418e-01
1.968776553106212468e+00 2.211706139497384149e-01
1.969546092184368824e+00 2.032014369791700359e-01
1.970315631262525180e+00 1.880412075096648816e-01
1.971085170340681314e+00 1.738259204082158449e-01
1.971854709418837670e+00 1.603540128601745884e-01
1.972624248496994026e+00 1.478332927336001301e-01
1.973393787575150382e+00 1.375624305126650071e-01
1.974163326653306516e+00 1.260426107205741553e-01
1.974932865731462872e+00 1.157166872759446546e-01
1.975702404809619228e+00 1.075102271672753601e-01
1.976471943887775584e+00 1.022048902893673561e-01
1.977241482965931940e+00 9.276028890334452048e-02
1.978011022044088296e+00 8.620742192903460555e-02
1.978780561122244430e+00 8.079838892747072399e-02
1.979550100200400786e+00 7.456114890900931991e-02
1.980319639278557142e+00 6.909065630212635201e-02
1.981089178356713498e+00 6.381057499337140781e-02
1.981858717434869632e+00 5.882369671297320995e-02
1.982628256513025988e+00 5.406034703143902664e-02
1.983397795591182344e+00 4.870339159470951640e-02
1.984167334669338700e+00 4.510463698031626917e-02
1.984936873747495056e+00 4.132704976020112192e-02
1.985706412825651412e+00 3.726969569513990249e-02
1.986475951903807546e+00 3.337997342297144981e-02
1.987245490981963902e+00 2.963823357795651939e-02
1.988015030060120258e+00 2.710168783448457797e-02
1.988784569138276614e+00 2.474482262048378206e-02
1.989554108216432748e+00 2.174304917625581937e-02
1.990323647294589104e+00 2.017978413907182272e-02
1.991093186372745460e+00 1.814965136343385868e-02
1.991862725450901817e+00 1.623975291463591875e-02
1.992632264529058173e+00 1.465196483742350203e-02
1.993401803607214529e+00 1.316221379614239406e-02
1.994171342685370885e+00 1.183952947222811566e-02
1.994940881763527019e+00 1.066861851475966669e-02
1.995710420841683375e+00 9.571860484843510569e-03
1.996479959919839731e+00 8.411319186264445275e-03
1.997249498997995865e+00 7.881978007338181699e-03
1.998019038076152221e+00 7.075418241385414246e-03
1.998788577154308577e+00 6.286820970227082091e-03
1.999558116232464933e+00 5.763654296489309665e-03
2.000327655310621289e+00 5.217554320398592321e-03
2.001097194388777645e+00 4.786212541917446439e-03
2.001866733466934001e+00 4.345856591297895567e-03
2.002636272545090357e+00 3.886232503058896070e-03
2.003405811623246713e+00 3.552775824131795563e-03
2.004175350701402625e+00 3.261941540836136699e-03
2.004944889779558981e+00 2.980974346824127961e-03
2.005714428857715337e+00 2.710162689351058342e-03
2.006483967935871693e+00 2.453329734382826005e-03
2.007253507014028049e+00 2.255311839197580211e-03
2.008023046092184405e+00 2.054828418296073423e-03
2.008792585170340761e+00 1.885355391118178660e-03
2.009562124248497117e+00 1.761528769978203211e-03
2.010331663326653473e+00 1.595687492654478123e-03
2.011101202404809385e+00 1.477176755807068373e-03
2.011870741482965741e+00 1.369396781335658220e-03
2.012640280561122097e+00 1.259792945347740873e-03
2.013409819639278453e+00 1.154157736482676550e-03
2.014179358717434809e+00 1.069732504202312818e-03
2.014948897795591165e+00 9.815142547953846150e-04
2.015718436873747521e+00 9.052725600702361082e-04
2.016487975951903877e+00 8.686490016090919666e-04
2.017257515030060233e+00 8.087325167611191879e-04
2.018027054108216589e+00 7.446846605386227280e-04
2.018796593186372945e+00 6.835490506807589441e-04
2.019566132264529301e+00 6.317575453791977923e-04
2.020335671342685213e+00 6.006921832563985554e-04
2.021105210420841569e+00 5.584214391000613502e-04
2.021874749498997925e+00 5.202622264291501290e-04
2.022644288577154281e+00 4.897482274073155541e-04
2.023413827655310637e+00 4.599399148961412433e-04
2.024183366733466993e+00 4.329265914590716422e-04
2.024952905811623349e+00 4.018324296243423114e-04
2.025722444889779705e+00 3.729382392234764903e-04
2.026491983967936061e+00 3.567238140055977152e-04
2.027261523046091973e+00 3.338840800998077040e-04
2.028031062124248329e+00 3.163424133981422711e-04
2.028800601202404685e+00 3.009053180069723378e-04
2.029570140280561041e+00 2.850741286180576259e-04
2.030339679358717397e+00 2.715929025446177890e-04
2.031109218436873753e+00 2.532808613142262005e-04
2.031878757515030109e+00 2.409513280351401933e-04
2.032648296593186465e+00 2.338727062554341127e-04
2.033417835671342822e+00 2.174276119606978724e-04
2.034187374749499178e+00 2.065163548543556024e-04
2.034956913827655534e+00 1.944789657360499033e-04
2.035726452905811446e+00 1.837633744218452356e-04
2.036495991983967802e+00 1.791533973714339457e-04
2.037265531062124158e+00 1.663293593446276753e-04
2.038035070140280514e+00 1.561669434459090787e-04
2.038804609218436870e+00 1.485415660047548648e-04
2.039574148296593226e+00 1.428377304849038092e-04
2.040343687374749582e+00 1.413948258729478646e-04
2.041113226452905938e+00 1.365824044773557440e-04
2.041882765531062294e+00 1.298731397929851251e-04
2.042652304609218206e+00 1.224608906872513196e-04
2.043421843687374562e+00 1.164480916636814132e-04
2.044191382765530918e+00 1.130738472196320078e-04
2.044960921843687274e+00 1.054898939267723734e-04
2.045730460921843630e+00 9.647101214955530637e-05
2.046499999999999986e+00 9.115313641480044860e-05
