6.021499999999999631e-01 7.380708491017298853e-05
6.025548296593186137e-01 1.708690858076825265e-04
6.029596593186372644e-01 2.694871502275944736e-04
6.033644889779559151e-01 5.164251026888407644e-04
6.037693186372745657e-01 8.983501381896920194e-04
6.041741482965931054e-01 1.331988319619656358e-03
6.045789779559117560e-01 2.501870721222099626e-03
6.049838076152304067e-01 3.690009501200853127e-03
6.053886372745490574e-01 5.682556921319731509e-03
6.057934669338677081e-01 8.255976094385875791e-03
6.061982965931863587e-01 1.105554614485961852e-02
6.066031262525050094e-01 1.530878093422570994e-02
6.070079559118236601e-01 1.962125055186981354e-02
6.074127855711421997e-01 2.479953706622164966e-02
6.078176152304608504e-01 3.048803577825902680e-02
6.082224448897795011e-01 3.629633283619171369e-02
6.086272745490981517e-01 4.242818508254832949e-02
6.090321042084168024e-01 4.863294627987919949e-02
6.094369338677354531e-01 5.444674121923048782e-02
6.098417635270541037e-01 6.013821608296257559e-02
6.102465931863727544e-01 6.559096206220542402e-02
6.106514228456912941e-01 7.015197224645165763e-02
6.110562525050099447e-01 7.476200146875405794e-02
6.114610821643285954e-01 7.844983269827804362e-02
6.118659118236472461e-01 8.188100821080517011e-02
6.122707414829658967e-01 8.500013209115887813e-02
6.126755711422845474e-01 8.741520081245729434e-02
6.130804008016031981e-01 8.985650969489862583e-02
6.134852304609218487e-01 9.188003683803652732e-02
6.138900601202404994e-01 9.382354217150244702e-02
6.142948897795590391e-01 9.561896139651848703e-02
6.146997194388776897e-01 9.723832454155051375e-02
6.151045490981963404e-01 9.888596187384453284e-02
6.155093787575149911e-01 1.005983887559139672e-01
6.159142084168336417e-01 1.023231060093310607e-01
6.163190380761522924e-01 1.041676700397429628e-01
6.167238677354709431e-01 1.060916890914977012e-01
6.171286973947895937e-01 1.080285464556059449e-01
6.175335270541081334e-01 1.099952728887534925e-01
6.179383567134267841e-01 1.119798580747352196e-01
6.183431863727454347e-01 1.139690428642856634e-01
6.187480160320640854e-01 1.159518905750681061e-01
6.191528456913827361e-01 1.179378543172615867e-01
6.195576753507013867e-01 1.197138699316569604e-01
6.199625050100200374e-01 1.215035604195175423e-01
6.203673346693386881e-01 1.230532128791317487e-01
6.207721643286572277e-01 1.244765470138163577e-01
6.211769939879758784e-01 1.258756874432725159e-01
6.215818236472945291e-01 1.270506843497765659e-01
6.219866533066131797e-01 1.282314789285864121e-01
6.223914829659318304e-01 1.291956572832631822e-01
6.227963126252504811e-01 1.300438538976038394e-01
6.232011422845691317e-01 1.309538871998008336e-01
6.236059719438877824e-01 1.317727978997701721e-01
6.240108016032064331e-01 1.325970125541118261e-01
6.244156312625249727e-01 1.333631599754197816e-01
6.248204609218436234e-01 1.340636474020428792e-01
6.252252905811622741e-01 1.347090693417309082e-01
6.256301202404809247e-01 1.352335465964726036e-01
6.260349498997995754e-01 1.357556729251979677e-01
6.264397795591182261e-01 1.361929116046182997e-01
6.268446092184368768e-01 1.366083066440358096e-01
6.272494388777555274e-01 1.369918920707944021e-01
6.276542685370740671e-01 1.372988213746434705e-01
6.280590981963927177e-01 1.375914581177237195e-01
6.284639278557113684e-01 1.377537089338130294e-01
6.288687575150300191e-01 1.378988431001530179e-01
6.292735871743486697e-01 1.380610109721610024e-01
6.296784168336673204e-01 1.381664595738425760e-01
6.300832464929859711e-01 1.382696447650984539e-01
6.304880761523046218e-01 1.383552480467206414e-01
6.308929058116231614e-01 1.384345553619133473e-01
6.312977354709418121e-01 1.384621583654478127e-01
6.317025651302604627e-01 1.385495451064708838e-01
6.321073947895791134e-01 1.386572273682302181e-01
6.325122244488977641e-01 1.391377478100347953e-01
6.329170541082164148e-01 1.396559688356656115e-01
6.333218837675350654e-01 1.403302507289959644e-01
6.337267134268537161e-01 1.412180138297068621e-01
6.341315430861722557e-01 1.420815437648104695e-01
6.345363727454909064e-01 1.431097846615349833e-01
6.349412024048095571e-01 1.441526618996069598e-01
6.353460320641282078e-01 1.452912244846522594e-01
6.357508617234468584e-01 1.464662806256087635e-01
6.361556913827655091e-01 1.476117214568955505e-01
6.365605210420841598e-01 1.486064275824882930e-01
6.369653507014028104e-01 1.496049322485099309e-01
6.373701803607214611e-01 1.504901738177460702e-01
6.377750100200400007e-01 1.512810365204265428e-01
6.381798396793586514e-01 1.521037067413837374e-01
6.385846693386773021e-01 1.528421561903697545e-01
6.389894989979959528e-01 1.535829001153881934e-01
6.393943286573146034e-01 1.541950540208668619e-01
6.397991583166332541e-01 1.547796343311705902e-01
6.402039879759519048e-01 1.554043670709839009e-01
6.406088176352705554e-01 1.561102345676380898e-01
6.410136472945890951e-01 1.568188960309477020e-01
6.414184769539077458e-01 1.575528349903196901e-01
6.418233066132263964e-01 1.582896305836516138e-01
6.422281362725450471e-01 1.589681962117957537e-01
6.426329659318636978e-01 1.595824201024588218e-01
6.430377955911823484e-01 1.601979872614091860e-01
6.434426252505009991e-01 1.607350328720775490e-01
6.438474549098196498e-01 1.612423729636399405e-01
6.442522845691383004e-01 1.617158646002343769e-01
6.446571142284568401e-01 1.620838474282854935e-01
6.450619438877754908e-01 1.624527679706340710e-01
6.454667735470941414e-01 1.627612739132376085e-01
6.458716032064127921e-01 1.630510103168155700e-01
6.462764328657314428e-01 1.633556386836952923e-01
6.466812625250500934e-01 1.636963708916230054e-01
6.470860921843687441e-01 1.640359969782343996e-01
6.474909218436873948e-01 1.645105531600581372e-01
6.478957515030059344e-01 1.650116946862937584e-01
6.483005811623245851e-01 1.654884491511994793e-01
6.487054108216432358e-01 1.660283849939269973e-01
6.491102404809618864e-01 1.666204526079498038e-01
6.495150701402805371e-01 1.673679909226128137e-01
6.499198997995991878e-01 1.681194611128584704e-01
6.503247294589178384e-01 1.687117832334445733e-01
6.507295591182364891e-01 1.692487498636309762e-01
6.511343887775550288e-01 1.697592985792388820e-01
6.515392184368736794e-01 1.700997009466440890e-01
6.519440480961923301e-01 1.704354975819192264e-01
6.523488777555109808e-01 1.707576247760525801e-01
6.527537074148296314e-01 1.709875871424197114e-01
6.531585370741482821e-01 1.712224562926638050e-01
6.535633667334669328e-01 1.713296579415446719e-01
6.539681963927855834e-01 1.714357277035939153e-01
6.543730260521041231e-01 1.714254995273284954e-01
6.547778557114227738e-01 1.713650985638904833e-01
6.551826853707414244e-01 1.713537227261972551e-01
6.555875150300600751e-01 1.713719541688416559e-01
6.559923446893787258e-01 1.713883956861872171e-01
6.563971743486973764e-01 1.712826728595220893e-01
6.568020040080160271e-01 1.711622186297493686e-01
6.572068336673346778e-01 1.710459696452729383e-01
6.576116633266533285e-01 1.709985565396729690e-01
6.580164929859718681e-01 1.709492812549781859e-01
6.584213226452905188e-01 1.710116672196054233e-01
6.588261523046091694e-01 1.711338566536855232e-01
6.592309819639278201e-01 1.713467416391268316e-01
6.596358116232464708e-01 1.717403981793779455e-01
6.600406412825651215e-01 1.721151400458780789e-01
6.604454709418837721e-01 1.724577126226348456e-01
6.608503006012024228e-01 1.728524026829388327e-01
6.612551302605209624e-01 1.733310464062894352e-01
6.616599599198396131e-01 1.739904362245852931e-01
6.620647895791582638e-01 1.746526261515653489e-01
6.624696192384769144e-01 1.754858394327197257e-01
6.628744488977955651e-01 1.763642966237645437e-01
6.632792785571142158e-01 1.773481041108499745e-01
6.636841082164328665e-01 1.784337560643539378e-01
6.640889378757515171e-01 1.794986121900452314e-01
6.644937675350701678e-01 1.804677436507225452e-01
6.648985971943887074e-01 1.814370768953735003e-01
6.653034268537073581e-01 1.823262574705042105e-01
6.657082565130260088e-01 1.830883740063156684e-01
6.661130861723446595e-01 1.838204300125509116e-01
6.665179158316633101e-01 1.841574245070231319e-01
6.669227454909819608e-01 1.844629275670307544e-01
6.673275751503006115e-01 1.847180337728632493e-01
6.677324048096191511e-01 1.848205335829550267e-01
6.681372344689378018e-01 1.849584016947182774e-01
6.685420641282564524e-01 1.850319684749375526e-01
6.689468937875751031e-01 1.851002827995441857e-01
6.693517234468937538e-01 1.850545370329739758e-01
6.697565531062124045e-01 1.849767800402155049e-01
6.701613827655310551e-01 1.848814862407378024e-01
6.705662124248497058e-01 1.847122232008628073e-01
6.709710420841683565e-01 1.845419275444158957e-01
6.713758717434870071e-01 1.843699232311368230e-01
6.717807014028055468e-01 1.841783189053820269e-01
6.721855310621241975e-01 1.840404708685869362e-01
6.725903607214428481e-01 1.840204550528700689e-01
6.729951903807614988e-01 1.839992709555748895e-01
6.734000200400801495e-01 1.839180283976624419e-01
6.738048496993988001e-01 1.838648540108350493e-01
6.742096793587174508e-01 1.837664803242068934e-01
6.746145090180359905e-01 1.836840247003059257e-01
6.750193386773546411e-01 1.836060934917566889e-01
6.754241683366732918e-01 1.837085691717364189e-01
6.758289979959919425e-01 1.838482658704783113e-01
6.762338276553105931e-01 1.840761342596154149e-01
6.766386573146292438e-01 1.844504080294000203e-01
6.770434869739478945e-01 1.848016935230734903e-01
6.774483166332665451e-01 1.851207576209968619e-01
6.778531462925851958e-01 1.854977589154901407e-01
6.782579759519037355e-01 1.859949189667284841e-01
6.786628056112223861e-01 1.866715851818556149e-01
6.790676352705410368e-01 1.873677061822876799e-01
6.794724649298596875e-01 1.882838015109892238e-01
6.798772945891783381e-01 1.892349397478703676e-01
6.802821242484969888e-01 1.901393852146955332e-01
6.806869539078156395e-01 1.910389004203142671e-01
6.810917835671342901e-01 1.919214587037554598e-01
6.814966132264528298e-01 1.926072685533132545e-01
6.819014428857714805e-01 1.932716624964146424e-01
6.823062725450901311e-01 1.937756681591713548e-01
6.827111022044087818e-01 1.941336423849774062e-01
6.831159318637274325e-01 1.945570162271691161e-01
6.835207615230460831e-01 1.950820939097276108e-01
6.839255911823647338e-01 1.956024150740422740e-01
6.843304208416833845e-01 1.960127050224209633e-01
6.847352505010020352e-01 1.963805588335766350e-01
6.851400801603205748e-01 1.967890569989742544e-01
6.855449098196392255e-01 1.972758925237040883e-01
6.859497394789578761e-01 1.977635821410347605e-01
6.863545691382765268e-01 1.981513016453958220e-01
6.867593987975951775e-01 1.985245069887059954e-01
6.871642284569138281e-01 1.989015577395515377e-01
6.875690581162324788e-01 1.993631541530541396e-01
6.879738877755510185e-01 1.998253276372912723e-01
6.883787174348696691e-01 2.004403551105041204e-01
6.887835470941883198e-01 2.010968309566300571e-01
6.891883767535069705e-01 2.017308624681757867e-01
6.895932064128256211e-01 2.022556871108009691e-01
6.899980360721442718e-01 2.027814063465694372e-01
6.904028657314629225e-01 2.030751088687555439e-01
6.908076953907815732e-01 2.032389257706410934e-01
6.912125250501002238e-01 2.032741226858922889e-01
6.916173547094188745e-01 2.028891748777800486e-01
6.920221843687374141e-01 2.025033333135985714e-01
6.924270140280560648e-01 2.017691558258097873e-01
6.928318436873747155e-01 2.008733666023093944e-01
6.932366733466933661e-01 1.999630772807624579e-01
6.936415030060120168e-01 1.988025721770767806e-01
6.940463326653306675e-01 1.976251770481608216e-01
6.944511623246493182e-01 1.963149989114303107e-01
6.948559919839678578e-01 1.949928183104195356e-01
6.952608216432865085e-01 1.938152571448936712e-01
6.956656513026051591e-01 1.928697653798183975e-01
6.960704809619238098e-01 1.919216327921620113e-01
6.964753106212424605e-01 1.914643760800545658e-01
6.968801402805611112e-01 1.911256966228715160e-01
6.972849699398797618e-01 1.910103248759908168e-01
6.976897995991984125e-01 1.913463758289043193e-01
6.980946292585170632e-01 1.916828957012972623e-01
6.984994589178356028e-01 1.926017850088048433e-01
6.989042885771542535e-01 1.936150382832685091e-01
6.993091182364729042e-01 1.947796872851955963e-01
6.997139478957915548e-01 1.962022561563422640e-01
7.001187775551102055e-01 1.976706876776649358e-01
7.005236072144288562e-01 1.993958984483494290e-01
7.009284368737475068e-01 2.011393240818534767e-01
7.013332665330661575e-01 2.025335069848653857e-01
7.017380961923846971e-01 2.037617066676659927e-01
7.021429258517033478e-01 2.050648926923786808e-01
7.025477555110219985e-01 2.061441031171482308e-01
7.029525851703406492e-01 2.072193203328096811e-01
7.033574148296592998e-01 2.081767122495822575e-01
7.037622444889779505e-01 2.089316396606382409e-01
7.041670741482966012e-01 2.095762197666711513e-01
7.045719038076152518e-01 2.098096108837988749e-01
7.049767334669339025e-01 2.100431482494144464e-01
7.053815631262524422e-01 2.104474186668453817e-01
7.057863927855710928e-01 2.108212895971511291e-01
7.061912224448897435e-01 2.110865204744998558e-01
7.065960521042083942e-01 2.112890766609072657e-01
7.070008817635270448e-01 2.114920571313311237e-01
7.074057114228456955e-01 2.119163153293681656e-01
7.078105410821643462e-01 2.123814306541212393e-01
7.082153707414828858e-01 2.129056202482521032e-01
7.086202004008015365e-01 2.135265663813690207e-01
7.090250300601201872e-01 2.141333447025855763e-01
7.094298597194388378e-01 2.143066832607211647e-01
7.098346893787574885e-01 2.143904556131586425e-01
7.102395190380761392e-01 2.145107957428224466e-01
7.106443486973947898e-01 2.143621128349737226e-01
7.110491783567134405e-01 2.141964977011220350e-01
7.114540080160320912e-01 2.135464237497568252e-01
7.118588376753507418e-01 2.127701377852708187e-01
7.122636673346692815e-01 2.120128801226086046e-01
7.126684969939879322e-01 2.111436403010192031e-01
7.130733266533065828e-01 2.102480987831382708e-01
7.134781563126252335e-01 2.094984661761546407e-01
7.138829859719438842e-01 2.088044208387041523e-01
7.142878156312625348e-01 2.083419403804953884e-01
7.146926452905811855e-01 2.082018678947719359e-01
7.150974749498997252e-01 2.080091595977278662e-01
7.155023046092183758e-01 2.080378787623241854e-01
7.159071342685370265e-01 2.081236440033674140e-01
7.163119639278556772e-01 2.082427952570913288e-01
7.167167935871743278e-01 2.083271094200387086e-01
7.171216232464929785e-01 2.084466508035654475e-01
7.175264529058116292e-01 2.082523781939003282e-01
7.179312825651302798e-01 2.080263184900380258e-01
7.183361122244489305e-01 2.075752133692692625e-01
7.187409418837674702e-01 2.068588461120368094e-01
7.191457715430861208e-01 2.061386074985538941e-01
7.195506012024047715e-01 2.052343347958569542e-01
7.199554308617234222e-01 2.043236776871202032e-01
7.203602605210420728e-01 2.034900467856830264e-01
7.207650901803607235e-01 2.028218021505489577e-01
7.211699198396793742e-01 2.021942578060192119e-01
7.215747494989980249e-01 2.024118099554518546e-01
7.219795791583165645e-01 2.026294654761720548e-01
7.223844088176352152e-01 2.034841889414088500e-01
7.227892384769538658e-01 2.047860493902271262e-01
7.231940681362725165e-01 2.061608717553234382e-01
7.235988977955911672e-01 2.082071774245539408e-01
7.240037274549098179e-01 2.102591416837393534e-01
7.244085571142284685e-01 2.126190454186690781e-01
7.248133867735471192e-01 2.150909167267597843e-01
7.252182164328657699e-01 2.175570138448617574e-01
7.256230460921843095e-01 2.199634959476993445e-01
7.260278757515029602e-01 2.223775237165942775e-01
7.264327054108216108e-01 2.244779874589944713e-01
7.268375350701402615e-01 2.264458082164849950e-01
7.272423647294589122e-01 2.282200105066860552e-01
7.276471943887775629e-01 2.295316458127896753e-01
7.280520240480962135e-01 2.308627056763944141e-01
7.284568537074147532e-01 2.318904781954856387e-01
7.288616833667334038e-01 2.327863661606939527e-01
7.292665130260520545e-01 2.335700519145915699e-01
7.296713426853707052e-01 2.340717995163988929e-01
7.300761723446893559e-01 2.345288973357307072e-01
7.304810020040080065e-01 2.343833831011482016e-01
7.308858316633266572e-01 2.341464771361698727e-01
7.312906613226453079e-01 2.339404820078635205e-01
7.316954909819639585e-01 2.335432807494353113e-01
7.321003206412826092e-01 2.331436771496038229e-01
7.325051503006011488e-01 2.324719195258179161e-01
7.329099799599197995e-01 2.317589470135539842e-01
7.333148096192384502e-01 2.308439472539266790e-01
7.337196392785571009e-01 2.297547157130773177e-01
7.341244689378757515e-01 2.287018843818692249e-01
7.345292985971944022e-01 2.276327403222155876e-01
7.349341282565129418e-01 2.265520481733215019e-01
7.353389579158315925e-01 2.255611197330043005e-01
7.357437875751502432e-01 2.246738904243592572e-01
7.361486172344688939e-01 2.237366222077404321e-01
7.365534468937875445e-01 2.231247197354782885e-01
7.369582765531061952e-01 2.225123926178257661e-01
7.373631062124248459e-01 2.221758994305139123e-01
7.377679358717434965e-01 2.220689744265259835e-01
7.381727655310621472e-01 2.220197498749029441e-01
7.385775951903807979e-01 2.223195923723920997e-01
7.389824248496994485e-01 2.226194728383489863e-01
7.393872545090179882e-01 2.228730611717536503e-01
7.397920841683366389e-01 2.231728724764298899e-01
7.401969138276552895e-01 2.235312854398554538e-01
7.406017434869739402e-01 2.239385851758657897e-01
7.410065731462925909e-01 2.243442160146741915e-01
7.414114028056112415e-01 2.246334199497258266e-01
7.418162324649297812e-01 2.249271873653695686e-01
7.422210621242484319e-01 2.252692933119489482e-01
7.426258917835670825e-01 2.258367917420065207e-01
7.430307214428857332e-01 2.264146525628459583e-01
7.434355511022043839e-01 2.274019601528431966e-01
7.438403807615230345e-01 2.285141000235517417e-01
7.442452104208416852e-01 2.297388847229949460e-01
7.446500400801603359e-01 2.313259376100592069e-01
7.450548697394789865e-01 2.328859648235065694e-01
7.454596993987976372e-01 2.343587589511136327e-01
7.458645290581161769e-01 2.358671796494316575e-01
7.462693587174348275e-01 2.375280577120886527e-01
7.466741883767534782e-01 2.392590656485237000e-01
7.470790180360721289e-01 2.409687966419615801e-01
7.474838476953907795e-01 2.422434918349079813e-01
7.478886773547094302e-01 2.434499852122976871e-01
7.482935070140280809e-01 2.446449825025645841e-01
7.486983366733466205e-01 2.456746493913763707e-01
7.491031663326652712e-01 2.466725192297305191e-01
7.495079959919839219e-01 2.472194676927914614e-01
7.499128256513025725e-01 2.477209489864328484e-01
7.503176553106212232e-01 2.480694489224138377e-01
7.507224849699398739e-01 2.482636929931880954e-01
7.511273146292585245e-01 2.485021917948298520e-01
7.515321442885771752e-01 2.485247146783556849e-01
7.519369739478958259e-01 2.485279008499025055e-01
7.523418036072144766e-01 2.480803871577419994e-01
7.527466332665330162e-01 2.473229384578018442e-01
7.531514629258516669e-01 2.466539821405060451e-01
7.535562925851703175e-01 2.455744013060785769e-01
7.539611222444889682e-01 2.444909860938833113e-01
7.543659519038076189e-01 2.430197676951892372e-01
7.547707815631262696e-01 2.413028117077003765e-01
7.551756112224448092e-01 2.395763895525204745e-01
7.555804408817634599e-01 2.377620582573760077e-01
7.559852705410821105e-01 2.359444098608022289e-01
7.563901002004007612e-01 2.343357436539600935e-01
7.567949298597194119e-01 2.328701222260957104e-01
7.571997595190380625e-01 2.315426071381962436e-01
7.576045891783567132e-01 2.308353437249349993e-01
7.580094188376753639e-01 2.301194887568599190e-01
7.584142484969940146e-01 2.295552733124050504e-01
7.588190781563126652e-01 2.292039015571522009e-01
7.592239078156313159e-01 2.289895928512725720e-01
7.596287374749498555e-01 2.291314271782809997e-01
7.600335671342685062e-01 2.292756176098077470e-01
7.604383967935871569e-01 2.295901535046736552e-01
7.608432264529058076e-01 2.299632683114155585e-01
7.612480561122244582e-01 2.302825340951337452e-01
7.616528857715431089e-01 2.306611179796483058e-01
7.620577154308616485e-01 2.310765213302237997e-01
7.624625450901802992e-01 2.319781650216564128e-01
7.628673747494989499e-01 2.329600983430374916e-01
7.632722044088176006e-01 2.340138851469711345e-01
7.636770340681362512e-01 2.353860473566238287e-01
7.640818637274549019e-01 2.367604283676461863e-01
7.644866933867735526e-01 2.386055906991493003e-01
7.648915230460922032e-01 2.405486527696696353e-01
7.652963527054108539e-01 2.425210441115010773e-01
7.657011823647295046e-01 2.445430550413714987e-01
7.661060120240480442e-01 2.465680171980412505e-01
7.665108416833666949e-01 2.483430721252883888e-01
7.669156713426853456e-01 2.500901652690204480e-01
7.673205010020039962e-01 2.513910825721524245e-01
7.677253306613226469e-01 2.521734315662133019e-01
7.681301603206412976e-01 2.529468017453246342e-01
7.685349899799599482e-01 2.529800032451622327e-01
7.689398196392784879e-01 2.529760012612413123e-01
7.693446492985971386e-01 2.528375701640458439e-01
7.697494789579157892e-01 2.523403621514298534e-01
7.701543086172344399e-01 2.517540569939173412e-01
7.705591382765530906e-01 2.507406597884749289e-01
7.709639679358717412e-01 2.497260830098755602e-01
7.713687975951903919e-01 2.488097700612242613e-01
7.717736272545090426e-01 2.477889716355397565e-01
7.721784569138276932e-01 2.466268567902105691e-01
7.725832865731463439e-01 2.450764946925684529e-01
7.729881162324648836e-01 2.435244440803789046e-01
7.733929458917835342e-01 2.418950340261231124e-01
7.737977755511021849e-01 2.401309428052706141e-01
7.742026052104208356e-01 2.382533680424693823e-01
7.746074348697394862e-01 2.360167296442969853e-01
7.750122645290581369e-01 2.337784789607983693e-01
7.754170941883766766e-01 2.312912388308795697e-01
7.758219238476953272e-01 2.286623508277661476e-01
7.762267535070139779e-01 2.258673230307964019e-01
7.766315831663326286e-01 2.221819448164406019e-01
7.770364128256512792e-01 2.184777682545517852e-01
7.774412424849699299e-01 2.133836783304581541e-01
7.778460721442885806e-01 2.077879390093588241e-01
7.782509018036072312e-01 2.016735973440874907e-01
7.786557314629258819e-01 1.938406621471611135e-01
7.790605611222445326e-01 1.859765003925209770e-01
7.794653907815631833e-01 1.765634265257020052e-01
7.798702204408817229e-01 1.667309559863610902e-01
7.802750501002003736e-01 1.565854984665107363e-01
7.806798797595190242e-01 1.456564194038995896e-01
7.810847094188376749e-01 1.346923956210250017e-01
7.814895390781563256e-01 1.236461362117312890e-01
7.818943687374749762e-01 1.125909838447564787e-01
7.822991983967935159e-01 1.018450092482466041e-01
7.827040280561121666e-01 9.162370731947627744e-02
7.831088577154308172e-01 8.139145132817822426e-02
7.835136873747494679e-01 7.248710533306092219e-02
7.839185170340681186e-01 6.373008340358107815e-02
7.843233466933867692e-01 5.573456998766444792e-02
7.847281763527054199e-01 4.872758659505764534e-02
7.851330060120240706e-01 4.170178166686205196e-02
7.855378356713427213e-01 3.629719019897285209e-02
7.859426653306613719e-01 3.096278899652444433e-02
7.863474949899799116e-01 2.638746300144465332e-02
7.867523246492985622e-01 2.259605942799744124e-02
7.871571543086172129e-01 1.881704388609081388e-02
7.875619839679358636e-01 1.625116187595501346e-02
7.879668136272545143e-01 1.368484194165771155e-02
7.883716432865731649e-01 1.161167631404875361e-02
7.887764729458918156e-01 9.947545668815711492e-03
7.891813026052103552e-01 8.329739246341654607e-03
7.895861322645290059e-01 7.272094688093881133e-03
7.899909619238476566e-01 6.214936650638572431e-03
7.903957915831663072e-01 5.374053301301247136e-03
7.908006212424849579e-01 4.671327559586058338e-03
7.912054509018036086e-01 3.999521172399572722e-03
7.916102805611222593e-01 3.532880368686550435e-03
7.920151102204409099e-01 3.066849799777746164e-03
7.924199398797595606e-01 2.684246073157836934e-03
7.928247695390782113e-01 2.342830985465323233e-03
7.932295991983967509e-01 2.023110606138810424e-03
7.936344288577154016e-01 1.787560715407652493e-03
7.940392585170340523e-01 1.551888564069185206e-03
7.944440881763527029e-01 1.370224854267739845e-03
7.948489178356713536e-01 1.207833598881405792e-03
7.952537474949900043e-01 1.056762105667026714e-03
7.956585771543085439e-01 9.408711223177656418e-04
7.960634068136271946e-01 8.246275192634561040e-04
7.964682364729458453e-01 7.339281992507549037e-04
7.968730661322644959e-01 6.501717778486452558e-04
7.972778957915831466e-01 5.735322127576733195e-04
7.976827254509017973e-01 5.123867621003056969e-04
7.980875551102204479e-01 4.510480459275815709e-04
7.984923847695390986e-01 4.039443518153047470e-04
7.988972144288577493e-01 3.594639308825222940e-04
7.993020440881763999e-01 3.194720094700636290e-04
7.997068737474950506e-01 2.870636496356101163e-04
8.001117034068135903e-01 2.546312561689340558e-04
8.005165330661322409e-01 2.296955890951870487e-04
8.009213627254508916e-01 2.055556751273019431e-04
8.013261923847695423e-01 1.839925713095372315e-04
8.017310220440881929e-01 1.658203415887822519e-04
8.021358517034068436e-01 1.476869168141753950e-04
8.025406813627253833e-01 1.340631186906643055e-04
8.029455110220440339e-01 1.205993774653651323e-04
8.033503406813626846e-01 1.088059965525105830e-04
8.037551703406813353e-01 9.871021208393131749e-05
8.041599999999999859e-01 8.871349360325363729e-05
