3.234847999999999946e+00 8.373661387546596231e-05
3.236364412224448817e+00 8.500303726305636850e-05
3.237880824448897688e+00 8.775630684784521977e-05
3.239397236673346558e+00 9.129729951416748609e-05
3.240913648897795429e+00 9.373658431347187342e-05
3.242430061122244300e+00 9.506307223503988402e-05
3.243946473346693171e+00 9.961550567138348334e-05
3.245462885571142042e+00 1.050043028321444516e-04
3.246979297795590913e+00 1.079429039847390383e-04
3.248495710020040228e+00 1.097400620316797633e-04
3.250012122244489099e+00 1.119507539033747705e-04
3.251528534468937970e+00 1.185866472103259202e-04
3.253044946693386841e+00 1.262947442307913273e-04
3.254561358917835712e+00 1.310400355650870546e-04
3.256077771142284583e+00 1.356332963566701550e-04
3.257594183366733454e+00 1.418410859741531976e-04
3.259110595591182324e+00 1.476490631403133127e-04
3.260627007815631195e+00 1.561603027661493867e-04
3.262143420040080066e+00 1.675725755882290712e-04
3.263659832264528937e+00 1.794905355010270435e-04
3.265176244488977808e+00 1.909968918538670424e-04
3.266692656713426679e+00 2.017634326388470967e-04
3.268209068937875550e+00 2.139810444381215547e-04
3.269725481162324421e+00 2.294757273013200342e-04
3.271241893386773292e+00 2.466610687853658195e-04
3.272758305611222163e+00 2.629778836509756470e-04
3.274274717835671478e+00 2.814602463512461301e-04
3.275791130060120349e+00 3.038893482965661797e-04
3.277307542284569220e+00 3.285350562441221776e-04
3.278823954509018090e+00 3.565479080728354861e-04
3.280340366733466961e+00 3.871533553977476875e-04
3.281856778957915832e+00 4.218822801879962823e-04
3.283373191182364703e+00 4.621605385273347931e-04
3.284889603406813574e+00 5.068967700739760015e-04
3.286406015631262445e+00 5.553581063086080122e-04
3.287922427855711316e+00 6.107275104855219459e-04
3.289438840080160187e+00 6.759330540615055786e-04
3.290955252304609058e+00 7.490499997941790907e-04
3.292471664529057929e+00 8.282960507822393747e-04
3.293988076753506800e+00 9.189779156849892799e-04
3.295504488977955670e+00 1.021537057522177439e-03
3.297020901202404541e+00 1.134945286473683585e-03
3.298537313426853856e+00 1.263808752595385046e-03
3.300053725651302727e+00 1.407101267655795108e-03
3.301570137875751598e+00 1.564235248275179686e-03
3.303086550100200469e+00 1.736990194996756044e-03
3.304602962324649340e+00 1.927870500935204489e-03
3.306119374549098211e+00 2.135526711302364235e-03
3.307635786773547082e+00 2.354604767708871026e-03
3.309152198997995953e+00 2.589291612375689729e-03
3.310668611222444824e+00 2.839677576847241501e-03
3.312185023446893695e+00 3.102417983596136505e-03
3.313701435671342566e+00 3.370238843745666010e-03
3.315217847895791436e+00 3.642103721193873118e-03
3.316734260120240307e+00 3.911299191704142170e-03
3.318250672344689178e+00 4.178333548227062925e-03
3.319767084569138049e+00 4.441801833037672259e-03
3.321283496793586920e+00 4.696315452450154117e-03
3.322799909018035791e+00 4.933800583305742588e-03
3.324316321242485106e+00 5.156154099447643295e-03
3.325832733466933977e+00 5.364028234532637086e-03
3.327349145691382848e+00 5.558530003890542297e-03
3.328865557915831719e+00 5.740296812268809272e-03
3.330381970140280590e+00 5.907291595222034265e-03
3.331898382364729461e+00 6.056747048298539125e-03
3.333414794589178332e+00 6.199215221757909886e-03
3.334931206813627202e+00 6.340547021077052627e-03
3.336447619038076073e+00 6.468529119589410195e-03
3.337964031262524944e+00 6.593267237693396961e-03
3.339480443486973815e+00 6.723090892528456666e-03
3.340996855711422686e+00 6.845089750366020569e-03
3.342513267935871557e+00 6.966188478008394913e-03
3.344029680160320428e+00 7.094062523968866496e-03
3.345546092384769299e+00 7.229548911378730000e-03
3.347062504609218170e+00 7.371173150692379543e-03
3.348578916833667485e+00 7.529520691351041135e-03
3.350095329058116356e+00 7.705031666147848894e-03
3.351611741282565227e+00 7.860056176850300710e-03
3.353128153507014098e+00 8.032669456588670612e-03
3.354644565731462968e+00 8.221512171440051656e-03
3.356160977955911839e+00 8.424460530193286778e-03
3.357677390180360710e+00 8.647408091704134395e-03
3.359193802404809581e+00 8.896210481079972615e-03
3.360710214629258452e+00 9.217072866508578197e-03
3.362226626853707323e+00 9.623677690967042883e-03
3.363743039078156194e+00 1.006852766592491490e-02
3.365259451302605065e+00 1.055521729668854568e-02
3.366775863527053936e+00 1.108868471632622719e-02
3.368292275751502807e+00 1.167095148046581356e-02
3.369808687975951678e+00 1.230562695021170105e-02
3.371325100200400549e+00 1.311273421891239604e-02
3.372841512424849419e+00 1.403634708836050404e-02
3.374357924649298290e+00 1.505782283254084725e-02
3.375874336873747605e+00 1.616133576495869598e-02
3.377390749098196476e+00 1.737991789343705865e-02
3.378907161322645347e+00 1.872330141883183502e-02
3.380423573547094218e+00 2.016511991732903783e-02
3.381939985771543089e+00 2.165432107996374117e-02
3.383456397995991960e+00 2.330338153968944739e-02
3.384972810220440831e+00 2.513434156696753644e-02
3.386489222444889702e+00 2.715392835594103091e-02
3.388005634669338573e+00 2.938646723302626787e-02
3.389522046893787444e+00 3.186749490910313620e-02
3.391038459118236315e+00 3.453280063478517820e-02
3.392554871342685185e+00 3.743446412045841470e-02
3.394071283567134056e+00 4.063848609349092478e-02
3.395587695791582927e+00 4.417496664974458753e-02
3.397104108016031798e+00 4.810911931297571359e-02
3.398620520240481113e+00 5.246874345127397476e-02
3.400136932464929984e+00 5.726986476660600456e-02
3.401653344689378855e+00 6.254812331691261829e-02
3.403169756913827726e+00 6.835579517072525035e-02
3.404686169138276597e+00 7.472061576842906061e-02
3.406202581362725468e+00 8.170069427019405195e-02
3.407718993587174339e+00 8.935428256898864108e-02
3.409235405811623210e+00 9.776724364551375723e-02
3.410751818036072081e+00 1.070434209767606865e-01
3.412268230260520951e+00 1.170107232798700547e-01
3.413784642484969822e+00 1.277141315608638916e-01
3.415301054709418693e+00 1.391740804626836747e-01
3.416817466933867564e+00 1.514168365293343255e-01
3.418333879158316435e+00 1.642017765256007789e-01
3.419850291382765306e+00 1.775495412829808106e-01
3.421366703607214177e+00 1.915146484870924315e-01
3.422883115831663048e+00 2.058329334294403956e-01
3.424399528056111919e+00 2.203526377686000903e-01
3.425915940280561234e+00 2.348723406010106984e-01
3.427432352505010105e+00 2.490550279529923916e-01
3.428948764729458976e+00 2.627694600679906789e-01
3.430465176953907847e+00 2.758306579199196751e-01
3.431981589178356717e+00 2.880550388529532491e-01
3.433498001402805588e+00 2.994843888239309693e-01
3.435014413627254459e+00 3.098300604025082117e-01
3.436530825851703330e+00 3.192218459679550535e-01
3.438047238076152201e+00 3.275527898758722745e-01
3.439563650300601072e+00 3.348187372100110970e-01
3.441080062525049943e+00 3.408879334032784980e-01
3.442596474749498814e+00 3.458749819553970650e-01
3.444112886973947685e+00 3.503620878437281316e-01
3.445629299198396556e+00 3.537379429207128667e-01
3.447145711422845427e+00 3.565106070673636496e-01
3.448662123647294298e+00 3.590326304013237158e-01
3.450178535871743613e+00 3.610505932448727640e-01
3.451694948096192483e+00 3.627698588836372195e-01
3.453211360320641354e+00 3.641685393017846661e-01
3.454727772545090225e+00 3.653160738625856330e-01
3.456244184769539096e+00 3.663178717107550275e-01
3.457760596993987967e+00 3.672439617436397130e-01
3.459277009218436838e+00 3.681113437973410063e-01
3.460793421442885709e+00 3.692379227132503439e-01
3.462309833667334580e+00 3.705968105404289781e-01
3.463826245891783451e+00 3.720002392190890905e-01
3.465342658116232322e+00 3.734731662047984790e-01
3.466859070340681193e+00 3.749988868698225231e-01
3.468375482565130064e+00 3.765316800750135307e-01
3.469891894789578934e+00 3.781268223244445004e-01
3.471408307014027805e+00 3.795956813371720862e-01
3.472924719238476676e+00 3.812267057504601930e-01
3.474441131462925547e+00 3.829998730753265690e-01
3.475957543687374862e+00 3.848091196745691556e-01
3.477473955911823733e+00 3.871197964949465442e-01
3.478990368136272604e+00 3.890444399422774979e-01
3.480506780360721475e+00 3.915755312498824803e-01
3.482023192585170346e+00 3.939138359754148500e-01
3.483539604809619217e+00 3.962822525561159881e-01
3.485056017034068088e+00 3.987386399685023952e-01
3.486572429258516959e+00 4.013094661793316642e-01
3.488088841482965829e+00 4.038823883059959319e-01
3.489605253707414700e+00 4.063955265543022777e-01
3.491121665931863571e+00 4.090031799883242503e-01
3.492638078156312442e+00 4.115756422285481442e-01
3.494154490380761313e+00 4.140732905439902245e-01
3.495670902605210184e+00 4.165089115619646232e-01
3.497187314829659055e+00 4.189165480620921644e-01
3.498703727054108370e+00 4.212598287807891584e-01
3.500220139278557241e+00 4.234778056931821633e-01
3.501736551503006112e+00 4.255771890178512984e-01
3.503252963727454983e+00 4.275547608893293106e-01
3.504769375951903854e+00 4.293815705328392629e-01
3.506285788176352725e+00 4.310739527831530249e-01
3.507802200400801595e+00 4.330733707491710716e-01
3.509318612625250466e+00 4.346366925386181412e-01
3.510835024849699337e+00 4.364547663045913461e-01
3.512351437074148208e+00 4.377887936520188927e-01
3.513867849298597079e+00 4.388887903074655816e-01
3.515384261523045950e+00 4.399960148831137952e-01
3.516900673747494821e+00 4.410415147180732909e-01
3.518417085971943692e+00 4.419793015316956231e-01
3.519933498196392563e+00 4.427151434581462208e-01
3.521449910420841434e+00 4.431769223433743576e-01
3.522966322645290305e+00 4.435670050077163418e-01
3.524482734869739176e+00 4.439558882026776732e-01
3.525999147094188046e+00 4.443797541770059811e-01
3.527515559318637361e+00 4.447173727355902551e-01
3.529031971543086232e+00 4.449308126575865496e-01
3.530548383767535103e+00 4.449994837864663655e-01
3.532064795991983974e+00 4.449393570030691358e-01
3.533581208216432845e+00 4.448810845545479453e-01
3.535097620440881716e+00 4.453108946260682655e-01
3.536614032665330587e+00 4.451846061078814643e-01
3.538130444889779458e+00 4.451295624383104776e-01
3.539646857114228329e+00 4.451735133183749582e-01
3.541163269338677200e+00 4.450696735665218284e-01
3.542679681563126071e+00 4.452237479873277226e-01
3.544196093787574942e+00 4.452506642012841187e-01
3.545712506012023812e+00 4.451944161870831640e-01
3.547228918236472683e+00 4.451289457916086656e-01
3.548745330460921554e+00 4.450935584956214330e-01
3.550261742685370869e+00 4.451430466830510468e-01
3.551778154909819740e+00 4.456359383018532183e-01
3.553294567134268611e+00 4.459426599063983643e-01
3.554810979358717482e+00 4.461926856049346912e-01
3.556327391583166353e+00 4.464766343169040419e-01
3.557843803807615224e+00 4.467935300082551131e-01
3.559360216032064095e+00 4.471516083333539893e-01
3.560876628256512966e+00 4.476408882548024160e-01
3.562393040480961837e+00 4.482965207709035949e-01
3.563909452705410708e+00 4.490660233059056150e-01
3.565425864929859578e+00 4.498937156500187329e-01
3.566942277154308449e+00 4.508342909681696264e-01
3.568458689378757320e+00 4.521041811946645561e-01
3.569975101603206191e+00 4.534108362845907791e-01
3.571491513827655062e+00 4.543641334821533206e-01
3.573007926052103933e+00 4.553288675173790545e-01
3.574524338276552804e+00 4.563386979095496176e-01
3.576040750501001675e+00 4.573937706830907834e-01
3.577557162725450990e+00 4.588224822687132498e-01
3.579073574949899861e+00 4.602488032911924432e-01
3.580589987174348732e+00 4.613873347778787992e-01
3.582106399398797603e+00 4.624707626910540270e-01
3.583622811623246474e+00 4.634894295026266708e-01
3.585139223847695344e+00 4.649806407549598730e-01
3.586655636072144215e+00 4.659319547716372911e-01
3.588172048296593086e+00 4.668843665421056888e-01
3.589688460521041957e+00 4.677610732654609027e-01
3.591204872745490828e+00 4.685074611922819265e-01
3.592721284969939699e+00 4.692379355301168897e-01
3.594237697194388570e+00 4.699111103578653137e-01
3.595754109418837441e+00 4.705316151674503455e-01
3.597270521643286312e+00 4.710792311083853434e-01
3.598786933867735183e+00 4.714674511085389375e-01
3.600303346092184498e+00 4.717350380514294672e-01
3.601819758316633369e+00 4.719903620829230539e-01
3.603336170541082240e+00 4.724337915916143604e-01
3.604852582765531110e+00 4.729816787686177415e-01
3.606368994989979981e+00 4.730478712786214124e-01
3.607885407214428852e+00 4.729636666035192949e-01
3.609401819438877723e+00 4.727896790332709043e-01
3.610918231663326594e+00 4.725495475185899075e-01
3.612434643887775465e+00 4.721907358200836402e-01
3.613951056112224336e+00 4.717613681028779427e-01
3.615467468336673207e+00 4.712482784347856724e-01
3.616983880561122078e+00 4.706263311560954232e-01
3.618500292785570949e+00 4.699772492152790027e-01
3.620016705010019820e+00 4.698356094793840754e-01
3.621533117234468691e+00 4.691135439409786501e-01
3.623049529458917561e+00 4.683533554338949467e-01
3.624565941683366432e+00 4.675834590237432087e-01
3.626082353907815303e+00 4.668282209732688148e-01
3.627598766132264174e+00 4.660328987243986809e-01
3.629115178356713489e+00 4.651249410107879956e-01
3.630631590581162360e+00 4.642164695996443546e-01
3.632148002805611231e+00 4.634648807230510315e-01
3.633664415030060102e+00 4.627993124869293484e-01
3.635180827254508973e+00 4.621483471681498423e-01
3.636697239478957844e+00 4.615165083672979063e-01
3.638213651703406715e+00 4.608609573121321690e-01
3.639730063927855586e+00 4.601549832907791959e-01
3.641246476152304457e+00 4.595765351340470595e-01
3.642762888376753327e+00 4.591561287833627047e-01
3.644279300601202198e+00 4.588235918826423232e-01
3.645795712825651069e+00 4.585728042508776525e-01
3.647312125050099940e+00 4.583232301136398457e-01
3.648828537274548811e+00 4.581345407309398987e-01
3.650344949498998126e+00 4.586665541421046099e-01
3.651861361723446997e+00 4.587706138848955950e-01
3.653377773947895868e+00 4.588832034718113850e-01
3.654894186172344739e+00 4.590188883779673379e-01
3.656410598396793610e+00 4.591440439158603337e-01
3.657927010621242481e+00 4.593860596189645595e-01
3.659443422845691352e+00 4.597302538724359344e-01
3.660959835070140223e+00 4.601006296572769383e-01
3.662476247294589093e+00 4.605704311466766732e-01
3.663992659519037964e+00 4.611628789682113427e-01
3.665509071743486835e+00 4.618120385538922457e-01
3.667025483967935706e+00 4.624530443887693298e-01
3.668541896192384577e+00 4.630951375887898958e-01
3.670058308416833448e+00 4.642684374655207669e-01
3.671574720641282319e+00 4.650303908648346085e-01
3.673091132865731190e+00 4.658823948389776426e-01
3.674607545090180061e+00 4.668154483107315178e-01
3.676123957314628932e+00 4.678136470529504765e-01
3.677640369539077803e+00 4.688189254954036600e-01
3.679156781763527118e+00 4.697876494519316881e-01
3.680673193987975989e+00 4.707677866637495767e-01
3.682189606212424859e+00 4.717811036810448666e-01
3.683706018436873730e+00 4.728558035805814352e-01
3.685222430661322601e+00 4.738908698753507842e-01
3.686738842885771472e+00 4.748699546404736016e-01
3.688255255110220343e+00 4.758469754633995463e-01
3.689771667334669214e+00 4.768404335729558019e-01
3.691288079559118085e+00 4.777714126927034011e-01
3.692804491783566956e+00 4.787108041558695848e-01
3.694320904008015827e+00 4.801460935749536363e-01
3.695837316232464698e+00 4.809745065071113213e-01
3.697353728456913569e+00 4.817462397858748857e-01
3.698870140681362439e+00 4.824452657329860727e-01
3.700386552905811754e+00 4.830725063910276673e-01
3.701902965130260625e+00 4.836821369757989264e-01
3.703419377354709496e+00 4.843134374179761670e-01
3.704935789579158367e+00 4.848942774561394997e-01
3.706452201803607238e+00 4.853991269564399413e-01
3.707968614028056109e+00 4.858806862672598315e-01
3.709485026252504980e+00 4.863396562954018787e-01
3.711001438476953851e+00 4.867968787898170890e-01
3.712517850701402722e+00 4.871928987477011641e-01
3.714034262925851593e+00 4.874847395676514261e-01
3.715550675150300464e+00 4.877194778801549613e-01
3.717067087374749335e+00 4.879932460777809400e-01
3.718583499599198205e+00 4.883096446563590654e-01
3.720099911823647076e+00 4.885725815074904999e-01
3.721616324048095947e+00 4.887903672585096615e-01
3.723132736272544818e+00 4.889901626579270522e-01
3.724649148496993689e+00 4.891913530235454388e-01
3.726165560721442560e+00 4.894007311580492181e-01
3.727681972945891431e+00 4.895539700495244451e-01
3.729198385170340746e+00 4.896517055002861385e-01
3.730714797394789617e+00 4.897304697622473224e-01
3.732231209619238488e+00 4.897803939762229719e-01
3.733747621843687359e+00 4.898305291502360603e-01
3.735264034068136230e+00 4.900614010406362242e-01
3.736780446292585101e+00 4.905786451784537872e-01
3.738296858517033971e+00 4.906440808436721701e-01
3.739813270741482842e+00 4.906606854976267584e-01
3.741329682965931713e+00 4.911313499442230279e-01
3.742846095190380584e+00 4.910014332564177630e-01
3.744362507414829455e+00 4.908438525897879656e-01
3.745878919639278326e+00 4.906843770311360986e-01
3.747395331863727197e+00 4.904761305406177829e-01
3.748911744088176068e+00 4.902217816933578387e-01
3.750428156312625383e+00 4.899571521541452035e-01
3.751944568537074254e+00 4.896673595908835330e-01
3.753460980761523125e+00 4.892626011179686540e-01
3.754977392985971996e+00 4.887047714677799082e-01
3.756493805210420867e+00 4.880602373962010798e-01
3.758010217434869737e+00 4.872800635131405711e-01
3.759526629659318608e+00 4.863146448733287053e-01
3.761043041883767479e+00 4.852049851503497657e-01
3.762559454108216350e+00 4.839602802103350476e-01
3.764075866332665221e+00 4.825908597626222263e-01
3.765592278557114092e+00 4.810659807301449487e-01
3.767108690781562963e+00 4.792889851023626746e-01
3.768625103006011834e+00 4.772443752901710523e-01
3.770141515230460705e+00 4.749064225596260069e-01
3.771657927454909576e+00 4.722366297144061087e-01
3.773174339679358447e+00 4.692395035331086151e-01
3.774690751903807318e+00 4.659059403178595349e-01
3.776207164128256188e+00 4.623275705534881097e-01
3.777723576352705059e+00 4.586774702425346906e-01
3.779239988577153930e+00 4.541865379132908886e-01
3.780756400801602801e+00 4.493103452469321968e-01
3.782272813026052116e+00 4.440451359307011625e-01
3.783789225250500987e+00 4.383904402400254363e-01
3.785305637474949858e+00 4.322679294548779083e-01
3.786822049699398729e+00 4.256153240314186625e-01
3.788338461923847600e+00 4.184731161686848222e-01
3.789854874148296471e+00 4.108930588913018433e-01
3.791371286372745342e+00 4.027923891710218918e-01
3.792887698597194213e+00 3.942497235562048563e-01
3.794404110821643084e+00 3.851726465364320173e-01
3.795920523046091954e+00 3.757416254240935616e-01
3.797436935270540825e+00 3.660587641931264402e-01
3.798953347494989696e+00 3.560110748249680213e-01
3.800469759719439011e+00 3.456005274200772970e-01
3.801986171943887882e+00 3.349537946448895576e-01
3.803502584168336753e+00 3.240778902847313292e-01
3.805018996392785624e+00 3.130086899163553316e-01
3.806535408617234495e+00 3.017096689777837293e-01
3.808051820841683366e+00 2.902680788175916460e-01
3.809568233066132237e+00 2.787985924453106890e-01
3.811084645290581108e+00 2.673417813405251087e-01
3.812601057515029979e+00 2.559435745852137178e-01
3.814117469739478850e+00 2.446001113569419294e-01
3.815633881963927720e+00 2.333443404395935394e-01
3.817150294188376591e+00 2.222697136841550458e-01
3.818666706412825462e+00 2.115427542413746698e-01
3.820183118637274333e+00 2.008268160341924458e-01
3.821699530861723204e+00 1.903645642481026912e-01
3.823215943086172075e+00 1.801869782123368402e-01
3.824732355310620946e+00 1.703416760210573200e-01
3.826248767535069817e+00 1.608258354729770745e-01
3.827765179759518688e+00 1.516226779496890331e-01
3.829281591983967559e+00 1.427685367122411286e-01
3.830798004208416430e+00 1.342933974068361014e-01
3.832314416432865745e+00 1.261937017978773667e-01
3.833830828657314616e+00 1.184636121918398871e-01
3.835347240881763486e+00 1.111109977006774358e-01
3.836863653106212357e+00 1.041175670417371080e-01
3.838380065330661228e+00 9.750701841241185552e-02
3.839896477555110099e+00 9.126535314024954160e-02
3.841412889779558970e+00 8.531725109429427745e-02
3.842929302004007841e+00 7.971974690164239374e-02
3.844445714228456712e+00 7.447561838268469681e-02
3.845962126452905583e+00 6.953950352105711663e-02
3.847478538677354454e+00 6.488946963926331413e-02
3.848994950901803325e+00 6.051499196742012726e-02
3.850511363126252640e+00 5.640595370814198428e-02
3.852027775350701511e+00 5.254796316713743892e-02
3.853544187575150382e+00 4.893642449108413089e-02
3.855060599799599252e+00 4.556912617355517864e-02
3.856577012024048123e+00 4.245277769406847340e-02
3.858093424248496994e+00 3.958829846395480606e-02
3.859609836472945865e+00 3.686127914675427220e-02
3.861126248697394736e+00 3.431311095817552587e-02
3.862642660921843607e+00 3.193584760051802751e-02
3.864159073146292478e+00 2.971871397937120296e-02
3.865675485370741349e+00 2.765520882925772903e-02
3.867191897595190220e+00 2.573482316325999969e-02
3.868708309819639091e+00 2.395403063486739592e-02
3.870224722044087962e+00 2.229992142673371466e-02
3.871741134268536833e+00 2.076151213018536182e-02
3.873257546492985703e+00 1.932792658870677305e-02
3.874773958717434574e+00 1.799413274767236795e-02
3.876290370941883445e+00 1.675627237701783276e-02
3.877806783166332316e+00 1.560421749821288943e-02
3.879323195390781187e+00 1.452800448830807341e-02
3.880839607615230058e+00 1.352812000986107488e-02
3.882356019839679373e+00 1.260211689468873283e-02
3.883872432064128244e+00 1.174275282528183806e-02
3.885388844288577115e+00 1.094176926105524562e-02
3.886905256513025986e+00 1.019808337854839590e-02
3.888421668737474857e+00 9.509377354088894771e-03
3.889938080961923728e+00 8.866843684073283383e-03
3.891454493186372599e+00 8.265398752295776211e-03
3.892970905410821469e+00 7.707570145035306207e-03
3.894487317635270340e+00 7.192296967679249163e-03
3.896003729859719211e+00 6.712486151730200599e-03
3.897520142084168082e+00 6.268041007032394002e-03
3.899036554308616953e+00 5.852935181176685715e-03
3.900552966533065824e+00 5.464424254011134019e-03
3.902069378757515139e+00 5.103793410944525502e-03
3.903585790981964010e+00 4.768054042410901916e-03
3.905102203206412881e+00 4.454849582749643988e-03
3.906618615430861752e+00 4.161773441585335694e-03
3.908135027655310623e+00 3.886979774315332814e-03
3.909651439879759494e+00 3.630713064585961401e-03
3.911167852104208364e+00 3.393292388324792037e-03
3.912684264328657235e+00 3.174802755114932394e-03
3.914200676553106106e+00 2.973348207779874693e-03
3.915717088777554977e+00 2.785159907805476783e-03
3.917233501002003848e+00 2.604965781862826103e-03
3.918749913226452719e+00 2.437773154841694004e-03
3.920266325450901590e+00 2.282556054850682411e-03
3.921782737675350461e+00 2.138096470882345189e-03
3.923299149899799332e+00 2.002022390921461437e-03
3.924815562124248203e+00 1.873928356854289139e-03
3.926331974348697074e+00 1.754071272810887872e-03
3.927848386573145945e+00 1.641573911953462302e-03
3.929364798797594815e+00 1.536386212990854599e-03
3.930881211022043686e+00 1.439905893468709395e-03
3.932397623246493001e+00 1.349243301873364817e-03
3.933914035470941872e+00 1.264205595312661813e-03
3.935430447695390743e+00 1.184311614075474455e-03
3.936946859919839614e+00 1.108713024155913484e-03
3.938463272144288485e+00 1.039610919068434695e-03
3.939979684368737356e+00 9.746520289628456905e-04
3.941496096593186227e+00 9.145451056767368988e-04
3.943012508817635098e+00 8.590877593702861848e-04
3.944528921042083969e+00 8.060306126170276421e-04
3.946045333266532840e+00 7.547089394909531172e-04
3.947561745490981711e+00 7.081060031640828327e-04
3.949078157715430581e+00 6.640603349069289663e-04
3.950594569939879452e+00 6.215393353740418514e-04
3.952110982164328767e+00 5.822155175419997837e-04
3.953627394388777638e+00 5.459046600399059196e-04
3.955143806613226509e+00 5.117849882804922099e-04
3.956660218837675380e+00 4.802401080421030382e-04
3.958176631062124251e+00 4.503055704819694093e-04
3.959693043286573122e+00 4.221255682696484885e-04
3.961209455511021993e+00 3.960686915370192885e-04
3.962725867735470864e+00 3.697424712469307446e-04
3.964242279959919735e+00 3.438836643709530685e-04
3.965758692184368606e+00 3.202761825836200247e-04
3.967275104408817477e+00 2.992337472516645573e-04
3.968791516633266347e+00 2.805637049054034745e-04
3.970307928857715218e+00 2.636308827811605581e-04
3.971824341082164089e+00 2.454355950385316964e-04
3.973340753306612960e+00 2.269195109402514664e-04
3.974857165531061831e+00 2.091636091372410305e-04
3.976373577755510702e+00 1.926295740779869589e-04
3.977889989979959573e+00 1.786938280714201680e-04
3.979406402204408444e+00 1.662871606150197266e-04
3.980922814428857315e+00 1.533886043284553497e-04
3.982439226653306186e+00 1.412130092612524956e-04
3.983955638877755501e+00 1.312521042801327294e-04
3.985472051102204372e+00 1.216324939464066753e-04
3.986988463326653243e+00 1.115437789752410000e-04
3.988504875551102113e+00 1.022508974020014155e-04
3.990021287775550984e+00 9.479722276122780616e-05
3.991537699999999855e+00 8.879025485149634684e-05
