1.688399999999999901e+00 8.771719179578005060e-05
1.689626452905811593e+00 9.716680751337134002e-05
1.690852905811623064e+00 1.078324552229592971e-04
1.692079358717434756e+00 1.202951922996137998e-04
1.693305811623246449e+00 1.346557217488338933e-04
1.694532264529057919e+00 1.518837263103071814e-04
1.695758717434869611e+00 1.713819464910363351e-04
1.696985170340681304e+00 1.950125747817394253e-04
1.698211623246492774e+00 2.221887972914409382e-04
1.699438076152304467e+00 2.544852067828923367e-04
1.700664529058116159e+00 2.935840207535949146e-04
1.701890981963927851e+00 3.386812903717976433e-04
1.703117434869739322e+00 3.926222541907897507e-04
1.704343887775551014e+00 4.558981435478966508e-04
1.705570340681362707e+00 5.304002332101486654e-04
1.706796793587174177e+00 6.181986666771128536e-04
1.708023246492985869e+00 7.202703791627054243e-04
1.709249699398797562e+00 8.383428021376538837e-04
1.710476152304609032e+00 9.785204788682840861e-04
1.711702605210420725e+00 1.139485182382073396e-03
1.712929058116232417e+00 1.326131670647988023e-03
1.714155511022043887e+00 1.542805274074992043e-03
1.715381963927855580e+00 1.793395567027536398e-03
1.716608416833667272e+00 2.101032552658060881e-03
1.717834869739478965e+00 2.454872070204196493e-03
1.719061322645290435e+00 2.868015422680674983e-03
1.720287775551102127e+00 3.357487345577743216e-03
1.721514228456913820e+00 3.949316919871381781e-03
1.722740681362725290e+00 4.678448153944018972e-03
1.723967134268536983e+00 5.551141852052805803e-03
1.725193587174348675e+00 6.598228696221957942e-03
1.726420040080160145e+00 7.892861757582362442e-03
1.727646492985971838e+00 9.532654978961288550e-03
1.728872945891783530e+00 1.157757466188186028e-02
1.730099398797595001e+00 1.408689796181734726e-02
1.731325851703406693e+00 1.709434272765216964e-02
1.732552304609218385e+00 2.085314427098576562e-02
1.733778757515029856e+00 2.511772437529836977e-02
1.735005210420841548e+00 2.957996640658955637e-02
1.736231663326653241e+00 3.415027154170269946e-02
1.737458116232464711e+00 3.877437450883846476e-02
1.738684569138276403e+00 4.397784479203152574e-02
1.739911022044088096e+00 4.961208112584545443e-02
1.741137474949899788e+00 5.616186166071939628e-02
1.742363927855711259e+00 6.387131522495050062e-02
1.743590380761522951e+00 7.304925576657467223e-02
1.744816833667334643e+00 8.373592196445707458e-02
1.746043286573146114e+00 9.642367409422121505e-02
1.747269739478957806e+00 1.115896248529833906e-01
1.748496192384769499e+00 1.300064707407088682e-01
1.749722645290580969e+00 1.513176826250228479e-01
1.750949098196392661e+00 1.750866247201642301e-01
1.752175551102204354e+00 2.005886547479345250e-01
1.753402004008015824e+00 2.269052499051502914e-01
1.754628456913827517e+00 2.534372206606289035e-01
1.755854909819639209e+00 2.786930425079874873e-01
1.757081362725450902e+00 3.019260172304446543e-01
1.758307815631262372e+00 3.228049491319687769e-01
1.759534268537074064e+00 3.409863401424987339e-01
1.760760721442885757e+00 3.571236133512226685e-01
1.761987174348697227e+00 3.719185821089664445e-01
1.763213627254508920e+00 3.855132452029881862e-01
1.764440080160320612e+00 3.982383798342144510e-01
1.765666533066132082e+00 4.105227718497251321e-01
1.766892985971943775e+00 4.220976226317484925e-01
1.768119438877755467e+00 4.322684156844084358e-01
1.769345891783566938e+00 4.411619231691162879e-01
1.770572344689378630e+00 4.490220344847047351e-01
1.771798797595190322e+00 4.556263593354151209e-01
1.773025250501001793e+00 4.607166466942035910e-01
1.774251703406813485e+00 4.640826810481266662e-01
1.775478156312625178e+00 4.662427893116342092e-01
1.776704609218436648e+00 4.675712397912722973e-01
1.777931062124248340e+00 4.683467827191361565e-01
1.779157515030060033e+00 4.687745782022763597e-01
1.780383967935871725e+00 4.691260220005576964e-01
1.781610420841683196e+00 4.690606379523414304e-01
1.782836873747494888e+00 4.691884731584040069e-01
1.784063326653306580e+00 4.695960996403957255e-01
1.785289779559118051e+00 4.701919289885886366e-01
1.786516232464929743e+00 4.705100821673865452e-01
1.787742685370741436e+00 4.710359472725439978e-01
1.788969138276552906e+00 4.718065275827512672e-01
1.790195591182364598e+00 4.722891141455953790e-01
1.791422044088176291e+00 4.724480082406228298e-01
1.792648496993987761e+00 4.720802671557357000e-01
1.793874949899799454e+00 4.710672116887450467e-01
1.795101402805611146e+00 4.699134796645940138e-01
1.796327855711422838e+00 4.687016513190719325e-01
1.797554308617234309e+00 4.674641670988031183e-01
1.798780761523046001e+00 4.657504044113741637e-01
1.800007214428857694e+00 4.637625888341800340e-01
1.801233667334669164e+00 4.620452804210947728e-01
1.802460120240480856e+00 4.603411113138503596e-01
1.803686573146292549e+00 4.587098098375745892e-01
1.804913026052104019e+00 4.571505076636132037e-01
1.806139478957915712e+00 4.561956021153077967e-01
1.807365931863727404e+00 4.563906345015678045e-01
1.808592384769538874e+00 4.558793111098931039e-01
1.809818837675350567e+00 4.553461775892243546e-01
1.811045290581162259e+00 4.551797640075725959e-01
1.812271743486973730e+00 4.560720248684841382e-01
1.813498196392785422e+00 4.570340950841026428e-01
1.814724649298597114e+00 4.579962618487777304e-01
1.815951102204408585e+00 4.591540073482694440e-01
1.817177555110220277e+00 4.605196831059877316e-01
1.818404008016031970e+00 4.619036605213049929e-01
1.819630460921843440e+00 4.630677959892974815e-01
1.820856913827655132e+00 4.642356406491980891e-01
1.822083366733466825e+00 4.662192491140074724e-01
1.823309819639278517e+00 4.673968546479966846e-01
1.824536272545089988e+00 4.684808180815584477e-01
1.825762725450901680e+00 4.697434867222992083e-01
1.826989178356713373e+00 4.709813526366008474e-01
1.828215631262524843e+00 4.718200429038995614e-01
1.829442084168336535e+00 4.725500744440909173e-01
1.830668537074148228e+00 4.737194404505254419e-01
1.831894989979959920e+00 4.745615915477691682e-01
1.833121442885771391e+00 4.752883477730404649e-01
1.834347895791583083e+00 4.756543084145876676e-01
1.835574348697394775e+00 4.756683784413237581e-01
1.836800801603206246e+00 4.763174202244010447e-01
1.838027254509017938e+00 4.765979992536378829e-01
1.839253707414829631e+00 4.765794131730650141e-01
1.840480160320641101e+00 4.769327954787675461e-01
1.841706613226452793e+00 4.765227286218945424e-01
1.842933066132264486e+00 4.764320432668969207e-01
1.844159519038075956e+00 4.760248179666843882e-01
1.845385971943887649e+00 4.756070319643943556e-01
1.846612424849699341e+00 4.747370010262096929e-01
1.847838877755510811e+00 4.737727758274006273e-01
1.849065330661322504e+00 4.735112207666209438e-01
1.850291783567134196e+00 4.728485414788261565e-01
1.851518236472945667e+00 4.718118933369891965e-01
1.852744689378757359e+00 4.711215936855573938e-01
1.853971142284569051e+00 4.702479597914630549e-01
1.855197595190380522e+00 4.698625983383241667e-01
1.856424048096192214e+00 4.691417811459376863e-01
1.857650501002003907e+00 4.690871728825553588e-01
1.858876953907815377e+00 4.684097809709523719e-01
1.860103406813627069e+00 4.677178552886775420e-01
1.861329859719438762e+00 4.669694482046075068e-01
1.862556312625250454e+00 4.662168988953035442e-01
1.863782765531061925e+00 4.659749404765330394e-01
1.865009218436873617e+00 4.658301754631022917e-01
1.866235671342685309e+00 4.657510130497395928e-01
1.867462124248496780e+00 4.657150055774966213e-01
1.868688577154308472e+00 4.662230851644355578e-01
1.869915030060120165e+00 4.667756869873384007e-01
1.871141482965931857e+00 4.676803605411493647e-01
1.872367935871743327e+00 4.684225810917628796e-01
1.873594388777555020e+00 4.698550385238434157e-01
1.874820841683366712e+00 4.709464374801788367e-01
1.876047294589178183e+00 4.715456147850372037e-01
1.877273747494989875e+00 4.718077731339501701e-01
1.878500200400801567e+00 4.724590039524700358e-01
1.879726653306613038e+00 4.731171986036758481e-01
1.880953106212424730e+00 4.740469581799261478e-01
1.882179559118236423e+00 4.749241926104066924e-01
1.883406012024047893e+00 4.761434991382096360e-01
1.884632464929859585e+00 4.769420196298889691e-01
1.885858917835671278e+00 4.774661048628018878e-01
1.887085370741482748e+00 4.782805484864507406e-01
1.888311823647294441e+00 4.789387626838277900e-01
1.889538276553106133e+00 4.792873586305934075e-01
1.890764729458917603e+00 4.793190658872187315e-01
1.891991182364729296e+00 4.798320491305661517e-01
1.893217635270540988e+00 4.800544684795140515e-01
1.894444088176352459e+00 4.806091225931372057e-01
1.895670541082164151e+00 4.812840414732755812e-01
1.896896993987975844e+00 4.815728526566385725e-01
1.898123446893787314e+00 4.815584858473902496e-01
1.899349899799599006e+00 4.819352276929854129e-01
1.900576352705410699e+00 4.819951435972009146e-01
1.901802805611222391e+00 4.821977727159671989e-01
1.903029258517033862e+00 4.829781534341041627e-01
1.904255711422845554e+00 4.833747449618412961e-01
1.905482164328657246e+00 4.836900550494860340e-01
1.906708617234468717e+00 4.845696969551436251e-01
1.907935070140280409e+00 4.855658799704372641e-01
1.909161523046092102e+00 4.856772732080097410e-01
1.910387975951903794e+00 4.855562411809640766e-01
1.911614428857715264e+00 4.863209999523239180e-01
1.912840881763526957e+00 4.870917432128787916e-01
1.914067334669338649e+00 4.871832328671208967e-01
1.915293787575150120e+00 4.870206521110359565e-01
1.916520240480961812e+00 4.866338342935980776e-01
1.917746693386773504e+00 4.867905160155223676e-01
1.918973146292584975e+00 4.866939571181666535e-01
1.920199599198396667e+00 4.862807186702854945e-01
1.921426052104208360e+00 4.858306939275202074e-01
1.922652505010019830e+00 4.855632796553809860e-01
1.923878957915831522e+00 4.853247323051935735e-01
1.925105410821643215e+00 4.844957610390073777e-01
1.926331863727454685e+00 4.839046621519521030e-01
1.927558316633266378e+00 4.841730973100987212e-01
1.928784769539078070e+00 4.839877118088689589e-01
1.930011222444889540e+00 4.834384305374038182e-01
1.931237675350701233e+00 4.826928609552536553e-01
1.932464128256512925e+00 4.822885984331213294e-01
1.933690581162324396e+00 4.816959632976418604e-01
1.934917034068136088e+00 4.810308426793747372e-01
1.936143486973947780e+00 4.805538544855749716e-01
1.937369939879759251e+00 4.798505705410335276e-01
1.938596392785570943e+00 4.794972354862001573e-01
1.939822845691382636e+00 4.794277160635391777e-01
1.941049298597194106e+00 4.796531324049615463e-01
1.942275751503005798e+00 4.801882953525520303e-01
1.943502204408817491e+00 4.806023072620477232e-01
1.944728657314629183e+00 4.810575089654916536e-01
1.945955110220440876e+00 4.820704912622439942e-01
1.947181563126252346e+00 4.825730280974892539e-01
1.948408016032064038e+00 4.830769706756133375e-01
1.949634468937875731e+00 4.830615470047950333e-01
1.950860921843687201e+00 4.834083485827400661e-01
1.952087374749498894e+00 4.838000021511728588e-01
1.953313827655310586e+00 4.840808512194718083e-01
1.954540280561122056e+00 4.841627837642192289e-01
1.955766733466933749e+00 4.844159279625922521e-01
1.956993186372745441e+00 4.845661720938038153e-01
1.958219639278556912e+00 4.835640718677329808e-01
1.959446092184368604e+00 4.812376351610211933e-01
1.960672545090180297e+00 4.806913970761921839e-01
1.961898997995991767e+00 4.827604893215673432e-01
1.963125450901803459e+00 4.850070873690987550e-01
1.964351903807615152e+00 4.858606124151285122e-01
1.965578356713426622e+00 4.859528679144349272e-01
1.966804809619238315e+00 4.856403001276199949e-01
1.968031262525050007e+00 4.860688644411079173e-01
1.969257715430861477e+00 4.865582861478429666e-01
1.970484168336673170e+00 4.859657323266811102e-01
1.971710621242484862e+00 4.857329060285670019e-01
1.972937074148296333e+00 4.855788760364493362e-01
1.974163527054108025e+00 4.849437958124069858e-01
1.975389979959919717e+00 4.847782449170837671e-01
1.976616432865731188e+00 4.850013639438699453e-01
1.977842885771542880e+00 4.849993516083117018e-01
1.979069338677354573e+00 4.852181663400984557e-01
1.980295791583166043e+00 4.855656312532926067e-01
1.981522244488977735e+00 4.864060722201047349e-01
1.982748697394789428e+00 4.862318620751471254e-01
1.983975150300601120e+00 4.863142225307289235e-01
1.985201603206412813e+00 4.865555540381036881e-01
1.986428056112224283e+00 4.865809619422530319e-01
1.987654509018035975e+00 4.870216494367491378e-01
1.988880961923847668e+00 4.877367723914310393e-01
1.990107414829659138e+00 4.879100873676091576e-01
1.991333867735470831e+00 4.882465799286950792e-01
1.992560320641282523e+00 4.885659575095403495e-01
1.993786773547093993e+00 4.889528794070376883e-01
1.995013226452905686e+00 4.881426278920871775e-01
1.996239679358717378e+00 4.866374131770465628e-01
1.997466132264528849e+00 4.865652736993539285e-01
1.998692585170340541e+00 4.875188711201301484e-01
1.999919038076152233e+00 4.883753325612648077e-01
2.001145490981963704e+00 4.887756922218914890e-01
2.002371943887775174e+00 4.889539493730603037e-01
2.003598396793587089e+00 4.896415501404361992e-01
2.004824849699398559e+00 4.894497516786621150e-01
2.006051302605210473e+00 4.888096028885486888e-01
2.007277755511021944e+00 4.883580125572946629e-01
2.008504208416833414e+00 4.879124184422224397e-01
2.009730661322644885e+00 4.882606634952315616e-01
2.010957114228456799e+00 4.881209037568501885e-01
2.012183567134268269e+00 4.879419402632598213e-01
2.013410020040080184e+00 4.880353734229286866e-01
2.014636472945891654e+00 4.884126048299435863e-01
2.015862925851703125e+00 4.892228057164123567e-01
2.017089378757515039e+00 4.897389658069457030e-01
2.018315831663326509e+00 4.902511296403231911e-01
2.019542284569137980e+00 4.899708565783569281e-01
2.020768737474949894e+00 4.901591501786862759e-01
2.021995190380761365e+00 4.904064161651445208e-01
2.023221643286572835e+00 4.916591873686467773e-01
2.024448096192384750e+00 4.931648542700809990e-01
2.025674549098196220e+00 4.943481638651760490e-01
2.026901002004007690e+00 4.951794265470551570e-01
2.028127454909819605e+00 4.954148212262566298e-01
2.029353907815631075e+00 4.959975612367337749e-01
2.030580360721442545e+00 4.964278945208505656e-01
2.031806813627254460e+00 4.966533678657163997e-01
2.033033266533065930e+00 4.970600472253643987e-01
2.034259719438877845e+00 4.970456077614241464e-01
2.035486172344689315e+00 4.968162339962013951e-01
2.036712625250500786e+00 4.968558044467953350e-01
2.037939078156312256e+00 4.969543803929486470e-01
2.039165531062124170e+00 4.978536360866724908e-01
2.040391983967935641e+00 4.975776410039686737e-01
2.041618436873747555e+00 4.964077607936192571e-01
2.042844889779559026e+00 4.954930796603417287e-01
2.044071342685370496e+00 4.941386591651837912e-01
2.045297795591181966e+00 4.930748947473054256e-01
2.046524248496993881e+00 4.922652028639993294e-01
2.047750701402805351e+00 4.914973161933793300e-01
2.048977154308617266e+00 4.905095087738692849e-01
2.050203607214428736e+00 4.902534821439240020e-01
2.051430060120240206e+00 4.900525944255374466e-01
2.052656513026052121e+00 4.900127983511697316e-01
2.053882965931863591e+00 4.895726472935859608e-01
2.055109418837675062e+00 4.894707859999769539e-01
2.056335871743486976e+00 4.893016490141767760e-01
2.057562324649298446e+00 4.889221791340470635e-01
2.058788777555109917e+00 4.888763773905799859e-01
2.060015230460921831e+00 4.893356568613108082e-01
2.061241683366733302e+00 4.906222845658392839e-01
2.062468136272544772e+00 4.911179968652362171e-01
2.063694589178356686e+00 4.919190408283282134e-01
2.064921042084168157e+00 4.927756177391071635e-01
2.066147494989979627e+00 4.934303529388691101e-01
2.067373947895791542e+00 4.946484770465078284e-01
2.068600400801603012e+00 4.958917248238628450e-01
2.069826853707414482e+00 4.967157766372864436e-01
2.071053306613226397e+00 4.979983831111370884e-01
2.072279759519037867e+00 4.994850701648688718e-01
2.073506212424849338e+00 5.004649181462854646e-01
2.074732665330661252e+00 5.013695180499782023e-01
2.075959118236472722e+00 5.018741650620590633e-01
2.077185571142284637e+00 5.019876532694484972e-01
2.078412024048096107e+00 5.018267396311562045e-01
2.079638476953907578e+00 5.023198760081563075e-01
2.080864929859719048e+00 5.028865369529958995e-01
2.082091382765530962e+00 5.028196079922228057e-01
2.083317835671342433e+00 5.031575962792185219e-01
2.084544288577154347e+00 5.036711651236367437e-01
2.085770741482965818e+00 5.034573261579493586e-01
2.086997194388777288e+00 5.027108683224656982e-01
2.088223647294588758e+00 5.020238225223135897e-01
2.089450100200400673e+00 5.012555072314152094e-01
2.090676553106212143e+00 5.008435015823293757e-01
2.091903006012024058e+00 4.996346276237653705e-01
2.093129458917835528e+00 4.988903683202565165e-01
2.094355911823646998e+00 4.996149723685259225e-01
2.095582364729458913e+00 4.994979314984038243e-01
2.096808817635270383e+00 4.987904183277592218e-01
2.098035270541081854e+00 4.977525811725502791e-01
2.099261723446893768e+00 4.971402592123060904e-01
2.100488176352705239e+00 4.966308019352345671e-01
2.101714629258516709e+00 4.961825157070997028e-01
2.102941082164328623e+00 4.954060054422921855e-01
2.104167535070140094e+00 4.953819347142131013e-01
2.105393987975951564e+00 4.956592049655273446e-01
2.106620440881763479e+00 4.946120091912075134e-01
2.107846893787574949e+00 4.942546793744058697e-01
2.109073346693386419e+00 4.937132486945735588e-01
2.110299799599198334e+00 4.932148845920164004e-01
2.111526252505009804e+00 4.925380374933403527e-01
2.112752705410821719e+00 4.925271385306450034e-01
2.113979158316633189e+00 4.918941311370700897e-01
2.115205611222444659e+00 4.911126256598891127e-01
2.116432064128256130e+00 4.911608514286665561e-01
2.117658517034068044e+00 4.915254441072393066e-01
2.118884969939879515e+00 4.914034643921867951e-01
2.120111422845691429e+00 4.908477941909050735e-01
2.121337875751502899e+00 4.909298241644252103e-01
2.122564328657314370e+00 4.910979591961308621e-01
2.123790781563125840e+00 4.908144910906009351e-01
2.125017234468937755e+00 4.904940312310070993e-01
2.126243687374749225e+00 4.905247222095382442e-01
2.127470140280561139e+00 4.908380213378825685e-01
2.128696593186372610e+00 4.901907321983215438e-01
2.129923046092184080e+00 4.902855098930679056e-01
2.131149498997995995e+00 4.904284680259574647e-01
2.132375951903807465e+00 4.907968582632816212e-01
2.133602404809618935e+00 4.911402516639954419e-01
2.134828857715430850e+00 4.916937963547904356e-01
2.136055310621242320e+00 4.914861834084903180e-01
2.137281763527053791e+00 4.918260558184044395e-01
2.138508216432865705e+00 4.922990158025479235e-01
2.139734669338677175e+00 4.934774152492671928e-01
2.140961122244488646e+00 4.941717215502731131e-01
2.142187575150300560e+00 4.945233551092390600e-01
2.143414028056112031e+00 4.949423336441196031e-01
2.144640480961923501e+00 4.960587226417265683e-01
2.145866933867735415e+00 4.968326872928690019e-01
2.147093386773546886e+00 4.967323157914300680e-01
2.148319839679358356e+00 4.974150275653265729e-01
2.149546292585170271e+00 4.986471352953628644e-01
2.150772745490981741e+00 4.986362064378239145e-01
2.151999198396793211e+00 4.983377898671994544e-01
2.153225651302605126e+00 4.982989120543272477e-01
2.154452104208416596e+00 4.979375786186979180e-01
2.155678557114228511e+00 4.971885079537275431e-01
2.156905010020039981e+00 4.971406577798915816e-01
2.158131462925851451e+00 4.968139071063610301e-01
2.159357915831662922e+00 4.960862020375254589e-01
2.160584368737474836e+00 4.951274189728911979e-01
2.161810821643286307e+00 4.941648691555912132e-01
2.163037274549098221e+00 4.928207481589785277e-01
2.164263727454909692e+00 4.924207655803468642e-01
2.165490180360721162e+00 4.914600608395583436e-01
2.166716633266532632e+00 4.904448339652547895e-01
2.167943086172344547e+00 4.893266008495086306e-01
2.169169539078156017e+00 4.882501626886316948e-01
2.170395991983967932e+00 4.872340081148917035e-01
2.171622444889779402e+00 4.862455752926401198e-01
2.172848897795590872e+00 4.857304309509341556e-01
2.174075350701402787e+00 4.852866146020510807e-01
2.175301803607214257e+00 4.846090119371571636e-01
2.176528256513025728e+00 4.845208925534481015e-01
2.177754709418837642e+00 4.849547234401915818e-01
2.178981162324649112e+00 4.848251157874775008e-01
2.180207615230460583e+00 4.842558893188986802e-01
2.181434068136272497e+00 4.837276685663559062e-01
2.182660521042083968e+00 4.838714023530527597e-01
2.183886973947895438e+00 4.848113102461849566e-01
2.185113426853707352e+00 4.856365094539160654e-01
2.186339879759518823e+00 4.863515682869947732e-01
2.187566332665330293e+00 4.862375383210447710e-01
2.188792785571142208e+00 4.866817845125493425e-01
2.190019238476953678e+00 4.872663600045428201e-01
2.191245691382765592e+00 4.880127393632862076e-01
2.192472144288577063e+00 4.886509309544451174e-01
2.193698597194388533e+00 4.893416100192313212e-01
2.194925050100200004e+00 4.902551043301587308e-01
2.196151503006011918e+00 4.910595527261093496e-01
2.197377955911823388e+00 4.925709728283621525e-01
2.198604408817635303e+00 4.938082880060294944e-01
2.199830861723446773e+00 4.945303104948289286e-01
2.201057314629258244e+00 4.949702421402968344e-01
2.202283767535069714e+00 4.958311676025839443e-01
2.203510220440881628e+00 4.961600146521836785e-01
2.204736673346693099e+00 4.960792180302522336e-01
2.205963126252505013e+00 4.952373077103955357e-01
2.207189579158316484e+00 4.939437625010613675e-01
2.208416032064127954e+00 4.922005424615562563e-01
2.209642484969939424e+00 4.893022214870458297e-01
2.210868937875751339e+00 4.847775725517584622e-01
2.212095390781562809e+00 4.786356900508924594e-01
2.213321843687374724e+00 4.704883608012519480e-01
2.214548296593186194e+00 4.595716218596117009e-01
2.215774749498997664e+00 4.464641607718267680e-01
2.217001202404809579e+00 4.305192102078964078e-01
2.218227655310621049e+00 4.121452500781330741e-01
2.219454108216432520e+00 3.915158108860258279e-01
2.220680561122244434e+00 3.685879571748111316e-01
2.221907014028055904e+00 3.438314088937789448e-01
2.223133466933867375e+00 3.184078729935607699e-01
2.224359919839679289e+00 2.917632024206071595e-01
2.225586372745490760e+00 2.655325654718330153e-01
2.226812825651302674e+00 2.405175368141074521e-01
2.228039278557114145e+00 2.170973206061482530e-01
2.229265731462925615e+00 1.953561143589470361e-01
2.230492184368737085e+00 1.757711326912508309e-01
2.231718637274549000e+00 1.581475745680545053e-01
2.232945090180360470e+00 1.417664209110023332e-01
2.234171543086172385e+00 1.264382857846975683e-01
2.235397995991983855e+00 1.118848501612662028e-01
2.236624448897795325e+00 9.870935935771525671e-02
2.237850901803606796e+00 8.643648514377506864e-02
2.239077354709418710e+00 7.512699831606338419e-02
2.240303807615230181e+00 6.496768389835239077e-02
2.241530260521042095e+00 5.577427257077951367e-02
2.242756713426853565e+00 4.779617613585379621e-02
2.243983166332665036e+00 4.081726722295062754e-02
2.245209619238476506e+00 3.464276620433329873e-02
2.246436072144288421e+00 2.930919189788758900e-02
2.247662525050099891e+00 2.478503654293226152e-02
2.248888977955911805e+00 2.094159159599744136e-02
2.250115430861723276e+00 1.772201067637882779e-02
2.251341883767534746e+00 1.497279410819432784e-02
2.252568336673346217e+00 1.266823065725052565e-02
2.253794789579158131e+00 1.071285938119776425e-02
2.255021242484969601e+00 9.049831194661156486e-03
2.256247695390781516e+00 7.658882872099963962e-03
2.257474148296592986e+00 6.492625913473704796e-03
2.258700601202404457e+00 5.512021606299003819e-03
2.259927054108216371e+00 4.672433997480796887e-03
2.261153507014027841e+00 3.959593183619031405e-03
2.262379959919839756e+00 3.369771541585340948e-03
2.263606412825651226e+00 2.881268135274605083e-03
2.264832865731462697e+00 2.465507168336253385e-03
2.266059318637274167e+00 2.112533152021647646e-03
2.267285771543086081e+00 1.811770231749344415e-03
2.268512224448897552e+00 1.562989618297376494e-03
2.269738677354709466e+00 1.355410857676792469e-03
2.270965130260520937e+00 1.180426031174006563e-03
2.272191583166332407e+00 1.028774340382549064e-03
2.273418036072143877e+00 8.994617867361478537e-04
2.274644488977955792e+00 7.916425984290099667e-04
2.275870941883767262e+00 6.987674257367749216e-04
2.277097394789579177e+00 6.187388314764139495e-04
2.278323847695390647e+00 5.505536399563812485e-04
2.279550300601202117e+00 4.893123136013246980e-04
2.280776753507013588e+00 4.373942358753427160e-04
2.282003206412825502e+00 3.935062956684179814e-04
2.283229659318636973e+00 3.542563007445309544e-04
2.284456112224448887e+00 3.185234955665683853e-04
2.285682565130260357e+00 2.886055910526924583e-04
2.286909018036071828e+00 2.601343419744133866e-04
2.288135470941883298e+00 2.359873253167238112e-04
2.289361923847695213e+00 2.142806234690994153e-04
2.290588376753506683e+00 1.935955090566830565e-04
2.291814829659318598e+00 1.759365571958566377e-04
2.293041282565130068e+00 1.595418493296186483e-04
2.294267735470941538e+00 1.454635565469476332e-04
2.295494188376753453e+00 1.330516615170892049e-04
2.296720641282564923e+00 1.218858796758496085e-04
2.297947094188376393e+00 1.119534947812332137e-04
2.299173547094188308e+00 1.025134639978158495e-04
2.300399999999999778e+00 9.370735309226332953e-05
