1.277789999999999981e+00 8.868249515818973504e-05
1.278687815631262437e+00 1.001725813054730660e-04
1.279585631262525114e+00 1.132502057456126059e-04
1.280483446893787569e+00 1.282059036937919139e-04
1.281381262525050024e+00 1.453678177285027827e-04
1.282279078156312702e+00 1.646293123963735118e-04
1.283176893787575157e+00 1.862764344364115446e-04
1.284074709418837612e+00 2.106801191221247709e-04
1.284972525050100289e+00 2.382642814816420256e-04
1.285870340681362745e+00 2.701363853477011532e-04
1.286768156312625200e+00 3.077919086526154655e-04
1.287665971943887655e+00 3.477151886597304844e-04
1.288563787575150332e+00 3.971808637435421461e-04
1.289461603206412788e+00 4.543938695256190805e-04
1.290359418837675243e+00 5.183408866140570750e-04
1.291257234468937920e+00 5.910414342469243838e-04
1.292155050100200375e+00 6.797034253134504002e-04
1.293052865731462830e+00 7.859748910014134312e-04
1.293950681362725508e+00 9.020636722865597954e-04
1.294848496993987963e+00 1.038750038099320533e-03
1.295746312625250418e+00 1.217054130734275801e-03
1.296644128256513095e+00 1.417951695475391013e-03
1.297541943887775551e+00 1.659642542537001020e-03
1.298439759519038006e+00 1.960634580054688905e-03
1.299337575150300683e+00 2.319858180424913888e-03
1.300235390781563138e+00 2.745043608894241847e-03
1.301133206412825594e+00 3.260892284495102867e-03
1.302031022044088049e+00 3.889972343787256696e-03
1.302928837675350726e+00 4.640472460598500833e-03
1.303826653306613181e+00 5.514314404476966872e-03
1.304724468937875637e+00 6.557122207561756275e-03
1.305622284569138314e+00 7.745898478217874347e-03
1.306520100200400769e+00 8.881222424817496533e-03
1.307417915831663224e+00 9.771669784469590170e-03
1.308315731462925902e+00 1.068749043979001084e-02
1.309213547094188357e+00 1.162912490906212008e-02
1.310111362725450812e+00 1.256664369060156092e-02
1.311009178356713489e+00 1.367535052385293604e-02
1.311906993987975945e+00 1.502812342696839207e-02
1.312804809619238400e+00 1.664413216500763501e-02
1.313702625250501077e+00 1.835351309830585836e-02
1.314600440881763532e+00 2.064243262244603444e-02
1.315498256513025988e+00 2.271628163404230960e-02
1.316396072144288665e+00 2.542959287668758450e-02
1.317293887775551120e+00 2.856882618086822867e-02
1.318191703406813575e+00 3.237518792882334434e-02
1.319089519038076030e+00 3.705391286233276904e-02
1.319987334669338708e+00 4.240713030217641705e-02
1.320885150300601163e+00 4.931963524326476306e-02
1.321782965931863618e+00 5.677856743108235238e-02
1.322680781563126295e+00 6.616959387605766962e-02
1.323578597194388751e+00 7.614568792677930964e-02
1.324476412825651206e+00 8.855697560978642580e-02
1.325374228456913883e+00 1.014970798608434005e-01
1.326272044088176338e+00 1.159612942624973220e-01
1.327169859719438794e+00 1.324249298277140052e-01
1.328067675350701471e+00 1.504870756928721742e-01
1.328965490981963926e+00 1.706389113608721975e-01
1.329863306613226381e+00 1.920119403962571580e-01
1.330761122244489059e+00 2.149911227983453132e-01
1.331658937875751514e+00 2.375467024718120324e-01
1.332556753507013969e+00 2.601216250968364507e-01
1.333454569138276646e+00 2.823204071726565512e-01
1.334352384769539102e+00 3.027305099633980090e-01
1.335250200400801557e+00 3.211519645678736490e-01
1.336148016032064012e+00 3.372320534541327075e-01
1.337045831663326689e+00 3.510006048345391538e-01
1.337943647294589145e+00 3.625613405461226013e-01
1.338841462925851600e+00 3.713850665224069370e-01
1.339739278557114277e+00 3.780619809563459111e-01
1.340637094188376732e+00 3.828549408285665256e-01
1.341534909819639187e+00 3.862372007535422869e-01
1.342432725450901865e+00 3.886458728852121847e-01
1.343330541082164320e+00 3.914041584617084513e-01
1.344228356713426775e+00 3.926800652408441450e-01
1.345126172344689452e+00 3.927209251334468076e-01
1.346023987975951908e+00 3.944452564680250850e-01
1.346921803607214363e+00 3.961251971347103940e-01
1.347819619238476818e+00 3.965482116612984442e-01
1.348717434869739495e+00 3.976982175546145970e-01
1.349615250501001951e+00 3.984588024208481905e-01
1.350513066132264406e+00 3.998881540186121630e-01
1.351410881763527083e+00 4.007621525102849636e-01
1.352308697394789538e+00 4.010640799193396777e-01
1.353206513026051994e+00 4.018020331020145108e-01
1.354104328657314671e+00 4.023695585750851067e-01
1.355002144288577126e+00 4.018526894908241442e-01
1.355899959919839581e+00 4.024450240778666421e-01
1.356797775551102259e+00 4.024226746964297829e-01
1.357695591182364714e+00 4.020029558442683171e-01
1.358593406813627169e+00 4.018452715050530588e-01
1.359491222444889846e+00 4.014898775885726301e-01
1.360389038076152302e+00 4.009218251456332371e-01
1.361286853707414757e+00 4.003110870151922462e-01
1.362184669338677434e+00 3.995103485610677629e-01
1.363082484969939889e+00 3.988533399453802475e-01
1.363980300601202345e+00 3.991087801750866082e-01
1.364878116232465022e+00 3.998537565471598221e-01
1.365775931863727477e+00 3.998517853355197937e-01
1.366673747494989932e+00 3.986928659946721853e-01
1.367571563126252387e+00 3.982702783518194956e-01
1.368469378757515065e+00 3.988667161800680816e-01
1.369367194388777520e+00 3.989540245249223460e-01
1.370265010020039975e+00 3.994303180635541128e-01
1.371162825651302652e+00 3.998963191002775086e-01
1.372060641282565108e+00 3.994661413491040758e-01
1.372958456913827563e+00 3.987839981671499889e-01
1.373856272545090240e+00 3.988243142519112272e-01
1.374754088176352695e+00 3.986625118715013683e-01
1.375651903807615151e+00 3.987876761477510690e-01
1.376549719438877828e+00 3.986095061483800328e-01
1.377447535070140283e+00 3.986322990846414283e-01
1.378345350701402738e+00 3.984260442022330428e-01
1.379243166332665416e+00 3.980028996804869657e-01
1.380140981963927871e+00 3.974404045097815197e-01
1.381038797595190326e+00 3.968242117145848180e-01
1.381936613226452781e+00 3.971397786754398140e-01
1.382834428857715459e+00 3.982389674832384485e-01
1.383732244488977914e+00 3.975689401313138860e-01
1.384630060120240369e+00 3.972444260216126399e-01
1.385527875751503046e+00 3.974578831117952515e-01
1.386425691382765502e+00 3.975303554410613005e-01
1.387323507014027957e+00 3.968584180144346107e-01
1.388221322645290634e+00 3.964442239620079023e-01
1.389119138276553089e+00 3.968833617361108290e-01
1.390016953907815545e+00 3.979437848272359690e-01
1.390914769539078222e+00 3.981395855881937340e-01
1.391812585170340677e+00 3.976773653679098186e-01
1.392710400801603132e+00 3.988167074896239450e-01
1.393608216432865810e+00 3.987607406067621985e-01
1.394506032064128265e+00 3.994120614245229572e-01
1.395403847695390720e+00 4.000637064352691730e-01
1.396301663326653397e+00 4.004608863419836240e-01
1.397199478957915852e+00 4.012349193296422811e-01
1.398097294589178308e+00 4.026639287822781910e-01
1.398995110220440763e+00 4.027512680610554896e-01
1.399892925851703440e+00 4.031009744150995666e-01
1.400790741482965895e+00 4.046873043656306623e-01
1.401688557114228351e+00 4.051259466935984710e-01
1.402586372745491028e+00 4.057352457314526428e-01
1.403484188376753483e+00 4.065977884481066784e-01
1.404382004008015938e+00 4.071610007667858522e-01
1.405279819639278616e+00 4.080723553107422075e-01
1.406177635270541071e+00 4.091351057208647557e-01
1.407075450901803526e+00 4.092431030138120041e-01
1.407973266533066203e+00 4.094618680897690877e-01
1.408871082164328659e+00 4.105855440571319903e-01
1.409768897795591114e+00 4.116003140478117772e-01
1.410666713426853569e+00 4.110543864279401216e-01
1.411564529058116246e+00 4.122909019651915252e-01
1.412462344689378702e+00 4.131607491044389513e-01
1.413360160320641157e+00 4.141940396469009356e-01
1.414257975951903834e+00 4.149364845531816059e-01
1.415155791583166289e+00 4.151816541834714713e-01
1.416053607214428744e+00 4.160069319792636944e-01
1.416951422845691422e+00 4.167615594793315781e-01
1.417849238476953877e+00 4.163613982056950658e-01
1.418747054108216332e+00 4.179788889909886174e-01
1.419644869739479009e+00 4.180683673911703147e-01
1.420542685370741465e+00 4.183074145852292425e-01
1.421440501002003920e+00 4.194375962525344614e-01
1.422338316633266597e+00 4.201561731585473081e-01
1.423236132264529052e+00 4.207412960477729391e-01
1.424133947895791508e+00 4.214753640415164204e-01
1.425031763527054185e+00 4.214176559815053236e-01
1.425929579158316640e+00 4.209835781529187582e-01
1.426827394789579095e+00 4.221801610463433718e-01
1.427725210420841773e+00 4.222994859941024415e-01
1.428623026052104228e+00 4.223497607530474207e-01
1.429520841683366683e+00 4.239788978170642708e-01
1.430418657314629360e+00 4.247489123362863661e-01
1.431316472945891816e+00 4.252269423802145787e-01
1.432214288577154271e+00 4.251144530734699556e-01
1.433112104208416726e+00 4.247433522478097356e-01
1.434009919839679403e+00 4.252348826691521588e-01
1.434907735470941859e+00 4.258618829545316453e-01
1.435805551102204314e+00 4.254043523383927439e-01
1.436703366733466991e+00 4.254104662855492935e-01
1.437601182364729446e+00 4.263835248645163611e-01
1.438498997995991902e+00 4.266665143910348679e-01
1.439396813627254579e+00 4.267294928411219379e-01
1.440294629258517034e+00 4.272433349076321663e-01
1.441192444889779489e+00 4.274310274508561491e-01
1.442090260521041944e+00 4.273102180177996146e-01
1.442988076152304622e+00 4.278431335008322511e-01
1.443885891783567077e+00 4.283768942277092484e-01
1.444783707414829532e+00 4.288481820200291117e-01
1.445681523046092209e+00 4.280317092705726023e-01
1.446579338677354665e+00 4.284900426800580253e-01
1.447477154308617120e+00 4.285115357936883917e-01
1.448374969939879797e+00 4.293152101362937012e-01
1.449272785571142252e+00 4.294204417625388515e-01
1.450170601202404708e+00 4.287832325732041650e-01
1.451068416833667385e+00 4.289394604540639477e-01
1.451966232464929840e+00 4.298840583022435768e-01
1.452864048096192295e+00 4.295994517739913920e-01
1.453761863727454973e+00 4.281307494635534505e-01
1.454659679358717428e+00 4.272268817584281564e-01
1.455557494989979883e+00 4.280247023899722003e-01
1.456455310621242560e+00 4.275997897590387842e-01
1.457353126252505016e+00 4.270475900309502193e-01
1.458250941883767471e+00 4.271886508478756062e-01
1.459148757515030148e+00 4.271476101511060830e-01
1.460046573146292603e+00 4.261167976512509337e-01
1.460944388777555059e+00 4.245916459975331847e-01
1.461842204408817736e+00 4.235260164691762585e-01
1.462740020040080191e+00 4.232559809552872143e-01
1.463637835671342646e+00 4.228360974171060938e-01
1.464535651302605102e+00 4.227989937358657135e-01
1.465433466933867779e+00 4.229391145240346539e-01
1.466331282565130234e+00 4.218522040953020524e-01
1.467229098196392689e+00 4.208515378345167313e-01
1.468126913827655367e+00 4.207379076265187479e-01
1.469024729458917822e+00 4.204899217849655257e-01
1.469922545090180277e+00 4.194573071463707503e-01
1.470820360721442954e+00 4.181070339437456540e-01
1.471718176352705409e+00 4.178131510963821738e-01
1.472615991983967865e+00 4.184706271373045960e-01
1.473513807615230320e+00 4.176191228639257735e-01
1.474411623246492997e+00 4.183039597017764732e-01
1.475309438877755452e+00 4.185379802838962160e-01
1.476207254509017908e+00 4.181994832472246126e-01
1.477105070140280585e+00 4.185762621693552288e-01
1.478002885771543040e+00 4.187232748638553548e-01
1.478900701402805495e+00 4.188838244463511939e-01
1.479798517034068173e+00 4.191114307347158507e-01
1.480696332665330628e+00 4.186863171483078405e-01
1.481594148296593083e+00 4.191865626886504548e-01
1.482491963927855760e+00 4.198323835875797938e-01
1.483389779559118216e+00 4.199717783034872531e-01
1.484287595190380671e+00 4.207858594566773469e-01
1.485185410821643348e+00 4.224336910670109524e-01
1.486083226452905803e+00 4.238912000354799203e-01
1.486981042084168259e+00 4.234267968738336663e-01
1.487878857715430936e+00 4.243421583134266983e-01
1.488776673346693391e+00 4.248137172407142059e-01
1.489674488977955846e+00 4.253489539346002046e-01
1.490572304609218524e+00 4.260158964561845396e-01
1.491470120240480979e+00 4.274397406024707524e-01
1.492367935871743434e+00 4.282401900841238396e-01
1.493265751503006111e+00 4.286155156050729942e-01
1.494163567134268567e+00 4.291091911611969456e-01
1.495061382765531022e+00 4.301566555583082874e-01
1.495959198396793477e+00 4.312635761553967884e-01
1.496857014028056154e+00 4.322206503474816941e-01
1.497754829659318609e+00 4.320309886506844554e-01
1.498652645290581065e+00 4.329477877890572923e-01
1.499550460921843742e+00 4.350073364382878172e-01
1.500448276553106197e+00 4.359558677538672988e-01
1.501346092184368652e+00 4.361358591110147120e-01
1.502243907815631330e+00 4.362833064705795572e-01
1.503141723446893785e+00 4.370266213724903204e-01
1.504039539078156240e+00 4.381791847501114723e-01
1.504937354709418695e+00 4.385375944500770617e-01
1.505835170340681373e+00 4.392128077719378854e-01
1.506732985971943828e+00 4.406181681214808021e-01
1.507630801603206283e+00 4.407279049934542670e-01
1.508528617234468960e+00 4.416950919976457279e-01
1.509426432865731416e+00 4.427603673499860837e-01
1.510324248496993871e+00 4.435121021865354729e-01
1.511222064128256548e+00 4.438199224871935411e-01
1.512119879759519003e+00 4.440501910035972721e-01
1.513017695390781459e+00 4.451701307491886528e-01
1.513915511022044136e+00 4.454689209958347385e-01
1.514813326653306591e+00 4.445596222893437588e-01
1.515711142284569046e+00 4.453008405275826753e-01
1.516608957915831724e+00 4.455040949599808897e-01
1.517506773547094179e+00 4.465413386255397410e-01
1.518404589178356634e+00 4.458731758079911844e-01
1.519302404809619311e+00 4.459571210177802891e-01
1.520200220440881766e+00 4.461542553667491862e-01
1.521098036072144222e+00 4.454237843370046912e-01
1.521995851703406899e+00 4.453521377320780461e-01
1.522893667334669354e+00 4.469106116711970555e-01
1.523791482965931809e+00 4.454228554567625231e-01
1.524689298597194487e+00 4.444882476447369335e-01
1.525587114228456942e+00 4.449490032694157216e-01
1.526484929859719397e+00 4.452488722778067398e-01
1.527382745490981852e+00 4.451969810625116541e-01
1.528280561122244530e+00 4.446766322596114041e-01
1.529178376753506985e+00 4.437314090575563141e-01
1.530076192384769440e+00 4.432112633138313162e-01
1.530974008016032117e+00 4.440435506541565158e-01
1.531871823647294573e+00 4.432986219604582168e-01
1.532769639278557028e+00 4.429241224304498736e-01
1.533667454909819483e+00 4.418003390532757590e-01
1.534565270541082160e+00 4.420990713224288160e-01
1.535463086172344616e+00 4.422056605086274739e-01
1.536360901803607071e+00 4.416886706537836993e-01
1.537258717434869748e+00 4.418454235267290087e-01
1.538156533066132203e+00 4.421219223512160568e-01
1.539054348697394659e+00 4.412798058190175454e-01
1.539952164328657336e+00 4.404992169236394695e-01
1.540849979959919791e+00 4.403418974394670560e-01
1.541747795591182246e+00 4.403464555372337275e-01
1.542645611222444924e+00 4.401241519013436299e-01
1.543543426853707379e+00 4.404542909083882241e-01
1.544441242484969834e+00 4.399119157890283849e-01
1.545339058116232511e+00 4.395883226755722961e-01
1.546236873747494966e+00 4.396228018524812042e-01
1.547134689378757422e+00 4.396392288651996272e-01
1.548032505010020099e+00 4.394621882246456668e-01
1.548930320641282554e+00 4.404489528946646804e-01
1.549828136272545009e+00 4.384005210950258635e-01
1.550725951903807687e+00 4.392471998644700282e-01
1.551623767535070142e+00 4.376320208337980411e-01
1.552521583166332597e+00 4.382341940503889366e-01
1.553419398797595274e+00 4.377685134319934668e-01
1.554317214428857730e+00 4.377482064227896097e-01
1.555215030060120185e+00 4.373277070693674662e-01
1.556112845691382862e+00 4.359240453617536093e-01
1.557010661322645317e+00 4.352841490286062931e-01
1.557908476953907773e+00 4.351124304380077912e-01
1.558806292585170450e+00 4.351057637648974574e-01
1.559704108216432905e+00 4.351049168915691601e-01
1.560601923847695360e+00 4.344662967562499256e-01
1.561499739478957816e+00 4.348780972938052769e-01
1.562397555110220493e+00 4.338061926958703407e-01
1.563295370741482948e+00 4.335213880479017456e-01
1.564193186372745403e+00 4.340998864940735502e-01
1.565091002004007859e+00 4.338864485605010701e-01
1.565988817635270536e+00 4.342139720953770432e-01
1.566886633266532991e+00 4.349718179653487282e-01
1.567784448897795446e+00 4.350228844418228547e-01
1.568682264529058124e+00 4.354006106370018059e-01
1.569580080160320579e+00 4.358516467390381455e-01
1.570477895791583034e+00 4.361114025639553637e-01
1.571375711422845711e+00 4.368323953316573527e-01
1.572273527054108166e+00 4.384824868563837463e-01
1.573171342685370622e+00 4.393875869123251565e-01
1.574069158316633299e+00 4.394086836232209969e-01
1.574966973947895754e+00 4.409098621430799780e-01
1.575864789579158209e+00 4.407408047216067604e-01
1.576762605210420887e+00 4.428620408580760670e-01
1.577660420841683342e+00 4.435739574876393365e-01
1.578558236472945797e+00 4.435266549957030957e-01
1.579456052104208474e+00 4.447565558657301521e-01
1.580353867735470930e+00 4.461306650064284507e-01
1.581251683366733385e+00 4.468986963093976583e-01
1.582149498997996062e+00 4.475024949130693153e-01
1.583047314629258517e+00 4.485772692435160969e-01
1.583945130260520973e+00 4.499338793989923202e-01
1.584842945891783650e+00 4.511601354625009441e-01
1.585740761523046105e+00 4.515178175502569391e-01
1.586638577154308560e+00 4.505162854779771742e-01
1.587536392785571238e+00 4.516857729175243197e-01
1.588434208416833693e+00 4.517307613022584212e-01
1.589332024048096148e+00 4.521590945916732496e-01
1.590229839679358825e+00 4.526905547692674503e-01
1.591127655310621281e+00 4.530629943024333528e-01
1.592025470941883736e+00 4.539864184261317437e-01
1.592923286573146191e+00 4.542960035255638740e-01
1.593821102204408868e+00 4.539772660031075047e-01
1.594718917835671324e+00 4.534341293861491318e-01
1.595616733466933779e+00 4.536637418668433286e-01
1.596514549098196456e+00 4.550575914650336062e-01
1.597412364729458911e+00 4.553064615120093750e-01
1.598310180360721366e+00 4.551869748463681642e-01
1.599207995991983822e+00 4.545108751328825192e-01
1.600105811623246499e+00 4.543867146401154300e-01
1.601003627254508954e+00 4.560298979232564331e-01
1.601901442885771409e+00 4.552303386130261420e-01
1.602799258517034087e+00 4.552934617469883150e-01
1.603697074148296542e+00 4.549464831173296031e-01
1.604594889779558997e+00 4.560183883669352012e-01
1.605492705410821674e+00 4.562396234992592281e-01
1.606390521042084130e+00 4.563040011279585473e-01
1.607288336673346585e+00 4.561703779469937214e-01
1.608186152304609262e+00 4.558228285300040539e-01
1.609083967935871717e+00 4.557286946420630036e-01
1.609981783567134173e+00 4.560693946582099478e-01
1.610879599198396850e+00 4.560765980320457547e-01
1.611777414829659305e+00 4.563609334541853246e-01
1.612675230460921760e+00 4.552530865666100102e-01
1.613573046092184438e+00 4.559675765403111702e-01
1.614470861723446893e+00 4.562839089577415130e-01
1.615368677354709348e+00 4.567044723945617446e-01
1.616266492985972025e+00 4.569242692779540427e-01
1.617164308617234481e+00 4.574151339268276439e-01
1.618062124248496936e+00 4.572534865488658284e-01
1.618959939879759613e+00 4.552104028434202365e-01
1.619857755511022068e+00 4.563718214108615778e-01
1.620755571142284523e+00 4.544314702813554430e-01
1.621653386773547201e+00 4.559225780007833406e-01
1.622551202404809656e+00 4.548554295948727955e-01
1.623449018036072111e+00 4.545145456954924335e-01
1.624346833667334788e+00 4.542275554290045037e-01
1.625244649298597244e+00 4.537095388002522212e-01
1.626142464929859699e+00 4.529499530393923945e-01
1.627040280561122154e+00 4.524616649861601392e-01
1.627938096192384831e+00 4.533275694346288742e-01
1.628835911823647287e+00 4.525002444912549771e-01
1.629733727454909742e+00 4.512928802834260678e-01
1.630631543086172197e+00 4.514384296127709195e-01
1.631529358717434874e+00 4.517292838096206298e-01
1.632427174348697330e+00 4.522680311440110956e-01
1.633324989979959785e+00 4.519864755664637079e-01
1.634222805611222462e+00 4.516765149855075934e-01
1.635120621242484917e+00 4.523545068218193799e-01
1.636018436873747373e+00 4.532387015584447010e-01
1.636916252505010050e+00 4.530909418572457437e-01
1.637814068136272505e+00 4.536639877245202124e-01
1.638711883767534960e+00 4.534080059455438683e-01
1.639609699398797638e+00 4.545288078169843482e-01
1.640507515030060093e+00 4.540703017363090233e-01
1.641405330661322548e+00 4.543980441419223637e-01
1.642303146292585225e+00 4.546955736274609916e-01
1.643200961923847681e+00 4.549665191150547572e-01
1.644098777555110136e+00 4.545284463628426752e-01
1.644996593186372813e+00 4.530957027382299107e-01
1.645894408817635268e+00 4.556505783687253563e-01
1.646792224448897723e+00 4.553270428939236170e-01
1.647690040080160401e+00 4.569343228271735002e-01
1.648587855711422856e+00 4.564648653524425725e-01
1.649485671342685311e+00 4.568781498279885778e-01
1.650383486973947988e+00 4.577660998105988477e-01
1.651281302605210444e+00 4.583363133504622655e-01
1.652179118236472899e+00 4.593197780991141732e-01
1.653076933867735576e+00 4.607758699669772251e-01
1.653974749498998031e+00 4.610788170549904863e-01
1.654872565130260487e+00 4.607738545691028031e-01
1.655770380761523164e+00 4.585147972093708280e-01
1.656668196392785619e+00 4.572583620110480251e-01
1.657566012024048074e+00 4.544357443472658020e-01
1.658463827655310530e+00 4.490763955902234983e-01
1.659361643286573207e+00 4.410579356153576103e-01
1.660259458917835662e+00 4.314628276452011080e-01
1.661157274549098117e+00 4.189699220010100200e-01
1.662055090180360573e+00 4.027870410396416356e-01
1.662952905811623250e+00 3.841776739950543140e-01
1.663850721442885705e+00 3.610552608780017714e-01
1.664748537074148160e+00 3.378799397652115788e-01
1.665646352705410838e+00 3.130967073046208027e-01
1.666544168336673293e+00 2.863589923109042812e-01
1.667441983967935748e+00 2.604659902339641619e-01
1.668339799599198425e+00 2.342072029703201053e-01
1.669237615230460881e+00 2.079432290337803191e-01
1.670135430861723336e+00 1.835888010786080604e-01
1.671033246492986013e+00 1.616196887963585738e-01
1.671931062124248468e+00 1.405723561955739276e-01
1.672828877755510923e+00 1.221990561044696000e-01
1.673726693386773601e+00 1.059868527724690673e-01
1.674624509018036056e+00 9.266289671121664961e-02
1.675522324649298511e+00 8.192331410383466017e-02
1.676420140280561188e+00 7.237910890811023734e-02
1.677317955911823644e+00 6.433673580834761707e-02
1.678215771543086099e+00 5.717428883407415369e-02
1.679113587174348776e+00 5.056047967938015475e-02
1.680011402805611231e+00 4.503867801836727858e-02
1.680909218436873687e+00 4.017973462287278280e-02
1.681807034068136364e+00 3.639085951854976325e-02
1.682704849699398819e+00 3.237529298225341745e-02
1.683602665330661274e+00 2.919746863914058840e-02
1.684500480961923952e+00 2.597639926436223420e-02
1.685398296593186407e+00 2.271007900814275837e-02
1.686296112224448862e+00 1.966512413999194422e-02
1.687193927855711539e+00 1.693543548898142001e-02
1.688091743486973995e+00 1.448029220653117635e-02
1.688989559118236450e+00 1.233092206016738086e-02
1.689887374749498905e+00 1.057777042723204858e-02
1.690785190380761582e+00 9.047009697137694748e-03
1.691683006012024038e+00 7.778386729548086853e-03
1.692580821643286493e+00 6.647501701231292755e-03
1.693478637274548948e+00 5.719897288375941011e-03
1.694376452905811625e+00 4.924660305987170472e-03
1.695274268537074080e+00 4.228096357758668808e-03
1.696172084168336536e+00 3.642449354111073224e-03
1.697069899799599213e+00 3.155809616931487104e-03
1.697967715430861668e+00 2.721543918745329693e-03
1.698865531062124123e+00 2.358483136607047916e-03
1.699763346693386801e+00 2.053146033004272543e-03
1.700661162324649256e+00 1.798306939690434356e-03
1.701558977955911711e+00 1.567856731344138095e-03
1.702456793587174388e+00 1.372917075941779098e-03
1.703354609218436844e+00 1.206140553371292008e-03
1.704252424849699299e+00 1.059803083274056491e-03
1.705150240480961976e+00 9.333413914741083050e-04
1.706048056112224431e+00 8.266578425067856468e-04
1.706945871743486887e+00 7.317427401947123418e-04
1.707843687374749564e+00 6.476614599085829017e-04
1.708741503006012019e+00 5.755130385763977631e-04
1.709639318637274474e+00 5.138260426624501748e-04
1.710537134268537152e+00 4.584393750284817323e-04
1.711434949899799607e+00 4.094798176974384337e-04
1.712332765531062062e+00 3.676424971589642801e-04
1.713230581162324739e+00 3.295754320160014517e-04
1.714128396793587195e+00 2.953721964639662067e-04
1.715026212424849650e+00 2.672153700936007940e-04
1.715924028056112327e+00 2.409670249364644589e-04
1.716821843687374782e+00 2.183436638168756471e-04
1.717719659318637238e+00 1.971763894985033262e-04
1.718617474949899915e+00 1.795248018802465817e-04
1.719515290581162370e+00 1.635895608381582854e-04
1.720413106212424825e+00 1.492451062194263735e-04
1.721310921843687280e+00 1.366703427369573361e-04
1.722208737474949958e+00 1.247930196438579338e-04
1.723106553106212413e+00 1.137583079349979394e-04
1.724004368737474868e+00 1.046998379212634296e-04
1.724902184368737323e+00 9.597314986012428029e-05
1.725800000000000001e+00 8.860479943387704154e-05
