7.825400000000000134e-01 8.088103861633429235e-05
7.830470541082164004e-01 1.075554011939544916e-04
7.835541082164328985e-01 1.346762980284830190e-04
7.840611623246492856e-01 1.841219491507494594e-04
7.845682164328657837e-01 2.359286429662723684e-04
7.850752705410821708e-01 3.466141176018612720e-04
7.855823246492985579e-01 4.670984880657410806e-04
7.860893787575150560e-01 7.330540848545814966e-04
7.865964328657314431e-01 1.032431071558693103e-03
7.871034869739479412e-01 1.656887906853254282e-03
7.876105410821643282e-01 2.386402729670950972e-03
7.881175951903808263e-01 3.894226776090483743e-03
7.886246492985972134e-01 5.698335261740317473e-03
7.891317034068136005e-01 9.219839354156615999e-03
7.896387575150300986e-01 1.330084292195637084e-02
7.901458116232464857e-01 2.003248385622455330e-02
7.906528657314629838e-01 2.766252132573325875e-02
7.911599198396793708e-01 3.878466749569945554e-02
7.916669739478957579e-01 5.081858112227306129e-02
7.921740280561122560e-01 6.600016706778358277e-02
7.926810821643286431e-01 8.200712387219764865e-02
7.931881362725451412e-01 1.004017910837583794e-01
7.936951903807615283e-01 1.187539887046706183e-01
7.942022444889780264e-01 1.368898693334349159e-01
7.947092985971944135e-01 1.545734097846809818e-01
7.952163527054108005e-01 1.708664997164137112e-01
7.957234068136272986e-01 1.862454043690452421e-01
7.962304609218436857e-01 1.998940849810575682e-01
7.967375150300601838e-01 2.121892975590971286e-01
7.972445691382765709e-01 2.222606085547698673e-01
7.977516232464929580e-01 2.312447673820853533e-01
7.982586773547094561e-01 2.384281904776865968e-01
7.987657314629258432e-01 2.444629541880745938e-01
7.992727855711423413e-01 2.490317822700650052e-01
7.997798396793587283e-01 2.529801915416445279e-01
8.002868937875751154e-01 2.561768733493111627e-01
8.007939478957916135e-01 2.585968167003778739e-01
8.013010020040080006e-01 2.601660707929773220e-01
8.018080561122244987e-01 2.612123534619711918e-01
8.023151102204408858e-01 2.618856811966685516e-01
8.028221643286573839e-01 2.625379429601512604e-01
8.033292184368737709e-01 2.631382712554866110e-01
8.038362725450901580e-01 2.636899423023654210e-01
8.043433266533066561e-01 2.644558288849929717e-01
8.048503807615230432e-01 2.648350843082013517e-01
8.053574348697395413e-01 2.651402790873995663e-01
8.058644889779559284e-01 2.648549186232015962e-01
8.063715430861723155e-01 2.639196710528186052e-01
8.068785971943888136e-01 2.622434131985174610e-01
8.073856513026052006e-01 2.601020239336749862e-01
8.078927054108216987e-01 2.577497456065694914e-01
8.083997595190380858e-01 2.552331212724727183e-01
8.089068136272544729e-01 2.532563369068863146e-01
8.094138677354709710e-01 2.516064370616748480e-01
8.099209218436873581e-01 2.510311933028004927e-01
8.104279759519038562e-01 2.506708074268931274e-01
8.109350300601202433e-01 2.512598054842948292e-01
8.114420841683367414e-01 2.521447273716264093e-01
8.119491382765531284e-01 2.535738727842777318e-01
8.124561923847695155e-01 2.551412288043602983e-01
8.129632464929860136e-01 2.562826403844085665e-01
8.134703006012024007e-01 2.573490022536625843e-01
8.139773547094188988e-01 2.585174201682499118e-01
8.144844088176352859e-01 2.596674621299613350e-01
8.149914629258516729e-01 2.595443106360477148e-01
8.154985170340681710e-01 2.592247668333071409e-01
8.160055711422845581e-01 2.591087539373029824e-01
8.165126252505010562e-01 2.590095379972413570e-01
8.170196793587174433e-01 2.598021531801589235e-01
8.175267334669338304e-01 2.606614877545260778e-01
8.180337875751503285e-01 2.627111628566771717e-01
8.185408416833667156e-01 2.649816775381682032e-01
8.190478957915832137e-01 2.673050921995437923e-01
8.195549498997996007e-01 2.694747905389102138e-01
8.200620040080160988e-01 2.724371419172982312e-01
8.205690581162324859e-01 2.753961435417496828e-01
8.210761122244488730e-01 2.776010743601265429e-01
8.215831663326653711e-01 2.796944679790644428e-01
8.220902204408817582e-01 2.806576651373762776e-01
8.225972745490982563e-01 2.817122372744454428e-01
8.231043286573146434e-01 2.821113566216369439e-01
8.236113827655310304e-01 2.822812941671742903e-01
8.241184368737475285e-01 2.818794287929134446e-01
8.246254909819639156e-01 2.812990893847290841e-01
8.251325450901804137e-01 2.796947455786142345e-01
8.256395991983968008e-01 2.781008691412580891e-01
8.261466533066132989e-01 2.765514628052505586e-01
8.266537074148296860e-01 2.751379439804812477e-01
8.271607615230460731e-01 2.743067313329302648e-01
8.276678156312625712e-01 2.737832622777106040e-01
8.281748697394789582e-01 2.737461531419349003e-01
8.286819238476954563e-01 2.736449097608421588e-01
8.291889779559118434e-01 2.740403696260444444e-01
8.296960320641282305e-01 2.744784723935160820e-01
8.302030861723447286e-01 2.748586021634836229e-01
8.307101402805611157e-01 2.753110814143133189e-01
8.312171943887776138e-01 2.757004093415094115e-01
8.317242484969940008e-01 2.758989437219080409e-01
8.322313026052103879e-01 2.756521557882303242e-01
8.327383567134268860e-01 2.751146517751053011e-01
8.332454108216432731e-01 2.742571126051638331e-01
8.337524649298597712e-01 2.733108236564641969e-01
8.342595190380761583e-01 2.723258804161869939e-01
8.347665731462926564e-01 2.719073316066812906e-01
8.352736272545090435e-01 2.720341420733065063e-01
8.357806813627254305e-01 2.722619360513368059e-01
8.362877354709419286e-01 2.727316136428372118e-01
8.367947895791583157e-01 2.734714539891342500e-01
8.373018436873748138e-01 2.744675034178947759e-01
8.378088977955912009e-01 2.755363021456662120e-01
8.383159519038075880e-01 2.768062972726454407e-01
8.388230060120240861e-01 2.780029562311829294e-01
8.393300601202404732e-01 2.789599237341234828e-01
8.398371142284569713e-01 2.798537263043998080e-01
8.403441683366733583e-01 2.807701781021677556e-01
8.408512224448898564e-01 2.816090768929426780e-01
8.413582765531062435e-01 2.825283348220759549e-01
8.418653306613226306e-01 2.834155698409805968e-01
8.423723847695391287e-01 2.842515290734953237e-01
8.428794388777555158e-01 2.850208092220234413e-01
8.433864929859720139e-01 2.854901169463054944e-01
8.438935470941884009e-01 2.859003247079056620e-01
8.444006012024047880e-01 2.864441455998298913e-01
8.449076553106212861e-01 2.865475851942456131e-01
8.454147094188376732e-01 2.867623084307503456e-01
8.459217635270541713e-01 2.871200508138596064e-01
8.464288176352705584e-01 2.871738625826841251e-01
8.469358717434869455e-01 2.866474153002879222e-01
8.474429258517034436e-01 2.859508728433902691e-01
8.479499799599198306e-01 2.856329129603221717e-01
8.484570340681363287e-01 2.854115938505004113e-01
8.489640881763527158e-01 2.857419086491831961e-01
8.494711422845691029e-01 2.865505384944650458e-01
8.499781963927856010e-01 2.873690184266424197e-01
8.504852505010019881e-01 2.877860647418851170e-01
8.509923046092184862e-01 2.886578368753054402e-01
8.514993587174348733e-01 2.894468985029961527e-01
8.520064128256513714e-01 2.891194232494250782e-01
8.525134669338677584e-01 2.890231206025972721e-01
8.530205210420841455e-01 2.887888521883234527e-01
8.535275751503006436e-01 2.885454365963191492e-01
8.540346292585170307e-01 2.883934445962770265e-01
8.545416833667335288e-01 2.880689243710811698e-01
8.550487374749499159e-01 2.871650875775049738e-01
8.555557915831664140e-01 2.862590871095475054e-01
8.560628456913828010e-01 2.861620928331474190e-01
8.565698997995991881e-01 2.862309969437283885e-01
8.570769539078156862e-01 2.863073726207274183e-01
8.575840080160320733e-01 2.864122014768213376e-01
8.580910621242485714e-01 2.869198563956619763e-01
8.585981162324649585e-01 2.870720615916321772e-01
8.591051703406813456e-01 2.866715338738577423e-01
8.596122244488978437e-01 2.866553403737453487e-01
8.601192785571142307e-01 2.873860369069977105e-01
8.606263326653307288e-01 2.878687203758739654e-01
8.611333867735471159e-01 2.879031190814081431e-01
8.616404408817635030e-01 2.879238782405960095e-01
8.621474949899800011e-01 2.872589397293722202e-01
8.626545490981963882e-01 2.866964699527770333e-01
8.631616032064128863e-01 2.864896439105729109e-01
8.636686573146292734e-01 2.864073064951568881e-01
8.641757114228456604e-01 2.871810159004191121e-01
8.646827655310621585e-01 2.878349320065717865e-01
8.651898196392785456e-01 2.883132374553958321e-01
8.656968737474950437e-01 2.894818724799136378e-01
8.662039278557114308e-01 2.915531109651560149e-01
8.667109819639279289e-01 2.928494393458465073e-01
8.672180360721443160e-01 2.932670800980070602e-01
8.677250901803607031e-01 2.936300988411938429e-01
8.682321442885772012e-01 2.938135076443362803e-01
8.687391983967935882e-01 2.943521453431151569e-01
8.692462525050100863e-01 2.952175771577031371e-01
8.697533066132264734e-01 2.961255963576106542e-01
8.702603607214429715e-01 2.973467534335154094e-01
8.707674148296593586e-01 2.978799237669171318e-01
8.712744689378757457e-01 2.973517542207244624e-01
8.717815230460922438e-01 2.976999734308748424e-01
8.722885771543086308e-01 2.989674592642706519e-01
8.727956312625251289e-01 2.996290602777173517e-01
8.733026853707415160e-01 2.997253642127906126e-01
8.738097394789579031e-01 2.998213738711613674e-01
8.743167935871744012e-01 2.999295908366372831e-01
8.748238476953907883e-01 2.991429289712594919e-01
8.753309018036072864e-01 2.975527356563252290e-01
8.758379559118236735e-01 2.966510422314195261e-01
8.763450100200400605e-01 2.964066788052099333e-01
8.768520641282565586e-01 2.970189273587882095e-01
8.773591182364729457e-01 2.981624249040090713e-01
8.778661723446894438e-01 2.982417261035554823e-01
8.783732264529058309e-01 2.975184345063929259e-01
8.788802805611222180e-01 2.961429259659138502e-01
8.793873346693387161e-01 2.944315201309644636e-01
8.798943887775551032e-01 2.947493166856203772e-01
8.804014428857716013e-01 2.961716594058530494e-01
8.809084969939879883e-01 2.959706401441957735e-01
8.814155511022043754e-01 2.947755523155848323e-01
8.819226052104208735e-01 2.944683873665826512e-01
8.824296593186372606e-01 2.946508216820676318e-01
8.829367134268537587e-01 2.942603938709391631e-01
8.834437675350701458e-01 2.938794602790369970e-01
8.839508216432866439e-01 2.941006742147374009e-01
8.844578757515030309e-01 2.944991427556008512e-01
8.849649298597195290e-01 2.922463445107080782e-01
8.854719839679359161e-01 2.892166362034605531e-01
8.859790380761523032e-01 2.871851223264966779e-01
8.864860921843688013e-01 2.854815671625220430e-01
8.869931462925851884e-01 2.874104940261733021e-01
8.875002004008016865e-01 2.896876112522858704e-01
8.880072545090180736e-01 2.925485171972895815e-01
8.885143086172344606e-01 2.956216280099587257e-01
8.890213627254509587e-01 2.947870896881720215e-01
8.895284168336673458e-01 2.936031388075733828e-01
8.900354709418838439e-01 2.938482799032105519e-01
8.905425250501002310e-01 2.944374717765981808e-01
8.910495791583166181e-01 2.978809426239387714e-01
8.915566332665331162e-01 3.011077679645621785e-01
8.920636873747495033e-01 3.023188573093494314e-01
8.925707414829660014e-01 3.034500325117815422e-01
8.930777955911823884e-01 3.039006345155918498e-01
8.935848496993987755e-01 3.044871164369071237e-01
8.940919038076152736e-01 3.051413643276099097e-01
8.945989579158316607e-01 3.055648616168754605e-01
8.951060120240481588e-01 3.057636748978027064e-01
8.956130661322645459e-01 3.058135078523441797e-01
8.961201202404809329e-01 3.051137628663632695e-01
8.966271743486974310e-01 3.044592052464444309e-01
8.971342284569138181e-01 3.040683148539085057e-01
8.976412825651303162e-01 3.035708097784456938e-01
8.981483366733467033e-01 3.029146833411893724e-01
8.986553907815632014e-01 3.025741248721472987e-01
8.991624448897795885e-01 3.020133184561724082e-01
8.996694989979959756e-01 3.013428181027300590e-01
9.001765531062124737e-01 3.006989675822978048e-01
9.006836072144288607e-01 2.999362516932050360e-01
9.011906613226453588e-01 2.989000792683552676e-01
9.016977154308617459e-01 2.979781879783544585e-01
9.022047695390782440e-01 2.974643223715544571e-01
9.027118236472946311e-01 2.968318466033227354e-01
9.032188777555110182e-01 2.956383698796200554e-01
9.037259318637275163e-01 2.944890842222191996e-01
9.042329859719439034e-01 2.936446192240447228e-01
9.047400400801604015e-01 2.932060037096977378e-01
9.052470941883767885e-01 2.935303656578763243e-01
9.057541482965931756e-01 2.935272044573697947e-01
9.062612024048096737e-01 2.928313200874851918e-01
9.067682565130260608e-01 2.921197249942496521e-01
9.072753106212425589e-01 2.914935374635840293e-01
9.077823647294589460e-01 2.914898522524050906e-01
9.082894188376753331e-01 2.923327435073356795e-01
9.087964729458918312e-01 2.931173370466828021e-01
9.093035270541082182e-01 2.936372046014082970e-01
9.098105811623247163e-01 2.944580513486254603e-01
9.103176352705411034e-01 2.956479992471163221e-01
9.108246893787574905e-01 2.967105771983002960e-01
9.113317434869739886e-01 2.976586467835983241e-01
9.118387975951903757e-01 2.987802614533758838e-01
9.123458517034068738e-01 3.000320042770555640e-01
9.128529058116232608e-01 3.016386177018225978e-01
9.133599599198396479e-01 3.034831430098121063e-01
9.138670140280561460e-01 3.048842218548757366e-01
9.143740681362726441e-01 3.060171371897175696e-01
9.148811222444890312e-01 3.073635493686748266e-01
9.153881763527054183e-01 3.088204431982762843e-01
9.158952304609219164e-01 3.107882487085869005e-01
9.164022845691383035e-01 3.129907638242830914e-01
9.169093386773548016e-01 3.140625666566511653e-01
9.174163927855711886e-01 3.146631659520539026e-01
9.179234468937875757e-01 3.157799662847573519e-01
9.184305010020040738e-01 3.172208734508633610e-01
9.189375551102204609e-01 3.179159802232416343e-01
9.194446092184369590e-01 3.182019689178297583e-01
9.199516633266533461e-01 3.181653116025063288e-01
9.204587174348697332e-01 3.180177690772239552e-01
9.209657715430862313e-01 3.182942532490928844e-01
9.214728256513026183e-01 3.186263505648366245e-01
9.219798797595191164e-01 3.182959402065543841e-01
9.224869338677355035e-01 3.177913461127515049e-01
9.229939879759518906e-01 3.172978838824487835e-01
9.235010420841683887e-01 3.167371253418044819e-01
9.240080961923847758e-01 3.153389147425516570e-01
9.245151503006012739e-01 3.138106684891204257e-01
9.250222044088176609e-01 3.131930436405243601e-01
9.255292585170340480e-01 3.127127926360146470e-01
9.260363126252505461e-01 3.118625934857000570e-01
9.265433667334669332e-01 3.110069492101039668e-01
9.270504208416834313e-01 3.099527663996589633e-01
9.275574749498998184e-01 3.092578116855299042e-01
9.280645290581162055e-01 3.086962476494348184e-01
9.285715831663327036e-01 3.082056958283870829e-01
9.290786372745492017e-01 3.082948193800005288e-01
9.295856913827655887e-01 3.083356308434617721e-01
9.300927454909819758e-01 3.081582360510686791e-01
9.305997995991983629e-01 3.079577829513269749e-01
9.311068537074148610e-01 3.081051835842623654e-01
9.316139078156313591e-01 3.083438762836512859e-01
9.321209619238477462e-01 3.084521665283053160e-01
9.326280160320641333e-01 3.082214443724812236e-01
9.331350701402806314e-01 3.079014673015614822e-01
9.336421242484970184e-01 3.077538764830139439e-01
9.341491783567135165e-01 3.078024011675697946e-01
9.346562324649299036e-01 3.077936274261889316e-01
9.351632865731462907e-01 3.076346673163444234e-01
9.356703406813627888e-01 3.074898536532172377e-01
9.361773947895791759e-01 3.073778593935448944e-01
9.366844488977956740e-01 3.071886331386646796e-01
9.371915030060120611e-01 3.072049787878896043e-01
9.376985571142284481e-01 3.070934321835468994e-01
9.382056112224449462e-01 3.068179918518251781e-01
9.387126653306613333e-01 3.068402626183392989e-01
9.392197194388778314e-01 3.073025826704411934e-01
9.397267735470942185e-01 3.079095804910280121e-01
9.402338276553106056e-01 3.088608476888461962e-01
9.407408817635271037e-01 3.096591528855801578e-01
9.412479358717434907e-01 3.102433330415869106e-01
9.417549899799599888e-01 3.110651257576457218e-01
9.422620440881763759e-01 3.120778030683223903e-01
9.427690981963927630e-01 3.128439059674047451e-01
9.432761523046092611e-01 3.134401617755991354e-01
9.437832064128256482e-01 3.142979913707912298e-01
9.442902605210421463e-01 3.152956632470092502e-01
9.447973146292585334e-01 3.160051613759532474e-01
9.453043687374749204e-01 3.163599512281374260e-01
9.458114228456914185e-01 3.167133145129200078e-01
9.463184769539079166e-01 3.170954405508185081e-01
9.468255310621243037e-01 3.169948433750007233e-01
9.473325851703406908e-01 3.165573869520443284e-01
9.478396392785571889e-01 3.162173771281868162e-01
9.483466933867735760e-01 3.159152064249295400e-01
9.488537474949900741e-01 3.156742029381624515e-01
9.493608016032064612e-01 3.156749600174480475e-01
9.498678557114228482e-01 3.154776208914056856e-01
9.503749098196393463e-01 3.150630523041968445e-01
9.508819639278557334e-01 3.151638663806515805e-01
9.513890180360722315e-01 3.154863756976505340e-01
9.518960721442886186e-01 3.148016666291538757e-01
9.524031262525050057e-01 3.134343093476429920e-01
9.529101803607215038e-01 3.128264960970878472e-01
9.534172344689378908e-01 3.124910474582511255e-01
9.539242885771543889e-01 3.117610715297476909e-01
9.544313426853707760e-01 3.110065691413355649e-01
9.549383967935871631e-01 3.106913048252339937e-01
9.554454509018036612e-01 3.104496819204200508e-01
9.559525050100200483e-01 3.100618264512843836e-01
9.564595591182365464e-01 3.096695212175635814e-01
9.569666132264529335e-01 3.092029552510312529e-01
9.574736673346693205e-01 3.088796889733627093e-01
9.579807214428858186e-01 3.091573255875817439e-01
9.584877755511022057e-01 3.098359626809265022e-01
9.589948296593187038e-01 3.102169981477385652e-01
9.595018837675350909e-01 3.099788437533622099e-01
9.600089378757514780e-01 3.098842490326114141e-01
9.605159919839679761e-01 3.101609156563757685e-01
9.610230460921844742e-01 3.107206586390591219e-01
9.615301002004008613e-01 3.112460339802636256e-01
9.620371543086172483e-01 3.122094167597113112e-01
9.625442084168337464e-01 3.131491872418887823e-01
9.630512625250501335e-01 3.141613375229894700e-01
9.635583166332666316e-01 3.151475049145385787e-01
9.640653707414830187e-01 3.162903456802939051e-01
9.645724248496994058e-01 3.173974065849166637e-01
9.650794789579159039e-01 3.180954343649525229e-01
9.655865330661322909e-01 3.186022805703100369e-01
9.660935871743487890e-01 3.190219769335514988e-01
9.666006412825651761e-01 3.194434474218278974e-01
9.671076953907815632e-01 3.199057009898106374e-01
9.676147494989980613e-01 3.205252046507228725e-01
9.681218036072144484e-01 3.209790371815070542e-01
9.686288577154309465e-01 3.214753279904836725e-01
9.691359118236473336e-01 3.220989437576488590e-01
9.696429659318637206e-01 3.225460316317420029e-01
9.701500200400802187e-01 3.221315598704970196e-01
9.706570741482966058e-01 3.218284233594745913e-01
9.711641282565131039e-01 3.218246567670433600e-01
9.716711823647294910e-01 3.217710089043152033e-01
9.721782364729458781e-01 3.216271455375722121e-01
9.726852905811623762e-01 3.214826807803959907e-01
9.731923446893787633e-01 3.212772507720670911e-01
9.736993987975952614e-01 3.208245817649080789e-01
9.742064529058116484e-01 3.197923213623974359e-01
9.747135070140280355e-01 3.192336703931918929e-01
9.752205611222445336e-01 3.196864473311618604e-01
9.757276152304610317e-01 3.195851614105653105e-01
9.762346693386774188e-01 3.183715815348703293e-01
9.767417234468938059e-01 3.172484431041184272e-01
9.772487775551101929e-01 3.165757461253591587e-01
9.777558316633266911e-01 3.159443919175665139e-01
9.782628857715431892e-01 3.151160770931876187e-01
9.787699398797595762e-01 3.141828277044356188e-01
9.792769939879759633e-01 3.133636462566667946e-01
9.797840480961924614e-01 3.124996724291276284e-01
9.802911022044088485e-01 3.114647285046432956e-01
9.807981563126253466e-01 3.111753313671432597e-01
9.813052104208417337e-01 3.116859380697007409e-01
9.818122645290581207e-01 3.120567745401235937e-01
9.823193186372746188e-01 3.123115070068982480e-01
9.828263727454910059e-01 3.128187742000991811e-01
9.833334268537075040e-01 3.135542961189432543e-01
9.838404809619238911e-01 3.144463212107326822e-01
9.843475350701402782e-01 3.154725818586563979e-01
9.848545891783567763e-01 3.168690444566000797e-01
9.853616432865731634e-01 3.185002471796788970e-01
9.858686973947896615e-01 3.195558806524440576e-01
9.863757515030060485e-01 3.203087735416689230e-01
9.868828056112224356e-01 3.213514431780029601e-01
9.873898597194389337e-01 3.225384227814065419e-01
9.878969138276553208e-01 3.233472418903662882e-01
9.884039679358718189e-01 3.239709112931263291e-01
9.889110220440882060e-01 3.244859015610371267e-01
9.894180761523045931e-01 3.249418865218460239e-01
9.899251302605210912e-01 3.251032185701355770e-01
9.904321843687374782e-01 3.251392744537365265e-01
9.909392384769539763e-01 3.248316043863165303e-01
9.914462925851703634e-01 3.244092261907632890e-01
9.919533466933867505e-01 3.242438957503023245e-01
9.924604008016032486e-01 3.241414712536067610e-01
9.929674549098197467e-01 3.234617908481894344e-01
9.934745090180361338e-01 3.226624581877795550e-01
9.939815631262525208e-01 3.219906333300689982e-01
9.944886172344690189e-01 3.211438757504728736e-01
9.949956713426854060e-01 3.211194517442790830e-01
9.955027254509019041e-01 3.214271419511358086e-01
9.960097795591182912e-01 3.209678845927331770e-01
9.965168336673346783e-01 3.204308607659488439e-01
9.970238877755511764e-01 3.199488653556972761e-01
9.975309418837675635e-01 3.194663487437475746e-01
9.980379959919840616e-01 3.179620854901884508e-01
9.985450501002004486e-01 3.165687825596162353e-01
9.990521042084168357e-01 3.141270817265889304e-01
9.995591583166333338e-01 3.114499025695640078e-01
1.000066212424849832e+00 3.057737048780593270e-01
1.000573266533066219e+00 2.999097333769998319e-01
1.001080320641282606e+00 2.905039851165283626e-01
1.001587374749498993e+00 2.807222868932116588e-01
1.002094428857715380e+00 2.662904485160896839e-01
1.002601482965931989e+00 2.514284231267712721e-01
1.003108537074148376e+00 2.327766473408428571e-01
1.003615591182364764e+00 2.141312170928004188e-01
1.004122645290581151e+00 1.955397822668383800e-01
1.004629699398797538e+00 1.771498370089217012e-01
1.005136753507014147e+00 1.598563657066365551e-01
1.005643807615230534e+00 1.433516725689616966e-01
1.006150861723446921e+00 1.303123485841519991e-01
1.006657915831663308e+00 1.174798602851893081e-01
1.007164969939879917e+00 1.056476529492157562e-01
1.007672024048096304e+00 9.469001087271287920e-02
1.008179078156312691e+00 8.633267568167729555e-02
1.008686132264529078e+00 7.818621339722438279e-02
1.009193186372745465e+00 7.061627860603793272e-02
1.009700240480961853e+00 6.383868050279681294e-02
1.010207294589178462e+00 5.893896737160764926e-02
1.010714348697394849e+00 5.414160953690483336e-02
1.011221402805611236e+00 4.957879171179696565e-02
1.011728456913827623e+00 4.558207605958951303e-02
1.012235511022044232e+00 4.254415501948679429e-02
1.012742565130260619e+00 3.945592775001426772e-02
1.013249619238477006e+00 3.633407268055414280e-02
1.013756673346693393e+00 3.364319061028513136e-02
1.014263727454909780e+00 3.157965813508252506e-02
1.014770781563126389e+00 2.943062663126176648e-02
1.015277835671342777e+00 2.717160381253802201e-02
1.015784889779559164e+00 2.524133821144816311e-02
1.016291943887775551e+00 2.369252738355266327e-02
1.016798997995991938e+00 2.203336398994761372e-02
1.017306052104208547e+00 2.026026141147748219e-02
1.017813106212424934e+00 1.858938259873058399e-02
1.018320160320641321e+00 1.702073088495647396e-02
1.018827214428857708e+00 1.542941660336508147e-02
1.019334268537074095e+00 1.380915005164854922e-02
1.019841322645290704e+00 1.225333651518179315e-02
1.020348376753507091e+00 1.074778926805525225e-02
1.020855430861723478e+00 9.364423921882199242e-03
1.021362484969939866e+00 8.065228308159873294e-03
1.021869539078156475e+00 6.911447059296364076e-03
1.022376593186372862e+00 5.838316929516849420e-03
1.022883647294589249e+00 4.999443556318115822e-03
1.023390701402805636e+00 4.284955194685489098e-03
1.023897755511022023e+00 3.642131798600358860e-03
1.024404809619238410e+00 3.029584820590914326e-03
1.024911863727455019e+00 2.554883410897717741e-03
1.025418917835671406e+00 2.136567820458367285e-03
1.025925971943887793e+00 1.800908240787804995e-03
1.026433026052104180e+00 1.493038778969852298e-03
1.026940080160320790e+00 1.265964871896993905e-03
1.027447134268537177e+00 1.063184336620273110e-03
1.027954188376753564e+00 9.090702419001540913e-04
1.028461242484969951e+00 7.678259009488133582e-04
1.028968296593186338e+00 6.545800458112657890e-04
1.029475350701402947e+00 5.467764387922379073e-04
1.029982404809619334e+00 4.779201533140406129e-04
1.030489458917835721e+00 4.157443542540579010e-04
1.030996513026052108e+00 3.607841085171052480e-04
1.031503567134268495e+00 3.069288971099632876e-04
1.032010621242485104e+00 2.684292777816275487e-04
1.032517675350701492e+00 2.313816071475492903e-04
1.033024729458917879e+00 2.027487271698647593e-04
1.033531783567134266e+00 1.745085043568726487e-04
1.034038837675350653e+00 1.544754133076106032e-04
1.034545891783567262e+00 1.347236390678459013e-04
1.035052945891783649e+00 1.187612766654941543e-04
1.035560000000000036e+00 1.029141265114323904e-04
