1.929599899999999923e+00 7.377619045374149375e-08
1.930275251102204326e+00 7.749574408552923690e-08
1.930950602204408728e+00 8.275759324049304696e-08
1.931625953306613130e+00 8.950678178449117942e-08
1.932301304408817533e+00 9.740171490278870151e-08
1.932976655511021935e+00 1.055062968880411014e-07
1.933652006613226337e+00 1.140376108072112747e-07
1.934327357715430740e+00 1.257929589949176207e-07
1.935002708817635142e+00 1.359395464371471719e-07
1.935678059919839544e+00 1.454910570728110950e-07
1.936353411022043947e+00 1.589202786673861519e-07
1.937028762124248349e+00 1.730635411331626284e-07
1.937704113226452751e+00 1.877549821687294035e-07
1.938379464328657154e+00 2.030699479501240014e-07
1.939054815430861556e+00 2.195244414357017697e-07
1.939730166533065958e+00 2.374098652936412490e-07
1.940405517635270360e+00 2.587593926755181858e-07
1.941080868737474763e+00 2.860018676216121646e-07
1.941756219839679165e+00 3.135868771088426134e-07
1.942431570941883789e+00 3.333344078447989305e-07
1.943106922044088192e+00 3.649930343636832133e-07
1.943782273146292594e+00 3.999041266389010298e-07
1.944457624248496996e+00 4.328249069808658894e-07
1.945132975350701399e+00 4.737152546670409063e-07
1.945808326452905801e+00 5.168405269234561939e-07
1.946483677555110203e+00 5.590788585115640008e-07
1.947159028657314606e+00 6.156214007309460222e-07
1.947834379759519008e+00 6.761163300898929829e-07
1.948509730861723410e+00 7.382267293211972823e-07
1.949185081963927813e+00 7.904787264301022665e-07
1.949860433066132215e+00 8.560422910357380473e-07
1.950535784168336617e+00 9.452379702542439872e-07
1.951211135270541019e+00 1.031976516339202994e-06
1.951886486372745422e+00 1.128801949179300648e-06
1.952561837474949824e+00 1.239785662211116027e-06
1.953237188577154226e+00 1.348049123150060621e-06
1.953912539679358629e+00 1.469843154191980591e-06
1.954587890781563031e+00 1.607623533069524884e-06
1.955263241883767433e+00 1.799432664520024644e-06
1.955938592985971836e+00 1.975619427237339099e-06
1.956613944088176238e+00 2.134410640812584863e-06
1.957289295190380640e+00 2.330963883662470569e-06
1.957964646292585043e+00 2.576376173049996841e-06
1.958639997394789445e+00 2.860212861387692184e-06
1.959315348496993847e+00 3.111051578616508757e-06
1.959990699599198249e+00 3.427840892397975176e-06
1.960666050701402652e+00 3.799038311681630836e-06
1.961341401803607054e+00 4.148895008666926523e-06
1.962016752905811456e+00 4.545356441209684269e-06
1.962692104008015859e+00 4.995454507828837096e-06
1.963367455110220261e+00 5.597476631186255578e-06
1.964042806212424663e+00 6.203835600594773166e-06
1.964718157314629066e+00 6.838050123390865292e-06
1.965393508416833468e+00 7.590676740465685082e-06
1.966068859519038092e+00 8.385978690585161105e-06
1.966744210621242495e+00 9.245313340439829402e-06
1.967419561723446897e+00 1.027381888655897812e-05
1.968094912825651299e+00 1.126430693479317504e-05
1.968770263927855702e+00 1.233485850427329400e-05
1.969445615030060104e+00 1.370538594251247286e-05
1.970120966132264506e+00 1.560996505599119077e-05
1.970796317234468908e+00 1.751941506326738589e-05
1.971471668336673311e+00 1.905617976158570500e-05
1.972147019438877713e+00 2.090173754420219688e-05
1.972822370541082115e+00 2.282373737248068627e-05
1.973497721643286518e+00 2.475647580466965573e-05
1.974173072745490920e+00 2.733658185894118677e-05
1.974848423847695322e+00 2.971749808976128338e-05
1.975523774949899725e+00 3.155796363651468928e-05
1.976199126052104127e+00 3.419462395128613081e-05
1.976874477154308529e+00 3.716001255161687406e-05
1.977549828256512932e+00 4.045283085928616865e-05
1.978225179358717334e+00 4.278302965286309836e-05
1.978900530460921736e+00 4.610755652094884239e-05
1.979575881563126138e+00 5.070411049240603792e-05
1.980251232665330541e+00 5.426479004722086223e-05
1.980926583767534943e+00 5.838929504103167168e-05
1.981601934869739345e+00 6.308378198512047523e-05
1.982277285971943748e+00 6.772437346665372481e-05
1.982952637074148150e+00 7.291894914867325388e-05
1.983627988176352552e+00 7.867714498912720968e-05
1.984303339278556955e+00 8.594860173982029586e-05
1.984978690380761357e+00 9.262558357947689935e-05
1.985654041482965759e+00 9.917570158794256617e-05
1.986329392585170162e+00 1.095290931276449468e-04
1.987004743687374564e+00 1.199235628327232955e-04
1.987680094789578966e+00 1.305491710192811339e-04
1.988355445891783368e+00 1.427261151402776582e-04
1.989030796993987771e+00 1.568559006348081480e-04
1.989706148096192173e+00 1.711502726477839745e-04
1.990381499198396575e+00 1.810968528029628525e-04
1.991056850300601200e+00 1.952508247310364234e-04
1.991732201402805602e+00 2.111211055069274272e-04
1.992407552505010004e+00 2.259771317267950076e-04
1.993082903607214407e+00 2.410992200737270812e-04
1.993758254709418809e+00 2.564108574860188153e-04
1.994433605811623211e+00 2.719946894511593698e-04
1.995108956913827614e+00 2.866606124172167073e-04
1.995784308016032016e+00 3.007280474468476640e-04
1.996459659118236418e+00 3.143171750669151673e-04
1.997135010220440821e+00 3.247110298850099282e-04
1.997810361322645223e+00 3.344362361332770700e-04
1.998485712424849625e+00 3.437638390589808457e-04
1.999161063527054027e+00 3.548883578214423245e-04
1.999836414629258430e+00 3.660601784660274670e-04
2.000511765731462610e+00 3.767696502987007362e-04
2.001187116833667012e+00 3.831461615991114326e-04
2.001862467935871415e+00 3.891737285522699273e-04
2.002537819038075817e+00 3.957279494942919618e-04
2.003213170140280663e+00 3.969116673800587771e-04
2.003888521242485066e+00 3.994553151214334536e-04
2.004563872344689468e+00 4.040163648803666327e-04
2.005239223446893870e+00 4.099212453183279288e-04
2.005914574549098273e+00 4.139923187345495126e-04
2.006589925651302675e+00 4.158437328269499436e-04
2.007265276753507077e+00 4.172141928509027890e-04
2.007940627855711480e+00 4.183268214341529087e-04
2.008615978957915882e+00 4.194876974585797316e-04
2.009291330060120284e+00 4.205333470665943837e-04
2.009966681162324686e+00 4.196258500865440938e-04
2.010642032264529089e+00 4.176328452989247443e-04
2.011317383366733491e+00 4.216139072800966360e-04
2.011992734468937893e+00 4.223297966264254037e-04
2.012668085571142296e+00 4.210380409994988701e-04
2.013343436673346698e+00 4.227739181006113633e-04
2.014018787775551100e+00 4.241716057813226621e-04
2.014694138877755503e+00 4.248965694255730651e-04
2.015369489979959905e+00 4.226340499507488520e-04
2.016044841082164307e+00 4.239747513022432677e-04
2.016720192184368710e+00 4.256972785740097262e-04
2.017395543286573112e+00 4.222868110073465272e-04
2.018070894388777514e+00 4.217811199336095177e-04
2.018746245490981917e+00 4.228325866071535244e-04
2.019421596593186319e+00 4.248098578917525420e-04
2.020096947695390721e+00 4.238325249657451540e-04
2.020772298797595123e+00 4.225783684020426555e-04
2.021447649899799526e+00 4.239275356822100652e-04
2.022123001002003928e+00 4.217784784893010641e-04
2.022798352104208330e+00 4.208333563019835371e-04
2.023473703206412733e+00 4.254637252133095459e-04
2.024149054308617135e+00 4.232969426313046442e-04
2.024824405410821537e+00 4.223189701918019282e-04
2.025499756513025940e+00 4.273442980813356765e-04
2.026175107615230342e+00 4.251255284308676327e-04
2.026850458717434744e+00 4.238561938921390137e-04
2.027525809819639147e+00 4.255978754642237910e-04
2.028201160921843549e+00 4.237424202287710614e-04
2.028876512024047951e+00 4.230460844829004403e-04
2.029551863126252353e+00 4.245879544228757800e-04
2.030227214228456756e+00 4.258433311429647423e-04
2.030902565330661158e+00 4.251760361039702736e-04
2.031577916432865560e+00 4.221609497624338302e-04
2.032253267535069963e+00 4.254773076521270328e-04
2.032928618637274365e+00 4.273825799416966845e-04
2.033603969739478767e+00 4.275810352703857987e-04
2.034279320841683170e+00 4.242860210140981321e-04
2.034954671943887572e+00 4.215726447538137561e-04
2.035630023046091974e+00 4.198447140055115625e-04
2.036305374148296377e+00 4.276529390649939423e-04
2.036980725250500779e+00 4.282275186482782875e-04
2.037656076352705181e+00 4.237510229726971383e-04
2.038331427454909583e+00 4.262125302922198356e-04
2.039006778557113986e+00 4.262970459561145798e-04
2.039682129659318388e+00 4.237487764089690676e-04
2.040357480761522790e+00 4.201105677975544854e-04
2.041032831863727193e+00 4.225680391077375666e-04
2.041708182965931595e+00 4.269487937056606766e-04
2.042383534068135997e+00 4.233470619397944096e-04
2.043058885170340400e+00 4.224239909824013405e-04
2.043734236272544802e+00 4.225251998738266748e-04
2.044409587374749204e+00 4.216389619877686365e-04
2.045084938476953607e+00 4.219151564388380410e-04
2.045760289579158009e+00 4.223865076669051683e-04
2.046435640681362411e+00 4.220199261237220223e-04
2.047110991783566813e+00 4.225426269684540224e-04
2.047786342885771216e+00 4.220624232440333659e-04
2.048461693987975618e+00 4.181670938726125874e-04
2.049137045090180020e+00 4.150849676198150825e-04
2.049812396192384423e+00 4.166419363114341311e-04
2.050487747294589269e+00 4.270189635949881812e-04
2.051163098396793671e+00 4.232470174670089269e-04
2.051838449498998074e+00 4.193916052696112021e-04
2.052513800601202476e+00 4.207813561025051854e-04
2.053189151703406878e+00 4.218774886626683535e-04
2.053864502805611281e+00 4.214282404212525181e-04
2.054539853907815683e+00 4.190807915603719422e-04
2.055215205010020085e+00 4.178464401156019867e-04
2.055890556112224488e+00 4.184631648320875355e-04
2.056565907214428890e+00 4.213585733800710568e-04
2.057241258316633292e+00 4.204756988603455857e-04
2.057916609418837695e+00 4.205321286204727707e-04
2.058591960521042097e+00 4.218270878269761047e-04
2.059267311623246499e+00 4.193799699036288714e-04
2.059942662725450901e+00 4.209621734603989163e-04
2.060618013827655304e+00 4.265151220749865447e-04
2.061293364929859706e+00 4.233162410979658349e-04
2.061968716032064108e+00 4.244911978707110122e-04
2.062644067134268511e+00 4.286947189688185343e-04
2.063319418236472913e+00 4.225124214732765230e-04
2.063994769338677315e+00 4.207188979377116458e-04
2.064670120440881718e+00 4.221628153218368604e-04
2.065345471543086120e+00 4.242813641906296247e-04
2.066020822645290522e+00 4.244722170465342940e-04
2.066696173747494925e+00 4.240441183440212631e-04
2.067371524849699327e+00 4.247159846993765514e-04
2.068046875951903729e+00 4.274319578362629221e-04
2.068722227054108131e+00 4.302025692114141943e-04
2.069397578156312534e+00 4.281171071378866099e-04
2.070072929258516936e+00 4.286399698550552887e-04
2.070748280360721338e+00 4.300729132827935054e-04
2.071423631462925741e+00 4.309566810477321241e-04
2.072098982565130143e+00 4.301271845754289802e-04
2.072774333667334545e+00 4.292679389574898799e-04
2.073449684769538948e+00 4.310081290613123955e-04
2.074125035871743350e+00 4.295321197809831939e-04
2.074800386973947752e+00 4.283327714165265413e-04
2.075475738076152155e+00 4.299805711917711274e-04
2.076151089178356557e+00 4.294721840465907632e-04
2.076826440280560959e+00 4.292198453961045728e-04
2.077501791382765362e+00 4.305269867764174451e-04
2.078177142484969764e+00 4.302737072937239744e-04
2.078852493587174166e+00 4.300660976501783066e-04
2.079527844689378568e+00 4.304546668141263585e-04
2.080203195791582971e+00 4.281037411014484290e-04
2.080878546893787373e+00 4.287815381157022120e-04
2.081553897995991775e+00 4.336874627061386325e-04
2.082229249098196178e+00 4.280317366137189098e-04
2.082904600200400580e+00 4.283343371226796484e-04
2.083579951302604982e+00 4.363368349215519847e-04
2.084255302404809385e+00 4.321248201466969057e-04
2.084930653507013787e+00 4.299590796661373424e-04
2.085606004609218189e+00 4.303437779224370484e-04
2.086281355711422592e+00 4.309499768411547012e-04
2.086956706813626994e+00 4.302802686887621645e-04
2.087632057915831396e+00 4.287857695094667758e-04
2.088307409018035798e+00 4.337091400010104091e-04
2.088982760120240201e+00 4.334693222740512155e-04
2.089658111222444603e+00 4.295753104562828259e-04
2.090333462324649005e+00 4.288288264443764430e-04
2.091008813426853408e+00 4.262854655892512777e-04
2.091684164529057810e+00 4.233403374486309099e-04
2.092359515631262212e+00 4.261446457257833274e-04
2.093034866733466615e+00 4.280330447964741740e-04
2.093710217835671017e+00 4.305597946099591123e-04
2.094385568937875419e+00 4.353556790228657754e-04
2.095060920040079822e+00 4.307526592120247688e-04
2.095736271142284224e+00 4.248342575350818207e-04
2.096411622244488626e+00 4.303109940867148463e-04
2.097086973346693028e+00 4.278242618151658358e-04
2.097762324448897431e+00 4.236468081226063922e-04
2.098437675551101833e+00 4.238600314463693503e-04
2.099113026653306235e+00 4.288000332626957264e-04
2.099788377755510638e+00 4.315297711327671735e-04
2.100463728857715040e+00 4.248322760105171635e-04
2.101139079959919886e+00 4.221301459495845022e-04
2.101814431062124289e+00 4.211043826264634438e-04
2.102489782164328691e+00 4.215327867386168149e-04
2.103165133266533093e+00 4.239502269743548706e-04
2.103840484368737496e+00 4.238466169749355718e-04
2.104515835470941898e+00 4.187267230098728533e-04
2.105191186573146300e+00 4.211384697239490735e-04
2.105866537675350703e+00 4.232404859202777768e-04
2.106541888777555105e+00 4.235604068046308515e-04
2.107217239879759507e+00 4.161280999208416586e-04
2.107892590981963910e+00 4.163718488902929272e-04
2.108567942084168312e+00 4.270879065238194290e-04
2.109243293186372714e+00 4.231545675176856991e-04
2.109918644288577116e+00 4.194840511402245665e-04
2.110593995390781519e+00 4.169768564076116023e-04
2.111269346492985921e+00 4.179160923158198662e-04
2.111944697595190323e+00 4.176255903917684871e-04
2.112620048697394726e+00 4.163525560553274214e-04
2.113295399799599128e+00 4.222957650603011842e-04
2.113970750901803530e+00 4.220106369498244337e-04
2.114646102004007933e+00 4.170914330572009069e-04
2.115321453106212335e+00 4.187741697776302808e-04
2.115996804208416737e+00 4.176828471736528472e-04
2.116672155310621140e+00 4.153078326828037983e-04
2.117347506412825542e+00 4.217961695545885750e-04
2.118022857515029944e+00 4.223891754475407839e-04
2.118698208617234346e+00 4.201221483569966505e-04
2.119373559719438749e+00 4.214635102901271159e-04
2.120048910821643151e+00 4.205636444492428768e-04
2.120724261923847553e+00 4.188313829159010697e-04
2.121399613026051956e+00 4.185109507656552545e-04
2.122074964128256358e+00 4.188279118599998142e-04
2.122750315230460760e+00 4.190573129112199618e-04
2.123425666332665163e+00 4.192298184943154225e-04
2.124101017434869565e+00 4.187324219535304946e-04
2.124776368537073967e+00 4.191768038014994269e-04
2.125451719639278370e+00 4.229461437770602435e-04
2.126127070741482772e+00 4.235020199412269722e-04
2.126802421843687174e+00 4.227080628810392891e-04
2.127477772945891576e+00 4.199732190416841223e-04
2.128153124048095979e+00 4.248578377268001486e-04
2.128828475150300381e+00 4.278638691143319957e-04
2.129503826252504783e+00 4.239311669843239959e-04
2.130179177354709186e+00 4.260521997071247584e-04
2.130854528456913588e+00 4.263426545098619085e-04
2.131529879559117990e+00 4.220213160650938735e-04
2.132205230661322393e+00 4.214364949261638761e-04
2.132880581763526795e+00 4.226726239294947341e-04
2.133555932865731197e+00 4.259186393947566067e-04
2.134231283967935600e+00 4.240708949107862332e-04
2.134906635070140002e+00 4.247977663587508513e-04
2.135581986172344404e+00 4.284747797619916070e-04
2.136257337274548807e+00 4.244770025693598539e-04
2.136932688376753209e+00 4.233440252653295735e-04
2.137608039478957611e+00 4.256230568178534556e-04
2.138283390581162013e+00 4.245142201685689993e-04
2.138958741683366416e+00 4.260522457216561905e-04
2.139634092785570818e+00 4.296968841714442580e-04
2.140309443887775220e+00 4.257919110367557091e-04
2.140984794989979623e+00 4.236386720371789968e-04
2.141660146092184025e+00 4.230707556262199064e-04
2.142335497194388427e+00 4.251656765570181176e-04
2.143010848296592830e+00 4.259589028020161860e-04
2.143686199398797232e+00 4.254575927109915229e-04
2.144361550501001634e+00 4.222006840500616741e-04
2.145036901603206037e+00 4.234419625970004680e-04
2.145712252705410439e+00 4.265328220043441781e-04
2.146387603807614841e+00 4.267638080400225136e-04
2.147062954909819688e+00 4.259808144428699813e-04
2.147738306012024090e+00 4.244734040667070413e-04
2.148413657114228492e+00 4.224893903342274645e-04
2.149089008216432894e+00 4.239059145262085338e-04
2.149764359318637297e+00 4.250366744617958218e-04
2.150439710420841699e+00 4.231952306490684916e-04
2.151115061523046101e+00 4.219236041523317243e-04
2.151790412625250504e+00 4.210510569367164409e-04
2.152465763727454906e+00 4.206905868331341008e-04
2.153141114829659308e+00 4.210620330315833159e-04
2.153816465931863711e+00 4.215427226019126698e-04
2.154491817034068113e+00 4.218874095129928193e-04
2.155167168136272515e+00 4.216683970435120975e-04
2.155842519238476918e+00 4.221475004478120923e-04
2.156517870340681320e+00 4.239729981390713402e-04
2.157193221442885722e+00 4.190953448949280178e-04
2.157868572545090124e+00 4.167956251189709337e-04
2.158543923647294527e+00 4.197284055645232798e-04
2.159219274749498929e+00 4.166592870095773963e-04
2.159894625851703331e+00 4.145392071787704059e-04
2.160569976953907734e+00 4.146311981966118408e-04
2.161245328056112136e+00 4.139630349381292606e-04
2.161920679158316538e+00 4.140641344243972438e-04
2.162596030260520941e+00 4.153392564918687350e-04
2.163271381362725343e+00 4.129985108817537634e-04
2.163946732464929745e+00 4.096799765444979679e-04
2.164622083567134148e+00 4.053777638384086532e-04
2.165297434669338550e+00 4.112150948079300468e-04
2.165972785771542952e+00 4.113525075112039889e-04
2.166648136873747355e+00 4.074441147430055946e-04
2.167323487975951757e+00 4.096339527891861032e-04
2.167998839078156159e+00 4.080658313567242837e-04
2.168674190180360561e+00 4.049249895607134561e-04
2.169349541282564964e+00 4.094051648002523303e-04
2.170024892384769366e+00 4.086018726185890681e-04
2.170700243486973768e+00 4.052784664462534396e-04
2.171375594589178171e+00 4.049278277026016289e-04
2.172050945691382573e+00 4.080337481093544412e-04
2.172726296793586975e+00 4.105669278036644214e-04
2.173401647895791378e+00 4.040868872227325174e-04
2.174076998997995780e+00 4.045841107979683896e-04
2.174752350100200182e+00 4.084186690835939952e-04
2.175427701202404585e+00 4.133955291808526699e-04
2.176103052304608987e+00 4.125834747834845580e-04
2.176778403406813389e+00 4.109245349128636893e-04
2.177453754509017791e+00 4.124882760645640295e-04
2.178129105611222194e+00 4.116911642096825262e-04
2.178804456713426596e+00 4.105891255790325737e-04
2.179479807815630998e+00 4.107837548137983387e-04
2.180155158917835401e+00 4.173295702211597073e-04
2.180830510020039803e+00 4.222995138844360926e-04
2.181505861122244205e+00 4.213829100830212442e-04
2.182181212224448608e+00 4.212243193689827478e-04
2.182856563326653010e+00 4.218626371489878741e-04
2.183531914428857412e+00 4.237893009879263053e-04
2.184207265531061815e+00 4.203253469062874807e-04
2.184882616633266217e+00 4.194440401992642641e-04
2.185557967735470619e+00 4.233727625840726962e-04
2.186233318837675021e+00 4.195020563145256164e-04
2.186908669939879424e+00 4.166476640516377579e-04
2.187584021042083826e+00 4.155272967958901185e-04
2.188259372144288228e+00 4.116758038212382678e-04
2.188934723246492631e+00 4.083185354762350924e-04
2.189610074348697033e+00 4.052958075984460320e-04
2.190285425450901435e+00 3.974196546242926911e-04
2.190960776553105838e+00 3.892359406971742188e-04
2.191636127655310240e+00 3.806265118350510247e-04
2.192311478757514642e+00 3.721744004440341786e-04
2.192986829859719045e+00 3.610093755792869894e-04
2.193662180961923447e+00 3.477524157785471170e-04
2.194337532064127849e+00 3.384431406673698542e-04
2.195012883166332252e+00 3.258945992625374545e-04
2.195688234268536654e+00 3.114469510012316477e-04
2.196363585370741056e+00 2.976294525113128099e-04
2.197038936472945458e+00 2.840195657862784433e-04
2.197714287575149861e+00 2.700224715306839894e-04
2.198389638677354263e+00 2.543837318559286770e-04
2.199064989779558665e+00 2.402521807039140612e-04
2.199740340881763512e+00 2.268548307425685879e-04
2.200415691983967914e+00 2.132044502587243618e-04
2.201091043086172316e+00 2.038570814845751874e-04
2.201766394188376719e+00 1.950491460716260767e-04
2.202441745290581121e+00 1.825978630717582131e-04
2.203117096392785523e+00 1.719224701688130063e-04
2.203792447494989926e+00 1.627129848176753766e-04
2.204467798597194328e+00 1.555647648281020996e-04
2.205143149699398730e+00 1.474754417651440988e-04
2.205818500801603133e+00 1.399152167918693188e-04
2.206493851903807535e+00 1.338533665343293033e-04
2.207169203006011937e+00 1.263373806469278709e-04
2.207844554108216339e+00 1.191880082124992279e-04
2.208519905210420742e+00 1.129574898545508124e-04
2.209195256312625144e+00 1.064782610731740718e-04
2.209870607414829546e+00 1.002413349340227819e-04
2.210545958517033949e+00 9.427408384726468805e-05
2.211221309619238351e+00 8.816952585980606023e-05
2.211896660721442753e+00 8.188632786474405671e-05
2.212572011823647156e+00 7.537679427034077353e-05
2.213247362925851558e+00 7.104127308462427650e-05
2.213922714028055960e+00 6.632838353521443081e-05
2.214598065130260363e+00 6.107983596043411122e-05
2.215273416232464765e+00 5.609424617109751274e-05
2.215948767334669167e+00 5.130794425930387413e-05
2.216624118436873569e+00 4.670950450084954651e-05
2.217299469539077972e+00 4.229340605128173995e-05
2.217974820641282374e+00 3.838088775794812883e-05
2.218650171743486776e+00 3.490962965977629850e-05
2.219325522845691179e+00 3.201339680883181880e-05
2.220000873947895581e+00 2.929641784152801516e-05
2.220676225050099983e+00 2.667214305432922443e-05
2.221351576152304386e+00 2.384722924625389106e-05
2.222026927254508788e+00 2.150631525585045093e-05
2.222702278356713190e+00 1.949806072552182849e-05
2.223377629458917593e+00 1.759410772727570965e-05
2.224052980561121995e+00 1.593243914344831286e-05
2.224728331663326397e+00 1.443805615215524342e-05
2.225403682765530800e+00 1.311279850660660299e-05
2.226079033867735202e+00 1.186425200413515006e-05
2.226754384969939604e+00 1.069206088931549477e-05
2.227429736072144006e+00 9.659160931370431688e-06
2.228105087174348409e+00 8.864189504395611629e-06
2.228780438276552811e+00 8.140877309709915270e-06
2.229455789378757213e+00 7.387185830445969441e-06
2.230131140480961616e+00 6.731001842668649634e-06
2.230806491583166018e+00 6.126393644330809286e-06
2.231481842685370420e+00 5.579999007831585014e-06
2.232157193787574823e+00 5.086589368331055316e-06
2.232832544889779225e+00 4.628251672573720229e-06
2.233507895991983627e+00 4.216379302783852412e-06
2.234183247094188030e+00 3.861764957800915246e-06
2.234858598196392432e+00 3.534316538203090384e-06
2.235533949298596834e+00 3.238468869561543074e-06
2.236209300400801236e+00 2.962655465736045950e-06
2.236884651503005639e+00 2.710476611258737328e-06
2.237560002605210041e+00 2.490607789504909682e-06
2.238235353707414443e+00 2.283341658719290151e-06
2.238910704809618846e+00 2.087508950884609009e-06
2.239586055911823248e+00 1.905465487713220445e-06
2.240261407014027650e+00 1.759668744708408359e-06
2.240936758116232053e+00 1.607652800216090988e-06
2.241612109218436455e+00 1.450958038562607324e-06
2.242287460320641301e+00 1.366582261792228322e-06
2.242962811422845704e+00 1.264016782669560472e-06
2.243638162525050106e+00 1.148001681239839622e-06
2.244313513627254508e+00 1.068782202827378037e-06
2.244988864729458911e+00 9.837692614812112692e-07
2.245664215831663313e+00 8.960984683244611967e-07
2.246339566933867715e+00 8.243132327957399395e-07
2.247014918036072118e+00 7.606614351982729966e-07
2.247690269138276520e+00 7.021894333670724457e-07
2.248365620240480922e+00 6.444111191835063204e-07
2.249040971342685324e+00 6.005022163893107442e-07
2.249716322444889727e+00 5.618937575087294513e-07
2.250391673547094129e+00 5.139847599532506197e-07
2.251067024649298531e+00 4.710054396890066216e-07
2.251742375751502934e+00 4.325478915196922653e-07
2.252417726853707336e+00 4.045869992424611874e-07
2.253093077955911738e+00 3.753921203542096861e-07
2.253768429058116141e+00 3.460513412220906614e-07
2.254443780160320543e+00 3.178132193349996136e-07
2.255119131262524945e+00 2.934834683875419638e-07
2.255794482364729348e+00 2.719546836852934259e-07
2.256469833466933750e+00 2.546904681282122173e-07
2.257145184569138152e+00 2.390108952542492061e-07
2.257820535671342554e+00 2.232402521946612938e-07
2.258495886773546957e+00 2.068934565184659404e-07
2.259171237875751359e+00 1.926768720279141670e-07
2.259846588977955761e+00 1.785009661322928090e-07
2.260521940080160164e+00 1.637619662646842865e-07
2.261197291182364566e+00 1.543583346511554190e-07
2.261872642284568968e+00 1.445627303178508295e-07
2.262547993386773371e+00 1.331889852708379520e-07
2.263223344488977773e+00 1.254294075731226076e-07
2.263898695591182175e+00 1.175291399046514580e-07
2.264574046693386578e+00 1.090966341825735015e-07
2.265249397795590980e+00 1.044051678157817704e-07
2.265924748897795382e+00 9.614922542207239345e-08
2.266600099999999784e+00 8.377166844483882477e-08
