2.079299999999999926e+00 1.054310492748518861e-04
2.079468356713426669e+00 1.107947359769688184e-04
2.079636713426853856e+00 1.161598315708162183e-04
2.079805070140280598e+00 1.215251434083533614e-04
2.079973426853707341e+00 1.268903797654728121e-04
2.080141783567134084e+00 1.322812190806004113e-04
2.080310140280561271e+00 1.377925544644863936e-04
2.080478496993988013e+00 1.450864518096731700e-04
2.080646853707414756e+00 1.523783822797262089e-04
2.080815210420841499e+00 1.596722600759672983e-04
2.080983567134268686e+00 1.669688118420280698e-04
2.081151923847695429e+00 1.742348556603056839e-04
2.081320280561122171e+00 1.819073795262028421e-04
2.081488637274548914e+00 1.925834731445732670e-04
2.081656993987976101e+00 2.032549406515105300e-04
2.081825350701402844e+00 2.139250973536454452e-04
2.081993707414829586e+00 2.245942209340934736e-04
2.082162064128256329e+00 2.353172169073127189e-04
2.082330420841683516e+00 2.469008538901068268e-04
2.082498777555110259e+00 2.623716696544037188e-04
2.082667134268537001e+00 2.778516551286018869e-04
2.082835490981963744e+00 2.933380019090090049e-04
2.083003847695390931e+00 3.088293743888121008e-04
2.083172204408817674e+00 3.242679820590001921e-04
2.083340561122244416e+00 3.412273046284810141e-04
2.083508917835671159e+00 3.629839578581084132e-04
2.083677274549098346e+00 3.847328450219780521e-04
2.083845631262525089e+00 4.064815488133073943e-04
2.084013987975951832e+00 4.282297240168263870e-04
2.084182344689378574e+00 4.499736778728977301e-04
2.084350701402805761e+00 4.753002014301756055e-04
2.084519058116232504e+00 5.089535331690708819e-04
2.084687414829659247e+00 5.426161987482805253e-04
2.084855771543085989e+00 5.762793415245574032e-04
2.085024128256513176e+00 6.099400857283532405e-04
2.085192484969939919e+00 6.435828517002091303e-04
2.085360841683366662e+00 6.833065046523544711e-04
2.085529198396793404e+00 7.337879379530769285e-04
2.085697555110220591e+00 7.842553407212848231e-04
2.085865911823647334e+00 8.347184045574289248e-04
2.086034268537074077e+00 8.851779346500762051e-04
2.086202625250500819e+00 9.356365477039188918e-04
2.086370981963928006e+00 9.993324819298470690e-04
2.086539338677354749e+00 1.081215227121001647e-03
2.086707695390781492e+00 1.163114455633033721e-03
2.086876052104208235e+00 1.245011392215865115e-03
2.087044408817635421e+00 1.326899588627932945e-03
2.087212765531062164e+00 1.408765589255703016e-03
2.087381122244488907e+00 1.510828215911195690e-03
2.087549478957915650e+00 1.634640745062151653e-03
2.087717835671342836e+00 1.758466882836165696e-03
2.087886192384769579e+00 1.882289068171506949e-03
2.088054549098196322e+00 2.006085212984226075e-03
2.088222905811623065e+00 2.129825752343602902e-03
2.088391262525050251e+00 2.293383088641317777e-03
2.088559619238476994e+00 2.490651049496272508e-03
2.088727975951903737e+00 2.687991939821468296e-03
2.088896332665330480e+00 2.885332606873071762e-03
2.089064689378757667e+00 3.082643381402530580e-03
2.089233046092184409e+00 3.279899546537983889e-03
2.089401402805611152e+00 3.544816495215365789e-03
2.089569759519037895e+00 3.854467227768541750e-03
2.089738116232465082e+00 4.164123805875466662e-03
2.089906472945891824e+00 4.473769506057881200e-03
2.090074829659318567e+00 4.783382732609624960e-03
2.090243186372745310e+00 5.092953510888063515e-03
2.090411543086172497e+00 5.491031363016534751e-03
2.090579899799599239e+00 5.934238482669442274e-03
2.090748256513025982e+00 6.377427618420149907e-03
2.090916613226452725e+00 6.820593717380276505e-03
2.091084969939879912e+00 7.263684524098255532e-03
2.091253326653306654e+00 7.706691506730541964e-03
2.091421683366733397e+00 8.300332085979631944e-03
2.091590040080160140e+00 8.951763980493226275e-03
2.091758396793587327e+00 9.603107248497973550e-03
2.091926753507014070e+00 1.025438893608135622e-02
2.092095110220440812e+00 1.090566862547412939e-02
2.092263466933867555e+00 1.155694247648338634e-02
2.092431823647294742e+00 1.236610984745990446e-02
2.092600180360721485e+00 1.321883784081029876e-02
2.092768537074148227e+00 1.407131121925006556e-02
2.092936893787574970e+00 1.492367205316020608e-02
2.093105250501002157e+00 1.577999533193097728e-02
2.093273607214428900e+00 1.663922169669498213e-02
2.093441963927855642e+00 1.769633141933651260e-02
2.093610320641282385e+00 1.879133420118256001e-02
2.093778677354709572e+00 1.988735507340002803e-02
2.093947034068136315e+00 2.098419951784395721e-02
2.094115390781563057e+00 2.207554517379656939e-02
2.094283747494989800e+00 2.316404539175716953e-02
2.094452104208416987e+00 2.447438337421921697e-02
2.094620460921843730e+00 2.580855024230776368e-02
2.094788817635270473e+00 2.714268521588759225e-02
2.094957174348697215e+00 2.847673463401529173e-02
2.095125531062124402e+00 2.981051365918502977e-02
2.095293887775551145e+00 3.114412468892696281e-02
2.095462244488977888e+00 3.271646620681201850e-02
2.095630601202404630e+00 3.429787379694610588e-02
2.095798957915831817e+00 3.587920140072480696e-02
2.095967314629258560e+00 3.746041560213966143e-02
2.096135671342685303e+00 3.904029816168377853e-02
2.096304028056112045e+00 4.062467003276151734e-02
2.096472384769539232e+00 4.241561307706302741e-02
2.096640741482965975e+00 4.420632756222631771e-02
2.096809098196392718e+00 4.599678573978746576e-02
2.096977454909819460e+00 4.778698030698938504e-02
2.097145811623246647e+00 4.957749288838324969e-02
2.097314168336673390e+00 5.137344084151415635e-02
2.097482525050100133e+00 5.322994664130570319e-02
2.097650881763526876e+00 5.508470760356951046e-02
2.097819238476954062e+00 5.693896074970643956e-02
2.097987595190380805e+00 5.879287640626995604e-02
2.098155951903807548e+00 6.064846193576715894e-02
2.098324308617234291e+00 6.249279300873814003e-02
2.098492665330661477e+00 6.427037325335031859e-02
2.098661022044088220e+00 6.604527872826157497e-02
2.098829378757514963e+00 6.781973856202803963e-02
2.098997735470941706e+00 6.959386262720987371e-02
2.099166092184368893e+00 7.136906932566339234e-02
2.099334448897795635e+00 7.308888226412714462e-02
2.099502805611222378e+00 7.459373858250170630e-02
2.099671162324649121e+00 7.610052186118711204e-02
2.099839519038076308e+00 7.760716740451860385e-02
2.100007875751503050e+00 7.911359732571143777e-02
2.100176232464929793e+00 8.061826555154259777e-02
2.100344589178356536e+00 8.210324023991737163e-02
2.100512945891783723e+00 8.353387223918119775e-02
2.100681302605210465e+00 8.496478109175317761e-02
2.100849659318637208e+00 8.639551543778598020e-02
2.101018016032063951e+00 8.782586647997879525e-02
2.101186372745491138e+00 8.925426553054330303e-02
2.101354729458917880e+00 9.076438374328379965e-02
2.101523086172344623e+00 9.244443137960982326e-02
2.101691442885771366e+00 9.412299733497826726e-02
2.101859799599198553e+00 9.580123387683749103e-02
2.102028156312625295e+00 9.747945704868744843e-02
2.102196513026052038e+00 9.915896242693315876e-02
2.102364869739478781e+00 1.009298799693630067e-01
2.102533226452905968e+00 1.028462345645440035e-01
2.102701583166332711e+00 1.047593449854747755e-01
2.102869939879759453e+00 1.066720208138055292e-01
2.103038296593186196e+00 1.085839663714357889e-01
2.103206653306613383e+00 1.104944449730038136e-01
2.103375010020040126e+00 1.125050693110160732e-01
2.103543366733466868e+00 1.146410203658489169e-01
2.103711723446893611e+00 1.167778497068182181e-01
2.103880080160320798e+00 1.189142111508012661e-01
2.104048436873747541e+00 1.210583444496294292e-01
2.104216793587174283e+00 1.232230615935384077e-01
2.104385150300601026e+00 1.257047418635167668e-01
2.104553507014028213e+00 1.284955961189625795e-01
2.104721863727454956e+00 1.312848177070888300e-01
2.104890220440881698e+00 1.340745997394971745e-01
2.105058577154308441e+00 1.368552227811286326e-01
2.105226933867735628e+00 1.396174308205834769e-01
2.105395290581162371e+00 1.425468224119515459e-01
2.105563647294589114e+00 1.456059784448041350e-01
2.105732004008015856e+00 1.486672618367275711e-01
2.105900360721443043e+00 1.517280941301744623e-01
2.106068717434869786e+00 1.547872694780300651e-01
2.106237074148296529e+00 1.578441630684195296e-01
2.106405430861723271e+00 1.613553388815619216e-01
2.106573787575150458e+00 1.651367107277221247e-01
2.106742144288577201e+00 1.689161072615212589e-01
2.106910501002003944e+00 1.726947034710992757e-01
2.107078857715430686e+00 1.764899901091374068e-01
2.107247214428857873e+00 1.803055016521197262e-01
2.107415571142284616e+00 1.842768464700867137e-01
2.107583927855711359e+00 1.883180275084976041e-01
2.107752284569138101e+00 1.923580118316106369e-01
2.107920641282565288e+00 1.963986769159992984e-01
2.108088997995992031e+00 2.004150445907125211e-01
2.108257354709418774e+00 2.044083776734974267e-01
2.108425711422845517e+00 2.092119908528812244e-01
2.108594068136272703e+00 2.142930894499247840e-01
2.108762424849699446e+00 2.193754564718582711e-01
2.108930781563126189e+00 2.244565685167292934e-01
2.109099138276552932e+00 2.295424397711738340e-01
2.109267494989980118e+00 2.346316150313843829e-01
2.109435851703406861e+00 2.399167428493031717e-01
2.109604208416833604e+00 2.452497417662332924e-01
2.109772565130260347e+00 2.505829377914096656e-01
2.109940921843687534e+00 2.559154017154806615e-01
2.110109278557114276e+00 2.612474842980380685e-01
2.110277635270541019e+00 2.665790423934500386e-01
2.110445991983967762e+00 2.723880685231973020e-01
2.110614348697394949e+00 2.782639912815632610e-01
2.110782705410821691e+00 2.841361083569841073e-01
2.110951062124248434e+00 2.900070839770428899e-01
2.111119418837675177e+00 2.958849200243561794e-01
2.111287775551102364e+00 3.017652772720865184e-01
2.111456132264529106e+00 3.077826674156005637e-01
2.111624488977955849e+00 3.138096084198531699e-01
2.111792845691382592e+00 3.198356128109081098e-01
2.111961202404809779e+00 3.258608773040037598e-01
2.112129559118236521e+00 3.318907719171757531e-01
2.112297915831663264e+00 3.379217594518428847e-01
2.112466272545090007e+00 3.433495400288307797e-01
2.112634629258517194e+00 3.487598635801502645e-01
2.112802985971943937e+00 3.541670993517314070e-01
2.112971342685370679e+00 3.595735374601892742e-01
2.113139699398797422e+00 3.649832468201220093e-01
2.113308056112224609e+00 3.703883442619623212e-01
2.113476412825651352e+00 3.756970275012607718e-01
2.113644769539078094e+00 3.810026593289335128e-01
2.113813126252504837e+00 3.863071856764910272e-01
2.113981482965932024e+00 3.916109940058907224e-01
2.114149839679358767e+00 3.969292146249985276e-01
2.114318196392785509e+00 4.020924986362714448e-01
2.114486553106212252e+00 4.059600357721434571e-01
2.114654909819639439e+00 4.098234161458000346e-01
2.114823266533066182e+00 4.136861832297643038e-01
2.114991623246492924e+00 4.175486780272861798e-01
2.115159979959919667e+00 4.215014809761705172e-01
2.115328336673346854e+00 4.253135056064654140e-01
2.115496693386773597e+00 4.283991460965411169e-01
2.115665050100200340e+00 4.314973521586680794e-01
2.115833406813627082e+00 4.345970980738830813e-01
2.116001763527054269e+00 4.376972505058488450e-01
2.116170120240481012e+00 4.407125038522093363e-01
2.116338476953907755e+00 4.435780670016161165e-01
2.116506833667334497e+00 4.459375789256462275e-01
2.116675190380761684e+00 4.483059349486695488e-01
2.116843547094188427e+00 4.506744815163213347e-01
2.117011903807615170e+00 4.530428865560853779e-01
2.117180260521041912e+00 4.554070913301592194e-01
2.117348617234469099e+00 4.575149288376841317e-01
2.117516973947895842e+00 4.589890727577286000e-01
2.117685330661322585e+00 4.604529913030590560e-01
2.117853687374749327e+00 4.619169239976750885e-01
2.118022044088176514e+00 4.633825438995269885e-01
2.118190400801603257e+00 4.648593283351827865e-01
2.118358757515030000e+00 4.659523550177587237e-01
2.118527114228456742e+00 4.663267298077042877e-01
2.118695470941883929e+00 4.666917892910469323e-01
2.118863827655310672e+00 4.670568533355553553e-01
2.119032184368737415e+00 4.674254607159692987e-01
2.119200541082164158e+00 4.678090630428894392e-01
2.119368897795591344e+00 4.683093592826393370e-01
2.119537254509018087e+00 4.689757706234986556e-01
2.119705611222444830e+00 4.696332594806587046e-01
2.119873967935871573e+00 4.702907774015536724e-01
2.120042324649298759e+00 4.709518077797485436e-01
2.120210681362725502e+00 4.716232756581507091e-01
2.120379038076152245e+00 4.719281220690900724e-01
2.120547394789578988e+00 4.718204363367439758e-01
2.120715751503006175e+00 4.717186776030165007e-01
2.120884108216432917e+00 4.716168999807431872e-01
2.121052464929859660e+00 4.715453384834759620e-01
2.121220821643286403e+00 4.715405163577107706e-01
2.121389178356713590e+00 4.717078246178621481e-01
2.121557535070140332e+00 4.720320606259457707e-01
2.121725891783567075e+00 4.723637247893825442e-01
2.121894248496993818e+00 4.726955208369609807e-01
2.122062605210421005e+00 4.729904665736110458e-01
2.122230961923847747e+00 4.732230083528964348e-01
2.122399318637274490e+00 4.733167685305031958e-01
2.122567675350701233e+00 4.733082494516720473e-01
2.122736032064128420e+00 4.732912866138792585e-01
2.122904388777555162e+00 4.732743174089030225e-01
2.123072745490981905e+00 4.732526964905428568e-01
2.123241102204408648e+00 4.732249639592344681e-01
2.123409458917835835e+00 4.727996623659170838e-01
2.123577815631262578e+00 4.721635678268807368e-01
2.123746172344689320e+00 4.715314155462451140e-01
2.123914529058116063e+00 4.708991923435743576e-01
2.124082885771543250e+00 4.702641137965911655e-01
2.124251242484969993e+00 4.696261042991033419e-01
2.124419599198396735e+00 4.690278284410301368e-01
2.124587955911823478e+00 4.684496941121948366e-01
2.124756312625250665e+00 4.678751048320545780e-01
2.124924669338677408e+00 4.673004460604627264e-01
2.125093026052104150e+00 4.667236620791166413e-01
2.125261382765530893e+00 4.661451510984903068e-01
2.125429739478958080e+00 4.650579704438304596e-01
2.125598096192384823e+00 4.638221643300466379e-01
2.125766452905811565e+00 4.625884521159785989e-01
2.125934809619238308e+00 4.613545866602825063e-01
2.126103166332665495e+00 4.601798961850404046e-01
2.126271523046092238e+00 4.590421223351315860e-01
2.126439879759518981e+00 4.570485998354994472e-01
2.126608236472945723e+00 4.548760703898753199e-01
2.126776593186372910e+00 4.527004702173618167e-01
2.126944949899799653e+00 4.505236890136986583e-01
2.127113306613226396e+00 4.482915310308100976e-01
2.127281663326653138e+00 4.460325450770982192e-01
2.127450020040080325e+00 4.428385693319408789e-01
2.127618376753507068e+00 4.395235297394315399e-01
2.127786733466933811e+00 4.362055511982081968e-01
2.127955090180360553e+00 4.328871707326786833e-01
2.128123446893787740e+00 4.295618827402445938e-01
2.128291803607214483e+00 4.262339450721210898e-01
2.128460160320641226e+00 4.218558285923677542e-01
2.128628517034067968e+00 4.174189346986155735e-01
2.128796873747495155e+00 4.129804441775984936e-01
2.128965230460921898e+00 4.085417232344493721e-01
2.129133587174348641e+00 4.040992433918371152e-01
2.129301943887775384e+00 3.996416445960070951e-01
2.129470300601202570e+00 3.939490533936862438e-01
2.129638657314629313e+00 3.882605580553060154e-01
2.129807014028056056e+00 3.825726691214053621e-01
2.129975370741482799e+00 3.768844597569329102e-01
2.130143727454909985e+00 3.711915129797966895e-01
2.130312084168336728e+00 3.654975323187362735e-01
2.130480440881763471e+00 3.598019994103810459e-01
2.130648797595190214e+00 3.541117983430727700e-01
2.130817154308617400e+00 3.484219697939802685e-01
2.130985511022044143e+00 3.427317800930121949e-01
2.131153867735470886e+00 3.370401156124352426e-01
2.131322224448897629e+00 3.312492971176219103e-01
2.131490581162324816e+00 3.248073256589530389e-01
2.131658937875751558e+00 3.183674194835598437e-01
2.131827294589178301e+00 3.119271944072979363e-01
2.131995651302605044e+00 3.054865037184754106e-01
2.132164008016032231e+00 2.990444327935964375e-01
2.132332364729458973e+00 2.927003319882010013e-01
2.132500721442885716e+00 2.867701553982140439e-01
2.132669078156312459e+00 2.808416489656226367e-01
2.132837434869739646e+00 2.749126638777204534e-01
2.133005791583166388e+00 2.689828867528840095e-01
2.133174148296593131e+00 2.630440422139503354e-01
2.133342505010019874e+00 2.571652812861269233e-01
2.133510861723447061e+00 2.514649376355566068e-01
2.133679218436873803e+00 2.457658078936536539e-01
2.133847575150300546e+00 2.400665406002480962e-01
2.134015931863727289e+00 2.343707869766478158e-01
2.134184288577154476e+00 2.287087988814538175e-01
2.134352645290581219e+00 2.231924846165674603e-01
2.134521002004007961e+00 2.179993181813869307e-01
2.134689358717434704e+00 2.128043017867128628e-01
2.134857715430861891e+00 2.076074356375859631e-01
2.135026072144288634e+00 2.024017372514484436e-01
2.135194428857715376e+00 1.971574304540021083e-01
2.135362785571142119e+00 1.921698306937349443e-01
2.135531142284569306e+00 1.876153985049117678e-01
2.135699498997996049e+00 1.830671926924369308e-01
2.135867855711422791e+00 1.785190507237585933e-01
2.136036212424849534e+00 1.739721332311162105e-01
2.136204569138276721e+00 1.694293436605729675e-01
2.136372925851703464e+00 1.651783280580065016e-01
2.136541282565130206e+00 1.613095312731935016e-01
2.136709639278556949e+00 1.574401381048076420e-01
2.136877995991984136e+00 1.535705866244955753e-01
2.137046352705410879e+00 1.497079037662937540e-01
2.137214709418837622e+00 1.458627155831354882e-01
2.137383066132264364e+00 1.424235898955116264e-01
2.137551422845691551e+00 1.394019672162758738e-01
2.137719779559118294e+00 1.363787563489246846e-01
2.137888136272545037e+00 1.333544092316557572e-01
2.138056492985971779e+00 1.303188724257895725e-01
2.138224849699398966e+00 1.272632291002533667e-01
2.138393206412825709e+00 1.243625354334158412e-01
2.138561563126252452e+00 1.215885318379305996e-01
2.138729919839679194e+00 1.188173745155631927e-01
2.138898276553106381e+00 1.160462631135882883e-01
2.139066633266533124e+00 1.132749287129630328e-01
2.139234989979959867e+00 1.105032528994650404e-01
2.139403346693386609e+00 1.080089112973053461e-01
2.139571703406813796e+00 1.056879927253044915e-01
2.139740060120240539e+00 1.033655269361074547e-01
2.139908416833667282e+00 1.010432577515502917e-01
2.140076773547094025e+00 9.871978169256531710e-02
2.140245130260521211e+00 9.639493211265459660e-02
2.140413486973947954e+00 9.417256138876045624e-02
2.140581843687374697e+00 9.200066874470878842e-02
2.140750200400801440e+00 8.982979238917875031e-02
2.140918557114228626e+00 8.765916654569803901e-02
2.141086913827655369e+00 8.549000003152316951e-02
2.141255270541082112e+00 8.332212684226995847e-02
2.141423627254508855e+00 8.120338462391379908e-02
2.141591983967936041e+00 7.910219100711403384e-02
2.141760340681362784e+00 7.700087266585811663e-02
2.141928697394789527e+00 7.489971466528663746e-02
2.142097054108216270e+00 7.280022697612376081e-02
2.142265410821643457e+00 7.070188993316664505e-02
2.142433767535070199e+00 6.876691097947210118e-02
2.142602124248496942e+00 6.687205617421043691e-02
2.142770480961923685e+00 6.497594928420016847e-02
2.142938837675350872e+00 6.308005592812979123e-02
2.143107194388777614e+00 6.118456303007278191e-02
2.143275551102204357e+00 5.928937546770091799e-02
2.143443907815631100e+00 5.753176417940078502e-02
2.143612264529058287e+00 5.579781910252069876e-02
2.143780621242485029e+00 5.406409148913858542e-02
2.143948977955911772e+00 5.233053412487757156e-02
2.144117334669338515e+00 5.059660045384511279e-02
2.144285691382765702e+00 4.886264491017738854e-02
2.144454048096192444e+00 4.736601415345870203e-02
2.144622404809619187e+00 4.589104606223776833e-02
2.144790761523045930e+00 4.441607858152195332e-02
2.144959118236473117e+00 4.294135743013003520e-02
2.145127474949899860e+00 4.146720585470561882e-02
2.145295831663326602e+00 3.999337765841667197e-02
2.145464188376753345e+00 3.862832037110849881e-02
2.145632545090180532e+00 3.726555981148379354e-02
2.145800901803607275e+00 3.590286923456496165e-02
2.145969258517034017e+00 3.454044247975770338e-02
2.146137615230460760e+00 3.317884779677825885e-02
2.146305971943887947e+00 3.182499759121081018e-02
2.146474328657314690e+00 3.067442319792344080e-02
2.146642685370741432e+00 2.952478169621209486e-02
2.146811042084168175e+00 2.837538710000403475e-02
2.146979398797595362e+00 2.722609771041712215e-02
2.147147755511022105e+00 2.607666917521552288e-02
2.147316112224448847e+00 2.494414301079319121e-02
2.147484468937875590e+00 2.397109041182824557e-02
2.147652825651302777e+00 2.299828003588759440e-02
2.147821182364729520e+00 2.202558116994310367e-02
2.147989539078156263e+00 2.105297978763637570e-02
2.148157895791583005e+00 2.008772717959167453e-02
2.148326252505010192e+00 1.914545731914542304e-02
2.148494609218436935e+00 1.832807544643931183e-02
2.148662965931863678e+00 1.751026715952831367e-02
2.148831322645290420e+00 1.669189937505948310e-02
2.148999679358717607e+00 1.587296785809853145e-02
2.149168036072144350e+00 1.504734867166861514e-02
2.149336392785571093e+00 1.425666184526718644e-02
2.149504749498997835e+00 1.359258771785201887e-02
2.149673106212425022e+00 1.292808066789344519e-02
2.149841462925851765e+00 1.226371694108334756e-02
2.150009819639278508e+00 1.159949188184282616e-02
2.150178176352705250e+00 1.093533793049709414e-02
2.150346533066132437e+00 1.030867818293811078e-02
2.150514889779559180e+00 9.780040183420882910e-03
2.150683246492985923e+00 9.251397227027127745e-03
2.150851603206412666e+00 8.722891791712525378e-03
2.151019959919839852e+00 8.194552031685894272e-03
2.151188316633266595e+00 7.666542077097162136e-03
2.151356673346693338e+00 7.183669492833267417e-03
2.151525030060120081e+00 6.789751749078261345e-03
2.151693386773547267e+00 6.395973901880525232e-03
2.151861743486974010e+00 6.002266902422530824e-03
2.152030100200400753e+00 5.608625521617823483e-03
2.152198456913827496e+00 5.215033401493239691e-03
2.152366813627254682e+00 4.864304315306496040e-03
2.152535170340681425e+00 4.578737088813228731e-03
2.152703527054108168e+00 4.293201085190716422e-03
2.152871883767534911e+00 4.007723458808298139e-03
2.153040240480962098e+00 3.722320302447712156e-03
2.153208597194388840e+00 3.437020372347731906e-03
2.153376953907815583e+00 3.195605662696323832e-03
2.153545310621242326e+00 3.006366164942503999e-03
2.153713667334669513e+00 2.817182712064439636e-03
2.153882024048096255e+00 2.628026446652476176e-03
2.154050380761522998e+00 2.438880685939694409e-03
2.154218737474949741e+00 2.249728661537936727e-03
2.154387094188376928e+00 2.093596340597666042e-03
2.154555450901803670e+00 1.968281174083811712e-03
2.154723807615230413e+00 1.842953074615976197e-03
2.154892164328657156e+00 1.717656652880549450e-03
2.155060521042084343e+00 1.592389729495646009e-03
2.155228877755511085e+00 1.467151246691590855e-03
2.155397234468937828e+00 1.367949807309108484e-03
2.155565591182364571e+00 1.287805376472117092e-03
2.155733947895791758e+00 1.207668460406754020e-03
2.155902304609218501e+00 1.127555572603036304e-03
2.156070661322645243e+00 1.047481653552264236e-03
2.156239018036071986e+00 9.674485584585581360e-04
2.156407374749499173e+00 9.063783262460241210e-04
2.156575731462925916e+00 8.561019696839236061e-04
2.156744088176352658e+00 8.058458697183119293e-04
2.156912444889779401e+00 7.555992760217140848e-04
2.157080801603206588e+00 7.053567001215069665e-04
2.157249158316633331e+00 6.551188868333483999e-04
2.157417515030060073e+00 6.173233050466473640e-04
2.157585871743486816e+00 5.849260475051789795e-04
2.157754228456914003e+00 5.525399163454204447e-04
2.157922585170340746e+00 5.201598861330427757e-04
2.158090941883767488e+00 4.877835407553673930e-04
2.158259298597194231e+00 4.554116957300506858e-04
2.158427655310621418e+00 4.308107951522575181e-04
2.158596012024048161e+00 4.086969015505207119e-04
2.158764368737474904e+00 3.865892234332073824e-04
2.158932725450901646e+00 3.644856004348303322e-04
2.159101082164328833e+00 3.423794893521296418e-04
2.159269438877755576e+00 3.202742030963654668e-04
2.159437795591182319e+00 3.046900134010104835e-04
2.159606152304609061e+00 2.905614728353973536e-04
2.159774509018036248e+00 2.764383007264649417e-04
2.159942865731462991e+00 2.623179884640691978e-04
2.160111222444889734e+00 2.482279955764970635e-04
2.160279579158316920e+00 2.341510410254744282e-04
2.160447935871743663e+00 2.234883040425979684e-04
2.160616292585170406e+00 2.132896127939473371e-04
2.160784649298597149e+00 2.030871174556094362e-04
2.160953006012023891e+00 1.928842918992254856e-04
2.161121362725451078e+00 1.826673250036641089e-04
2.161289719438877821e+00 1.724465342311874813e-04
2.161458076152304564e+00 1.649768388078150369e-04
2.161626432865731751e+00 1.576836804671718822e-04
2.161794789579158493e+00 1.503908190671461673e-04
2.161963146292585236e+00 1.430998103439771888e-04
2.162131503006011979e+00 1.358116234020088117e-04
2.162299859719438722e+00 1.285254419424217522e-04
2.162468216432865908e+00 1.237814639812450529e-04
2.162636573146292651e+00 1.190430682881061592e-04
2.162804929859719394e+00 1.143060217405206518e-04
2.162973286573146581e+00 1.095699353468174354e-04
2.163141643286573323e+00 1.048520004561752367e-04
2.163310000000000066e+00 1.001752982433037605e-04
