3.009192399999999878e+00 1.450497988416176012e-07
3.010746722444889834e+00 1.482786776005585821e-07
3.012301044889779345e+00 1.511088145106061715e-07
3.013855367334669300e+00 1.553599966544197940e-07
3.015409689779558811e+00 1.549062133996781368e-07
3.016964012224448766e+00 1.546070732067227346e-07
3.018518334669338721e+00 1.557157306701734898e-07
3.020072657114228232e+00 1.523281889083176666e-07
3.021626979559118187e+00 1.483362315718597126e-07
3.023181302004007698e+00 1.483172564840873955e-07
3.024735624448897653e+00 1.499677029373932451e-07
3.026289946893787608e+00 1.590524130508911189e-07
3.027844269338677119e+00 1.677061777841365289e-07
3.029398591783567074e+00 1.783138179819877577e-07
3.030952914228456585e+00 1.861172672974839936e-07
3.032507236673346540e+00 1.903606274827830943e-07
3.034061559118236495e+00 1.958626789062432848e-07
3.035615881563126006e+00 2.037743610582992873e-07
3.037170204008015961e+00 2.140995133628859860e-07
3.038724526452905472e+00 2.212164078516532021e-07
3.040278848897795427e+00 2.322340346015451482e-07
3.041833171342685382e+00 2.415119023276969443e-07
3.043387493787574893e+00 2.563040940725462148e-07
3.044941816232464848e+00 2.713653541460776166e-07
3.046496138677354804e+00 2.899935192941443916e-07
3.048050461122244315e+00 3.107025943225058186e-07
3.049604783567134270e+00 3.285593239169592803e-07
3.051159106012023781e+00 3.475093315390354901e-07
3.052713428456913736e+00 3.701231455913213849e-07
3.054267750901803691e+00 3.956585942387552075e-07
3.055822073346693202e+00 4.206240652531699349e-07
3.057376395791583157e+00 4.459047568442407394e-07
3.058930718236472668e+00 4.763269347556239836e-07
3.060485040681362623e+00 5.103414733289973365e-07
3.062039363126252578e+00 5.455644062499518701e-07
3.063593685571142089e+00 5.861510685139897045e-07
3.065148008016032044e+00 6.297696450012735040e-07
3.066702330460921555e+00 6.734309812105283722e-07
3.068256652905811510e+00 7.171624990611222251e-07
3.069810975350701465e+00 7.613874223444882295e-07
3.071365297795590976e+00 8.121449536309564693e-07
3.072919620240480931e+00 8.658351657193821308e-07
3.074473942685370442e+00 9.229080475442610796e-07
3.076028265130260397e+00 9.828459772417827567e-07
3.077582587575150352e+00 1.048835884433923079e-06
3.079136910020039863e+00 1.118121775972927708e-06
3.080691232464929818e+00 1.189931533293095810e-06
3.082245554909819329e+00 1.266640549650488373e-06
3.083799877354709285e+00 1.345983047043082982e-06
3.085354199799599240e+00 1.438953045225010635e-06
3.086908522244488751e+00 1.535407146994106910e-06
3.088462844689378706e+00 1.634863774764640671e-06
3.090017167134268217e+00 1.743873692219529986e-06
3.091571489579158172e+00 1.862794321617560523e-06
3.093125812024048127e+00 1.995544099612215701e-06
3.094680134468937638e+00 2.134615152402079104e-06
3.096234456913827593e+00 2.285477802745269690e-06
3.097788779358717104e+00 2.454831942940612958e-06
3.099343101803607059e+00 2.648110342138758115e-06
3.100897424248497014e+00 2.856167238230443173e-06
3.102451746693386525e+00 3.070883849489205010e-06
3.104006069138276480e+00 3.317655015980679916e-06
3.105560391583166435e+00 3.587881508193304600e-06
3.107114714028055946e+00 3.886695628345118715e-06
3.108669036472945901e+00 4.225339325366907828e-06
3.110223358917835412e+00 4.603092850186803087e-06
3.111777681362725367e+00 5.022096925693275630e-06
3.113332003807615322e+00 5.490705477371991533e-06
3.114886326252504833e+00 6.037129004917424716e-06
3.116440648697394789e+00 6.655553360341541971e-06
3.117994971142284300e+00 7.347689608000214690e-06
3.119549293587174255e+00 8.127462964613594497e-06
3.121103616032064210e+00 9.033912249430431531e-06
3.122657938476953721e+00 1.005749274017291858e-05
3.124212260921843676e+00 1.122992967656745142e-05
3.125766583366733187e+00 1.257971497511200214e-05
3.127320905811623142e+00 1.412540576013854159e-05
3.128875228256513097e+00 1.589366300696705479e-05
3.130429550701402608e+00 1.791689480820033022e-05
3.131983873146292563e+00 2.023342983888327509e-05
3.133538195591182074e+00 2.289868263238048246e-05
3.135092518036072029e+00 2.599437840986140415e-05
3.136646840480961984e+00 2.956570711908125480e-05
3.138201162925851495e+00 3.367866807304583006e-05
3.139755485370741450e+00 3.840203683354742489e-05
3.141309807815630961e+00 4.383999885610595921e-05
3.142864130260520916e+00 5.006118510695034405e-05
3.144418452705410871e+00 5.722883907452835890e-05
3.145972775150300382e+00 6.546724682814154578e-05
3.147527097595190337e+00 7.484069598756684953e-05
3.149081420040079848e+00 8.539344498125449453e-05
3.150635742484969803e+00 9.714609846442356662e-05
3.152190064929859759e+00 1.101392940248840946e-04
3.153744387374749270e+00 1.243678396388280395e-04
3.155298709819639225e+00 1.399158565321208692e-04
3.156853032264528736e+00 1.565693035666494497e-04
3.158407354709418691e+00 1.741410663155994946e-04
3.159961677154308646e+00 1.924621217069687369e-04
3.161515999599198157e+00 2.111771413675659292e-04
3.163070322044088112e+00 2.302353535398846173e-04
3.164624644488977623e+00 2.492507026946047749e-04
3.166178966933867578e+00 2.682667319976005235e-04
3.167733289378757533e+00 2.870314447435843913e-04
3.169287611823647044e+00 3.055575733921914497e-04
3.170841934268536999e+00 3.239005938687865164e-04
3.172396256713426510e+00 3.421792133058231640e-04
3.173950579158316465e+00 3.603883053544215502e-04
3.175504901603206420e+00 3.781087589607156642e-04
3.177059224048095931e+00 3.956718201243583448e-04
3.178613546492985886e+00 4.129377580101842369e-04
3.180167868937875841e+00 4.300537787842759023e-04
3.181722191382765352e+00 4.467733205306753793e-04
3.183276513827655307e+00 4.632600373490238909e-04
3.184830836272544818e+00 4.793835934584833656e-04
3.186385158717434773e+00 4.950225289841210649e-04
3.187939481162324729e+00 5.102762202151820727e-04
3.189493803607214240e+00 5.250845845172453586e-04
3.191048126052104195e+00 5.394090355420977194e-04
3.192602448496993706e+00 5.530118513410419963e-04
3.194156770941883661e+00 5.660894726447839682e-04
3.195711093386773616e+00 5.785030459872507512e-04
3.197265415831663127e+00 5.904868266130462251e-04
3.198819738276553082e+00 6.021895409173616195e-04
3.200374060721442593e+00 6.127865668640378443e-04
3.201928383166332548e+00 6.228297534112034158e-04
3.203482705611222503e+00 6.322748500660161112e-04
3.205037028056112014e+00 6.412030937639495330e-04
3.206591350501001969e+00 6.494591686599096234e-04
3.208145672945891480e+00 6.571686177188123743e-04
3.209699995390781435e+00 6.644712032294476222e-04
3.211254317835671390e+00 6.712199721844589384e-04
3.212808640280560901e+00 6.769123503083256414e-04
3.214362962725450856e+00 6.827450198165360088e-04
3.215917285170340367e+00 6.883577117889908220e-04
3.217471607615230322e+00 6.934055790762280692e-04
3.219025930060120277e+00 6.981038614667793617e-04
3.220580252505009788e+00 7.027588726731004995e-04
3.222134574949899744e+00 7.081420278733583902e-04
3.223688897394789699e+00 7.124391584652264419e-04
3.225243219839679210e+00 7.165174071983312172e-04
3.226797542284569165e+00 7.203195790166705198e-04
3.228351864729458676e+00 7.239169882682864460e-04
3.229906187174348631e+00 7.273568169978775200e-04
3.231460509619238586e+00 7.301004930884486726e-04
3.233014832064128097e+00 7.327307736864287387e-04
3.234569154509018052e+00 7.352743387435515003e-04
3.236123476953907563e+00 7.377586992842042517e-04
3.237677799398797518e+00 7.399322547494389946e-04
3.239232121843687473e+00 7.419751134641698869e-04
3.240786444288576984e+00 7.438771784009850585e-04
3.242340766733466939e+00 7.456280145598957396e-04
3.243895089178356450e+00 7.473521235670056500e-04
3.245449411623246405e+00 7.500336144376009437e-04
3.247003734068136360e+00 7.517541092463447035e-04
3.248558056513025871e+00 7.533705042873090193e-04
3.250112378957915826e+00 7.549449744796781717e-04
3.251666701402805337e+00 7.565961326599427144e-04
3.253221023847695292e+00 7.581633877971957888e-04
3.254775346292585247e+00 7.596671155331155209e-04
3.256329668737474758e+00 7.612320744629191534e-04
3.257883991182364714e+00 7.629085290733927027e-04
3.259438313627254225e+00 7.645255581939670170e-04
3.260992636072144180e+00 7.660823122607521556e-04
3.262546958517034135e+00 7.675018616998152037e-04
3.264101280961923646e+00 7.688020381058153401e-04
3.265655603406813601e+00 7.700671187735267514e-04
3.267209925851703112e+00 7.716330937248797213e-04
3.268764248296593067e+00 7.737531077333396814e-04
3.270318570741483022e+00 7.751788620530670158e-04
3.271872893186372533e+00 7.765372577417955667e-04
3.273427215631262488e+00 7.777349420142650729e-04
3.274981538076151999e+00 7.787828128303399267e-04
3.276535860521041954e+00 7.799155269504401541e-04
3.278090182965931909e+00 7.811138332019560522e-04
3.279644505410821420e+00 7.825370466527946161e-04
3.281198827855711375e+00 7.839863911539914380e-04
3.282753150300600886e+00 7.854418306824155439e-04
3.284307472745490841e+00 7.868753917681494195e-04
3.285861795190380796e+00 7.881881166812969991e-04
3.287416117635270307e+00 7.895094102565369462e-04
3.288970440080160262e+00 7.908363410666521907e-04
3.290524762525049773e+00 7.932293980481386168e-04
3.292079084969939728e+00 7.947331549496964610e-04
3.293633407414829684e+00 7.962045178334948431e-04
3.295187729859719195e+00 7.977033213273392780e-04
3.296742052304609150e+00 7.992252340280161290e-04
3.298296374749498661e+00 8.006274532933379141e-04
3.299850697194388616e+00 8.020144407679596563e-04
3.301405019639278571e+00 8.032508836947677882e-04
3.302959342084168082e+00 8.044683840225709277e-04
3.304513664529058037e+00 8.056979613276738991e-04
3.306067986973947548e+00 8.069314337177608057e-04
3.307622309418837503e+00 8.080212346492645584e-04
3.309176631863727458e+00 8.090894962489175333e-04
3.310730954308616969e+00 8.098305067578442278e-04
3.312285276753506924e+00 8.111669841386934905e-04
3.313839599198396879e+00 8.116704750779512754e-04
3.315393921643286390e+00 8.121810789369765657e-04
3.316948244088176345e+00 8.125902265400370252e-04
3.318502566533065856e+00 8.129850507492353360e-04
3.320056888977955811e+00 8.133197418535467564e-04
3.321611211422845766e+00 8.134968635428776454e-04
3.323165533867735277e+00 8.138447255544382355e-04
3.324719856312625232e+00 8.141554312431478540e-04
3.326274178757514743e+00 8.144537652129249560e-04
3.327828501202404698e+00 8.148274220448512798e-04
3.329382823647294654e+00 8.153235789717551548e-04
3.330937146092184165e+00 8.149629493867268076e-04
3.332491468537074120e+00 8.140042907539413305e-04
3.334045790981964075e+00 8.132436158416221162e-04
3.335600113426853586e+00 8.135335606161007071e-04
3.337154435871743541e+00 8.128209725117215576e-04
3.338708758316633052e+00 8.120724268780403488e-04
3.340263080761523007e+00 8.111080612698409265e-04
3.341817403206412962e+00 8.081179281871124715e-04
3.343371725651302473e+00 8.050466058990014525e-04
3.344926048096192428e+00 8.019146179480492100e-04
3.346480370541081939e+00 7.987073090061897309e-04
3.348034692985971894e+00 7.955334668560120346e-04
3.349589015430861849e+00 7.925949768705123051e-04
3.351143337875751360e+00 7.866386028291838008e-04
3.352697660320641315e+00 7.795652206001198441e-04
3.354251982765530826e+00 7.722554544593910296e-04
3.355806305210420781e+00 7.648318946844122725e-04
3.357360627655310736e+00 7.575499549961586983e-04
3.358914950100200247e+00 7.503523172604062343e-04
3.360469272545090202e+00 7.455417722086888754e-04
3.362023594989979713e+00 7.465032908781948267e-04
3.363577917434869669e+00 7.474791563881169783e-04
3.365132239879759624e+00 7.483612751536185444e-04
3.366686562324649135e+00 7.491028113152464014e-04
3.368240884769539090e+00 7.498300096551089016e-04
3.369795207214428601e+00 7.505451988848054661e-04
3.371349529659318556e+00 7.576910188083768464e-04
3.372903852104208511e+00 7.665950462182669674e-04
3.374458174549098022e+00 7.755377227333892743e-04
3.376012496993987977e+00 7.834981157890653870e-04
3.377566819438877488e+00 7.915237108110573976e-04
3.379121141883767443e+00 7.994248783867397229e-04
3.380675464328657398e+00 8.047091586246788450e-04
3.382229786773546909e+00 8.068715162364594167e-04
3.383784109218436864e+00 8.092327711123074776e-04
3.385338431663326375e+00 8.114983519938113923e-04
3.386892754108216330e+00 8.135301196449316831e-04
3.388447076553106285e+00 8.155673874703918240e-04
3.390001398997995796e+00 8.177974277369940348e-04
3.391555721442885751e+00 8.170617569109882078e-04
3.393110043887775262e+00 8.162404844364544703e-04
3.394664366332665217e+00 8.152693209678602308e-04
3.396218688777555172e+00 8.143645620318094771e-04
3.397773011222444683e+00 8.136164988808876342e-04
3.399327333667334639e+00 8.128589386526452638e-04
3.400881656112224150e+00 8.122509593455619044e-04
3.402435978557114105e+00 8.119532422836451017e-04
3.403990301002004060e+00 8.116107279824497566e-04
3.405544623446893571e+00 8.111236354064522459e-04
3.407098945891783526e+00 8.108401030593531070e-04
3.408653268336673037e+00 8.106964184596505757e-04
3.410207590781562992e+00 8.117543237508860520e-04
3.411761913226452947e+00 8.132358335855444922e-04
3.413316235671342458e+00 8.146975993355333196e-04
3.414870558116232413e+00 8.159442567269606329e-04
3.416424880561121924e+00 8.180643208793467137e-04
3.417979203006011879e+00 8.192672734688466766e-04
3.419533525450901834e+00 8.204822506044569816e-04
3.421087847895791345e+00 8.223820040419448129e-04
3.422642170340681300e+00 8.244599338141146184e-04
3.424196492785570811e+00 8.266227609021881010e-04
3.425750815230460766e+00 8.289103508045245119e-04
3.427305137675350721e+00 8.309567384939871987e-04
3.428859460120240232e+00 8.329405479209128554e-04
3.430413782565130187e+00 8.347388920969439673e-04
3.431968105010019698e+00 8.362441071358578957e-04
3.433522427454909653e+00 8.379285091326660849e-04
3.435076749899799609e+00 8.396184543440922800e-04
3.436631072344689120e+00 8.411965940143030247e-04
3.438185394789579075e+00 8.425929748772953984e-04
3.439739717234469030e+00 8.439088041432598860e-04
3.441294039679358541e+00 8.447433868957409352e-04
3.442848362124248496e+00 8.453272270020652495e-04
3.444402684569138007e+00 8.466676231101499068e-04
3.445957007014027962e+00 8.471308706251572292e-04
3.447511329458917917e+00 8.476966202731708215e-04
3.449065651903807428e+00 8.492918028445408047e-04
3.450619974348697383e+00 8.502591492824137067e-04
3.452174296793586894e+00 8.514770289770569800e-04
3.453728619238476849e+00 8.526037789058180539e-04
3.455282941683366804e+00 8.536535797024400298e-04
3.456837264128256315e+00 8.548331592127783162e-04
3.458391586573146270e+00 8.560835226299915801e-04
3.459945909018036225e+00 8.574879994568695724e-04
3.461500231462925736e+00 8.589007408198768038e-04
3.463054553907815691e+00 8.604879459209028615e-04
3.464608876352705202e+00 8.621995811950089114e-04
3.466163198797595157e+00 8.640754432578675410e-04
3.467717521242485113e+00 8.659460567829403623e-04
3.469271843687374623e+00 8.678299633221066289e-04
3.470826166132264579e+00 8.690582611651711132e-04
3.472380488577154090e+00 8.698705652522023763e-04
3.473934811022044045e+00 8.710066715460264850e-04
3.475489133466934000e+00 8.722137020473478197e-04
3.477043455911823511e+00 8.744603158914378716e-04
3.478597778356713466e+00 8.757518746145905204e-04
3.480152100801602977e+00 8.781269398051307594e-04
3.481706423246492932e+00 8.801226052458532194e-04
3.483260745691382887e+00 8.820103801330365055e-04
3.484815068136272398e+00 8.838077459660612914e-04
3.486369390581162353e+00 8.855993915197699897e-04
3.487923713026051864e+00 8.870640095769617445e-04
3.489478035470941819e+00 8.879688742184094078e-04
3.491032357915831774e+00 8.885514431369495635e-04
3.492586680360721285e+00 8.885646454622614376e-04
3.494141002805611240e+00 8.877948676491262837e-04
3.495695325250500751e+00 8.861764760431128278e-04
3.497249647695390706e+00 8.836091725908504007e-04
3.498803970140280661e+00 8.799619013501914925e-04
3.500358292585170172e+00 8.750164595595703561e-04
3.501912615030060127e+00 8.687392362123585836e-04
3.503466937474949638e+00 8.610656768569554089e-04
3.505021259919839594e+00 8.518708882646561795e-04
3.506575582364729549e+00 8.411101496001505747e-04
3.508129904809619060e+00 8.297432390252599535e-04
3.509684227254509015e+00 8.158191040545660329e-04
3.511238549699398526e+00 8.018616111147416686e-04
3.512792872144288481e+00 7.855783404531728074e-04
3.514347194589178436e+00 7.681129135136751263e-04
3.515901517034067947e+00 7.498127220828402269e-04
3.517455839478957902e+00 7.305160899485738275e-04
3.519010161923847413e+00 7.101718125857831672e-04
3.520564484368737368e+00 6.888156323589499910e-04
3.522118806813627323e+00 6.667266492848061225e-04
3.523673129258516834e+00 6.442046286301035931e-04
3.525227451703406789e+00 6.215202834176222421e-04
3.526781774148296300e+00 5.988051982746057152e-04
3.528336096593186255e+00 5.759716290226139356e-04
3.529890419038076210e+00 5.531743170125404856e-04
3.531444741482965721e+00 5.305308875649806903e-04
3.532999063927855676e+00 5.082738387769669946e-04
3.534553386372745187e+00 4.868432132773313839e-04
3.536107708817635142e+00 4.658449558338018993e-04
3.537662031262525097e+00 4.453440665796151092e-04
3.539216353707414608e+00 4.256381797156452988e-04
3.540770676152304564e+00 4.065553969923564278e-04
3.542324998597194075e+00 3.881872273470996035e-04
3.543879321042084030e+00 3.706949470191670502e-04
3.545433643486973985e+00 3.536840538173198468e-04
3.546987965931863496e+00 3.373675782040082023e-04
3.548542288376753451e+00 3.218366502887733908e-04
3.550096610821642962e+00 3.070073426112934311e-04
3.551650933266532917e+00 2.930655110854002519e-04
3.553205255711422872e+00 2.796575528535448951e-04
3.554759578156312383e+00 2.667475034521782340e-04
3.556313900601202338e+00 2.543858164398961970e-04
3.557868223046091849e+00 2.425759482233122075e-04
3.559422545490981804e+00 2.313189509814002863e-04
3.560976867935871759e+00 2.205725361858265480e-04
3.562531190380761270e+00 2.103240492050283041e-04
3.564085512825651225e+00 2.004972377898543777e-04
3.565639835270540736e+00 1.910718414049652201e-04
3.567194157715430691e+00 1.820386157763971926e-04
3.568748480160320646e+00 1.735562776349982195e-04
3.570302802605210601e+00 1.652661544607158237e-04
3.571857125050100112e+00 1.571899541324548095e-04
3.573411447494989623e+00 1.494078655035482265e-04
3.574965769939879578e+00 1.419142398391586078e-04
3.576520092384769534e+00 1.347152269849792475e-04
3.578074414829659489e+00 1.279244811549823293e-04
3.579628737274549000e+00 1.212686207078095512e-04
3.581183059719438955e+00 1.148188377712220081e-04
3.582737382164328466e+00 1.086045291697753734e-04
3.584291704609218421e+00 1.026549034843531651e-04
3.585846027054108376e+00 9.696899803363809810e-05
3.587400349498997887e+00 9.144029558857261273e-05
3.588954671943887842e+00 8.613974117732034724e-05
3.590508994388777353e+00 8.107802470288813046e-05
3.592063316833667308e+00 7.623218803303393820e-05
3.593617639278557263e+00 7.161893348344947898e-05
3.595171961723446774e+00 6.722073846030882246e-05
3.596726284168336729e+00 6.303850647730692761e-05
3.598280606613226240e+00 5.906898992882617187e-05
3.599834929058116195e+00 5.530364426714340771e-05
3.601389251503006150e+00 5.176264439296758503e-05
3.602943573947895661e+00 4.842558098134505548e-05
3.604497896392785616e+00 4.534063186325337308e-05
3.606052218837675127e+00 4.237591998402510430e-05
3.607606541282565082e+00 3.958883986018748024e-05
3.609160863727455038e+00 3.698068181443000998e-05
3.610715186172344549e+00 3.453964015154741463e-05
3.612269508617234504e+00 3.226721186285840101e-05
3.613823831062124015e+00 3.014181798610180129e-05
3.615378153507013970e+00 2.816179641404615842e-05
3.616932475951903925e+00 2.630905970932941162e-05
3.618486798396793436e+00 2.458619012108744707e-05
3.620041120841683391e+00 2.301856309880526735e-05
3.621595443286572902e+00 2.152836920121964324e-05
3.623149765731462857e+00 2.014861306636668591e-05
3.624704088176352812e+00 1.886490096336341504e-05
3.626258410621242323e+00 1.768254900046296743e-05
3.627812733066132278e+00 1.657260657903161867e-05
3.629367055511021789e+00 1.553026282363145175e-05
3.630921377955911744e+00 1.458457648516339119e-05
3.632475700400801699e+00 1.370453506933358517e-05
3.634030022845691210e+00 1.289411390731708136e-05
3.635584345290581165e+00 1.213320650350509561e-05
3.637138667735470676e+00 1.142256849377864655e-05
3.638692990180360631e+00 1.076064965598778374e-05
3.640247312625250586e+00 1.015334986340565253e-05
3.641801635070140097e+00 9.601080487935854002e-06
3.643355957515030052e+00 9.071274704033312544e-06
3.644910279959919563e+00 8.583247159299215988e-06
3.646464602404809519e+00 8.127770893490134454e-06
3.648018924849699474e+00 7.704158138971608038e-06
3.649573247294588985e+00 7.313722113394940992e-06
3.651127569739478940e+00 6.944486005770831444e-06
3.652681892184368451e+00 6.608256243771866071e-06
3.654236214629258406e+00 6.286093261730692820e-06
3.655790537074148361e+00 5.990302707336199055e-06
3.657344859519037872e+00 5.709650024610523268e-06
3.658899181963927827e+00 5.445664225087741966e-06
3.660453504408817338e+00 5.208019428620985802e-06
3.662007826853707293e+00 4.980905214862477423e-06
3.663562149298597248e+00 4.770747414217476725e-06
3.665116471743486759e+00 4.566769951288158912e-06
3.666670794188376714e+00 4.376874616245884988e-06
3.668225116633266225e+00 4.199127873965476054e-06
3.669779439078156180e+00 4.033227368322347652e-06
3.671333761523046135e+00 3.883096782974954096e-06
3.672888083967935646e+00 3.732669164040465534e-06
3.674442406412825601e+00 3.592286810059025184e-06
3.675996728857715112e+00 3.458116280953267982e-06
3.677551051302605067e+00 3.333132010294740547e-06
3.679105373747495022e+00 3.220499733235263087e-06
3.680659696192384533e+00 3.107649149338871619e-06
3.682214018637274489e+00 3.008419645547491469e-06
3.683768341082164000e+00 2.910093958069927009e-06
3.685322663527053955e+00 2.820023275323214581e-06
3.686876985971943910e+00 2.731422781756234575e-06
3.688431308416833865e+00 2.633014094837400613e-06
3.689985630861723376e+00 2.549517464787783986e-06
3.691539953306612887e+00 2.472594471383911972e-06
3.693094275751502842e+00 2.404422711034658173e-06
3.694648598196392797e+00 2.339129864236394711e-06
3.696202920641282752e+00 2.268717067526581911e-06
3.697757243086172263e+00 2.204253553016886216e-06
3.699311565531061774e+00 2.135735738244831892e-06
3.700865887975951729e+00 2.072160965276558376e-06
3.702420210420841684e+00 2.011026805707395363e-06
3.703974532865731639e+00 1.949921012314135878e-06
3.705528855310621150e+00 1.894874083841162758e-06
3.707083177755511105e+00 1.839579686130125792e-06
3.708637500200400616e+00 1.788428382128386413e-06
3.710191822645290571e+00 1.732862085085173358e-06
3.711746145090180526e+00 1.675634469144952419e-06
3.713300467535070037e+00 1.621919663729167627e-06
3.714854789979959993e+00 1.567219050757914145e-06
3.716409112424849503e+00 1.521644548637829143e-06
3.717963434869739459e+00 1.476682016504281878e-06
3.719517757314629414e+00 1.430568682481580597e-06
3.721072079759518925e+00 1.385297522747501925e-06
3.722626402204408880e+00 1.340084583991519584e-06
3.724180724649298391e+00 1.296920481370039995e-06
3.725735047094188346e+00 1.247062863882540311e-06
3.727289369539078301e+00 1.201148355109202658e-06
3.728843691983967812e+00 1.156714371006289444e-06
3.730398014428857767e+00 1.110399991900840567e-06
3.731952336873747278e+00 1.068361218504714260e-06
3.733506659318637233e+00 1.022503621359690275e-06
3.735060981763527188e+00 9.821824322981101806e-07
3.736615304208416699e+00 9.425981866670322726e-07
3.738169626653306654e+00 9.004258130981196900e-07
3.739723949098196165e+00 8.639873378719793622e-07
3.741278271543086120e+00 8.225507172847979116e-07
3.742832593987976075e+00 7.809946326185356734e-07
3.744386916432865586e+00 7.425450684117662123e-07
3.745941238877755541e+00 7.060655734632166470e-07
3.747495561322645052e+00 6.740246661223699316e-07
3.749049883767535007e+00 6.369684835437755860e-07
3.750604206212424963e+00 6.047557358592104857e-07
3.752158528657314474e+00 5.750682944033241404e-07
3.753712851102204429e+00 5.438956242425575207e-07
3.755267173547093940e+00 5.184327388424770185e-07
3.756821495991983895e+00 4.861165464181374757e-07
3.758375818436873850e+00 4.576012176313393843e-07
3.759930140881763361e+00 4.347839829592719315e-07
3.761484463326653316e+00 4.105309662090633694e-07
3.763038785771542827e+00 3.895567284929068865e-07
3.764593108216432782e+00 3.666293096755644442e-07
3.766147430661322737e+00 3.478738111032092818e-07
3.767701753106212248e+00 3.303275540167567354e-07
3.769256075551102203e+00 3.083146556235444531e-07
3.770810397995991714e+00 2.914032111280761230e-07
3.772364720440881669e+00 2.763033206151432573e-07
3.773919042885771624e+00 2.638655620847761804e-07
3.775473365330661135e+00 2.546260056602364651e-07
3.777027687775551090e+00 2.403680508858766555e-07
3.778582010220440601e+00 2.258725018525416691e-07
3.780136332665330556e+00 2.094605224215498337e-07
3.781690655110220511e+00 1.988051185975322097e-07
3.783244977555110022e+00 1.957573335883738220e-07
3.784799299999999977e+00 1.892360259833146185e-07
