4.061799999999999855e+00 9.304824456227816490e-05
4.062704448897795473e+00 9.779651068648241108e-05
4.063608897795591091e+00 1.026544893982626752e-04
4.064513346693386708e+00 1.076062210268494102e-04
4.065417795591182326e+00 1.114483564701980938e-04
4.066322244488977944e+00 1.154340353622878521e-04
4.067226693386773562e+00 1.195829241994218615e-04
4.068131142284569179e+00 1.249935828737475324e-04
4.069035591182364797e+00 1.312528820171853590e-04
4.069940040080160415e+00 1.383005907925685674e-04
4.070844488977956033e+00 1.462149561269673740e-04
4.071748937875751650e+00 1.540612646470276143e-04
4.072653386773547268e+00 1.619886266349107172e-04
4.073557835671342886e+00 1.703310427544899909e-04
4.074462284569138504e+00 1.795460692431894074e-04
4.075366733466934122e+00 1.896070113529222940e-04
4.076271182364729739e+00 2.010819003399075895e-04
4.077175631262524469e+00 2.130713695481563515e-04
4.078080080160320087e+00 2.254884651072503008e-04
4.078984529058115704e+00 2.382976619451049566e-04
4.079888977955911322e+00 2.516585585556400896e-04
4.080793426853706940e+00 2.655771748341404599e-04
4.081697875751502558e+00 2.814132930149408672e-04
4.082602324649298176e+00 2.984585251471137636e-04
4.083506773547093793e+00 3.165266924324163888e-04
4.084411222444889411e+00 3.362886983397355019e-04
4.085315671342685029e+00 3.569979428311759900e-04
4.086220120240480647e+00 3.785059292776755437e-04
4.087124569138276264e+00 4.014226234599558825e-04
4.088029018036071882e+00 4.257379652572404905e-04
4.088933466933867500e+00 4.513750076993135792e-04
4.089837915831663118e+00 4.802558759177443849e-04
4.090742364729458735e+00 5.109623225085945962e-04
4.091646813627254353e+00 5.431160550375315615e-04
4.092551262525049971e+00 5.775913870245138028e-04
4.093455711422845589e+00 6.140588933198272989e-04
4.094360160320641207e+00 6.521835907494333935e-04
4.095264609218436824e+00 6.934267042175254643e-04
4.096169058116232442e+00 7.372003907759748682e-04
4.097073507014028060e+00 7.830629039607321738e-04
4.097977955911823678e+00 8.328417310770907557e-04
4.098882404809619295e+00 8.864948236313161846e-04
4.099786853707414913e+00 9.430598195519079982e-04
4.100691302605210531e+00 1.004156607586000147e-03
4.101595751503006149e+00 1.069119951569242992e-03
4.102500200400801766e+00 1.137208697751983808e-03
4.103404649298597384e+00 1.211539206077396659e-03
4.104309098196393002e+00 1.292442820393063579e-03
4.105213547094188620e+00 1.377477661616978866e-03
4.106117995991984237e+00 1.471397109570892012e-03
4.107022444889778967e+00 1.572782922244581700e-03
4.107926893787574585e+00 1.679695549550822530e-03
4.108831342685370203e+00 1.795569391389060599e-03
4.109735791583165820e+00 1.920232410669223252e-03
4.110640240480961438e+00 2.051659666777560197e-03
4.111544689378757056e+00 2.194259813482942519e-03
4.112449138276552674e+00 2.348842571600903619e-03
4.113353587174348291e+00 2.512678456515875843e-03
4.114258036072143909e+00 2.692218592635337200e-03
4.115162484969939527e+00 2.888060612006242579e-03
4.116066933867735145e+00 3.095637189998711684e-03
4.116971382765530763e+00 3.321650083187446291e-03
4.117875831663326380e+00 3.568007572948670922e-03
4.118780280561121998e+00 3.832503492847261391e-03
4.119684729458917616e+00 4.118402445741514185e-03
4.120589178356713234e+00 4.430894109120959989e-03
4.121493627254508851e+00 4.763275539293471833e-03
4.122398076152304469e+00 5.126592586976889097e-03
4.123302525050100087e+00 5.525431700780305232e-03
4.124206973947895705e+00 5.949543754800830191e-03
4.125111422845691322e+00 6.412121973103283509e-03
4.126015871743486940e+00 6.921720111678421848e-03
4.126920320641282558e+00 7.464010927738333294e-03
4.127824769539078176e+00 8.054730809054624907e-03
4.128729218436873794e+00 8.706556596908426177e-03
4.129633667334669411e+00 9.401629005817965790e-03
4.130538116232465029e+00 1.016011088696757055e-02
4.131442565130260647e+00 1.100113247360894400e-02
4.132347014028056265e+00 1.189860803288714068e-02
4.133251462925851882e+00 1.287672442785458074e-02
4.134155911823647500e+00 1.396437962920276353e-02
4.135060360721443118e+00 1.512657146086813023e-02
4.135964809619238736e+00 1.639362266229271378e-02
4.136869258517034353e+00 1.780953849138993197e-02
4.137773707414829083e+00 1.932357045885312735e-02
4.138678156312624701e+00 2.097148364730003905e-02
4.139582605210420319e+00 2.281463703333982962e-02
4.140487054108215936e+00 2.478935372569816484e-02
4.141391503006011554e+00 2.694049065972032447e-02
4.142295951903807172e+00 2.935204187450452321e-02
4.143200400801602790e+00 3.193328591513391879e-02
4.144104849699398407e+00 3.473712958035202192e-02
4.145009298597194025e+00 3.788542360387495145e-02
4.145913747494989643e+00 4.125330095668448133e-02
4.146818196392785261e+00 4.490202413832677236e-02
4.147722645290580878e+00 4.903183181437772986e-02
4.148627094188376496e+00 5.341988978281380501e-02
4.149531543086172114e+00 5.814111936349681403e-02
4.150435991983967732e+00 6.342339980261089971e-02
4.151340440881763350e+00 6.904079999115064759e-02
4.152244889779558967e+00 7.506767756719097406e-02
4.153149338677354585e+00 8.175894971028786762e-02
4.154053787575150203e+00 8.884947637582238378e-02
4.154958236472945821e+00 9.641511998155265217e-02
4.155862685370741438e+00 1.047609866440140092e-01
4.156767134268537056e+00 1.135554354563224067e-01
4.157671583166332674e+00 1.228685539621710426e-01
4.158576032064128292e+00 1.329788281666617056e-01
4.159480480961923909e+00 1.435203058764889794e-01
4.160384929859719527e+00 1.546118061879069305e-01
4.161289378757515145e+00 1.665473304621171158e-01
4.162193827655310763e+00 1.787798161226591132e-01
4.163098276553106381e+00 1.914505602176001520e-01
4.164002725450901998e+00 2.047914482537410430e-01
4.164907174348697616e+00 2.183970658469454318e-01
4.165811623246493234e+00 2.322766002974644972e-01
4.166716072144288852e+00 2.463544804063730609e-01
4.167620521042083581e+00 2.605313907895093206e-01
4.168524969939879199e+00 2.748127960888756549e-01
4.169429418837674817e+00 2.891243599267087072e-01
4.170333867735470434e+00 3.033649759800502443e-01
4.171238316633266052e+00 3.175281754111172750e-01
4.172142765531061670e+00 3.312666718178582936e-01
4.173047214428857288e+00 3.445839300400697636e-01
4.173951663326652906e+00 3.574717877564271284e-01
4.174856112224448523e+00 3.697284197972218744e-01
4.175760561122244141e+00 3.816070658100811919e-01
4.176665010020039759e+00 3.931066260675951662e-01
4.177569458917835377e+00 4.037857596608958599e-01
4.178473907815630994e+00 4.139955487831344927e-01
4.179378356713426612e+00 4.237378911838267648e-01
4.180282805611222230e+00 4.322846652894170028e-01
4.181187254509017848e+00 4.403699683978108959e-01
4.182091703406813465e+00 4.480137348737784908e-01
4.182996152304609083e+00 4.548416222065963521e-01
4.183900601202404701e+00 4.612305964959537152e-01
4.184805050100200319e+00 4.672082174844756075e-01
4.185709498997995937e+00 4.724152172694148222e-01
4.186613947895791554e+00 4.770871812028724679e-01
4.187518396793587172e+00 4.812893430273491036e-01
4.188422845691382790e+00 4.849223800196280632e-01
4.189327294589178408e+00 4.882367464876971597e-01
4.190231743486974025e+00 4.912670033950621851e-01
4.191136192384769643e+00 4.938095155698645766e-01
4.192040641282565261e+00 4.960683382711094103e-01
4.192945090180360879e+00 4.980799751165852496e-01
4.193849539078156496e+00 5.001518921633190118e-01
4.194753987975952114e+00 5.016421508294187648e-01
4.195658436873747732e+00 5.028915945481180483e-01
4.196562885771543350e+00 5.038929572293577852e-01
4.197467334669338968e+00 5.047575050897487037e-01
4.198371783567133697e+00 5.055119408225071664e-01
4.199276232464929315e+00 5.061090606070908215e-01
4.200180681362724933e+00 5.065883220513900387e-01
4.201085130260520550e+00 5.069773951126100853e-01
4.201989579158316168e+00 5.072681570102676174e-01
4.202894028056111786e+00 5.075108882381779152e-01
4.203798476953907404e+00 5.081648981330166848e-01
4.204702925851703021e+00 5.084371852872565656e-01
4.205607374749498639e+00 5.085483534273349537e-01
4.206511823647294257e+00 5.086257640423079707e-01
4.207416272545089875e+00 5.086671163466490730e-01
4.208320721442885493e+00 5.087043163887157160e-01
4.209225170340681110e+00 5.087367565005049830e-01
4.210129619238476728e+00 5.087582231331434501e-01
4.211034068136272346e+00 5.087743007341679613e-01
4.211938517034067964e+00 5.087829938750214609e-01
4.212842965931863581e+00 5.087955090581779416e-01
4.213747414829659199e+00 5.088227945518007944e-01
4.214651863727454817e+00 5.088565583622303157e-01
4.215556312625250435e+00 5.088878268034685570e-01
4.216460761523046052e+00 5.089210310417986438e-01
4.217365210420841670e+00 5.089590252822446814e-01
4.218269659318637288e+00 5.090143810041501959e-01
4.219174108216432906e+00 5.090881507683768792e-01
4.220078557114228524e+00 5.091662608935917378e-01
4.220983006012024141e+00 5.092256008249880228e-01
4.221887454909819759e+00 5.092912902297650479e-01
4.222791903807615377e+00 5.093629115414980424e-01
4.223696352705410995e+00 5.094471933186438539e-01
4.224600801603206612e+00 5.095376107597908710e-01
4.225505250501002230e+00 5.096245546522762959e-01
4.226409699398797848e+00 5.096919450043906341e-01
4.227314148296592577e+00 5.097666193124605893e-01
4.228218597194388195e+00 5.098442921532013727e-01
4.229123046092183813e+00 5.099234328457865617e-01
4.230027494989979431e+00 5.099953398232698332e-01
4.230931943887775049e+00 5.100598565359855119e-01
4.231836392785570666e+00 5.101024118246602068e-01
4.232740841683366284e+00 5.101520791359953622e-01
4.233645290581161902e+00 5.102006523695841178e-01
4.234549739478957520e+00 5.102399483099129274e-01
4.235454188376753137e+00 5.102632552640479213e-01
4.236358637274548755e+00 5.102754624486924850e-01
4.237263086172344373e+00 5.102712404964001580e-01
4.238167535070139991e+00 5.102798334736884378e-01
4.239071983967935608e+00 5.102865252778856497e-01
4.239976432865731226e+00 5.102796124414765710e-01
4.240880881763526844e+00 5.102517877930052848e-01
4.241785330661322462e+00 5.102158925599190598e-01
4.242689779559118080e+00 5.105726906857724900e-01
4.243594228456913697e+00 5.107114821965157425e-01
4.244498677354709315e+00 5.106554423129842091e-01
4.245403126252504933e+00 5.105666254951255478e-01
4.246307575150300551e+00 5.104518847303020079e-01
4.247212024048096168e+00 5.104431881311143337e-01
4.248116472945891786e+00 5.107427843787687438e-01
4.249020921843687404e+00 5.105887397123800575e-01
4.249925370741483022e+00 5.104098253986193434e-01
4.250829819639278639e+00 5.101792389793476934e-01
4.251734268537074257e+00 5.099229035067586180e-01
4.252638717434869875e+00 5.096525596117187362e-01
4.253543166332665493e+00 5.093647290363980673e-01
4.254447615230461111e+00 5.090497529427735479e-01
4.255352064128256728e+00 5.087007821887008507e-01
4.256256513026052346e+00 5.082993070753594189e-01
4.257160961923847964e+00 5.078491429655622724e-01
4.258065410821642693e+00 5.073712951750610767e-01
4.258969859719438311e+00 5.068592741753875641e-01
4.259874308617233929e+00 5.062843137347150524e-01
4.260778757515029547e+00 5.051148197229660131e-01
4.261683206412825164e+00 5.037925155812653655e-01
4.262587655310620782e+00 5.023615207959999385e-01
4.263492104208416400e+00 5.008692568544673707e-01
4.264396553106212018e+00 4.993032687754626608e-01
4.265301002004007636e+00 4.975924325089841060e-01
4.266205450901803253e+00 4.957883093789749451e-01
4.267109899799598871e+00 4.938707525514832164e-01
4.268014348697394489e+00 4.916883304720375270e-01
4.268918797595190107e+00 4.893625625126064027e-01
4.269823246492985724e+00 4.868722474855473603e-01
4.270727695390781342e+00 4.839256618702281743e-01
4.271632144288576960e+00 4.808533801168339283e-01
4.272536593186372578e+00 4.777156710477825086e-01
4.273441042084168195e+00 4.747419034514848146e-01
4.274345490981963813e+00 4.721743502324067254e-01
4.275249939879759431e+00 4.700999993412275924e-01
4.276154388777555049e+00 4.691046330812749798e-01
4.277058837675350667e+00 4.687169590597057289e-01
4.277963286573146284e+00 4.689844057328216298e-01
4.278867735470941902e+00 4.704510330677608709e-01
4.279772184368737520e+00 4.721011519996005101e-01
4.280676633266533138e+00 4.757353750748748999e-01
4.281581082164328755e+00 4.794658847331207951e-01
4.282485531062124373e+00 4.828546856366091600e-01
4.283389979959919991e+00 4.858833758393831803e-01
4.284294428857715609e+00 4.881339870542559800e-01
4.285198877755511226e+00 4.900150467601499527e-01
4.286103326653306844e+00 4.915218822874080629e-01
4.287007775551102462e+00 4.928417526443857333e-01
4.287912224448897192e+00 4.941137871684313509e-01
4.288816673346692809e+00 4.953385030995313687e-01
4.289721122244488427e+00 4.965438876531215739e-01
4.290625571142284045e+00 4.967119912446079644e-01
4.291530020040079663e+00 4.964142907678777972e-01
4.292434468937875280e+00 4.961241380016837565e-01
4.293338917835670898e+00 4.960279370333908755e-01
4.294243366733466516e+00 4.962536687538636748e-01
4.295147815631262134e+00 4.964241766626449337e-01
4.296052264529057751e+00 4.961609149906397453e-01
4.296956713426853369e+00 4.958939880516579635e-01
4.297861162324648987e+00 4.956442933553035779e-01
4.298765611222444605e+00 4.954060618524039339e-01
4.299670060120240223e+00 4.951780489264158147e-01
4.300574509018035840e+00 4.949313159637357407e-01
4.301478957915831458e+00 4.946621663565864413e-01
4.302383406813627076e+00 4.943926566610249429e-01
4.303287855711422694e+00 4.941541222324931093e-01
4.304192304609218311e+00 4.939310936162517596e-01
4.305096753507013929e+00 4.937212487240561498e-01
4.306001202404809547e+00 4.935307481037619071e-01
4.306905651302605165e+00 4.933444645909730308e-01
4.307810100200400782e+00 4.931659891645269189e-01
4.308714549098196400e+00 4.930345493391673495e-01
4.309618997995992018e+00 4.929215108608903106e-01
4.310523446893787636e+00 4.928213787080518160e-01
4.311427895791583254e+00 4.927379148308778656e-01
4.312332344689378871e+00 4.926586189158128626e-01
4.313236793587174489e+00 4.925877991828704339e-01
4.314141242484970107e+00 4.925608215114852806e-01
4.315045691382765725e+00 4.925463299928810601e-01
4.315950140280561342e+00 4.925409455157543914e-01
4.316854589178356960e+00 4.925461538421060936e-01
4.317759038076152578e+00 4.925533700560212891e-01
4.318663486973948196e+00 4.925680307906600275e-01
4.319567935871742925e+00 4.926210533010763615e-01
4.320472384769538543e+00 4.926861506713561822e-01
4.321376833667334161e+00 4.927602916145166212e-01
4.322281282565129779e+00 4.928377535480551463e-01
4.323185731462925396e+00 4.929145199204028605e-01
4.324090180360721014e+00 4.929955067422451265e-01
4.324994629258516632e+00 4.930998503931414145e-01
4.325899078156312250e+00 4.931968128928171935e-01
4.326803527054107867e+00 4.932874881439331394e-01
4.327707975951903485e+00 4.933660242072699376e-01
4.328612424849699103e+00 4.934333871127979387e-01
4.329516873747494721e+00 4.934973510134174624e-01
4.330421322645290338e+00 4.935664085124424894e-01
4.331325771543085956e+00 4.936149767297889346e-01
4.332230220440881574e+00 4.936499837852780237e-01
4.333134669338677192e+00 4.936615341853777816e-01
4.334039118236472810e+00 4.936516107408485676e-01
4.334943567134268427e+00 4.936281499200005363e-01
4.335848016032064045e+00 4.935879279052343138e-01
4.336752464929859663e+00 4.935140049869277679e-01
4.337656913827655281e+00 4.934158828583160572e-01
4.338561362725450898e+00 4.932801229814972599e-01
4.339465811623246516e+00 4.931101572999290195e-01
4.340370260521042134e+00 4.929165570619488124e-01
4.341274709418837752e+00 4.926886430408857764e-01
4.342179158316633369e+00 4.924169400380494221e-01
4.343083607214428987e+00 4.921152937976694397e-01
4.343988056112224605e+00 4.917693360162823657e-01
4.344892505010020223e+00 4.913840130386822325e-01
4.345796953907815841e+00 4.914037602029897034e-01
4.346701402805611458e+00 4.910667860014645836e-01
4.347605851703406188e+00 4.905786945899785478e-01
4.348510300601201806e+00 4.900576195674972158e-01
4.349414749498997423e+00 4.894930862498648727e-01
4.350319198396793041e+00 4.888979580546882198e-01
4.351223647294588659e+00 4.884058451832905545e-01
4.352128096192384277e+00 4.881942223404818759e-01
4.353032545090179894e+00 4.875188581336256100e-01
4.353936993987975512e+00 4.868230096798946693e-01
4.354841442885771130e+00 4.860986730555148516e-01
4.355745891783566748e+00 4.853662819033272569e-01
4.356650340681362366e+00 4.846266801416237446e-01
4.357554789579157983e+00 4.838755877320579657e-01
4.358459238476953601e+00 4.831077059940910856e-01
4.359363687374749219e+00 4.823278205503321869e-01
4.360268136272544837e+00 4.815337254312784254e-01
4.361172585170340454e+00 4.807514003332380437e-01
4.362077034068136072e+00 4.799632696647400110e-01
4.362981482965931690e+00 4.791617251209216444e-01
4.363885931863727308e+00 4.783376930169345176e-01
4.364790380761522925e+00 4.774954882851733529e-01
4.365694829659318543e+00 4.766271779610903869e-01
4.366599278557114161e+00 4.757181823590668768e-01
4.367503727454909779e+00 4.747721892429567214e-01
4.368408176352705397e+00 4.737726687572795248e-01
4.369312625250501014e+00 4.726853909112598284e-01
4.370217074148296632e+00 4.715243353039318408e-01
4.371121523046092250e+00 4.702603979321417493e-01
4.372025971943887868e+00 4.688058945092249408e-01
4.372930420841683485e+00 4.672324276469549953e-01
4.373834869739479103e+00 4.655102871254180874e-01
4.374739318637274721e+00 4.635428838989507638e-01
4.375643767535070339e+00 4.613560129806026922e-01
4.376548216432865956e+00 4.588792557595257615e-01
4.377452665330661574e+00 4.559648429210455545e-01
4.378357114228457192e+00 4.528076053715645033e-01
4.379261563126251922e+00 4.493662326637535842e-01
4.380166012024047539e+00 4.454546150046400088e-01
4.381070460921843157e+00 4.410994413289708871e-01
4.381974909819638775e+00 4.361833860627780668e-01
4.382879358717434393e+00 4.306488238829794257e-01
4.383783807615230010e+00 4.247711809934687777e-01
4.384688256513025628e+00 4.185061166668228583e-01
4.385592705410821246e+00 4.114361182645515091e-01
4.386497154308616864e+00 4.038145575178735958e-01
4.387401603206412481e+00 3.955663217667523268e-01
4.388306052104208099e+00 3.866280060806326357e-01
4.389210501002003717e+00 3.773437139417844532e-01
4.390114949899799335e+00 3.676885764090498387e-01
4.391019398797594953e+00 3.570129905480188270e-01
4.391923847695390570e+00 3.459083324651798796e-01
4.392828296593186188e+00 3.343607087212029372e-01
4.393732745490981806e+00 3.223453212290675607e-01
4.394637194388777424e+00 3.101432848425980660e-01
4.395541643286573041e+00 2.977520638830712385e-01
4.396446092184368659e+00 2.845042101605037566e-01
4.397350541082164277e+00 2.712213841773089551e-01
4.398254989979959895e+00 2.579070032300636583e-01
4.399159438877755512e+00 2.446877089610745570e-01
4.400063887775551130e+00 2.314993731657686848e-01
4.400968336673346748e+00 2.183419182327964170e-01
4.401872785571142366e+00 2.052746445787975993e-01
4.402777234468937984e+00 1.925026169459807812e-01
4.403681683366733601e+00 1.800226893165456088e-01
4.404586132264529219e+00 1.681814750927807245e-01
4.405490581162324837e+00 1.567054911969821551e-01
4.406395030060120455e+00 1.454987185616990197e-01
4.407299478957915184e+00 1.349679728954531477e-01
4.408203927855710802e+00 1.249115513377390546e-01
4.409108376753506420e+00 1.152996578323306209e-01
4.410012825651302037e+00 1.064991903642977661e-01
4.410917274549097655e+00 9.813282515986496146e-02
4.411821723446893273e+00 9.016930302616130155e-02
4.412726172344688891e+00 8.300512434279866403e-02
4.413630621242484509e+00 7.633635681414881191e-02
4.414535070140280126e+00 7.002940623498742079e-02
4.415439519038075744e+00 6.435453839269200671e-02
4.416343967935871362e+00 5.906130493286374655e-02
4.417248416833666980e+00 5.409934111149804908e-02
4.418152865731462597e+00 4.969023332053899150e-02
4.419057314629258215e+00 4.559512452935490096e-02
4.419961763527053833e+00 4.176669631014522099e-02
4.420866212424849451e+00 3.838097967661432963e-02
4.421770661322645068e+00 3.524766985081349835e-02
4.422675110220440686e+00 3.232233515006463498e-02
4.423579559118236304e+00 2.972686768497868892e-02
4.424484008016031922e+00 2.733224925580136563e-02
4.425388456913827540e+00 2.509976110943587871e-02
4.426292905811623157e+00 2.312399292971484624e-02
4.427197354709418775e+00 2.130138039507494668e-02
4.428101803607214393e+00 1.959914313628984689e-02
4.429006252505010011e+00 1.808261097465898443e-02
4.429910701402805628e+00 1.668990154889014171e-02
4.430815150300601246e+00 1.539114441093862584e-02
4.431719599198396864e+00 1.423125272800367623e-02
4.432624048096192482e+00 1.316189403798247864e-02
4.433528496993988099e+00 1.216089486362076887e-02
4.434432945891783717e+00 1.126419650097911646e-02
4.435337394789579335e+00 1.043894826928380530e-02
4.436241843687374953e+00 9.666083099806960233e-03
4.437146292585170571e+00 8.970704281889774895e-03
4.438050741482966188e+00 8.330175339002604193e-03
4.438955190380761806e+00 7.729501131450215029e-03
4.439859639278556536e+00 7.188726662745925297e-03
4.440764088176352153e+00 6.689467132964451238e-03
4.441668537074147771e+00 6.219631165539878451e-03
4.442572985971943389e+00 5.793178762610987770e-03
4.443477434869739007e+00 5.400747599320361580e-03
4.444381883767534624e+00 5.031592934653275444e-03
4.445286332665330242e+00 4.695603456143263368e-03
4.446190781563125860e+00 4.385550622678250320e-03
4.447095230460921478e+00 4.093363073791158983e-03
4.447999679358717096e+00 3.827305014287833099e-03
4.448904128256512713e+00 3.582723844488190212e-03
4.449808577154308331e+00 3.351766777698171433e-03
4.450713026052103949e+00 3.138688060710288948e-03
4.451617474949899567e+00 2.940841370739133431e-03
4.452521923847695184e+00 2.753518017214710498e-03
4.453426372745490802e+00 2.581925585688542475e-03
4.454330821643286420e+00 2.423838205352554613e-03
4.455235270541082038e+00 2.274197964512231305e-03
4.456139719438877655e+00 2.135873207048913109e-03
4.457044168336673273e+00 2.007310524643292349e-03
4.457948617234468891e+00 1.885323643418685465e-03
4.458853066132264509e+00 1.772929186892956968e-03
4.459757515030060127e+00 1.669195720845198906e-03
4.460661963927855744e+00 1.570875202544036236e-03
4.461566412825651362e+00 1.479906757152209219e-03
4.462470861723446980e+00 1.395612402208092854e-03
4.463375310621242598e+00 1.315472098233653455e-03
4.464279759519038215e+00 1.240971065436390682e-03
4.465184208416833833e+00 1.171987910489494331e-03
4.466088657314629451e+00 1.106366461917362553e-03
4.466993106212425069e+00 1.045226568278444712e-03
4.467897555110219798e+00 9.880665447443404657e-04
4.468802004008015416e+00 9.333891689243217597e-04
4.469706452905811034e+00 8.820608947905355518e-04
4.470610901803606652e+00 8.345383868059974000e-04
4.471515350701402269e+00 7.892372716712203837e-04
4.472419799599197887e+00 7.467929902019010803e-04
4.473324248496993505e+00 7.073749021561447992e-04
4.474228697394789123e+00 6.697051617839705918e-04
4.475133146292584740e+00 6.342578533535910739e-04
4.476037595190380358e+00 6.017141558856530653e-04
4.476942044088175976e+00 5.710444953202223816e-04
4.477846492985971594e+00 5.412888383441798960e-04
4.478750941883767211e+00 5.134285373778618451e-04
4.479655390781562829e+00 4.867970800936406175e-04
4.480559839679358447e+00 4.617622838382619234e-04
4.481464288577154065e+00 4.389570978748375939e-04
4.482368737474949683e+00 4.171161118950433432e-04
4.483273186372745300e+00 3.963140234364922088e-04
4.484177635270540918e+00 3.765446709259122446e-04
4.485082084168336536e+00 3.579345176764684431e-04
4.485986533066132154e+00 3.402159609930446838e-04
4.486890981963927771e+00 3.243689118819497331e-04
4.487795430861723389e+00 3.095285062759679210e-04
4.488699879759519007e+00 2.958711535284922335e-04
4.489604328657314625e+00 2.822910776527424157e-04
4.490508777555110242e+00 2.687642392490973168e-04
4.491413226452905860e+00 2.553018041719953119e-04
4.492317675350701478e+00 2.421786046091327902e-04
4.493222124248497096e+00 2.293417515453888137e-04
4.494126573146292714e+00 2.168563292820716330e-04
4.495031022044088331e+00 2.059244074830788977e-04
4.495935470941883949e+00 1.958804525562277642e-04
4.496839919839679567e+00 1.868430029747612656e-04
4.497744368737475185e+00 1.801738057974890074e-04
4.498648817635270802e+00 1.737999677163277600e-04
4.499553266533065532e+00 1.675926839537740596e-04
4.500457715430861150e+00 1.609683878660963044e-04
4.501362164328656768e+00 1.539261379205527215e-04
4.502266613226452385e+00 1.464070096743577058e-04
4.503171062124248003e+00 1.403686011652788073e-04
4.504075511022043621e+00 1.348489341631182732e-04
4.504979959919839239e+00 1.298525201756583960e-04
4.505884408817634856e+00 1.257888289735899635e-04
4.506788857715430474e+00 1.211770071142535718e-04
4.507693306613226092e+00 1.159362431035711237e-04
4.508597755511021710e+00 1.112597566228568427e-04
4.509502204408817327e+00 1.068827960624911517e-04
4.510406653306612945e+00 1.028079479695706599e-04
4.511311102204408563e+00 9.921816308011070611e-05
4.512215551102204181e+00 9.543096003310334743e-05
4.513119999999999798e+00 9.144634710931117479e-05
