2.697057899999999897e+00 8.152697522300301136e-05
2.698300816432865457e+00 8.479499958517851992e-05
2.699543732865731460e+00 9.006793695835418174e-05
2.700786649298597020e+00 9.420970397327314036e-05
2.702029565731463023e+00 9.717705094341801716e-05
2.703272482164328583e+00 1.006118625783344596e-04
2.704515398597194142e+00 1.049593075081773377e-04
2.705758315030060146e+00 1.098301025755070589e-04
2.707001231462925706e+00 1.144407351263139840e-04
2.708244147895791265e+00 1.182719155626841455e-04
2.709487064328657269e+00 1.226755495448286564e-04
2.710729980761522828e+00 1.273377319552989066e-04
2.711972897194388832e+00 1.351835790982932814e-04
2.713215813627254391e+00 1.417103178607577040e-04
2.714458730060119951e+00 1.458034930991860081e-04
2.715701646492985954e+00 1.510795938444861803e-04
2.716944562925851514e+00 1.584709189570951177e-04
2.718187479358717518e+00 1.669779773951479815e-04
2.719430395791583077e+00 1.748651533686654107e-04
2.720673312224448637e+00 1.835290955937723565e-04
2.721916228657314640e+00 1.937772092562263179e-04
2.723159145090180200e+00 2.042923854828595153e-04
2.724402061523046203e+00 2.152241086567340260e-04
2.725644977955911763e+00 2.262807717198324960e-04
2.726887894388777323e+00 2.366343306852465990e-04
2.728130810821643326e+00 2.506894699957200345e-04
2.729373727254508886e+00 2.677583488672471502e-04
2.730616643687374445e+00 2.855715340392091023e-04
2.731859560120240449e+00 3.044578546078284629e-04
2.733102476553106008e+00 3.241046007483247018e-04
2.734345392985972012e+00 3.453862799053468826e-04
2.735588309418837571e+00 3.714458594141357550e-04
2.736831225851703131e+00 3.986417297435551144e-04
2.738074142284569135e+00 4.263624656084788098e-04
2.739317058717434694e+00 4.592295140897320648e-04
2.740559975150300698e+00 4.969763653827230943e-04
2.741802891583166257e+00 5.392424152109805049e-04
2.743045808016031817e+00 5.834714632590649094e-04
2.744288724448897820e+00 6.311922633767928521e-04
2.745531640881763380e+00 6.854305925872256023e-04
2.746774557314628940e+00 7.458556412099013851e-04
2.748017473747494943e+00 8.119953316925262359e-04
2.749260390180360503e+00 8.823120063603302364e-04
2.750503306613226506e+00 9.597860400188735390e-04
2.751746223046092066e+00 1.044204040159852189e-03
2.752989139478957625e+00 1.133400759426041052e-03
2.754232055911823629e+00 1.232942600548286123e-03
2.755474972344689188e+00 1.344446218437410096e-03
2.756717888777555192e+00 1.461409640051285295e-03
2.757960805210420752e+00 1.587185993765887794e-03
2.759203721643286311e+00 1.724229655498396314e-03
2.760446638076152315e+00 1.875191008010129896e-03
2.761689554509017874e+00 2.036565191197970814e-03
2.762932470941883878e+00 2.209179955625180033e-03
2.764175387374749437e+00 2.395448141853473521e-03
2.765418303807614997e+00 2.595824605131719521e-03
2.766661220240481001e+00 2.808337834833531024e-03
2.767904136673346560e+00 3.035531096907214624e-03
2.769147053106212120e+00 3.278431014620379180e-03
2.770389969539078123e+00 3.536280254520919250e-03
2.771632885971943683e+00 3.809656723087782165e-03
2.772875802404809686e+00 4.100089081442726165e-03
2.774118718837675246e+00 4.406414288093589773e-03
2.775361635270540805e+00 4.731072016268802506e-03
2.776604551703406809e+00 5.083391729999198715e-03
2.777847468136272369e+00 5.459502569649362161e-03
2.779090384569138372e+00 5.866051973244817801e-03
2.780333301002003932e+00 6.293151700041289126e-03
2.781576217434869491e+00 6.747384899346178626e-03
2.782819133867735495e+00 7.238227575866678851e-03
2.784062050300601054e+00 7.764874817621485008e-03
2.785304966733466614e+00 8.330048054184181067e-03
2.786547883166332618e+00 8.938730358611054680e-03
2.787790799599198177e+00 9.606968223476460012e-03
2.789033716032064181e+00 1.033009913999367521e-02
2.790276632464929740e+00 1.111167281779487127e-02
2.791519548897795300e+00 1.196943539840023343e-02
2.792762465330661303e+00 1.291652839986159179e-02
2.794005381763526863e+00 1.395765191555631106e-02
2.795248298196392867e+00 1.508620291876521663e-02
2.796491214629258426e+00 1.634739486797635866e-02
2.797734131062123986e+00 1.773698312559743306e-02
2.798977047494989989e+00 1.929416492505314773e-02
2.800219963927855549e+00 2.097282916607463160e-02
2.801462880360721108e+00 2.285663835864508789e-02
2.802705796793587112e+00 2.494972898488687085e-02
2.803948713226452671e+00 2.726880875795719208e-02
2.805191629659318675e+00 2.980247664171388824e-02
2.806434546092184235e+00 3.267890322066581421e-02
2.807677462525049794e+00 3.589267685620063653e-02
2.808920378957915798e+00 3.946684899460664586e-02
2.810163295390781357e+00 4.339167210514419809e-02
2.811406211823647361e+00 4.780834855913100589e-02
2.812649128256512920e+00 5.270780440468104955e-02
2.813892044689378480e+00 5.812662183854325898e-02
2.815134961122244484e+00 6.402338764287532347e-02
2.816377877555110043e+00 7.058275958075817258e-02
2.817620793987975603e+00 7.778220049702513905e-02
2.818863710420841606e+00 8.573912209255288297e-02
2.820106626853707166e+00 9.419925285017698158e-02
2.821349543286573169e+00 1.034195952763068971e-01
2.822592459719438729e+00 1.133345897896476384e-01
2.823835376152304288e+00 1.238493816690779820e-01
2.825078292585170292e+00 1.349656810883073377e-01
2.826321209018035852e+00 1.465651964568508436e-01
2.827564125450901855e+00 1.585169785773078988e-01
2.828807041883767415e+00 1.707409734143998103e-01
2.830049958316632974e+00 1.831306792688434937e-01
2.831292874749498978e+00 1.954974636674879362e-01
2.832535791182364537e+00 2.076913120474012109e-01
2.833778707615230541e+00 2.196049102776878037e-01
2.835021624048096101e+00 2.312151535521642931e-01
2.836264540480961660e+00 2.422670281246966650e-01
2.837507456913827664e+00 2.524838461867160988e-01
2.838750373346693223e+00 2.622092587370308814e-01
2.839993289779559227e+00 2.712808720455870404e-01
2.841236206212424786e+00 2.799823897575178799e-01
2.842479122645290346e+00 2.876568080301148966e-01
2.843722039078156349e+00 2.946595509230316989e-01
2.844964955511021909e+00 3.010562125303032355e-01
2.846207871943887469e+00 3.068826645904547679e-01
2.847450788376753472e+00 3.121418013423155058e-01
2.848693704809619032e+00 3.168457950675616086e-01
2.849936621242485035e+00 3.210616833429181249e-01
2.851179537675350595e+00 3.246193976354539434e-01
2.852422454108216154e+00 3.278139120128896744e-01
2.853665370541082158e+00 3.306626897915418972e-01
2.854908286973947718e+00 3.331922984358294815e-01
2.856151203406813721e+00 3.354323699756939781e-01
2.857394119839679281e+00 3.373357961960338769e-01
2.858637036272544840e+00 3.389962462726834325e-01
2.859879952705410844e+00 3.404975166549932819e-01
2.861122869138276403e+00 3.414910440416019100e-01
2.862365785571141963e+00 3.426995459836667535e-01
2.863608702004007966e+00 3.437667530970248686e-01
2.864851618436873526e+00 3.450036734718686104e-01
2.866094534869739530e+00 3.457327682015445269e-01
2.867337451302605089e+00 3.463664046928978668e-01
2.868580367735470649e+00 3.469149279252327078e-01
2.869823284168336652e+00 3.472450743186981104e-01
2.871066200601202212e+00 3.476550330897233421e-01
2.872309117034068215e+00 3.480523232219501217e-01
2.873552033466933775e+00 3.482906699023978203e-01
2.874794949899799335e+00 3.484148581166465752e-01
2.876037866332665338e+00 3.485265660395197029e-01
2.877280782765530898e+00 3.486686579329409952e-01
2.878523699198396457e+00 3.488290792253936345e-01
2.879766615631262461e+00 3.489807649020479352e-01
2.881009532064128020e+00 3.491079227950871222e-01
2.882252448496994024e+00 3.492472189730004839e-01
2.883495364929859583e+00 3.493184848696055389e-01
2.884738281362725143e+00 3.493662463964519738e-01
2.885981197795591147e+00 3.490386873495260334e-01
2.887224114228456706e+00 3.491487436485347096e-01
2.888467030661322710e+00 3.492560658688442232e-01
2.889709947094188269e+00 3.493803168016916261e-01
2.890952863527053829e+00 3.496038539123135780e-01
2.892195779959919832e+00 3.498849650468083272e-01
2.893438696392785392e+00 3.503490321245421590e-01
2.894681612825650951e+00 3.505218119789257902e-01
2.895924529258516955e+00 3.507464088841666938e-01
2.897167445691382515e+00 3.509569375019135351e-01
2.898410362124248518e+00 3.511141941531893407e-01
2.899653278557114078e+00 3.512469821936776149e-01
2.900896194989979637e+00 3.513558857090904874e-01
2.902139111422845641e+00 3.513971014045428332e-01
2.903382027855711200e+00 3.513490167009550302e-01
2.904624944288577204e+00 3.512791119585074173e-01
2.905867860721442764e+00 3.512941381976221744e-01
2.907110777154308323e+00 3.513300965900653106e-01
2.908353693587174327e+00 3.512615566163728720e-01
2.909596610020039886e+00 3.511235687202837186e-01
2.910839526452905446e+00 3.507381332999143231e-01
2.912082442885771449e+00 3.506949881919966816e-01
2.913325359318637009e+00 3.506038672241861831e-01
2.914568275751503013e+00 3.505200278624867605e-01
2.915811192184368572e+00 3.503952486685456558e-01
2.917054108617234132e+00 3.503204580181630279e-01
2.918297025050100135e+00 3.502406615707552850e-01
2.919539941482965695e+00 3.501471965578737966e-01
2.920782857915831698e+00 3.499211320804080372e-01
2.922025774348697258e+00 3.496688754403248778e-01
2.923268690781562817e+00 3.494573551672801592e-01
2.924511607214428821e+00 3.492437091437783359e-01
2.925754523647294381e+00 3.490356847460305278e-01
2.926997440080160384e+00 3.492189069209216123e-01
2.928240356513025944e+00 3.489454693482490488e-01
2.929483272945891503e+00 3.486260093798023152e-01
2.930726189378757507e+00 3.483072596885630756e-01
2.931969105811623066e+00 3.479961986597429613e-01
2.933212022244489070e+00 3.477205161301141212e-01
2.934454938677354630e+00 3.474456202512185565e-01
2.935697855110220189e+00 3.471629716343255234e-01
2.936940771543086193e+00 3.468216211626162226e-01
2.938183687975951752e+00 3.460049642770022804e-01
2.939426604408817312e+00 3.456122936225044517e-01
2.940669520841683315e+00 3.452999298440890263e-01
2.941912437274548875e+00 3.450508135842583202e-01
2.943155353707414879e+00 3.449511066401172998e-01
2.944398270140280438e+00 3.450792087212137815e-01
2.945641186573145998e+00 3.447354271426831818e-01
2.946884103006012001e+00 3.444443361168719742e-01
2.948127019438877561e+00 3.441378124445143016e-01
2.949369935871743564e+00 3.437803892456571253e-01
2.950612852304609124e+00 3.435857876834627622e-01
2.951855768737474683e+00 3.432946754565665004e-01
2.953098685170340687e+00 3.428897580374642984e-01
2.954341601603206247e+00 3.424698897786215834e-01
2.955584518036071806e+00 3.420421652337517493e-01
2.956827434468937810e+00 3.416343690653350085e-01
2.958070350901803369e+00 3.412229423979243892e-01
2.959313267334669373e+00 3.407854282825757419e-01
2.960556183767534932e+00 3.404419595594824766e-01
2.961799100200400492e+00 3.401460092872017893e-01
2.963042016633266496e+00 3.397906751517095758e-01
2.964284933066132055e+00 3.394219074358339472e-01
2.965527849498998059e+00 3.391177496528389179e-01
2.966770765931863618e+00 3.388368572477680751e-01
2.968013682364729178e+00 3.385411047242311566e-01
2.969256598797595181e+00 3.383060734234222267e-01
2.970499515230460741e+00 3.381711198221656334e-01
2.971742431663326300e+00 3.380565056883430008e-01
2.972985348096192304e+00 3.379175834022100644e-01
2.974228264529057864e+00 3.378283691366186225e-01
2.975471180961923867e+00 3.380844726052698035e-01
2.976714097394789427e+00 3.384315662000293989e-01
2.977957013827654986e+00 3.384102831784449594e-01
2.979199930260520990e+00 3.383961730441129023e-01
2.980442846693386549e+00 3.383565238209057524e-01
2.981685763126252553e+00 3.382495937471984293e-01
2.982928679559118113e+00 3.381562932777422148e-01
2.984171595991983672e+00 3.380282003172167538e-01
2.985414512424849676e+00 3.378568677414104937e-01
2.986657428857715235e+00 3.376904895485546287e-01
2.987900345290580795e+00 3.375738524210051827e-01
2.989143261723446798e+00 3.378400192049910711e-01
2.990386178156312358e+00 3.378145779801737802e-01
2.991629094589178361e+00 3.378935511031634920e-01
2.992872011022043921e+00 3.379202477074453870e-01
2.994114927454909481e+00 3.378962141818742659e-01
2.995357843887775484e+00 3.378278463393344366e-01
2.996600760320641044e+00 3.377574113658178834e-01
2.997843676753507047e+00 3.377118802244522544e-01
2.999086593186372607e+00 3.376914114502816422e-01
3.000329509619238166e+00 3.376011206964240619e-01
3.001572426052104170e+00 3.374888330454064445e-01
3.002815342484969729e+00 3.372602563230164274e-01
3.004058258917835289e+00 3.368506535423547721e-01
3.005301175350701293e+00 3.364664281031150006e-01
3.006544091783566852e+00 3.362718511655201636e-01
3.007787008216432856e+00 3.359829188640385267e-01
3.009029924649298415e+00 3.355474307261702704e-01
3.010272841082164419e+00 3.351265433948737993e-01
3.011515757515029978e+00 3.348887586243302628e-01
3.012758673947895538e+00 3.346323637574246668e-01
3.014001590380761542e+00 3.343515171834890998e-01
3.015244506813627101e+00 3.340547774914486290e-01
3.016487423246492661e+00 3.337278097677369160e-01
3.017730339679358664e+00 3.333786721516255880e-01
3.018973256112224224e+00 3.330552959271954605e-01
3.020216172545089783e+00 3.327107100231682102e-01
3.021459088977955787e+00 3.322389707274080450e-01
3.022702005410821346e+00 3.317334390990011039e-01
3.023944921843687350e+00 3.311528554103197464e-01
3.025187838276552910e+00 3.306125147218674787e-01
3.026430754709418913e+00 3.301148356923528926e-01
3.027673671142284473e+00 3.296142706408132783e-01
3.028916587575150032e+00 3.290877606769027075e-01
3.030159504008016036e+00 3.285695103729935895e-01
3.031402420440881595e+00 3.282894758574372296e-01
3.032645336873747155e+00 3.279710149722906976e-01
3.033888253306613159e+00 3.276449721066753695e-01
3.035131169739478718e+00 3.273949004312852185e-01
3.036374086172344722e+00 3.273055156528072995e-01
3.037617002605210281e+00 3.272369586196220981e-01
3.038859919038075841e+00 3.269150778311071814e-01
3.040102835470941844e+00 3.265846939677621852e-01
3.041345751903807404e+00 3.263756045638712688e-01
3.042588668336673408e+00 3.262271904092401975e-01
3.043831584769538967e+00 3.260960981432715622e-01
3.045074501202404527e+00 3.259120633699830738e-01
3.046317417635270530e+00 3.256615261518246429e-01
3.047560334068136090e+00 3.254329721101901773e-01
3.048803250501001649e+00 3.255326375949638695e-01
3.050046166933867653e+00 3.253787793803190054e-01
3.051289083366733212e+00 3.249943612708722229e-01
3.052531999799599216e+00 3.246516710902694336e-01
3.053774916232464776e+00 3.242718598235703187e-01
3.055017832665330335e+00 3.238711630068855651e-01
3.056260749098196339e+00 3.235665805765558511e-01
3.057503665531061898e+00 3.232750521936613164e-01
3.058746581963927902e+00 3.229488912172408521e-01
3.059989498396793461e+00 3.226096202772148480e-01
3.061232414829659021e+00 3.226288206278943860e-01
3.062475331262525025e+00 3.226277222304376191e-01
3.063718247695390584e+00 3.226304160543783106e-01
3.064961164128256144e+00 3.227085561705472783e-01
3.066204080561122147e+00 3.232338200291380859e-01
3.067446996993987707e+00 3.233955404192576655e-01
3.068689913426853710e+00 3.237952303233457840e-01
3.069932829859719270e+00 3.240429142716310107e-01
3.071175746292584829e+00 3.240395418623984725e-01
3.072418662725450833e+00 3.240967055709969569e-01
3.073661579158316393e+00 3.241273185894253950e-01
3.074904495591182396e+00 3.241483454625055383e-01
3.076147412024047956e+00 3.242206600942009187e-01
3.077390328456913515e+00 3.243634320070240551e-01
3.078633244889779519e+00 3.245306613298120646e-01
3.079876161322645078e+00 3.246457799534092636e-01
3.081119077755510638e+00 3.249683135424591418e-01
3.082361994188376642e+00 3.253451997673653118e-01
3.083604910621242201e+00 3.258030046227780030e-01
3.084847827054108205e+00 3.262621459928176093e-01
3.086090743486973764e+00 3.266701348128053795e-01
3.087333659919839324e+00 3.271503952160240147e-01
3.088576576352705327e+00 3.276076140010505955e-01
3.089819492785570887e+00 3.280079549242317927e-01
3.091062409218436891e+00 3.284530020623227520e-01
3.092305325651302450e+00 3.288580995746284708e-01
3.093548242084168010e+00 3.294620037642392862e-01
3.094791158517034013e+00 3.300658946644381420e-01
3.096034074949899573e+00 3.305029759704047332e-01
3.097276991382765132e+00 3.309067308764065407e-01
3.098519907815631136e+00 3.313071249168320076e-01
3.099762824248496695e+00 3.316308391690427904e-01
3.101005740681362699e+00 3.317686312720435904e-01
3.102248657114228259e+00 3.318500981138974848e-01
3.103491573547094262e+00 3.319681490164290705e-01
3.104734489979959822e+00 3.321175439921135730e-01
3.105977406412825381e+00 3.322477832330156255e-01
3.107220322845691385e+00 3.324086838515956099e-01
3.108463239278556944e+00 3.326251078879475243e-01
3.109706155711422504e+00 3.328439755520277710e-01
3.110949072144288508e+00 3.331019403048325889e-01
3.112191988577154067e+00 3.333609475895851215e-01
3.113434905010019627e+00 3.336158668154096674e-01
3.114677821442885630e+00 3.339041735679411649e-01
3.115920737875751190e+00 3.343034064533714211e-01
3.117163654308617193e+00 3.347148539594348993e-01
3.118406570741482753e+00 3.350576717488420453e-01
3.119649487174348756e+00 3.354813590536278589e-01
3.120892403607214316e+00 3.364862751568371002e-01
3.122135320040079876e+00 3.371206089463764100e-01
3.123378236472945879e+00 3.375522269458671731e-01
3.124621152905811439e+00 3.378361610831046025e-01
3.125864069338676998e+00 3.379865092006862359e-01
3.127106985771543002e+00 3.380144931802396835e-01
3.128349902204408561e+00 3.378244277011729912e-01
3.129592818637274565e+00 3.372896414912620600e-01
3.130835735070140124e+00 3.363334048455861591e-01
3.132078651503005684e+00 3.347121752778055570e-01
3.133321567935871688e+00 3.325331329609763631e-01
3.134564484368737247e+00 3.297020048669240810e-01
3.135807400801603251e+00 3.262348579742845867e-01
3.137050317234468810e+00 3.221080665299799750e-01
3.138293233667334370e+00 3.171964543511539558e-01
3.139536150100200373e+00 3.114819858720175305e-01
3.140779066533065933e+00 3.049898433687616706e-01
3.142021982965931493e+00 2.976469842324344639e-01
3.143264899398797496e+00 2.894863436676142765e-01
3.144507815831663056e+00 2.805167262688180729e-01
3.145750732264529059e+00 2.709464499048845343e-01
3.146993648697394619e+00 2.607543458564956507e-01
3.148236565130260178e+00 2.501778872679966126e-01
3.149479481563126182e+00 2.390212280523337784e-01
3.150722397995991741e+00 2.275193513796950062e-01
3.151965314428857745e+00 2.158273739913088851e-01
3.153208230861723305e+00 2.040884100891023345e-01
3.154451147294588864e+00 1.924261838005099923e-01
3.155694063727454868e+00 1.809558740886385297e-01
3.156936980160320427e+00 1.697665851756465505e-01
3.158179896593185987e+00 1.589304000360733660e-01
3.159422813026051990e+00 1.485303226209879202e-01
3.160665729458917550e+00 1.385638695876020288e-01
3.161908645891783554e+00 1.290567310322910111e-01
3.163151562324649113e+00 1.201309392215367117e-01
3.164394478757514673e+00 1.117505075112283502e-01
3.165637395190380676e+00 1.039131680535124724e-01
3.166880311623246236e+00 9.660536785852436026e-02
3.168123228056112239e+00 8.980750331780230911e-02
3.169366144488977799e+00 8.350179486286117558e-02
3.170609060921843358e+00 7.768397729467985124e-02
3.171851977354709362e+00 7.231825319694230869e-02
3.173094893787574922e+00 6.743914183651519845e-02
3.174337810220440481e+00 6.286813519252180960e-02
3.175580726653306485e+00 5.865578524469401700e-02
3.176823643086172044e+00 5.476927596848447932e-02
3.178066559519038048e+00 5.119817603846348042e-02
3.179309475951903607e+00 4.792374999592399071e-02
3.180552392384769167e+00 4.490165726584851441e-02
3.181795308817635171e+00 4.210834284295009167e-02
3.183038225250500730e+00 3.953232120578939468e-02
3.184281141683366734e+00 3.715726419272561559e-02
3.185524058116232293e+00 3.496308919653171032e-02
3.186766974549097853e+00 3.293325356028614648e-02
3.188009890981963856e+00 3.105938151071341996e-02
3.189252807414829416e+00 2.933116591562050929e-02
3.190495723847694975e+00 2.772959163595395751e-02
3.191738640280560979e+00 2.624307915555800300e-02
3.192981556713426539e+00 2.486066374881209726e-02
3.194224473146292542e+00 2.358547791093885959e-02
3.195467389579158102e+00 2.240197896731190366e-02
3.196710306012024105e+00 2.130195998322378936e-02
3.197953222444889665e+00 2.029533783954370549e-02
3.199196138877755224e+00 1.933279924505660122e-02
3.200439055310621228e+00 1.843370651051756334e-02
3.201681971743486788e+00 1.759221870319362807e-02
3.202924888176352347e+00 1.680460494935339874e-02
3.204167804609218351e+00 1.606714154637046629e-02
3.205410721042083910e+00 1.537274460573567758e-02
3.206653637474949470e+00 1.471601974564334947e-02
3.207896553907815473e+00 1.409572951168169309e-02
3.209139470340681033e+00 1.351205876415806188e-02
3.210382386773547037e+00 1.296464473416231861e-02
3.211625303206412596e+00 1.244599756355554976e-02
3.212868219639278600e+00 1.193931377033921777e-02
3.214111136072144159e+00 1.147003574750670753e-02
3.215354052505009719e+00 1.102573663877215795e-02
3.216596968937875722e+00 1.060018144006881664e-02
3.217839885370741282e+00 1.019276062482333406e-02
3.219082801803606841e+00 9.804394238360554514e-03
3.220325718236472845e+00 9.434377739737159416e-03
3.221568634669338405e+00 9.086104860274583570e-03
3.222811551102203964e+00 8.746609031594708428e-03
3.224054467535069968e+00 8.415210002129370689e-03
3.225297383967935527e+00 8.097071771522848169e-03
3.226540300400801531e+00 7.791043838061117999e-03
3.227783216833667090e+00 7.494991267983727549e-03
3.229026133266533094e+00 7.209988425649249862e-03
3.230269049699398654e+00 6.932489046744439928e-03
3.231511966132264213e+00 6.660850300330984318e-03
3.232754882565130217e+00 6.399524699061163308e-03
3.233997798997995776e+00 6.147019949464843647e-03
3.235240715430861336e+00 5.900782638028279764e-03
3.236483631863727339e+00 5.660108442042294762e-03
3.237726548296592899e+00 5.422241343527967744e-03
3.238969464729458458e+00 5.189081672961606481e-03
3.240212381162324462e+00 4.964439486639865735e-03
3.241455297595190466e+00 4.746594825238105095e-03
3.242698214028056025e+00 4.535358696338583767e-03
3.243941130460921585e+00 4.329223113134671001e-03
3.245184046893787588e+00 4.133372097418172228e-03
3.246426963326653148e+00 3.939125225987881104e-03
3.247669879759518707e+00 3.750787385178520807e-03
3.248912796192384711e+00 3.567007215047193671e-03
3.250155712625250271e+00 3.387946403578603449e-03
3.251398629058115830e+00 3.215262047400772091e-03
3.252641545490981834e+00 3.049135804389200774e-03
3.253884461923847393e+00 2.890310350399524168e-03
3.255127378356713397e+00 2.738768880101088727e-03
3.256370294789578956e+00 2.590619701423414745e-03
3.257613211222444960e+00 2.445790130287423415e-03
3.258856127655310519e+00 2.307438789152080252e-03
3.260099044088176079e+00 2.175553810915322513e-03
3.261341960521042083e+00 2.050806717990324816e-03
3.262584876953907642e+00 1.932852613392769614e-03
3.263827793386773202e+00 1.818680964610183649e-03
3.265070709819639205e+00 1.706701862767751260e-03
3.266313626252504765e+00 1.599077215195295141e-03
3.267556542685370324e+00 1.499296809914614980e-03
3.268799459118236328e+00 1.404805550933769165e-03
3.270042375551101888e+00 1.314520261117540795e-03
3.271285291983967891e+00 1.230365436107402769e-03
3.272528208416833451e+00 1.152579692875792261e-03
3.273771124849699454e+00 1.077704513741410165e-03
3.275014041282565014e+00 1.005828936663574454e-03
3.276256957715430573e+00 9.394330647360413320e-04
3.277499874148296577e+00 8.778649855598817621e-04
3.278742790581162136e+00 8.191845963102556590e-04
3.279985707014027696e+00 7.635683747618344716e-04
3.281228623446893700e+00 7.123531282230268023e-04
3.282471539879759259e+00 6.646623567557813838e-04
3.283714456312624819e+00 6.182794542241844228e-04
3.284957372745490822e+00 5.750836301030246575e-04
3.286200289178356382e+00 5.361702530368797365e-04
3.287443205611222385e+00 4.996195364987301817e-04
3.288686122044087945e+00 4.645279350306939369e-04
3.289929038476953949e+00 4.325402068996494066e-04
3.291171954909819508e+00 4.024011918004908391e-04
3.292414871342685068e+00 3.737770789692864554e-04
3.293657787775551071e+00 3.472923431085391606e-04
3.294900704208416631e+00 3.230878073336747444e-04
3.296143620641282190e+00 3.002279301190549339e-04
3.297386537074148194e+00 2.784311093966096548e-04
3.298629453507013753e+00 2.589718319428772572e-04
3.299872369939879313e+00 2.421820074581161760e-04
3.301115286372745317e+00 2.250684278599359106e-04
3.302358202805610876e+00 2.094282759883042331e-04
3.303601119238476880e+00 1.959612342748972278e-04
3.304844035671342439e+00 1.817905195681550259e-04
3.306086952104208443e+00 1.676250688879836373e-04
3.307329868537074002e+00 1.544705143659343973e-04
3.308572784969939562e+00 1.434323293179958923e-04
3.309815701402805566e+00 1.339412808319427129e-04
3.311058617835671125e+00 1.245579024558514424e-04
3.312301534268536685e+00 1.150880095584278949e-04
3.313544450701402688e+00 1.064697893512396993e-04
3.314787367134268248e+00 9.968899310609704439e-05
3.316030283567133807e+00 9.327664610588616556e-05
3.317273199999999811e+00 8.551847211768128377e-05
