2.375509999999999788e+00 1.077182814010976694e-04
2.376077995991983549e+00 1.260934514343321094e-04
2.376645991983967754e+00 1.445024379626090431e-04
2.377213987975951515e+00 1.639675672945385178e-04
2.377781983967935719e+00 1.835896437268618071e-04
2.378349979959919480e+00 2.085924708168049606e-04
2.378917975951903685e+00 2.352339872361980670e-04
2.379485971943887446e+00 2.668916466195536403e-04
2.380053967935871650e+00 3.012315575588126533e-04
2.380621963927855411e+00 3.397071208213725112e-04
2.381189959919839616e+00 3.816019446580422411e-04
2.381757955911823377e+00 4.276368195366629893e-04
2.382325951903807582e+00 4.794402290640551898e-04
2.382893947895791342e+00 5.352270698513449674e-04
2.383461943887775547e+00 5.997825669399653361e-04
2.384029939879759308e+00 6.676414626247922750e-04
2.384597935871743069e+00 7.488159450397316973e-04
2.385165931863727273e+00 8.315195574001066131e-04
2.385733927855711034e+00 9.314800465135394860e-04
2.386301923847695239e+00 1.031370311810933830e-03
2.386869919839679000e+00 1.158977784828647221e-03
2.387437915831663204e+00 1.288039358226370380e-03
2.388005911823646965e+00 1.445566811106790365e-03
2.388573907815631170e+00 1.606971667244537407e-03
2.389141903807614931e+00 1.801026756034026675e-03
2.389709899799599135e+00 2.006479030597246339e-03
2.390277895791582896e+00 2.247316475684866133e-03
2.390845891783567101e+00 2.509277035465223068e-03
2.391413887775550862e+00 2.808896180262857988e-03
2.391981883767535066e+00 3.144377784734669022e-03
2.392549879759518827e+00 3.520263265774468877e-03
2.393117875751502588e+00 3.957255032390010613e-03
2.393685871743486793e+00 4.431092390391040865e-03
2.394253867735470553e+00 4.999476370218117541e-03
2.394821863727454758e+00 5.599972131296758124e-03
2.395389859719438519e+00 6.344678042033390954e-03
2.395957855711422724e+00 7.101464773784704754e-03
2.396525851703406484e+00 8.085091331889190588e-03
2.397093847695390689e+00 9.069145588068991751e-03
2.397661843687374450e+00 1.035529476021238536e-02
2.398229839679358655e+00 1.166155609654926512e-02
2.398797835671342416e+00 1.332539372329032135e-02
2.399365831663326620e+00 1.506608797456227174e-02
2.399933827655310381e+00 1.721441707631385029e-02
2.400501823647294586e+00 1.952928654696626035e-02
2.401069819639278347e+00 2.229573431135965095e-02
2.401637815631262107e+00 2.536935782237036835e-02
2.402205811623246312e+00 2.891876293058246242e-02
2.402773807615230073e+00 3.297982722752711149e-02
2.403341803607214278e+00 3.750075935268069177e-02
2.403909799599198038e+00 4.280937466848620115e-02
2.404477795591182243e+00 4.850798571459583736e-02
2.405045791583166004e+00 5.534279544797605227e-02
2.405613787575150209e+00 6.243155886284148387e-02
2.406181783567133969e+00 7.104761391401520632e-02
2.406749779559118174e+00 7.972233548482454690e-02
2.407317775551101935e+00 9.030785983700015396e-02
2.407885771543086140e+00 1.009059830967969362e-01
2.408453767535069900e+00 1.133293267252578618e-01
2.409021763527054105e+00 1.259458034055614961e-01
2.409589759519037866e+00 1.399929676026830661e-01
2.410157755511021627e+00 1.544206426570357560e-01
2.410725751503005831e+00 1.697385497591674119e-01
2.411293747494989592e+00 1.854808811273881419e-01
2.411861743486973797e+00 2.015264532031839362e-01
2.412429739478957558e+00 2.178064641199153606e-01
2.412997735470941763e+00 2.338904187326392436e-01
2.413565731462925523e+00 2.497289788655919773e-01
2.414133727454909728e+00 2.650851395978788827e-01
2.414701723446893489e+00 2.794777585868325476e-01
2.415269719438877694e+00 2.933805712154112788e-01
2.415837715430861454e+00 3.055563061283388393e-01
2.416405711422845659e+00 3.174520098622967690e-01
2.416973707414829420e+00 3.270400253972167159e-01
2.417541703406813625e+00 3.366259218931351715e-01
2.418109699398797385e+00 3.436532511281851776e-01
2.418677695390781146e+00 3.506639499420173278e-01
2.419245691382765351e+00 3.557273892328998155e-01
2.419813687374749112e+00 3.605234940819538880e-01
2.420381683366733316e+00 3.640720667493488327e-01
2.420949679358717077e+00 3.672426818471983823e-01
2.421517675350701282e+00 3.698791169743038676e-01
2.422085671342685043e+00 3.721030001406568921e-01
2.422653667334669247e+00 3.737168999130456859e-01
2.423221663326653008e+00 3.749884104985895528e-01
2.423789659318637213e+00 3.760811155079629153e-01
2.424357655310620974e+00 3.769327974892284217e-01
2.424925651302605178e+00 3.777221903849523610e-01
2.425493647294588939e+00 3.783719944515733236e-01
2.426061643286573144e+00 3.790068374014088359e-01
2.426629639278556905e+00 3.795804702717793799e-01
2.427197635270540665e+00 3.801515683635098841e-01
2.427765631262524870e+00 3.807207111514351316e-01
2.428333627254508631e+00 3.812856318609350592e-01
2.428901623246492836e+00 3.818928101150845245e-01
2.429469619238476596e+00 3.824966419048427824e-01
2.430037615230460801e+00 3.831336340009016128e-01
2.430605611222444562e+00 3.837922899582609237e-01
2.431173607214428767e+00 3.844686384979586480e-01
2.431741603206412528e+00 3.851493371212746375e-01
2.432309599198396732e+00 3.858325818074087588e-01
2.432877595190380493e+00 3.865171565538155773e-01
2.433445591182364698e+00 3.871912302525147287e-01
2.434013587174348459e+00 3.878557603189212721e-01
2.434581583166332663e+00 3.885071145478241617e-01
2.435149579158316424e+00 3.891383684858421566e-01
2.435717575150300185e+00 3.897576599042351098e-01
2.436285571142284390e+00 3.903448383716546233e-01
2.436853567134268150e+00 3.909276645544825790e-01
2.437421563126252355e+00 3.914848693832135851e-01
2.437989559118236116e+00 3.920391292749894618e-01
2.438557555110220321e+00 3.925248296864629616e-01
2.439125551102204081e+00 3.930116822854842207e-01
2.439693547094188286e+00 3.934255118013309516e-01
2.440261543086172047e+00 3.938377521810354498e-01
2.440829539078156252e+00 3.941820606906902280e-01
2.441397535070140012e+00 3.945144531628951290e-01
2.441965531062124217e+00 3.948040232588005405e-01
2.442533527054107978e+00 3.950804480703763999e-01
2.443101523046092183e+00 3.953169357996742517e-01
2.443669519038075943e+00 3.955297888225865477e-01
2.444237515030059704e+00 3.957160165165309329e-01
2.444805511022043909e+00 3.958739507449324790e-01
2.445373507014027670e+00 3.960157180440558866e-01
2.445941503006011875e+00 3.961244515469152239e-01
2.446509498997995635e+00 3.962278909373858071e-01
2.447077494989979840e+00 3.962657263092643767e-01
2.447645490981963601e+00 3.960801512789183798e-01
2.448213486973947806e+00 3.959590900091065069e-01
2.448781482965931566e+00 3.960019181132541921e-01
2.449349478957915771e+00 3.959417459258192662e-01
2.449917474949899532e+00 3.958380099098474103e-01
2.450485470941883737e+00 3.957226827464265795e-01
2.451053466933867497e+00 3.956066079307695160e-01
2.451621462925851702e+00 3.954809826220844204e-01
2.452189458917835463e+00 3.953531726428255455e-01
2.452757454909819668e+00 3.952167124241053875e-01
2.453325450901803428e+00 3.950770248710204768e-01
2.453893446893787189e+00 3.949345441374129129e-01
2.454461442885771394e+00 3.947914705884648656e-01
2.455029438877755155e+00 3.946809246861151532e-01
2.455597434869739359e+00 3.946122415392454008e-01
2.456165430861723120e+00 3.945435870094736175e-01
2.456733426853707325e+00 3.944753539242050744e-01
2.457301422845691086e+00 3.944094677039048369e-01
2.457869418837675290e+00 3.943488390609729000e-01
2.458437414829659051e+00 3.942903939082768039e-01
2.459005410821643256e+00 3.942396900171884488e-01
2.459573406813627017e+00 3.941902167375684329e-01
2.460141402805611222e+00 3.941441886532930372e-01
2.460709398797594982e+00 3.940756889750807734e-01
2.461277394789579187e+00 3.940181361292401929e-01
2.461845390781562948e+00 3.939622662171038958e-01
2.462413386773546708e+00 3.939225117766378403e-01
2.462981382765530913e+00 3.938877645506263514e-01
2.463549378757514674e+00 3.938681612210770955e-01
2.464117374749498879e+00 3.938568360925847611e-01
2.464685370741482640e+00 3.938559406166810550e-01
2.465253366733466844e+00 3.938642069837458015e-01
2.465821362725450605e+00 3.938803120245518707e-01
2.466389358717434810e+00 3.939071276680116696e-01
2.466957354709418571e+00 3.939435345112837772e-01
2.467525350701402775e+00 3.940011417900859958e-01
2.468093346693386536e+00 3.940742734575172768e-01
2.468661342685370741e+00 3.942217644141309818e-01
2.469229338677354502e+00 3.943461330404851584e-01
2.469797334669338706e+00 3.944545168462098017e-01
2.470365330661322467e+00 3.946138600207638736e-01
2.470933326653306228e+00 3.948321161889194464e-01
2.471501322645290433e+00 3.949968299303309727e-01
2.472069318637274193e+00 3.951866922517217606e-01
2.472637314629258398e+00 3.954304541752755586e-01
2.473205310621242159e+00 3.957840924533560512e-01
2.473773306613226364e+00 3.962781232086194927e-01
2.474341302605210124e+00 3.966896715602879486e-01
2.474909298597194329e+00 3.970444451823170184e-01
2.475477294589178090e+00 3.973645826107396473e-01
2.476045290581162295e+00 3.976969895636906505e-01
2.476613286573146056e+00 3.980874691516957942e-01
2.477181282565130260e+00 3.984678751319841727e-01
2.477749278557114021e+00 3.988066477495815221e-01
2.478317274549098226e+00 3.991804302397764515e-01
2.478885270541081987e+00 3.995815903119004364e-01
2.479453266533065747e+00 3.999928175695771082e-01
2.480021262525049952e+00 4.004013783774353352e-01
2.480589258517033713e+00 4.007536894103495562e-01
2.481157254509017918e+00 4.010492360925235200e-01
2.481725250501001678e+00 4.011882750211901438e-01
2.482293246492985883e+00 4.014598790735499634e-01
2.482861242484969644e+00 4.018498410407768673e-01
2.483429238476953849e+00 4.022359079238189694e-01
2.483997234468937609e+00 4.026197065247278939e-01
2.484565230460921814e+00 4.029396790603812506e-01
2.485133226452905575e+00 4.032549891849369628e-01
2.485701222444889780e+00 4.036018509046716551e-01
2.486269218436873540e+00 4.039339235485710500e-01
2.486837214428857745e+00 4.042496274726156691e-01
2.487405210420841506e+00 4.045559230837031950e-01
2.487973206412825267e+00 4.048483002259267161e-01
2.488541202404809471e+00 4.050726808914298371e-01
2.489109198396793232e+00 4.052821260296212147e-01
2.489677194388777437e+00 4.055314551337340645e-01
2.490245190380761198e+00 4.057239378920008965e-01
2.490813186372745403e+00 4.059019902317236861e-01
2.491381182364729163e+00 4.060375676814815260e-01
2.491949178356713368e+00 4.061723272856080924e-01
2.492517174348697129e+00 4.063052112403680027e-01
2.493085170340681334e+00 4.064375609018313629e-01
2.493653166332665094e+00 4.065559157724354944e-01
2.494221162324649299e+00 4.066701729120528186e-01
2.494789158316633060e+00 4.067471568370861212e-01
2.495357154308617265e+00 4.068054379787147679e-01
2.495925150300601025e+00 4.068466161042313400e-01
2.496493146292584786e+00 4.068731844577124224e-01
2.497061142284568991e+00 4.068732066426326011e-01
2.497629138276552752e+00 4.068390097835942187e-01
2.498197134268536956e+00 4.067878354100982752e-01
2.498765130260520717e+00 4.067024430767471888e-01
2.499333126252504922e+00 4.066113365935130619e-01
2.499901122244488683e+00 4.065027479949194777e-01
2.500469118236472887e+00 4.063868219973003626e-01
2.501037114228456648e+00 4.062406538933400202e-01
2.501605110220440853e+00 4.060928403591813063e-01
2.502173106212424614e+00 4.059033404460767325e-01
2.502741102204408818e+00 4.057121492306689503e-01
2.503309098196392579e+00 4.055096178010034746e-01
2.503877094188376784e+00 4.053048275740891437e-01
2.504445090180360545e+00 4.050848277471207903e-01
2.505013086172344750e+00 4.048600410260427274e-01
2.505581082164328510e+00 4.046222826554321528e-01
2.506149078156312271e+00 4.043778534596917384e-01
2.506717074148296476e+00 4.041325569990693034e-01
2.507285070140280236e+00 4.038867582623155150e-01
2.507853066132264441e+00 4.036435552828195328e-01
2.508421062124248202e+00 4.034039459346023260e-01
2.508989058116232407e+00 4.031621099712080492e-01
2.509557054108216168e+00 4.029145246798094271e-01
2.510125050100200372e+00 4.026699955256057284e-01
2.510693046092184133e+00 4.024374763410454303e-01
2.511261042084168338e+00 4.022081971765021358e-01
2.511829038076152099e+00 4.020271090174232231e-01
2.512397034068136303e+00 4.018451332568082623e-01
2.512965030060120064e+00 4.017101175580150563e-01
2.513533026052104269e+00 4.015760140465194916e-01
2.514101022044088030e+00 4.014574239165031311e-01
2.514669018036071790e+00 4.013408057574924248e-01
2.515237014028055995e+00 4.012459218067772615e-01
2.515805010020039756e+00 4.011586334532760145e-01
2.516373006012023961e+00 4.010812200862742261e-01
2.516941002004007721e+00 4.010100519699917876e-01
2.517508997995991926e+00 4.009466960340868913e-01
2.518076993987975687e+00 4.008917313339546706e-01
2.518644989979959892e+00 4.008472043777744354e-01
2.519212985971943652e+00 4.008200940218178965e-01
2.519780981963927857e+00 4.007990720874350377e-01
2.520348977955911618e+00 4.007967752476986889e-01
2.520916973947895823e+00 4.007971826925865733e-01
2.521484969939879583e+00 4.008075224927116209e-01
2.522052965931863788e+00 4.008187004141879894e-01
2.522620961923847549e+00 4.008507038760835695e-01
2.523188957915831310e+00 4.008826223150032675e-01
2.523756953907815515e+00 4.009271514245230650e-01
2.524324949899799275e+00 4.009726095783702204e-01
2.524892945891783480e+00 4.010210248252077392e-01
2.525460941883767241e+00 4.010701841420313829e-01
2.526028937875751446e+00 4.011299825363799920e-01
2.526596933867735206e+00 4.011945533621431026e-01
2.527164929859719411e+00 4.012650950602859590e-01
2.527732925851703172e+00 4.013400584581765518e-01
2.528300921843687377e+00 4.014083952625350227e-01
2.528868917835671137e+00 4.014692322263900826e-01
2.529436913827655342e+00 4.015323482762988005e-01
2.530004909819639103e+00 4.015989387494194318e-01
2.530572905811623308e+00 4.016872662516838832e-01
2.531140901803607068e+00 4.017829352059280046e-01
2.531708897795590829e+00 4.018841014926839428e-01
2.532276893787575034e+00 4.020182103734688539e-01
2.532844889779558795e+00 4.021528595479366142e-01
2.533412885771542999e+00 4.022864590889451142e-01
2.533980881763526760e+00 4.024203871128073096e-01
2.534548877755510965e+00 4.025495021176557775e-01
2.535116873747494726e+00 4.026782712237641504e-01
2.535684869739478930e+00 4.027866238868980098e-01
2.536252865731462691e+00 4.028897811602293322e-01
2.536820861723446896e+00 4.029870027610625294e-01
2.537388857715430657e+00 4.030820857874315988e-01
2.537956853707414862e+00 4.031726920527963220e-01
2.538524849699398622e+00 4.032610595265281317e-01
2.539092845691382827e+00 4.033383649253058367e-01
2.539660841683366588e+00 4.034027984283930501e-01
2.540228837675350348e+00 4.034595553177054983e-01
2.540796833667334553e+00 4.035031518651238658e-01
2.541364829659318314e+00 4.035451068365579208e-01
2.541932825651302519e+00 4.035765330258271888e-01
2.542500821643286280e+00 4.036073945803405061e-01
2.543068817635270484e+00 4.036151418129079738e-01
2.543636813627254245e+00 4.036249634673704789e-01
2.544204809619238450e+00 4.036168724498411797e-01
2.544772805611222211e+00 4.036100216815990960e-01
2.545340801603206415e+00 4.035946506044332249e-01
2.545908797595190176e+00 4.035787643599443864e-01
2.546476793587174381e+00 4.035408299611788485e-01
2.547044789579158142e+00 4.034956729826785771e-01
2.547612785571142346e+00 4.034424405161870508e-01
2.548180781563126107e+00 4.033841890416799969e-01
2.548748777555109868e+00 4.033195188882597315e-01
2.549316773547094073e+00 4.032489376314361551e-01
2.549884769539077833e+00 4.031581313507620612e-01
2.550452765531062038e+00 4.030457207441817680e-01
2.551020761523045799e+00 4.029362466988915537e-01
2.551588757515030004e+00 4.028305931943171880e-01
2.552156753507013764e+00 4.027274292117837828e-01
2.552724749498997969e+00 4.026341227530247369e-01
2.553292745490981730e+00 4.025376928053015502e-01
2.553860741482965935e+00 4.023833808600066897e-01
2.554428737474949695e+00 4.022308656225889734e-01
2.554996733466933900e+00 4.020381927486698093e-01
2.555564729458917661e+00 4.018458956076940147e-01
2.556132725450901866e+00 4.016175274265351702e-01
2.556700721442885627e+00 4.013839259362707024e-01
2.557268717434869387e+00 4.011048280059243965e-01
2.557836713426853592e+00 4.008092913437457105e-01
2.558404709418837353e+00 4.004850742492392923e-01
2.558972705410821558e+00 4.001422512232987727e-01
2.559540701402805318e+00 3.997784220769845520e-01
2.560108697394789523e+00 3.993921120047111972e-01
2.560676693386773284e+00 3.989862940396112223e-01
2.561244689378757489e+00 3.985451521803356489e-01
2.561812685370741249e+00 3.980965685315903113e-01
2.562380681362725454e+00 3.976260507107759468e-01
2.562948677354709215e+00 3.971543357626809434e-01
2.563516673346693420e+00 3.966746690069526959e-01
2.564084669338677180e+00 3.961939205369445771e-01
2.564652665330661385e+00 3.956803921238414290e-01
2.565220661322645146e+00 3.951673830569429335e-01
2.565788657314628907e+00 3.946744305617423398e-01
2.566356653306613111e+00 3.941838834612028108e-01
2.566924649298596872e+00 3.937267440277848474e-01
2.567492645290581077e+00 3.932784509828300412e-01
2.568060641282564838e+00 3.928539498935288421e-01
2.568628637274549043e+00 3.924408492315169528e-01
2.569196633266532803e+00 3.920905217160042255e-01
2.569764629258517008e+00 3.917858166145739562e-01
2.570332625250500769e+00 3.916821275080676346e-01
2.570900621242484974e+00 3.917426287251967176e-01
2.571468617234468734e+00 3.916405197396519156e-01
2.572036613226452939e+00 3.915808244191545939e-01
2.572604609218436700e+00 3.915695919453656693e-01
2.573172605210420905e+00 3.917099966114401810e-01
2.573740601202404665e+00 3.918685986632571838e-01
2.574308597194388426e+00 3.921505863618890420e-01
2.574876593186372631e+00 3.924340644652709598e-01
2.575444589178356392e+00 3.928144903959121526e-01
2.576012585170340596e+00 3.931952384026444758e-01
2.576580581162324357e+00 3.936696175713583767e-01
2.577148577154308562e+00 3.940944084925898649e-01
2.577716573146292323e+00 3.943089197099111654e-01
2.578284569138276527e+00 3.946290929442350381e-01
2.578852565130260288e+00 3.949281689987169663e-01
2.579420561122244493e+00 3.951591540822403381e-01
2.579988557114228254e+00 3.951888029957309478e-01
2.580556553106212458e+00 3.950566763949188709e-01
2.581124549098196219e+00 3.946354581412999107e-01
2.581692545090180424e+00 3.938435200122735180e-01
2.582260541082164185e+00 3.927601407103875064e-01
2.582828537074147945e+00 3.910621537620276311e-01
2.583396533066132150e+00 3.891184541811052444e-01
2.583964529058115911e+00 3.862451994748339890e-01
2.584532525050100116e+00 3.832257859512612219e-01
2.585100521042083876e+00 3.788114508036843908e-01
2.585668517034068081e+00 3.743962280747523685e-01
2.586236513026051842e+00 3.683650575194525878e-01
2.586804509018036047e+00 3.622998737908068034e-01
2.587372505010019808e+00 3.547017291044998744e-01
2.587940501002004012e+00 3.468640584447879593e-01
2.588508496993987773e+00 3.376785374987936184e-01
2.589076492985971978e+00 3.280449396094342052e-01
2.589644488977955739e+00 3.173767100145846176e-01
2.590212484969939943e+00 3.061177639653987481e-01
2.590780480961923704e+00 2.941573389387513449e-01
2.591348476953907465e+00 2.815550197742814342e-01
2.591916472945891670e+00 2.685305823267229441e-01
2.592484468937875430e+00 2.548969196228106915e-01
2.593052464929859635e+00 2.411293510261631745e-01
2.593620460921843396e+00 2.270481691952150327e-01
2.594188456913827601e+00 2.128849004966241742e-01
2.594756452905811361e+00 1.984978925415936124e-01
2.595324448897795566e+00 1.842399557143455102e-01
2.595892444889779327e+00 1.707032915727634548e-01
2.596460440881763532e+00 1.571612459819656249e-01
2.597028436873747292e+00 1.447482907046752088e-01
2.597596432865731497e+00 1.324699542885481307e-01
2.598164428857715258e+00 1.212763484734485087e-01
2.598732424849699463e+00 1.102374160332073444e-01
2.599300420841683223e+00 1.002849122218145983e-01
2.599868416833666984e+00 9.074813776831706924e-02
2.600436412825651189e+00 8.211736767883885679e-02
2.601004408817634950e+00 7.408397353424737986e-02
2.601572404809619155e+00 6.674258346388295404e-02
2.602140400801602915e+00 6.011629023028505076e-02
2.602708396793587120e+00 5.397865446525858951e-02
2.603276392785570881e+00 4.863970970212145445e-02
2.603844388777555086e+00 4.358902357375493003e-02
2.604412384769538846e+00 3.933556299442064752e-02
2.604980380761523051e+00 3.520786391506068591e-02
2.605548376753506812e+00 3.178393793067960799e-02
2.606116372745491017e+00 2.838808731594631707e-02
2.606684368737474777e+00 2.571441727054731702e-02
2.607252364729458982e+00 2.304180380600490477e-02
2.607820360721442743e+00 2.088386977333734143e-02
2.608388356713426504e+00 1.877062770439007905e-02
2.608956352705410708e+00 1.700754765384386927e-02
2.609524348697394469e+00 1.532872312013349066e-02
2.610092344689378674e+00 1.389431688406740466e-02
2.610660340681362435e+00 1.256865240858593726e-02
2.611228336673346639e+00 1.139931143156996431e-02
2.611796332665330400e+00 1.034408085840947226e-02
2.612364328657314605e+00 9.386314781550258307e-03
2.612932324649298366e+00 8.541110574897557706e-03
2.613500320641282570e+00 7.753483676519048497e-03
2.614068316633266331e+00 7.079938276844421549e-03
2.614636312625250536e+00 6.440677437389269455e-03
2.615204308617234297e+00 5.895632071822178022e-03
2.615772304609218502e+00 5.363578515913954708e-03
2.616340300601202262e+00 4.927103823775725103e-03
2.616908296593186023e+00 4.491027371707335784e-03
2.617476292585170228e+00 4.138349734780431312e-03
2.618044288577153988e+00 3.785398780984189793e-03
2.618612284569138193e+00 3.487057900822421435e-03
2.619180280561121954e+00 3.195577051592454493e-03
2.619748276553106159e+00 2.948772935699102080e-03
2.620316272545089920e+00 2.714737610873441728e-03
2.620884268537074124e+00 2.506593819247076096e-03
2.621452264529057885e+00 2.311575139775163840e-03
2.622020260521042090e+00 2.134867506772480678e-03
2.622588256513025851e+00 1.973219688422094518e-03
2.623156252505010055e+00 1.825851914150622250e-03
2.623724248496993816e+00 1.697107826258340609e-03
2.624292244488978021e+00 1.574621256356467094e-03
2.624860240480961782e+00 1.465486391762737704e-03
2.625428236472945542e+00 1.360178393543631575e-03
2.625996232464929747e+00 1.269766078268248300e-03
2.626564228456913508e+00 1.180721141538392579e-03
2.627132224448897713e+00 1.105574721746552073e-03
2.627700220440881473e+00 1.030405992189783754e-03
2.628268216432865678e+00 9.638082319466719644e-04
2.628836212424849439e+00 8.973968282221726593e-04
2.629404208416833644e+00 8.429204664601392186e-04
2.629972204408817404e+00 7.903389687584445791e-04
2.630540200400801609e+00 7.431729261179601583e-04
2.631108196392785370e+00 6.978290376520007287e-04
2.631676192384769575e+00 6.556637858904488690e-04
2.632244188376753335e+00 6.153345665201419290e-04
2.632812184368737540e+00 5.808905769172195395e-04
2.633380180360721301e+00 5.518990463198107351e-04
2.633948176352705062e+00 5.224878392098994623e-04
2.634516172344689267e+00 4.927518698579048213e-04
2.635084168336673471e+00 4.643339045370633482e-04
2.635652164328657232e+00 4.390006328206644054e-04
2.636220160320640993e+00 4.146242480116848041e-04
2.636788156312625198e+00 3.947482326573501952e-04
2.637356152304608958e+00 3.749501037197232193e-04
2.637924148296593163e+00 3.564044943634991371e-04
2.638492144288576924e+00 3.378543627669872477e-04
2.639060140280561129e+00 3.250905362902275510e-04
2.639628136272544889e+00 3.126461312176048984e-04
2.640196132264529094e+00 2.992474433422197505e-04
2.640764128256512855e+00 2.856554785487719003e-04
2.641332124248497060e+00 2.721774416688488123e-04
2.641900120240480820e+00 2.587430476807057642e-04
2.642468116232464581e+00 2.487923514013168033e-04
2.643036112224448786e+00 2.411264419938773519e-04
2.643604108216432991e+00 2.323917964024952798e-04
2.644172104208416751e+00 2.225442918573996057e-04
2.644740100200400512e+00 2.130733294724374623e-04
2.645308096192384717e+00 2.042308815286382137e-04
2.645876092184368478e+00 1.959702619262853847e-04
2.646444088176352682e+00 1.893599920483126666e-04
2.647012084168336443e+00 1.825668444942128406e-04
2.647580080160320648e+00 1.747085913824331311e-04
2.648148076152304409e+00 1.669578183656400322e-04
2.648716072144288614e+00 1.624614753796767329e-04
2.649284068136272374e+00 1.579646732156859100e-04
2.649852064128256579e+00 1.509839915672419035e-04
2.650420060120240340e+00 1.437105710773936985e-04
2.650988056112224101e+00 1.388708060143824924e-04
2.651556052104208305e+00 1.347096511132749507e-04
2.652124048096192510e+00 1.321922190003032140e-04
2.652692044088176271e+00 1.304726806210531633e-04
2.653260040080160032e+00 1.258838200234595097e-04
2.653828036072144236e+00 1.191547117995299263e-04
2.654396032064127997e+00 1.141439906331735634e-04
2.654964028056112202e+00 1.111494039106889961e-04
2.655532024048095963e+00 1.083341000324130677e-04
2.656100020040080167e+00 1.058589297521740017e-04
2.656668016032063928e+00 1.028029806618903662e-04
2.657236012024048133e+00 9.781768587514300540e-05
2.657804008016031894e+00 9.320550778650418268e-05
2.658372004008016098e+00 9.140200632662352754e-05
2.658939999999999859e+00 8.959297515473725192e-05
