5.999999999999999778e-01 7.089150865778778585e-13
6.035070140280560658e-01 3.858274769409117953e-12
6.070140280561121537e-01 5.902811104744417386e-12
6.105210420841683527e-01 5.170123656395605676e-13
6.140280561122244407e-01 1.513657975262898513e-12
6.175350701402805287e-01 7.235616866682840945e-13
6.210420841683366167e-01 2.847520833385045495e-12
6.245490981963928157e-01 1.644853937993666938e-12
6.280561122244489036e-01 2.203941605495326449e-12
6.315631262525049916e-01 1.053196318321987278e-11
6.350701402805610796e-01 1.706165060370238747e-14
6.385771543086171675e-01 4.443345198517296625e-12
6.420841683366733665e-01 6.046387773106361410e-12
6.455911823647294545e-01 7.494011077644382628e-12
6.490981963927855425e-01 2.136791310493640079e-12
6.526052104208416305e-01 1.576972384979348291e-12
6.561122244488977184e-01 4.415473479247307845e-12
6.596192384769539174e-01 2.179245149822830813e-11
6.631262525050100054e-01 2.090919581364144241e-11
6.666332665330660934e-01 1.125803443465844071e-11
6.701402805611221813e-01 7.562635304306095764e-12
6.736472945891783803e-01 1.031061908947670824e-11
6.771543086172344683e-01 1.147020585993169698e-11
6.806613226452905563e-01 2.078685021944930159e-11
6.841683366733466443e-01 1.686628942795032877e-11
6.876753507014028433e-01 3.117850155418708988e-11
6.911823647294589312e-01 3.536666162544540849e-11
6.946893787575150192e-01 5.048838792329846759e-11
6.981963927855711072e-01 6.734805638927253500e-11
7.017034068136271951e-01 9.590965422735365659e-11
7.052104208416833941e-01 2.599751289737688000e-10
7.087174348697394821e-01 1.115763137072160317e-09
7.122244488977955701e-01 3.732210003063002533e-09
7.157314629258516581e-01 4.684206139077530320e-09
7.192384769539077460e-01 1.770379242664746593e-09
7.227454909819639450e-01 3.737489667170038897e-10
7.262525050100200330e-01 7.883608137998847408e-11
7.297595190380761210e-01 1.806204070381564083e-11
7.332665330661322090e-01 1.878709333920677085e-11
7.367735470941882969e-01 2.191939637622491071e-11
7.402805611222444959e-01 7.561332925506014699e-11
7.437875751503005839e-01 2.550910124587328456e-10
7.472945891783566719e-01 2.042331525677833761e-10
7.508016032064128709e-01 1.072469553944511156e-10
7.543086172344688478e-01 4.944557101089249877e-10
7.578156312625250468e-01 1.182412473624375084e-10
7.613226452905811348e-01 1.659605711207671558e-11
7.648296593186372228e-01 5.381441417623029777e-12
7.683366733466934217e-01 1.573154089372246529e-12
7.718436873747495097e-01 1.016949436528447797e-12
7.753507014028055977e-01 1.100852176641731315e-12
7.788577154308616857e-01 1.384573067228050863e-12
7.823647294589177736e-01 3.372590656346370223e-12
7.858717434869739726e-01 3.153460250264400041e-12
7.893787575150300606e-01 9.253987936069178532e-12
7.928857715430861486e-01 1.416774446461057811e-11
7.963927855711422366e-01 -8.548429532022636462e-13
7.998997995991983245e-01 9.194723280893349684e-10
8.034068136272545235e-01 1.651016121787370043e-09
8.069138276553106115e-01 4.539553712564163210e-10
8.104208416833666995e-01 5.817002998299233526e-10
8.139278557114227874e-01 1.387673938522812592e-09
8.174348697394788754e-01 8.113282739240766621e-10
8.209418837675350744e-01 7.448665640138541275e-10
8.244488977955911624e-01 -6.101526214618362765e-11
8.279559118236472504e-01 4.817924466058373439e-10
8.314629258517034494e-01 9.644091074693909951e-10
8.349699398797595373e-01 6.698591196168817966e-10
8.384769539078156253e-01 8.393463759661293615e-10
8.419839679358717133e-01 3.551153327078177045e-10
8.454909819639278012e-01 2.529430851957410199e-10
8.489979959919840002e-01 4.149131508308537995e-10
8.525050100200400882e-01 7.581647770748452216e-10
8.560120240480961762e-01 3.278376567492483272e-10
8.595190380761522642e-01 4.911178290662533025e-10
8.630260521042083521e-01 2.427136001962094047e-10
8.665330661322645511e-01 4.991967263472130196e-10
8.700400801603206391e-01 8.341857844474607542e-10
8.735470941883767271e-01 8.348693549528847786e-10
8.770541082164329261e-01 9.732185784702820284e-10
8.805611222444889030e-01 6.358651037809991392e-10
8.840681362725451020e-01 6.973521567206172138e-10
8.875751503006011900e-01 6.259001287542028626e-10
8.910821643286572780e-01 7.350505047325541402e-10
8.945891783567134770e-01 1.059920689239891295e-09
8.980961923847694539e-01 1.119552377087155830e-09
9.016032064128256529e-01 1.275153797588905266e-09
9.051102204408817409e-01 9.630129328092482454e-10
9.086172344689378289e-01 9.128794573136729844e-10
9.121242484969940278e-01 7.314665728773363670e-10
9.156312625250500048e-01 5.460284883960447004e-10
9.191382765531062038e-01 3.918725151902292045e-10
9.226452905811622918e-01 3.401760736124337817e-10
9.261523046092183797e-01 5.114590591017111784e-10
9.296593186372745787e-01 1.157506233392920157e-09
9.331663326653306667e-01 2.229986485913386921e-09
9.366733466933867547e-01 1.805766561793140459e-09
9.401803607214428427e-01 1.229203353229669510e-09
9.436873747494989306e-01 4.826309087339812931e-10
9.471943887775551296e-01 6.932659667591857313e-10
9.507014028056112176e-01 8.495423742748289311e-10
9.542084168336673056e-01 6.763677227006716901e-10
9.577154308617235046e-01 7.712694664635084896e-10
9.612224448897794815e-01 7.293688512166128821e-10
9.647294589178356805e-01 7.288432952701916543e-10
9.682364729458917685e-01 8.256697506185219522e-10
9.717434869739478565e-01 1.069652135782467179e-09
9.752505010020040555e-01 2.703968839051973183e-09
9.787575150300600324e-01 5.905787997461196084e-09
9.822645290581162314e-01 1.407584594872189625e-08
9.857715430861723194e-01 3.084134911075442839e-08
9.892785571142284073e-01 5.175592680463610267e-08
9.927855711422846063e-01 8.815260723116045201e-08
9.962925851703405833e-01 9.859127859840751056e-08
9.997995991983967823e-01 1.112560750936634685e-07
1.003306613226452981e+00 2.310586561092612423e-07
1.006813627254508958e+00 3.978765687787617785e-07
1.010320641282565157e+00 8.846231170762981543e-07
1.013827655310621356e+00 2.092490833987800475e-07
1.017334669338677333e+00 6.580901244472167319e-07
1.020841683366733310e+00 5.995091532827836411e-07
1.024348697394789509e+00 7.678959966227778723e-07
1.027855711422845708e+00 2.692094598553937013e-07
1.031362725450901685e+00 2.046926820823078622e-07
1.034869739478957884e+00 3.281193229595726347e-07
1.038376753507014083e+00 2.915901284604122960e-07
1.041883767535070060e+00 7.220113489128803465e-07
1.045390781563126259e+00 1.443012188460410580e-07
1.048897795591182458e+00 3.386725352236264773e-07
1.052404809619238435e+00 1.855110286153977274e-07
1.055911823647294634e+00 2.246210735822563344e-07
1.059418837675350611e+00 4.638103129326512913e-07
1.062925851703406810e+00 2.192790972117198247e-07
1.066432865731462787e+00 2.362713353543112972e-07
1.069939879759518986e+00 1.078334451762962328e-07
1.073446893787575185e+00 2.002080399501211692e-07
1.076953907815631162e+00 3.255821172549647366e-07
1.080460921843687361e+00 3.744147019046330756e-07
1.083967935871743560e+00 1.025313239256694881e-07
1.087474949899799537e+00 4.014948681735246590e-07
1.090981963927855736e+00 1.718494370200829554e-07
1.094488977955911935e+00 1.744102689339122472e-07
1.097995991983967912e+00 2.410511069362353035e-07
1.101503006012023889e+00 2.156191309166970546e-07
1.105010020040080310e+00 4.455746651178653430e-07
1.108517034068136287e+00 1.549184641764452482e-07
1.112024048096192264e+00 3.170343075543088762e-07
1.115531062124248463e+00 2.888359808160381191e-07
1.119038076152304662e+00 5.527275676189435601e-07
1.122545090180360638e+00 4.661661093013173780e-07
1.126052104208416837e+00 2.882179337105011778e-07
1.129559118236473036e+00 4.501970643992565352e-07
1.133066132264529013e+00 4.883188310290415461e-07
1.136573146292584990e+00 2.590894663812899169e-07
1.140080160320641411e+00 2.593151087655926461e-07
1.143587174348697388e+00 1.191302175240898588e-07
1.147094188376753365e+00 2.740147479520769616e-07
1.150601202404809564e+00 2.242933609449952633e-07
1.154108216432865763e+00 2.628278179180738129e-07
1.157615230460921740e+00 2.025641764100279931e-07
1.161122244488977939e+00 1.533152374567150097e-07
1.164629258517034138e+00 1.099332436316717802e-07
1.168136272545090115e+00 1.905356867460561169e-07
1.171643286573146314e+00 1.220082153831968604e-07
1.175150300601202513e+00 4.830079188454407371e-07
1.178657314629258490e+00 1.291981872733847343e-07
1.182164328657314467e+00 1.045020621438997588e-07
1.185671342685370888e+00 3.773456869243327988e-07
1.189178356713426865e+00 1.866695240475260232e-07
1.192685370741482842e+00 2.585760757547532931e-07
1.196192384769539041e+00 5.020541417627548884e-08
1.199699398797595240e+00 2.319007053668528762e-07
1.203206412825651217e+00 8.766393355508921666e-08
1.206713426853707416e+00 3.290155902299659060e-07
1.210220440881763615e+00 1.257452491324133473e-07
1.213727454909819592e+00 2.114437623007117386e-07
1.217234468937875569e+00 1.517416860062606147e-07
1.220741482965931990e+00 1.432458041973469652e-07
1.224248496993987967e+00 3.048569612703176798e-07
1.227755511022043944e+00 4.380761505247409073e-07
1.231262525050100143e+00 4.866805079046686165e-07
1.234769539078156342e+00 9.592365325109089110e-08
1.238276553106212319e+00 8.582235888097662872e-08
1.241783567134268518e+00 3.605352306967828873e-07
1.245290581162324717e+00 3.473199748358391695e-07
1.248797595190380694e+00 1.485846463129244008e-07
1.252304609218436893e+00 4.088015166140530954e-07
1.255811623246493092e+00 1.988929085013401304e-07
1.259318637274549069e+00 2.192167558017630148e-07
1.262825651302605046e+00 3.585874591195194500e-07
1.266332665330661467e+00 3.433552408203545496e-07
1.269839679358717444e+00 2.662668750813953212e-07
1.273346693386773421e+00 4.798376742272692302e-07
1.276853707414829620e+00 1.564121723243303447e-07
1.280360721442885819e+00 1.847040951744018186e-07
1.283867735470941795e+00 5.389469489385386429e-07
1.287374749498997994e+00 2.748165070701818712e-07
1.290881763527054193e+00 5.629189977750003410e-07
1.294388777555110170e+00 7.358978584642495245e-07
1.297895791583166369e+00 2.271101739953821841e-07
1.301402805611222568e+00 3.642032815535495132e-07
1.304909819639278545e+00 3.203357619821595811e-07
1.308416833667334522e+00 4.547646415913433243e-07
1.311923847695390721e+00 1.397250728320827217e-07
1.315430861723446920e+00 4.995136358429161105e-07
1.318937875751502897e+00 3.324357857070114534e-07
1.322444889779559096e+00 2.525989740093751286e-07
1.325951903807615295e+00 1.189824979213511574e-07
1.329458917835671272e+00 8.021963924402504149e-07
1.332965931863727471e+00 4.221611504550592980e-07
1.336472945891783670e+00 6.101347998804724473e-07
1.339979959919839647e+00 3.282067580652646737e-07
1.343486973947895624e+00 2.164096149851764965e-07
1.346993987975952045e+00 3.983070995385078496e-07
1.350501002004008022e+00 5.660987747833012021e-07
1.354008016032063999e+00 3.076860311420585158e-07
1.357515030060120198e+00 4.007801190032379168e-07
1.361022044088176397e+00 2.921501464917963611e-07
1.364529058116232374e+00 4.880920796961754226e-07
1.368036072144288573e+00 4.776160406258282214e-07
1.371543086172344772e+00 4.996582505671701051e-07
1.375050100200400749e+00 6.513165639350476754e-07
1.378557114228456948e+00 5.581170150967125235e-07
1.382064128256513147e+00 6.274575224711450230e-07
1.385571142284569124e+00 2.673923520176239725e-07
1.389078156312625101e+00 2.992145037202993152e-07
1.392585170340681300e+00 2.809041705489692197e-07
1.396092184368737499e+00 8.533257803903007880e-07
1.399599198396793476e+00 5.597938458283383313e-07
1.403106212424849675e+00 5.578565244452601643e-07
1.406613226452905874e+00 3.235958395919640692e-07
1.410120240480961851e+00 4.776859516228726270e-07
1.413627254509018050e+00 3.784676693674420339e-07
1.417134268537074249e+00 2.748469472263458836e-07
1.420641282565130226e+00 3.352750857211162389e-07
1.424148296593186203e+00 2.551604830056566133e-07
1.427655310621242624e+00 6.714897287767043895e-07
1.431162324649298601e+00 4.411077936666817907e-07
1.434669338677354578e+00 4.227895713326560649e-07
1.438176352705410777e+00 7.381842185354415125e-07
1.441683366733466976e+00 1.001553875001599773e-06
1.445190380761522952e+00 1.485037204347619182e-06
1.448697394789579151e+00 1.499817011030343688e-06
1.452204408817635350e+00 1.734416349504940037e-06
1.455711422845691327e+00 2.333460925111326604e-06
1.459218436873747526e+00 2.806859367002402036e-06
1.462725450901803725e+00 4.777214359304384542e-06
1.466232464929859702e+00 8.195572166236656745e-06
1.469739478957915679e+00 1.135288969650079390e-05
1.473246492985971878e+00 1.884060458961652574e-05
1.476753507014028077e+00 2.847952498530748411e-05
1.480260521042084054e+00 4.363624693977087116e-05
1.483767535070140253e+00 6.447851573148689636e-05
1.487274549098196452e+00 9.826661565676467463e-05
1.490781563126252429e+00 1.529138243515259154e-04
1.494288577154308628e+00 2.499635254449970477e-04
1.497795591182364827e+00 4.127277526116899771e-04
1.501302605210420804e+00 7.162881317528557333e-04
1.504809619238476781e+00 1.254382759344959590e-03
1.508316633266533202e+00 2.208771980588606406e-03
1.511823647294589179e+00 3.866893918380850254e-03
1.515330661322645156e+00 6.609341110828957470e-03
1.518837675350701355e+00 1.098883673104690713e-02
1.522344689378757554e+00 1.575103787973205702e-02
1.525851703406813531e+00 2.291634081748778959e-02
1.529358717434869730e+00 3.503043418297561301e-02
1.532865731462925929e+00 5.695012154892066525e-02
1.536372745490981906e+00 9.352913724990422062e-02
1.539879759519038105e+00 1.568757900546753070e-01
1.543386773547094304e+00 2.395755088213617767e-01
1.546893787575150281e+00 3.144235196307277325e-01
1.550400801603206258e+00 3.523063630380018352e-01
1.553907815631262679e+00 3.642267805160169791e-01
1.557414829659318656e+00 3.710921730884824687e-01
1.560921843687374633e+00 3.751987637675672782e-01
1.564428857715430832e+00 3.792804842560819067e-01
1.567935871743487031e+00 3.843792132466479217e-01
1.571442885771543008e+00 3.863744221107110466e-01
1.574949899799599207e+00 3.939428901342081346e-01
1.578456913827655406e+00 3.889953993435919521e-01
1.581963927855711383e+00 3.999962668684025613e-01
1.585470941883767360e+00 4.028849847367945713e-01
1.588977955911823781e+00 3.991305326444209434e-01
1.592484969939879758e+00 3.975198781388745717e-01
1.595991983967935735e+00 3.972319819004025976e-01
1.599498997995991934e+00 3.971784356665031268e-01
1.603006012024048133e+00 3.998341718123001876e-01
1.606513026052104109e+00 3.967997864460221513e-01
1.610020040080160530e+00 3.992056229339056017e-01
1.613527054108216507e+00 3.964798344291460830e-01
1.617034068136272484e+00 3.972571352005290768e-01
1.620541082164328461e+00 4.013427278782356611e-01
1.624048096192384882e+00 3.985260116399688690e-01
1.627555110220440859e+00 4.010089275376357842e-01
1.631062124248496836e+00 3.999692997615084122e-01
1.634569138276553257e+00 4.022301131788650341e-01
1.638076152304609234e+00 4.086190253690731855e-01
1.641583166332665211e+00 4.136103039578504781e-01
1.645090180360721632e+00 4.168374374697882967e-01
1.648597194388777609e+00 4.176768877156637472e-01
1.652104208416833586e+00 4.192635299450599984e-01
1.655611222444889563e+00 4.164887215177913715e-01
1.659118236472945984e+00 4.188078387383153411e-01
1.662625250501001961e+00 4.152045220164423678e-01
1.666132264529057938e+00 4.129511176971554787e-01
1.669639278557114359e+00 4.135261563130112061e-01
1.673146292585170336e+00 4.122130797110191147e-01
1.676653306613226313e+00 4.179468145503477672e-01
1.680160320641282734e+00 4.190829719671014253e-01
1.683667334669338711e+00 4.251364371487738048e-01
1.687174348697394688e+00 4.210315090997250875e-01
1.690681362725451109e+00 4.173796959749948021e-01
1.694188376753507086e+00 4.158063307975750633e-01
1.697695390781563063e+00 4.141630649992579238e-01
1.701202404809619040e+00 4.011803405902173991e-01
1.704709418837675461e+00 3.676127672417134340e-01
1.708216432865731438e+00 3.154332264056221580e-01
1.711723446893787415e+00 2.392816420663401999e-01
1.715230460921843836e+00 1.692242552979038861e-01
1.718737474949899813e+00 1.105049664593111131e-01
1.722244488977955790e+00 7.178354965580627245e-02
1.725751503006012211e+00 4.739006805242444026e-02
1.729258517034068188e+00 3.312186976794608689e-02
1.732765531062124165e+00 2.283940040069609018e-02
1.736272545090180142e+00 1.335052633190679169e-02
1.739779559118236563e+00 7.829251632074665790e-03
1.743286573146292540e+00 4.627241782934461006e-03
1.746793587174348517e+00 2.841142689785182592e-03
1.750300601202404938e+00 1.770766991754143442e-03
1.753807615230460915e+00 1.155363060494118141e-03
1.757314629258516891e+00 7.829504000724488329e-04
1.760821643286573313e+00 5.326445546604735614e-04
1.764328657314629289e+00 3.719666308415592163e-04
1.767835671342685266e+00 2.753826308365916911e-04
1.771342685370741687e+00 2.003843531623160259e-04
1.774849699398797664e+00 1.513731951467435206e-04
1.778356713426853641e+00 1.145455659088743085e-04
1.781863727454909618e+00 8.962058813518085539e-05
1.785370741482966039e+00 6.712042343281385780e-05
1.788877755511022016e+00 5.308832830162089173e-05
1.792384769539077993e+00 4.125752164798772637e-05
1.795891783567134414e+00 3.215116078793580614e-05
1.799398797595190391e+00 2.640074050623278720e-05
1.802905811623246368e+00 1.930433025978874157e-05
1.806412825651302789e+00 1.502268835083314887e-05
1.809919839679358766e+00 1.427937547802442019e-05
1.813426853707414743e+00 1.156871784195694956e-05
1.816933867735470720e+00 1.094285182036705835e-05
1.820440881763527141e+00 8.935783416004169141e-06
1.823947895791583118e+00 8.784729024150766122e-06
1.827454909819639095e+00 5.365466690170296608e-06
1.830961923847695516e+00 5.260795302593718211e-06
1.834468937875751493e+00 2.386618768030524576e-06
1.837975951903807470e+00 7.067685935852444235e-06
1.841482965931863891e+00 3.752294708422901445e-06
1.844989979959919868e+00 8.109223433423045512e-06
1.848496993987975845e+00 5.537035152653064227e-06
1.852004008016032266e+00 5.273619240494597062e-06
1.855511022044088243e+00 2.950943306215925382e-06
1.859018036072144220e+00 4.775518196081909565e-06
1.862525050100200197e+00 4.208335153183306343e-06
1.866032064128256618e+00 5.489295499431096556e-06
1.869539078156312595e+00 6.136886884099357728e-06
1.873046092184368572e+00 2.962614074027560585e-06
1.876553106212424993e+00 3.925425760900687393e-06
1.880060120240480970e+00 3.368688904974361500e-06
1.883567134268536947e+00 3.466104559908367306e-06
1.887074148296593368e+00 3.578779709541573304e-06
1.890581162324649345e+00 4.960973201365627811e-06
1.894088176352705322e+00 4.453286434922393380e-06
1.897595190380761299e+00 5.235475401185169787e-07
1.901102204408817720e+00 2.924581642434588069e-06
1.904609218436873697e+00 3.109525981685705945e-06
1.908116232464929674e+00 3.236523190965218505e-06
1.911623246492986095e+00 7.802912266255129391e-06
1.915130260521042072e+00 5.112855956405245655e-06
1.918637274549098048e+00 3.875134215226139680e-06
1.922144288577154470e+00 3.676731306032849362e-06
1.925651302605210446e+00 1.268037695505776523e-06
1.929158316633266423e+00 1.207001827655878368e-06
1.932665330661322844e+00 1.911864549035284328e-06
1.936172344689378821e+00 2.073839257263585164e-06
1.939679358717434798e+00 7.434120330414038975e-07
1.943186372745490775e+00 2.549157884983930509e-07
1.946693386773547196e+00 1.561766159697349710e-06
1.950200400801603173e+00 2.578515084045387882e-06
1.953707414829659150e+00 3.199549959510603839e-06
1.957214428857715571e+00 2.595537413571252624e-06
1.960721442885771548e+00 2.354058905224122743e-06
1.964228456913827525e+00 5.871644219221961839e-07
1.967735470941883946e+00 2.616889604079246148e-06
1.971242484969939923e+00 6.344522532893179286e-06
1.974749498997995900e+00 1.305562273540655928e-06
1.978256513026051877e+00 3.486777893144870558e-06
1.981763527054108298e+00 1.197674644504858862e-06
1.985270541082164275e+00 3.760688640120038681e-06
1.988777555110220252e+00 4.470491475462406623e-06
1.992284569138276673e+00 3.658307323781652350e-06
1.995791583166332650e+00 1.527526095324303812e-06
1.999298597194388627e+00 1.775078160221596663e-06
2.002805611222445048e+00 2.921353317138808430e-06
2.006312625250501025e+00 3.804358659226776144e-06
2.009819639278557002e+00 1.295910433442570901e-06
2.013326653306613423e+00 1.647498968187873778e-06
2.016833667334669400e+00 3.395991693094218027e-06
2.020340681362725377e+00 1.438166251670168576e-07
2.023847695390781354e+00 1.725438355375710926e-06
2.027354709418837775e+00 3.900899614845022805e-06
2.030861723446893752e+00 4.092128248813003551e-06
2.034368737474949729e+00 2.184478812672978492e-06
2.037875751503006150e+00 2.589415488071781807e-06
2.041382765531062127e+00 1.033851368167137543e-06
2.044889779559118104e+00 1.746511616619215097e-06
2.048396793587174525e+00 3.167184820434320726e-06
2.051903807615230502e+00 1.938850613557144472e-06
2.055410821643286479e+00 3.626577463179145160e-06
2.058917835671342900e+00 9.979856178300067784e-07
2.062424849699398877e+00 2.817211048378209689e-06
2.065931863727454854e+00 4.325862145492701024e-06
2.069438877755510831e+00 4.906482694698028481e-06
2.072945891783567252e+00 2.924413143717243186e-06
2.076452905811623229e+00 8.004707769962939992e-07
2.079959919839679205e+00 2.578672648196816435e-06
2.083466933867735627e+00 1.958768500978784020e-07
2.086973947895791603e+00 2.406564887684080501e-06
2.090480961923847580e+00 8.491994980681337813e-07
2.093987975951904001e+00 2.659884957023299230e-07
2.097494989979959978e+00 2.678811773586664671e-06
2.101002004008015955e+00 1.909913212512813002e-06
2.104509018036071932e+00 7.816021012956987343e-07
2.108016032064128353e+00 2.229206743458593993e-06
2.111523046092184330e+00 6.390152545283127906e-06
2.115030060120240307e+00 4.043178663683553780e-06
2.118537074148296728e+00 6.252447974048367504e-06
2.122044088176352705e+00 4.963166953846111432e-06
2.125551102204408682e+00 1.072086542483087417e-06
2.129058116232465103e+00 1.223484943742846338e-06
2.132565130260521080e+00 8.065939453903978975e-07
2.136072144288577057e+00 5.837439418545655718e-07
2.139579158316633478e+00 4.417001882663131153e-06
2.143086172344689455e+00 2.040779440498294204e-06
2.146593186372745432e+00 4.874025701398116707e-06
2.150100200400801409e+00 1.327395556985311460e-06
2.153607214428857830e+00 6.921112223463467290e-06
2.157114228456913807e+00 2.764934255739916155e-06
2.160621242484969784e+00 4.387222263039894488e-06
2.164128256513026205e+00 1.291840607573923569e-06
2.167635270541082182e+00 4.801694739435463652e-06
2.171142284569138159e+00 6.215202036627080343e-08
2.174649298597194580e+00 4.434622925604133872e-07
2.178156312625250557e+00 3.017815502018685384e-06
2.181663326653306534e+00 1.527919191002589661e-06
2.185170340681362511e+00 2.929870067255195299e-07
2.188677354709418932e+00 4.107294305904722277e-06
2.192184368737474909e+00 1.639752457450193956e-07
2.195691382765530886e+00 4.393214316397778930e-06
2.199198396793587307e+00 3.602970501334621735e-07
2.202705410821643284e+00 4.544555723715745462e-06
2.206212424849699261e+00 1.508827061614542015e-07
2.209719438877755682e+00 3.141065287531505821e-06
2.213226452905811659e+00 2.017304991113491553e-06
2.216733466933867636e+00 2.697381507088752262e-06
2.220240480961924057e+00 8.934016164494086294e-06
2.223747494989980034e+00 3.242821172942769001e-11
2.227254509018036011e+00 3.266675039928237761e-06
2.230761523046091988e+00 7.842477931964182233e-06
2.234268537074148409e+00 5.173094070488028570e-06
2.237775551102204386e+00 5.094025221906363968e-06
2.241282565130260362e+00 9.066693609827142022e-06
2.244789579158316783e+00 1.176581893825570564e-06
2.248296593186372760e+00 1.537579921124237088e-06
2.251803607214428737e+00 5.973609589014041925e-06
2.255310621242485158e+00 1.096306351162536485e-05
2.258817635270541135e+00 4.405280436436688429e-06
2.262324649298597112e+00 3.750525835310908671e-06
2.265831663326653089e+00 7.563183999086129638e-06
2.269338677354709510e+00 8.685103998079979147e-07
2.272845691382765487e+00 5.165364766421688585e-06
2.276352705410821464e+00 1.629420346008138382e-05
2.279859719438877885e+00 4.881328422325273505e-06
2.283366733466933862e+00 9.744828382249045583e-07
2.286873747494989839e+00 2.485943541667255358e-06
2.290380761523046260e+00 2.346851433287758517e-06
2.293887775551102237e+00 5.893463567599386205e-07
2.297394789579158214e+00 1.693727643867500426e-06
2.300901803607214635e+00 3.061187892796390681e-06
2.304408817635270612e+00 8.128070098578237101e-07
2.307915831663326589e+00 3.906522426117228119e-06
2.311422845691382566e+00 3.732593243439184683e-06
2.314929859719438987e+00 2.973024261231356436e-06
2.318436873747494964e+00 1.064763644542973368e-07
2.321943887775550941e+00 1.154860173033771414e-06
2.325450901803607362e+00 1.348611312393917171e-06
2.328957915831663339e+00 1.490987001596539853e-06
2.332464929859719316e+00 2.907411812374101704e-07
2.335971943887775737e+00 4.331302011748641840e-07
2.339478957915831714e+00 4.704322149154681756e-07
2.342985971943887691e+00 6.323526216120410727e-07
2.346492985971943668e+00 4.674070845507986701e-07
2.350000000000000089e+00 1.759136449131965190e-06
