2.335878699999999863e+00 8.372911977766514643e-05
2.337818536873747188e+00 1.037906728655238177e-04
2.339758373747494957e+00 1.287997716020042121e-04
2.341698210621242282e+00 1.595174563774084096e-04
2.343638047494990051e+00 1.974958131938443534e-04
2.345577884368737376e+00 2.451170889532144144e-04
2.347517721242484701e+00 3.071964535933859194e-04
2.349457558116232470e+00 3.891857765936198774e-04
2.351397394989979794e+00 5.001416709059740675e-04
2.353337231863727119e+00 6.553158388124669239e-04
2.355277068737474888e+00 8.664916368682540381e-04
2.357216905611222213e+00 1.158695434473686363e-03
2.359156742484969982e+00 1.552415182549277042e-03
2.361096579358717307e+00 2.065036141578160348e-03
2.363036416232464632e+00 2.725477779051191634e-03
2.364976253106212400e+00 3.525632958858021526e-03
2.366916089979959725e+00 4.463190019029092230e-03
2.368855926853707494e+00 5.518136223247550529e-03
2.370795763727454819e+00 6.662098786558228250e-03
2.372735600601202144e+00 7.886271174572898057e-03
2.374675437474949913e+00 9.165668469471432295e-03
2.376615274348697238e+00 1.051967003464253543e-02
2.378555111222444562e+00 1.206188386882391800e-02
2.380494948096192331e+00 1.384616142390614896e-02
2.382434784969939656e+00 1.598399310535025472e-02
2.384374621843687425e+00 1.861369661474758519e-02
2.386314458717434750e+00 2.186602156708564171e-02
2.388254295591182075e+00 2.614004277470858076e-02
2.390194132464929844e+00 3.153558474147516444e-02
2.392133969338677169e+00 3.848076257355614871e-02
2.394073806212424937e+00 4.741510585178500270e-02
2.396013643086172262e+00 5.851102096033165834e-02
2.397953479959919587e+00 7.206983489491473882e-02
2.399893316833667356e+00 8.769667520226596957e-02
2.401833153707414681e+00 1.047841542681652305e-01
2.403772990581162006e+00 1.222991075245302983e-01
2.405712827454909775e+00 1.390731137427506370e-01
2.407652664328657099e+00 1.539914930204293042e-01
2.409592501202404868e+00 1.665386815684662125e-01
2.411532338076152193e+00 1.769158175132598543e-01
2.413472174949899518e+00 1.855013251558006171e-01
2.415412011823647287e+00 1.934959993657671962e-01
2.417351848697394612e+00 2.018044099594375751e-01
2.419291685571142381e+00 2.112569125329441522e-01
2.421231522444889706e+00 2.221065629592446633e-01
2.423171359318637030e+00 2.343430141035014180e-01
2.425111196192384799e+00 2.467476409922048364e-01
2.427051033066132124e+00 2.586527435241022244e-01
2.428990869939879449e+00 2.690463914645397359e-01
2.430930706813627218e+00 2.776583658316540970e-01
2.432870543687374543e+00 2.843015983537094948e-01
2.434810380561122312e+00 2.894432927820488333e-01
2.436750217434869636e+00 2.937243837530859603e-01
2.438690054308616961e+00 2.977493825337137467e-01
2.440629891182364730e+00 3.020463624690938320e-01
2.442569728056112055e+00 3.069425602180075319e-01
2.444509564929859824e+00 3.126549465209441103e-01
2.446449401803607149e+00 3.191573174345700425e-01
2.448389238677354474e+00 3.260835724500273369e-01
2.450329075551102243e+00 3.336844797420074338e-01
2.452268912424849567e+00 3.414629032515975604e-01
2.454208749298596892e+00 3.492150699424809157e-01
2.456148586172344661e+00 3.566519001491976204e-01
2.458088423046091986e+00 3.634646924982932736e-01
2.460028259919839755e+00 3.694501132895238737e-01
2.461968096793587080e+00 3.744519660965909824e-01
2.463907933667334405e+00 3.784223215423689335e-01
2.465847770541082173e+00 3.815665397598875797e-01
2.467787607414829498e+00 3.839414438681583164e-01
2.469727444288577267e+00 3.857985711132598250e-01
2.471667281162324592e+00 3.872895111221847930e-01
2.473607118036071917e+00 3.887185251055433888e-01
2.475546954909819686e+00 3.898451505389159411e-01
2.477486791783567011e+00 3.906554545641600096e-01
2.479426628657314780e+00 3.914165456794646558e-01
2.481366465531062104e+00 3.918718191995580469e-01
2.483306302404809429e+00 3.922163715422303243e-01
2.485246139278557198e+00 3.926183966070113662e-01
2.487185976152304523e+00 3.930061171709695045e-01
2.489125813026051848e+00 3.931291099006534173e-01
2.491065649899799617e+00 3.931489794479124389e-01
2.493005486773546941e+00 3.929389756078471851e-01
2.494945323647294710e+00 3.925212799990717705e-01
2.496885160521042035e+00 3.919031543568089471e-01
2.498824997394789360e+00 3.910634538834417140e-01
2.500764834268537129e+00 3.898227431107381680e-01
2.502704671142284454e+00 3.886064585209642597e-01
2.504644508016031779e+00 3.873498913745693772e-01
2.506584344889779548e+00 3.860634128635866413e-01
2.508524181763526872e+00 3.845903151300473222e-01
2.510464018637274641e+00 3.831251881816936100e-01
2.512403855511021966e+00 3.818280259408207700e-01
2.514343692384769291e+00 3.808054422050175525e-01
2.516283529258517060e+00 3.796039152080528667e-01
2.518223366132264385e+00 3.786431390333099278e-01
2.520163203006012154e+00 3.779283723574100029e-01
2.522103039879759478e+00 3.773905855951238397e-01
2.524042876753506803e+00 3.769784226444174990e-01
2.525982713627254572e+00 3.767361109094731764e-01
2.527922550501001897e+00 3.766433517260738273e-01
2.529862387374749666e+00 3.768977545539791696e-01
2.531802224248496991e+00 3.773410804483126046e-01
2.533742061122244316e+00 3.778883154719290816e-01
2.535681897995992085e+00 3.785782470934214716e-01
2.537621734869739409e+00 3.793772704443567068e-01
2.539561571743486734e+00 3.802530384890492887e-01
2.541501408617234503e+00 3.813050504575317134e-01
2.543441245490981828e+00 3.822305628084831652e-01
2.545381082364729597e+00 3.832985932389791350e-01
2.547320919238476922e+00 3.844134428970101824e-01
2.549260756112224247e+00 3.854252599894678055e-01
2.551200592985972015e+00 3.863839094264541751e-01
2.553140429859719340e+00 3.873546217891908894e-01
2.555080266733466665e+00 3.883355346884978521e-01
2.557020103607214434e+00 3.892543927011627436e-01
2.558959940480961759e+00 3.901347668090058840e-01
2.560899777354709528e+00 3.909192266015218409e-01
2.562839614228456853e+00 3.916753992721784816e-01
2.564779451102204177e+00 3.923173024615498328e-01
2.566719287975951946e+00 3.929027308576488187e-01
2.568659124849699271e+00 3.935695420541395206e-01
2.570598961723447040e+00 3.943595864202303902e-01
2.572538798597194365e+00 3.950675505658473585e-01
2.574478635470941690e+00 3.956122218718808869e-01
2.576418472344689459e+00 3.960904990493737676e-01
2.578358309218436784e+00 3.961096021114438592e-01
2.580298146092184552e+00 3.966103194181589964e-01
2.582237982965931877e+00 3.971463349176571622e-01
2.584177819839679202e+00 3.977218726328958787e-01
2.586117656713426971e+00 3.981653302163952746e-01
2.588057493587174296e+00 3.987022926718344351e-01
2.589997330460921621e+00 3.993084587120118711e-01
2.591937167334669390e+00 3.997884150606486053e-01
2.593877004208416714e+00 4.004102588627366788e-01
2.595816841082164039e+00 4.004600717259163556e-01
2.597756677955911808e+00 4.012467253783854604e-01
2.599696514829659133e+00 4.018478870749935816e-01
2.601636351703406902e+00 4.019657289814182466e-01
2.603576188577154227e+00 4.018747513274756877e-01
2.605516025450901552e+00 4.016761447585310840e-01
2.607455862324649321e+00 4.012782182778780182e-01
2.609395699198396645e+00 4.010462922410563125e-01
2.611335536072144414e+00 4.007886190561972817e-01
2.613275372945891739e+00 4.003099057708052744e-01
2.615215209819639064e+00 3.997981687552203400e-01
2.617155046693386833e+00 3.999488668767500754e-01
2.619094883567134158e+00 4.003493082071535869e-01
2.621034720440881927e+00 4.001246976553824442e-01
2.622974557314629251e+00 3.999214625784971999e-01
2.624914394188376576e+00 4.000226708347766613e-01
2.626854231062124345e+00 3.998604461499058460e-01
2.628794067935871670e+00 3.996468879076113812e-01
2.630733904809619439e+00 3.995382600713162646e-01
2.632673741683366764e+00 3.995497148544691624e-01
2.634613578557114089e+00 3.997142110842084040e-01
2.636553415430861858e+00 3.997114217266390379e-01
2.638493252304609182e+00 3.998325140885422568e-01
2.640433089178356507e+00 3.998440907791026011e-01
2.642372926052104276e+00 3.998805113868437178e-01
2.644312762925851601e+00 3.998374250682333320e-01
2.646252599799598926e+00 4.000487379902149532e-01
2.648192436673346695e+00 4.001629188747570232e-01
2.650132273547094020e+00 4.002813444495562645e-01
2.652072110420841788e+00 3.999460557401741667e-01
2.654011947294589113e+00 4.005157894914233574e-01
2.655951784168336438e+00 4.005329992558793184e-01
2.657891621042084207e+00 4.005015359517676843e-01
2.659831457915831532e+00 4.005500845406516075e-01
2.661771294789579301e+00 3.997776974030901043e-01
2.663711131663326626e+00 3.994375082726034365e-01
2.665650968537073950e+00 3.988050884377261629e-01
2.667590805410821719e+00 3.979264737599833568e-01
2.669530642284569044e+00 3.976850454739536689e-01
2.671470479158316813e+00 3.965925192735454408e-01
2.673410316032064138e+00 3.956437760424851846e-01
2.675350152905811463e+00 3.952185277581689582e-01
2.677289989779559232e+00 3.947406441322666715e-01
2.679229826653306556e+00 3.940558357570379533e-01
2.681169663527054325e+00 3.931544062093022540e-01
2.683109500400801650e+00 3.916458169970858938e-01
2.685049337274548975e+00 3.904898388536886533e-01
2.686989174148296744e+00 3.895837238329460384e-01
2.688929011022044069e+00 3.881061769567023534e-01
2.690868847895791394e+00 3.864430912446883970e-01
2.692808684769539163e+00 3.844421233822787887e-01
2.694748521643286487e+00 3.824365225220856535e-01
2.696688358517034256e+00 3.804366107615504422e-01
2.698628195390781581e+00 3.785072622693563260e-01
2.700568032264528906e+00 3.771633297004602370e-01
2.702507869138276675e+00 3.753204072906026756e-01
2.704447706012024000e+00 3.738904769128807426e-01
2.706387542885771325e+00 3.724357748281769687e-01
2.708327379759519093e+00 3.711058564043024921e-01
2.710267216633266418e+00 3.698409366524005870e-01
2.712207053507014187e+00 3.684355743986223453e-01
2.714146890380761512e+00 3.668948368349175815e-01
2.716086727254508837e+00 3.658140842875614029e-01
2.718026564128256606e+00 3.647708026642705326e-01
2.719966401002003931e+00 3.638392942231677418e-01
2.721906237875751700e+00 3.632650101262465125e-01
2.723846074749499024e+00 3.621370677290509099e-01
2.725785911623246349e+00 3.611811906325285149e-01
2.727725748496994118e+00 3.602807920562306476e-01
2.729665585370741443e+00 3.595738869531264204e-01
2.731605422244489212e+00 3.589542706422561569e-01
2.733545259118236537e+00 3.580384261835620197e-01
2.735485095991983862e+00 3.571530969438048153e-01
2.737424932865731630e+00 3.564935357132638094e-01
2.739364769739478955e+00 3.559830798794717532e-01
2.741304606613226280e+00 3.557840314496696354e-01
2.743244443486974049e+00 3.552137646074403077e-01
2.745184280360721374e+00 3.544296516705387479e-01
2.747124117234469143e+00 3.540563408124212663e-01
2.749063954108216468e+00 3.536231779369666262e-01
2.751003790981963792e+00 3.530220173576944509e-01
2.752943627855711561e+00 3.519590489690055946e-01
2.754883464729458886e+00 3.513077786146312498e-01
2.756823301603206211e+00 3.503304536938964264e-01
2.758763138476953980e+00 3.495947962249713048e-01
2.760702975350701305e+00 3.494319478806124368e-01
2.762642812224449074e+00 3.488870353016201853e-01
2.764582649098196399e+00 3.489676308746745836e-01
2.766522485971943723e+00 3.486924915543238024e-01
2.768462322845691492e+00 3.486130006072691301e-01
2.770402159719438817e+00 3.487393882775499110e-01
2.772341996593186586e+00 3.487581877445623535e-01
2.774281833466933911e+00 3.489845953788704436e-01
2.776221670340681236e+00 3.488063402007672287e-01
2.778161507214429005e+00 3.491593032355058690e-01
2.780101344088176329e+00 3.499411882365456861e-01
2.782041180961924098e+00 3.500125832001610982e-01
2.783981017835671423e+00 3.504020676830976733e-01
2.785920854709418748e+00 3.503822963421960313e-01
2.787860691583166517e+00 3.508236757957853835e-01
2.789800528456913842e+00 3.512745972393025440e-01
2.791740365330661167e+00 3.512875125469705484e-01
2.793680202204408936e+00 3.517360123192562193e-01
2.795620039078156260e+00 3.518701085733501599e-01
2.797559875951904029e+00 3.523139671499509462e-01
2.799499712825651354e+00 3.528540495153469903e-01
2.801439549699398679e+00 3.529689797899852044e-01
2.803379386573146448e+00 3.533093076619428508e-01
2.805319223446893773e+00 3.531438182707805074e-01
2.807259060320641098e+00 3.533801060937336036e-01
2.809198897194388866e+00 3.534800252466123172e-01
2.811138734068136191e+00 3.534229418846934201e-01
2.813078570941883960e+00 3.537503051577963187e-01
2.815018407815631285e+00 3.534988577859791703e-01
2.816958244689378610e+00 3.536579504198849033e-01
2.818898081563126379e+00 3.542815450672347488e-01
2.820837918436873704e+00 3.541625582426390917e-01
2.822777755310621473e+00 3.543483494274107248e-01
2.824717592184368797e+00 3.544863270252860965e-01
2.826657429058116122e+00 3.547451554456917955e-01
2.828597265931863891e+00 3.549114003466154466e-01
2.830537102805611216e+00 3.551534517100197741e-01
2.832476939679358985e+00 3.553246320707713624e-01
2.834416776553106310e+00 3.555434975133470177e-01
2.836356613426853635e+00 3.557294943187142011e-01
2.838296450300601403e+00 3.557511699530092608e-01
2.840236287174348728e+00 3.561444448751479586e-01
2.842176124048096497e+00 3.567502366689057069e-01
2.844115960921843822e+00 3.570799243167684378e-01
2.846055797795591147e+00 3.574704186318448107e-01
2.847995634669338472e+00 3.578991077279073396e-01
2.849935471543086241e+00 3.582789730992055333e-01
2.851875308416833565e+00 3.582929780457361213e-01
2.853815145290581334e+00 3.583955988313982655e-01
2.855754982164328659e+00 3.585335129043851765e-01
2.857694819038075984e+00 3.586063590823134750e-01
2.859634655911823753e+00 3.587151156818116360e-01
2.861574492785571078e+00 3.585862788907214216e-01
2.863514329659318847e+00 3.589297645250354440e-01
2.865454166533066171e+00 3.596314304708769782e-01
2.867394003406813496e+00 3.599181509423192149e-01
2.869333840280561265e+00 3.602054644770077418e-01
2.871273677154308590e+00 3.605559442059158015e-01
2.873213514028056359e+00 3.609952196926222712e-01
2.875153350901803684e+00 3.612231561219407805e-01
2.877093187775551009e+00 3.615181011179306458e-01
2.879033024649298778e+00 3.618985384804574434e-01
2.880972861523046102e+00 3.622442805405386435e-01
2.882912698396793871e+00 3.625479881096911883e-01
2.884852535270541196e+00 3.627344380027767157e-01
2.886792372144288521e+00 3.624889247290327132e-01
2.888732209018036290e+00 3.626511780431222465e-01
2.890672045891783615e+00 3.628695581407396786e-01
2.892611882765531384e+00 3.633338772152975849e-01
2.894551719639278708e+00 3.635911342096123655e-01
2.896491556513026033e+00 3.637378720984539848e-01
2.898431393386773358e+00 3.637780189144415588e-01
2.900371230260521127e+00 3.637233720236132672e-01
2.902311067134268452e+00 3.635169164132460162e-01
2.904250904008016221e+00 3.631089383232797285e-01
2.906190740881763546e+00 3.627921009232540350e-01
2.908130577755510870e+00 3.624413468433910213e-01
2.910070414629258639e+00 3.618720806072381890e-01
2.912010251503005964e+00 3.611321972006660275e-01
2.913950088376753733e+00 3.606190180744191509e-01
2.915889925250501058e+00 3.600475447807994223e-01
2.917829762124248383e+00 3.595434212663229934e-01
2.919769598997996152e+00 3.589966871811590132e-01
2.921709435871743477e+00 3.581557293518956575e-01
2.923649272745491245e+00 3.573992963673086609e-01
2.925589109619238570e+00 3.566562990454150150e-01
2.927528946492985895e+00 3.563056832833980669e-01
2.929468783366733664e+00 3.554372704535072036e-01
2.931408620240480989e+00 3.545655917897996279e-01
2.933348457114228758e+00 3.537886440069017979e-01
2.935288293987976083e+00 3.530677105154116369e-01
2.937228130861723407e+00 3.522123410440239355e-01
2.939167967735471176e+00 3.510670671303613433e-01
2.941107804609218501e+00 3.504571822548080418e-01
2.943047641482966270e+00 3.501288187403037155e-01
2.944987478356713595e+00 3.501395434849007282e-01
2.946927315230460920e+00 3.497308743659404140e-01
2.948867152104208245e+00 3.493636394101891085e-01
2.950806988977956014e+00 3.492101810903766590e-01
2.952746825851703338e+00 3.488612851088809252e-01
2.954686662725451107e+00 3.484579992445535623e-01
2.956626499599198432e+00 3.480808477102139697e-01
2.958566336472945757e+00 3.476916298799119787e-01
2.960506173346693526e+00 3.473608301609120708e-01
2.962446010220440851e+00 3.470977099806476507e-01
2.964385847094188620e+00 3.467133366326443089e-01
2.966325683967935944e+00 3.463844267932641996e-01
2.968265520841683269e+00 3.459805028140748306e-01
2.970205357715431038e+00 3.456956694983758238e-01
2.972145194589178363e+00 3.454310283931816827e-01
2.974085031462926132e+00 3.450962923062132481e-01
2.976024868336673457e+00 3.454882009642228358e-01
2.977964705210420782e+00 3.451100709392361243e-01
2.979904542084168551e+00 3.447189266841356181e-01
2.981844378957915875e+00 3.441135648988583040e-01
2.983784215831663644e+00 3.434661015820292262e-01
2.985724052705410969e+00 3.426748009111597604e-01
2.987663889579158294e+00 3.419233542187559149e-01
2.989603726452906063e+00 3.416135456442708218e-01
2.991543563326653388e+00 3.411716297608759496e-01
2.993483400200401157e+00 3.407081819765794828e-01
2.995423237074148481e+00 3.401757753005357210e-01
2.997363073947895806e+00 3.396854621156235599e-01
2.999302910821643131e+00 3.393262588861519768e-01
3.001242747695390900e+00 3.388462318756187419e-01
3.003182584569138225e+00 3.383228538521693141e-01
3.005122421442885994e+00 3.375908705079561645e-01
3.007062258316633319e+00 3.372876518844486471e-01
3.009002095190380643e+00 3.366117886001671611e-01
3.010941932064128412e+00 3.361364690731864502e-01
3.012881768937875737e+00 3.358697129280604488e-01
3.014821605811623506e+00 3.355931030659218273e-01
3.016761442685370831e+00 3.352855701310592518e-01
3.018701279559118156e+00 3.349751026085803218e-01
3.020641116432865925e+00 3.346301006528963340e-01
3.022580953306613250e+00 3.340817060980837416e-01
3.024520790180361018e+00 3.334039586537415056e-01
3.026460627054108343e+00 3.327972156879734911e-01
3.028400463927855668e+00 3.321712406190949207e-01
3.030340300801603437e+00 3.315173200565558198e-01
3.032280137675350762e+00 3.311604493696347351e-01
3.034219974549098531e+00 3.307385903863832577e-01
3.036159811422845856e+00 3.304854529849985401e-01
3.038099648296593180e+00 3.303535455543809563e-01
3.040039485170340949e+00 3.298369970409927854e-01
3.041979322044088274e+00 3.295310427493557404e-01
3.043919158917836043e+00 3.293119917677362896e-01
3.045858995791583368e+00 3.289735844636744178e-01
3.047798832665330693e+00 3.285979173454253166e-01
3.049738669539078018e+00 3.286387863203028559e-01
3.051678506412825786e+00 3.280742111806657646e-01
3.053618343286573111e+00 3.275203774616639030e-01
3.055558180160320880e+00 3.269600335158745485e-01
3.057498017034068205e+00 3.265414459020471449e-01
3.059437853907815530e+00 3.260749559965345767e-01
3.061377690781563299e+00 3.260098267388608639e-01
3.063317527655310624e+00 3.260662981451636355e-01
3.065257364529058393e+00 3.263647386936436856e-01
3.067197201402805717e+00 3.269592018270904843e-01
3.069137038276553042e+00 3.276080942143108077e-01
3.071076875150300811e+00 3.277266431904961030e-01
3.073016712024048136e+00 3.278183479112674048e-01
3.074956548897795905e+00 3.278257038461649397e-01
3.076896385771543230e+00 3.279031654924063344e-01
3.078836222645290555e+00 3.280397176710408980e-01
3.080776059519038323e+00 3.281581379018961298e-01
3.082715896392785648e+00 3.284895650420615043e-01
3.084655733266533417e+00 3.288194052374840415e-01
3.086595570140280742e+00 3.289681238383458384e-01
3.088535407014028067e+00 3.289927336545329095e-01
3.090475243887775836e+00 3.287166281184355499e-01
3.092415080761523161e+00 3.281750951315987597e-01
3.094354917635270930e+00 3.276223699271215706e-01
3.096294754509018254e+00 3.263483820864863105e-01
3.098234591382765579e+00 3.245060325520097710e-01
3.100174428256512904e+00 3.218945017461299352e-01
3.102114265130260673e+00 3.183076262089706288e-01
3.104054102004007998e+00 3.138918873175907676e-01
3.105993938877755767e+00 3.086530444173716248e-01
3.107933775751503092e+00 3.024872166244034211e-01
3.109873612625250416e+00 2.953246100138053887e-01
3.111813449498998185e+00 2.872074861670262380e-01
3.113753286372745510e+00 2.779527574566410530e-01
3.115693123246493279e+00 2.678106820597478399e-01
3.117632960120240604e+00 2.568116088475010939e-01
3.119572796993987929e+00 2.449379481125733282e-01
3.121512633867735698e+00 2.330231411835418653e-01
3.123452470741483022e+00 2.201391293380059455e-01
3.125392307615230791e+00 2.068178845841572855e-01
3.127332144488978116e+00 1.933732087571969627e-01
3.129271981362725441e+00 1.799005160705764994e-01
3.131211818236473210e+00 1.664663369287608941e-01
3.133151655110220535e+00 1.532004391849016711e-01
3.135091491983968304e+00 1.403742691187692682e-01
3.137031328857715629e+00 1.281027695529888266e-01
3.138971165731462953e+00 1.165349951026659892e-01
3.140911002605210722e+00 1.056825676060265951e-01
3.142850839478958047e+00 9.556579230541671632e-02
3.144790676352705816e+00 8.626503034882998522e-02
3.146730513226453141e+00 7.772863608544161584e-02
3.148670350100200466e+00 7.003712815804542802e-02
3.150610186973947791e+00 6.300517056419920048e-02
3.152550023847695559e+00 5.660490712364305010e-02
3.154489860721442884e+00 5.090750888522550116e-02
3.156429697595190653e+00 4.577536346302783082e-02
3.158369534468937978e+00 4.120553492296335357e-02
3.160309371342685303e+00 3.714905187482347299e-02
3.162249208216433072e+00 3.349166973246035794e-02
3.164189045090180397e+00 3.026133148801598075e-02
3.166128881963928166e+00 2.738284638692062636e-02
3.168068718837675490e+00 2.481525158205849166e-02
3.170008555711422815e+00 2.255034284515208473e-02
3.171948392585170584e+00 2.053476737230517171e-02
3.173888229458917909e+00 1.876740883152814079e-02
3.175828066332665678e+00 1.717031042819979966e-02
3.177767903206413003e+00 1.573296789759403777e-02
3.179707740080160328e+00 1.445885185569895440e-02
3.181647576953908096e+00 1.330438344840992847e-02
3.183587413827655421e+00 1.226707790993386560e-02
3.185527250701403190e+00 1.133682449895469409e-02
3.187467087575150515e+00 1.049150073535766794e-02
3.189406924448897840e+00 9.735709412915787009e-03
3.191346761322645609e+00 9.050410614268655091e-03
3.193286598196392934e+00 8.424371407069055490e-03
3.195226435070140703e+00 7.860008397180845430e-03
3.197166271943888027e+00 7.344577673101835256e-03
3.199106108817635352e+00 6.879213743390620237e-03
3.201045945691382677e+00 6.444868904802857068e-03
3.202985782565130446e+00 6.042167154792383969e-03
3.204925619438878215e+00 5.672873734195325347e-03
3.206865456312625540e+00 5.327426434428705372e-03
3.208805293186372865e+00 5.007155357239402235e-03
3.210745130060120189e+00 4.710167830709160661e-03
3.212684966933867958e+00 4.426759498904829504e-03
3.214624803807615283e+00 4.165354068714569209e-03
3.216564640681363052e+00 3.919916382611680905e-03
3.218504477555110377e+00 3.685880465822012793e-03
3.220444314428857702e+00 3.466690301773554632e-03
3.222384151302605471e+00 3.263859455171099194e-03
3.224323988176352795e+00 3.066755880685132461e-03
3.226263825050100564e+00 2.879357853486363104e-03
3.228203661923847889e+00 2.700589028063849189e-03
3.230143498797595214e+00 2.529930552918981980e-03
3.232083335671342983e+00 2.364513281476871703e-03
3.234023172545090308e+00 2.207279172012332254e-03
3.235963009418838077e+00 2.057263239491401684e-03
3.237902846292585401e+00 1.913766390087632240e-03
3.239842683166332726e+00 1.777672591992645549e-03
3.241782520040080495e+00 1.647570340578105976e-03
3.243722356913827820e+00 1.524206901665500465e-03
3.245662193787575589e+00 1.410683324608338288e-03
3.247602030661322914e+00 1.301630272188819028e-03
3.249541867535070239e+00 1.199316886639656193e-03
3.251481704408817563e+00 1.103379498940901433e-03
3.253421541282565332e+00 1.012804768552655939e-03
3.255361378156313101e+00 9.287252469878691042e-04
3.257301215030060426e+00 8.502587329654212166e-04
3.259241051903807751e+00 7.770970539645445608e-04
3.261180888777555076e+00 7.095022332910299245e-04
3.263120725651302845e+00 6.469861945916704701e-04
3.265060562525050170e+00 5.884057331879059653e-04
3.267000399398797938e+00 5.341814934610045890e-04
3.268940236272545263e+00 4.849782159084662400e-04
3.270880073146292588e+00 4.394484350847100654e-04
3.272819910020040357e+00 3.975155753102135089e-04
3.274759746893787682e+00 3.594503049218931642e-04
3.276699583767535451e+00 3.250005532689677888e-04
3.278639420641282776e+00 2.943499425552323335e-04
3.280579257515030100e+00 2.664211861836450826e-04
3.282519094388777869e+00 2.410750547690348664e-04
3.284458931262525194e+00 2.182587230563555491e-04
3.286398768136272963e+00 1.978209116958711683e-04
3.288338605010020288e+00 1.794691620468767299e-04
3.290278441883767613e+00 1.637038704426786164e-04
3.292218278757515382e+00 1.493109534558727312e-04
3.294158115631262707e+00 1.365098549654297148e-04
3.296097952505010475e+00 1.250274354079327385e-04
3.298037789378757800e+00 1.141939902530922493e-04
3.299977626252505125e+00 1.045423698473725658e-04
3.301917463126252450e+00 9.563216527846065827e-05
3.303857300000000219e+00 8.745516330146204265e-05
