1.500000000000000000e+00 7.041043200000000153e-04
1.510000000000000009e+00 7.111972700000000064e-04
1.520000000000000018e+00 7.183616699999999678e-04
1.530000000000000027e+00 7.255982500000000184e-04
1.540000000000000036e+00 7.329077200000000316e-04
1.550000000000000044e+00 7.402908300000000464e-04
1.560000000000000053e+00 7.477483099999999647e-04
1.570000000000000062e+00 7.552809200000000023e-04
1.580000000000000071e+00 7.628894099999999814e-04
1.590000000000000080e+00 7.705745499999999693e-04
1.600000000000000089e+00 7.783370999999999649e-04
1.610000000000000098e+00 7.861778499999999559e-04
1.620000000000000107e+00 7.940975900000000380e-04
1.629999999999999893e+00 8.020971099999999821e-04
1.639999999999999902e+00 8.101772099999999524e-04
1.649999999999999911e+00 8.183387100000000334e-04
1.659999999999999920e+00 8.265824299999999843e-04
1.669999999999999929e+00 8.349091899999999981e-04
1.679999999999999938e+00 8.421016800000000408e-04
1.689999999999999947e+00 8.464410900000000426e-04
1.699999999999999956e+00 8.508028600000000366e-04
1.709999999999999964e+00 8.551871099999999769e-04
1.719999999999999973e+00 8.595939499999999660e-04
1.729999999999999982e+00 8.640234899999999982e-04
1.739999999999999991e+00 8.684758699999999476e-04
1.750000000000000000e+00 8.729511899999999568e-04
1.760000000000000009e+00 8.774495600000000199e-04
1.770000000000000018e+00 8.819711200000000112e-04
1.780000000000000027e+00 8.865159800000000333e-04
1.790000000000000036e+00 8.910842600000000403e-04
1.800000000000000044e+00 8.956760799999999864e-04
1.810000000000000053e+00 9.003792100000000079e-04
1.820000000000000062e+00 9.099282999999999460e-04
1.830000000000000071e+00 9.195786700000000303e-04
1.840000000000000080e+00 9.293313800000000367e-04
1.850000000000000089e+00 9.391875300000000152e-04
1.860000000000000098e+00 9.491482099999999471e-04
1.870000000000000107e+00 9.592145199999999906e-04
1.879999999999999893e+00 9.693876000000000359e-04
1.889999999999999902e+00 9.796685700000000527e-04
1.899999999999999911e+00 9.900585699999999312e-04
1.909999999999999920e+00 1.000558799999999972e-03
1.919999999999999929e+00 1.011170299999999923e-03
1.929999999999999938e+00 1.021894400000000107e-03
1.939999999999999947e+00 1.032523299999999920e-03
1.949999999999999956e+00 1.040837599999999957e-03
1.959999999999999964e+00 1.049218900000000072e-03
1.969999999999999973e+00 1.057667700000000004e-03
1.979999999999999982e+00 1.066184499999999922e-03
1.989999999999999991e+00 1.074769900000000031e-03
2.000000000000000000e+00 1.083424400000000069e-03
2.009999999999999787e+00 1.092148600000000021e-03
2.020000000000000018e+00 1.100943100000000095e-03
2.029999999999999805e+00 1.106075599999999971e-03
2.040000000000000036e+00 1.108388299999999967e-03
2.049999999999999822e+00 1.110705899999999899e-03
2.060000000000000053e+00 1.113028299999999950e-03
2.069999999999999840e+00 1.115355499999999903e-03
2.080000000000000071e+00 1.117687700000000043e-03
2.089999999999999858e+00 1.120024700000000085e-03
2.100000000000000089e+00 1.122366600000000063e-03
2.109999999999999876e+00 1.127619999999999968e-03
2.120000000000000107e+00 1.137348100000000082e-03
2.129999999999999893e+00 1.147160099999999967e-03
2.140000000000000124e+00 1.157056700000000079e-03
2.149999999999999911e+00 1.167038700000000038e-03
2.160000000000000142e+00 1.177106899999999902e-03
2.169999999999999929e+00 1.187261900000000092e-03
2.180000000000000160e+00 1.197504500000000013e-03
2.189999999999999947e+00 1.207835399999999905e-03
2.200000000000000178e+00 1.218255500000000073e-03
2.209999999999999964e+00 1.228765500000000106e-03
2.220000000000000195e+00 1.239366100000000026e-03
2.229999999999999982e+00 1.249050800000000086e-03
2.240000000000000213e+00 1.257716500000000039e-03
2.250000000000000000e+00 1.266442300000000104e-03
2.259999999999999787e+00 1.275228700000000017e-03
2.270000000000000018e+00 1.284076000000000098e-03
2.279999999999999805e+00 1.292984700000000082e-03
2.290000000000000036e+00 1.301955200000000108e-03
2.299999999999999822e+00 1.310987999999999910e-03
2.310000000000000053e+00 1.320083400000000027e-03
2.319999999999999840e+00 1.329242000000000010e-03
2.330000000000000071e+00 1.337544499999999926e-03
2.339999999999999858e+00 1.345300200000000080e-03
2.350000000000000089e+00 1.353100799999999932e-03
2.359999999999999876e+00 1.360946700000000053e-03
2.370000000000000107e+00 1.368838100000000077e-03
2.379999999999999893e+00 1.376775200000000072e-03
2.390000000000000124e+00 1.384758399999999959e-03
2.399999999999999911e+00 1.392787799999999987e-03
2.410000000000000142e+00 1.400863800000000077e-03
2.419999999999999929e+00 1.407684699999999997e-03
2.430000000000000160e+00 1.414114599999999940e-03
2.439999999999999947e+00 1.420573799999999901e-03
2.450000000000000178e+00 1.427062499999999946e-03
2.459999999999999964e+00 1.433580799999999893e-03
2.470000000000000195e+00 1.440128900000000028e-03
2.479999999999999982e+00 1.446706999999999984e-03
2.490000000000000213e+00 1.449634100000000026e-03
2.500000000000000000e+00 1.442386199999999997e-03
2.509999999999999787e+00 1.435174499999999952e-03
2.520000000000000018e+00 1.427998800000000040e-03
2.529999999999999805e+00 1.426997099999999978e-03
2.540000000000000036e+00 1.426997099999999978e-03
2.549999999999999822e+00 1.426997099999999978e-03
2.560000000000000053e+00 1.420501100000000046e-03
2.569999999999999840e+00 1.406328099999999909e-03
2.580000000000000071e+00 1.392296500000000069e-03
2.589999999999999858e+00 1.379110100000000049e-03
2.600000000000000089e+00 1.379110100000000049e-03
2.609999999999999876e+00 1.379110100000000049e-03
2.620000000000000107e+00 1.379110100000000049e-03
2.629999999999999893e+00 1.400365599999999974e-03
2.640000000000000124e+00 1.442405099999999937e-03
2.649999999999999911e+00 1.410622700000000070e-03
2.660000000000000142e+00 1.379540600000000051e-03
2.669999999999999929e+00 1.370810799999999923e-03
2.680000000000000160e+00 1.441292800000000107e-03
2.689999999999999947e+00 1.471763199999999916e-03
2.700000000000000178e+00 1.462570700000000081e-03
2.709999999999999964e+00 1.453435699999999905e-03
2.720000000000000195e+00 1.457349500000000098e-03
2.729999999999999982e+00 1.464672599999999967e-03
2.740000000000000213e+00 1.472032600000000059e-03
2.750000000000000000e+00 1.480389300000000026e-03
2.759999999999999787e+00 1.490310699999999921e-03
2.770000000000000018e+00 1.500298599999999941e-03
2.779999999999999805e+00 1.510353500000000040e-03
2.790000000000000036e+00 1.520475700000000104e-03
2.799999999999999822e+00 1.530873999999999993e-03
2.810000000000000053e+00 1.541877400000000011e-03
2.819999999999999840e+00 1.552959899999999897e-03
2.830000000000000071e+00 1.564122000000000038e-03
2.839999999999999858e+00 1.575364400000000024e-03
2.850000000000000089e+00 1.595765799999999913e-03
2.859999999999999876e+00 1.625104999999999952e-03
2.870000000000000107e+00 1.654983500000000015e-03
2.879999999999999893e+00 1.685411499999999894e-03
2.890000000000000124e+00 1.692488299999999907e-03
2.899999999999999911e+00 1.692488299999999907e-03
2.910000000000000142e+00 1.692488299999999907e-03
2.919999999999999929e+00 1.692488299999999907e-03
2.930000000000000160e+00 1.692488299999999907e-03
2.939999999999999947e+00 1.692488299999999907e-03
2.950000000000000178e+00 1.692488299999999907e-03
2.959999999999999964e+00 1.694865600000000031e-03
2.970000000000000195e+00 1.703383400000000074e-03
2.979999999999999982e+00 1.711943999999999966e-03
2.990000000000000213e+00 1.720547599999999993e-03
3.000000000000000000e+00 1.729194500000000041e-03
3.009999999999999787e+00 1.737884799999999926e-03
3.020000000000000018e+00 1.746618799999999968e-03
3.029999999999999805e+00 1.754142700000000006e-03
3.040000000000000036e+00 1.760285699999999910e-03
3.049999999999999822e+00 1.766450199999999989e-03
3.060000000000000053e+00 1.772636300000000062e-03
3.069999999999999840e+00 1.778844099999999945e-03
3.080000000000000071e+00 1.785073600000000073e-03
3.089999999999999858e+00 1.791324900000000045e-03
3.100000000000000089e+00 1.797598099999999895e-03
3.109999999999999876e+00 1.803893300000000092e-03
3.120000000000000107e+00 1.810210499999999985e-03
3.129999999999999893e+00 1.816549900000000075e-03
3.140000000000000124e+00 1.822911399999999895e-03
3.149999999999999911e+00 1.829295199999999948e-03
3.160000000000000142e+00 1.835701400000000049e-03
3.169999999999999929e+00 1.842129999999999983e-03
3.180000000000000160e+00 1.848845499999999956e-03
3.189999999999999947e+00 1.855639399999999993e-03
3.200000000000000178e+00 1.862458200000000064e-03
3.209999999999999964e+00 1.869302100000000020e-03
3.220000000000000195e+00 1.876171199999999897e-03
3.229999999999999982e+00 1.883065400000000092e-03
3.240000000000000213e+00 1.889985100000000093e-03
3.250000000000000000e+00 1.896930100000000048e-03
3.259999999999999787e+00 1.903900700000000059e-03
3.270000000000000018e+00 1.910896899999999909e-03
3.279999999999999805e+00 1.917918800000000066e-03
3.290000000000000036e+00 1.924966499999999914e-03
3.299999999999999822e+00 1.932040099999999920e-03
3.310000000000000053e+00 1.939139600000000085e-03
3.319999999999999840e+00 1.937024000000000081e-03
3.330000000000000071e+00 1.933559299999999944e-03
3.339999999999999858e+00 1.930100799999999971e-03
3.350000000000000089e+00 1.926648499999999943e-03
3.359999999999999876e+00 1.923202300000000043e-03
3.370000000000000107e+00 1.919762399999999907e-03
3.379999999999999893e+00 1.916328500000000082e-03
3.390000000000000124e+00 1.912900799999999986e-03
3.399999999999999911e+00 1.909479300000000053e-03
3.410000000000000142e+00 1.914859699999999897e-03
3.419999999999999929e+00 1.937571500000000082e-03
3.430000000000000160e+00 1.960552600000000159e-03
3.439999999999999947e+00 1.983806299999999953e-03
3.450000000000000178e+00 2.007335900000000155e-03
3.459999999999999964e+00 2.031144500000000089e-03
3.470000000000000195e+00 2.037901999999999856e-03
3.479999999999999982e+00 2.030619000000000000e-03
3.490000000000000213e+00 2.023361999999999904e-03
3.500000000000000000e+00 2.016131000000000000e-03
3.509999999999999787e+00 2.008925799999999786e-03
3.520000000000000018e+00 2.010409400000000030e-03
3.529999999999999805e+00 2.014289199999999905e-03
3.540000000000000036e+00 2.018176500000000168e-03
3.549999999999999822e+00 2.022071299999999953e-03
3.560000000000000053e+00 2.025973600000000128e-03
3.569999999999999840e+00 2.029883499999999858e-03
3.580000000000000071e+00 2.033800899999999977e-03
3.589999999999999858e+00 2.037725800000000052e-03
3.600000000000000089e+00 2.041658400000000151e-03
3.609999999999999876e+00 2.047089299999999869e-03
3.620000000000000107e+00 2.052643800000000102e-03
3.629999999999999893e+00 2.058213299999999812e-03
3.640000000000000124e+00 2.063797999999999935e-03
3.649999999999999911e+00 2.069397800000000003e-03
3.660000000000000142e+00 2.075012800000000050e-03
3.669999999999999929e+00 2.080643100000000110e-03
3.680000000000000160e+00 2.086288600000000149e-03
3.689999999999999947e+00 2.091949499999999802e-03
3.700000000000000178e+00 2.097625699999999902e-03
3.709999999999999964e+00 2.103317300000000049e-03
3.720000000000000195e+00 2.109024399999999844e-03
3.729999999999999982e+00 2.114855200000000188e-03
3.740000000000000213e+00 2.120917800000000214e-03
3.750000000000000000e+00 2.126997700000000067e-03
3.759999999999999787e+00 2.133095000000000217e-03
3.770000000000000018e+00 2.139209899999999862e-03
3.779999999999999805e+00 2.145342199999999803e-03
3.790000000000000036e+00 2.151492200000000143e-03
3.799999999999999822e+00 2.157659699999999944e-03
3.810000000000000053e+00 2.163845000000000178e-03
3.819999999999999840e+00 2.170047899999999908e-03
3.830000000000000071e+00 2.176268700000000104e-03
3.839999999999999858e+00 2.182507299999999865e-03
3.850000000000000089e+00 2.189103899999999842e-03
3.859999999999999876e+00 2.196195299999999847e-03
3.870000000000000107e+00 2.203309799999999923e-03
3.879999999999999893e+00 2.210447300000000035e-03
3.890000000000000124e+00 2.217607899999999785e-03
3.899999999999999911e+00 2.224791700000000073e-03
3.910000000000000142e+00 2.231998800000000067e-03
3.919999999999999929e+00 2.239229299999999801e-03
3.930000000000000160e+00 2.246483200000000142e-03
3.939999999999999947e+00 2.253760499999999788e-03
3.950000000000000178e+00 2.261061500000000144e-03
3.959999999999999964e+00 2.265324300000000086e-03
3.970000000000000195e+00 2.269112700000000017e-03
3.979999999999999982e+00 2.272907499999999963e-03
3.990000000000000213e+00 2.276708599999999888e-03
4.000000000000000000e+00 2.280516099999999827e-03
4.009999999999999787e+00 2.284329900000000180e-03
4.019999999999999574e+00 2.288150100000000114e-03
4.030000000000000249e+00 2.291976700000000061e-03
4.040000000000000036e+00 2.295809700000000023e-03
4.049999999999999822e+00 2.299649099999999998e-03
4.059999999999999609e+00 2.306550899999999966e-03
4.070000000000000284e+00 2.315125700000000147e-03
4.080000000000000071e+00 2.323732399999999931e-03
4.089999999999999858e+00 2.332371099999999784e-03
4.099999999999999645e+00 2.341041900000000175e-03
4.110000000000000320e+00 2.349744999999999872e-03
4.120000000000000107e+00 2.358480400000000175e-03
4.129999999999999893e+00 2.367248299999999851e-03
4.139999999999999680e+00 2.376048700000000201e-03
4.150000000000000355e+00 2.366345699999999972e-03
4.160000000000000142e+00 2.334933500000000144e-03
4.169999999999999929e+00 2.303938299999999835e-03
4.179999999999999716e+00 2.273354500000000170e-03
4.190000000000000391e+00 2.243176700000000176e-03
4.200000000000000178e+00 2.172377999999999983e-03
4.209999999999999964e+00 2.031983800000000066e-03
4.219999999999999751e+00 1.862025800000000064e-03
4.230000000000000426e+00 1.725148099999999950e-03
4.240000000000000213e+00 1.844375199999999946e-03
4.250000000000000000e+00 1.971842299999999795e-03
4.259999999999999787e+00 2.063911700000000109e-03
4.269999999999999574e+00 2.005641500000000018e-03
4.280000000000000249e+00 1.949016399999999949e-03
4.290000000000000036e+00 1.972930900000000216e-03
4.299999999999999822e+00 2.022635899999999931e-03
4.309999999999999609e+00 2.138466600000000096e-03
4.320000000000000284e+00 2.260930500000000141e-03
4.330000000000000071e+00 2.381346700000000136e-03
4.339999999999999858e+00 2.388378799999999868e-03
4.349999999999999645e+00 2.395431700000000188e-03
4.360000000000000320e+00 2.402505300000000194e-03
4.370000000000000107e+00 2.409599899999999989e-03
4.379999999999999893e+00 2.416715399999999972e-03
4.389999999999999680e+00 2.426137200000000153e-03
4.400000000000000355e+00 2.441388699999999870e-03
4.410000000000000142e+00 2.456736000000000163e-03
4.419999999999999929e+00 2.472179799999999969e-03
4.429999999999999716e+00 2.487720699999999927e-03
4.440000000000000391e+00 2.503359200000000208e-03
4.450000000000000178e+00 2.490941799999999828e-03
4.459999999999999964e+00 2.473167300000000176e-03
4.469999999999999751e+00 2.455519599999999962e-03
4.480000000000000426e+00 2.437997900000000214e-03
4.490000000000000213e+00 2.420601200000000158e-03
4.500000000000000000e+00 2.403328599999999919e-03
4.509999999999999787e+00 2.386179200000000059e-03
4.519999999999999574e+00 2.369152299999999906e-03
4.530000000000000249e+00 2.352246799999999950e-03
4.540000000000000036e+00 2.344517500000000126e-03
4.549999999999999822e+00 2.357611199999999976e-03
4.559999999999999609e+00 2.370778000000000035e-03
4.570000000000000284e+00 2.384018300000000003e-03
4.580000000000000071e+00 2.397332500000000019e-03
4.589999999999999858e+00 2.410721199999999852e-03
4.599999999999999645e+00 2.420674700000000068e-03
4.610000000000000320e+00 2.414124299999999800e-03
4.620000000000000107e+00 2.407591699999999963e-03
4.629999999999999893e+00 2.401076700000000057e-03
4.639999999999999680e+00 2.394579300000000081e-03
4.650000000000000355e+00 2.388099600000000069e-03
4.660000000000000142e+00 2.381637299999999919e-03
4.669999999999999929e+00 2.375192600000000133e-03
4.679999999999999716e+00 2.368765300000000209e-03
4.690000000000000391e+00 2.362355300000000113e-03
4.700000000000000178e+00 2.355962799999999913e-03
4.709999999999999964e+00 2.349587499999999940e-03
4.719999999999999751e+00 2.343229499999999795e-03
4.730000000000000426e+00 2.340551699999999982e-03
4.740000000000000213e+00 2.340551699999999982e-03
4.750000000000000000e+00 2.340551699999999982e-03
4.759999999999999787e+00 2.340551699999999982e-03
4.769999999999999574e+00 2.340551699999999982e-03
4.780000000000000249e+00 2.340551699999999982e-03
4.790000000000000036e+00 2.340551699999999982e-03
4.799999999999999822e+00 2.340551699999999982e-03
4.809999999999999609e+00 2.338907800000000151e-03
4.820000000000000284e+00 2.334873700000000135e-03
4.830000000000000071e+00 2.330846499999999870e-03
4.839999999999999858e+00 2.326826299999999823e-03
4.849999999999999645e+00 2.322812999999999961e-03
4.860000000000000320e+00 2.318806599999999850e-03
4.870000000000000107e+00 2.314807199999999957e-03
4.879999999999999893e+00 2.310814600000000215e-03
4.889999999999999680e+00 2.306828899999999790e-03
4.900000000000000355e+00 2.302850099999999983e-03
4.910000000000000142e+00 2.296269899999999961e-03
4.919999999999999929e+00 2.287432199999999902e-03
4.929999999999999716e+00 2.278628600000000195e-03
4.940000000000000391e+00 2.269858899999999905e-03
4.950000000000000178e+00 2.261122899999999832e-03
4.959999999999999964e+00 2.252420499999999940e-03
4.969999999999999751e+00 2.243751600000000197e-03
4.980000000000000426e+00 2.235116100000000133e-03
4.990000000000000213e+00 2.226513800000000116e-03
5.000000000000000000e+00 2.217944700000000144e-03
