5.999999999999999778e-01 1.821932139191032704e-06
6.035070140280560658e-01 3.239650291403634681e-04
6.070140280561121537e-01 9.735812179715194054e-03
6.105210420841683527e-01 3.386186513932096936e-02
6.140280561122244407e-01 4.663762477081759977e-02
6.175350701402805287e-01 5.454503236351787576e-02
6.210420841683366167e-01 6.270318470377508890e-02
6.245490981963928157e-01 6.756129458877993543e-02
6.280561122244489036e-01 7.057279098911928283e-02
6.315631262525049916e-01 7.227112226528319139e-02
6.350701402805610796e-01 7.684943601862170848e-02
6.385771543086171675e-01 8.299203544213080985e-02
6.420841683366733665e-01 8.820004790782393078e-02
6.455911823647294545e-01 9.265014333436742688e-02
6.490981963927855425e-01 9.710324221410862600e-02
6.526052104208416305e-01 1.021465032745682427e-01
6.561122244488977184e-01 1.050020287036198818e-01
6.596192384769539174e-01 1.078020922738731763e-01
6.631262525050100054e-01 1.137619099203467238e-01
6.666332665330660934e-01 1.211204428630794777e-01
6.701402805611221813e-01 1.240731661445284018e-01
6.736472945891783803e-01 1.257844065340239237e-01
6.771543086172344683e-01 1.285837919248156991e-01
6.806613226452905563e-01 1.347737168072966618e-01
6.841683366733466443e-01 1.399305256348544191e-01
6.876753507014028433e-01 1.438638933555366761e-01
6.911823647294589312e-01 1.476156253068751645e-01
6.946893787575150192e-01 1.426497720095168953e-01
6.981963927855711072e-01 1.401983181782260612e-01
7.017034068136271951e-01 1.487522818598573382e-01
7.052104208416833941e-01 1.533073859141340090e-01
7.087174348697394821e-01 1.550717683311939876e-01
7.122244488977955701e-01 1.530076777336036031e-01
7.157314629258516581e-01 1.490706699654266165e-01
7.192384769539077460e-01 1.462712766779649676e-01
7.227454909819639450e-01 1.440042613633826241e-01
7.262525050100200330e-01 1.558751108706839528e-01
7.297595190380761210e-01 1.615976293089375071e-01
7.332665330661322090e-01 1.577682974467947419e-01
7.367735470941882969e-01 1.507060005555527493e-01
7.402805611222444959e-01 1.497655375940895317e-01
7.437875751503005839e-01 1.514961150536301149e-01
7.472945891783566719e-01 1.589803104346326490e-01
7.508016032064128709e-01 1.620142049244649163e-01
7.543086172344688478e-01 1.575399927088041441e-01
7.578156312625250468e-01 1.484163949903201385e-01
7.613226452905811348e-01 1.474813786505902724e-01
7.648296593186372228e-01 1.531520180032134304e-01
7.683366733466934217e-01 1.607481562229239880e-01
7.718436873747495097e-01 1.569639028801781411e-01
7.753507014028055977e-01 1.467415718117338341e-01
7.788577154308616857e-01 1.202704139878649908e-01
7.823647294589177736e-01 6.355486012686241415e-02
7.858717434869739726e-01 2.027082331463637976e-02
7.893787575150300606e-01 4.982910467395991819e-03
7.928857715430861486e-01 1.467260096201387313e-03
7.963927855711422366e-01 4.827273100771823158e-04
7.998997995991983245e-01 1.765592166549031529e-04
8.034068136272545235e-01 7.036548938653048083e-05
8.069138276553106115e-01 3.177361485081104807e-05
8.104208416833666995e-01 1.639447461441884078e-05
8.139278557114227874e-01 9.580261563577252958e-06
8.174348697394788754e-01 6.745785147304838980e-06
8.209418837675350744e-01 5.183450827713834514e-06
8.244488977955911624e-01 4.409965842075843006e-06
8.279559118236472504e-01 4.000300870830987211e-06
8.314629258517034494e-01 3.600161802974851057e-06
8.349699398797595373e-01 3.587149664615503355e-06
8.384769539078156253e-01 2.689407787576584656e-06
8.419839679358717133e-01 3.082561176560318773e-06
8.454909819639278012e-01 2.809897847900666551e-06
8.489979959919840002e-01 2.004089389046453776e-06
8.525050100200400882e-01 2.699017436070685377e-06
8.560120240480961762e-01 1.816062701122191677e-06
8.595190380761522642e-01 2.262097383084415988e-06
8.630260521042083521e-01 1.814688218520046043e-06
8.665330661322645511e-01 1.603796761447614142e-06
8.700400801603206391e-01 6.971697007035800418e-07
8.735470941883767271e-01 1.363803236089372626e-06
8.770541082164329261e-01 3.359126527366732693e-07
8.805611222444889030e-01 9.435602876915099644e-07
8.840681362725451020e-01 8.354745153582449314e-07
8.875751503006011900e-01 3.387114769679508189e-07
8.910821643286572780e-01 5.299784175419873323e-07
8.945891783567134770e-01 7.477797290362503758e-07
8.980961923847694539e-01 8.920879855863640600e-06
9.016032064128256529e-01 1.075525917544691491e-05
9.051102204408817409e-01 1.013162147510204268e-05
9.086172344689378289e-01 1.113172283874258248e-05
9.121242484969940278e-01 9.520393094947894328e-06
9.156312625250500048e-01 8.879368951304413246e-06
9.191382765531062038e-01 8.177623044327011903e-06
9.226452905811622918e-01 7.844200344377235209e-06
9.261523046092183797e-01 6.701028714512791693e-06
9.296593186372745787e-01 6.541050360577509042e-06
9.331663326653306667e-01 6.861832382945112626e-06
9.366733466933867547e-01 6.202407592412927414e-06
9.401803607214428427e-01 5.795168702901172098e-06
9.436873747494989306e-01 5.453129139022273864e-06
9.471943887775551296e-01 5.058330014060269945e-06
9.507014028056112176e-01 4.789027049427714778e-06
9.542084168336673056e-01 4.169759740448080793e-06
9.577154308617235046e-01 4.459375071954494237e-06
9.612224448897794815e-01 4.110016530467598681e-06
9.647294589178356805e-01 3.879508186249243388e-06
9.682364729458917685e-01 3.609780679201551539e-06
9.717434869739478565e-01 3.436397366166367661e-06
9.752505010020040555e-01 3.133294939568670489e-06
9.787575150300600324e-01 3.170338841144834299e-06
9.822645290581162314e-01 3.360107635580450166e-06
9.857715430861723194e-01 3.011046081308794574e-06
9.892785571142284073e-01 2.841733556689564445e-06
9.927855711422846063e-01 2.725629672669398978e-06
9.962925851703405833e-01 2.723204366198134971e-06
9.997995991983967823e-01 2.509931681030936541e-06
1.003306613226452981e+00 2.516246109273672550e-06
1.006813627254508958e+00 2.453478941851053859e-06
1.010320641282565157e+00 2.404696071124686924e-06
1.013827655310621356e+00 2.282704374127967366e-06
1.017334669338677333e+00 1.954580435384028393e-06
1.020841683366733310e+00 2.232713347270300553e-06
1.024348697394789509e+00 2.006675198246464371e-06
1.027855711422845708e+00 2.125270032745803122e-06
1.031362725450901685e+00 1.959919814718062602e-06
1.034869739478957884e+00 1.734487729247379291e-06
1.038376753507014083e+00 1.886449398545421768e-06
1.041883767535070060e+00 1.799633013963095836e-06
1.045390781563126259e+00 1.812741527510861239e-06
1.048897795591182458e+00 1.630577214262356636e-06
1.052404809619238435e+00 1.734998615860447901e-06
1.055911823647294634e+00 1.814017096032047374e-06
1.059418837675350611e+00 1.642652394645763159e-06
1.062925851703406810e+00 1.692579883064257910e-06
1.066432865731462787e+00 1.641370415850467252e-06
1.069939879759518986e+00 1.567063920785999972e-06
1.073446893787575185e+00 1.605405534254065494e-06
1.076953907815631162e+00 1.420944562139138604e-06
1.080460921843687361e+00 1.604274705722943758e-06
1.083967935871743560e+00 1.512812549228980574e-06
1.087474949899799537e+00 1.455600261072306628e-06
1.090981963927855736e+00 1.477331950534892506e-06
1.094488977955911935e+00 1.477089379608648571e-06
1.097995991983967912e+00 1.405262956397447130e-06
1.101503006012023889e+00 1.481527334395459748e-06
1.105010020040080310e+00 1.528129076038513155e-06
1.108517034068136287e+00 1.426908423924487976e-06
1.112024048096192264e+00 1.420316837266104893e-06
1.115531062124248463e+00 1.529284341396060500e-06
1.119038076152304662e+00 1.858512599981029048e-06
1.122545090180360638e+00 2.209493552021031922e-06
1.126052104208416837e+00 2.546575344210310050e-06
1.129559118236473036e+00 2.743148565246855396e-06
1.133066132264529013e+00 3.044712164072229801e-06
1.136573146292584990e+00 3.157075105360682751e-06
1.140080160320641411e+00 3.061649754804944625e-06
1.143587174348697388e+00 2.904710362613486493e-06
1.147094188376753365e+00 2.559377896399932830e-06
1.150601202404809564e+00 2.258358821276554000e-06
1.154108216432865763e+00 1.875800495707493478e-06
1.157615230460921740e+00 1.795264512018431866e-06
1.161122244488977939e+00 1.702001841935176230e-06
1.164629258517034138e+00 1.620065500622086575e-06
1.168136272545090115e+00 1.465372400128269398e-06
1.171643286573146314e+00 1.465499195567444873e-06
1.175150300601202513e+00 1.604897639449094211e-06
1.178657314629258490e+00 1.523185114682806051e-06
1.182164328657314467e+00 1.562356598416056829e-06
1.185671342685370888e+00 1.666717473305781677e-06
1.189178356713426865e+00 1.623407107152538819e-06
1.192685370741482842e+00 1.641622083649170330e-06
1.196192384769539041e+00 1.700343286408178983e-06
1.199699398797595240e+00 1.677206819408110079e-06
1.203206412825651217e+00 1.702715529545457372e-06
1.206713426853707416e+00 1.741071191016678017e-06
1.210220440881763615e+00 1.615975472134861655e-06
1.213727454909819592e+00 1.710075235068096364e-06
1.217234468937875569e+00 1.758788384503701697e-06
1.220741482965931990e+00 1.671183305278027009e-06
1.224248496993987967e+00 1.711332632993267710e-06
1.227755511022043944e+00 1.739712397907794874e-06
1.231262525050100143e+00 1.577122120707277690e-06
1.234769539078156342e+00 1.558249357200695527e-06
1.238276553106212319e+00 1.590823723032883148e-06
1.241783567134268518e+00 1.635095801136587172e-06
1.245290581162324717e+00 1.616999231089233866e-06
1.248797595190380694e+00 1.746780743307662137e-06
1.252304609218436893e+00 1.831998914375312753e-06
1.255811623246493092e+00 2.008935795856669940e-06
1.259318637274549069e+00 2.208056864193945445e-06
1.262825651302605046e+00 2.354593935149907888e-06
1.266332665330661467e+00 2.354882760939881556e-06
1.269839679358717444e+00 2.212487614690487449e-06
1.273346693386773421e+00 2.191464649626642267e-06
1.276853707414829620e+00 2.200990204303435382e-06
1.280360721442885819e+00 2.007945069400954253e-06
1.283867735470941795e+00 1.957884744717522943e-06
1.287374749498997994e+00 1.816338418043947989e-06
1.290881763527054193e+00 1.817696458420719194e-06
1.294388777555110170e+00 1.803085705386045925e-06
1.297895791583166369e+00 1.866703769404959325e-06
1.301402805611222568e+00 2.066687872352410277e-06
1.304909819639278545e+00 2.097148679068408374e-06
1.308416833667334522e+00 2.426872773479315007e-06
1.311923847695390721e+00 2.744295360376393311e-06
1.315430861723446920e+00 2.899494416112718496e-06
1.318937875751502897e+00 3.013453784599306823e-06
1.322444889779559096e+00 2.906212865981217569e-06
1.325951903807615295e+00 2.828384164906752624e-06
1.329458917835671272e+00 2.689316002769279610e-06
1.332965931863727471e+00 2.456914484855439070e-06
1.336472945891783670e+00 2.380953845400034093e-06
1.339979959919839647e+00 2.249511990734236002e-06
1.343486973947895624e+00 2.202929382710799320e-06
1.346993987975952045e+00 2.228097053806161176e-06
1.350501002004008022e+00 2.435030634651662612e-06
1.354008016032063999e+00 2.514086964749741400e-06
1.357515030060120198e+00 2.652619549474979546e-06
1.361022044088176397e+00 2.663991279569171890e-06
1.364529058116232374e+00 2.932579053849533201e-06
1.368036072144288573e+00 2.884930938886807815e-06
1.371543086172344772e+00 3.304371242412615736e-06
1.375050100200400749e+00 3.497734486314612112e-06
1.378557114228456948e+00 3.627501219437909124e-06
1.382064128256513147e+00 3.676023347574692931e-06
1.385571142284569124e+00 3.645639438960222806e-06
1.389078156312625101e+00 3.541787822710928510e-06
1.392585170340681300e+00 3.319195524465699759e-06
1.396092184368737499e+00 3.236172962945802492e-06
1.399599198396793476e+00 3.070988394628782147e-06
1.403106212424849675e+00 3.026235923991821695e-06
1.406613226452905874e+00 2.734915971838930102e-06
1.410120240480961851e+00 2.959619121075191342e-06
1.413627254509018050e+00 2.839237265355521575e-06
1.417134268537074249e+00 2.700482183066350291e-06
1.420641282565130226e+00 2.966327299709659777e-06
1.424148296593186203e+00 2.977764712501532440e-06
1.427655310621242624e+00 2.697370593931107055e-06
1.431162324649298601e+00 2.845681366225198619e-06
1.434669338677354578e+00 3.085296767837250297e-06
1.438176352705410777e+00 3.030344043841543979e-06
1.441683366733466976e+00 3.242405273483068012e-06
1.445190380761522952e+00 3.049980395879117022e-06
1.448697394789579151e+00 2.914687993125660919e-06
1.452204408817635350e+00 2.973458826803455142e-06
1.455711422845691327e+00 3.013190558112061675e-06
1.459218436873747526e+00 3.339918966507666623e-06
1.462725450901803725e+00 3.218314717530428213e-06
1.466232464929859702e+00 3.390668117830566056e-06
1.469739478957915679e+00 3.383246252054511361e-06
1.473246492985971878e+00 3.312335894845842874e-06
1.476753507014028077e+00 3.348567196043021670e-06
1.480260521042084054e+00 3.372075964119049555e-06
1.483767535070140253e+00 3.239531534209683328e-06
1.487274549098196452e+00 3.458665787871109969e-06
1.490781563126252429e+00 3.514296049484983885e-06
1.494288577154308628e+00 3.842100582335284248e-06
1.497795591182364827e+00 3.622833769158184524e-06
1.501302605210420804e+00 3.550303635405128525e-06
1.504809619238476781e+00 3.629795543225502607e-06
1.508316633266533202e+00 3.814914977726822992e-06
1.511823647294589179e+00 3.826279094694094244e-06
1.515330661322645156e+00 4.052138124326234254e-06
1.518837675350701355e+00 3.970378833841306061e-06
1.522344689378757554e+00 4.005220747913589597e-06
1.525851703406813531e+00 3.977364035723221619e-06
1.529358717434869730e+00 3.972403228629152070e-06
1.532865731462925929e+00 3.946704180010189984e-06
1.536372745490981906e+00 3.862860871676966458e-06
1.539879759519038105e+00 4.240873765587520623e-06
1.543386773547094304e+00 4.163382987329575475e-06
1.546893787575150281e+00 3.938664526211227510e-06
1.550400801603206258e+00 4.234582463482965156e-06
1.553907815631262679e+00 4.513742437868542684e-06
1.557414829659318656e+00 4.383519870141052074e-06
1.560921843687374633e+00 4.811987601255595650e-06
1.564428857715430832e+00 4.632833362039529790e-06
1.567935871743487031e+00 4.425985572391874950e-06
1.571442885771543008e+00 4.561305456921026516e-06
1.574949899799599207e+00 4.865154186098093254e-06
1.578456913827655406e+00 4.576759330919639361e-06
1.581963927855711383e+00 4.934635820016519755e-06
1.585470941883767360e+00 4.615677671792468479e-06
1.588977955911823781e+00 4.564637492172479987e-06
1.592484969939879758e+00 4.955966989871652877e-06
1.595991983967935735e+00 4.946967982910658176e-06
1.599498997995991934e+00 4.922721308764344854e-06
1.603006012024048133e+00 4.950035973194836196e-06
1.606513026052104109e+00 4.829854014107836151e-06
1.610020040080160530e+00 5.513609103313887241e-06
1.613527054108216507e+00 5.419616370093724667e-06
1.617034068136272484e+00 5.723768494717923530e-06
1.620541082164328461e+00 5.852711330572473262e-06
1.624048096192384882e+00 6.385007579902237820e-06
1.627555110220440859e+00 6.268629465726921189e-06
1.631062124248496836e+00 6.232306966841569260e-06
1.634569138276553257e+00 6.309345613847166846e-06
1.638076152304609234e+00 6.450785925396773747e-06
1.641583166332665211e+00 6.110938210013747051e-06
1.645090180360721632e+00 6.595918491048363123e-06
1.648597194388777609e+00 6.256294342506901515e-06
1.652104208416833586e+00 6.462170615175478508e-06
1.655611222444889563e+00 6.245260512048114077e-06
1.659118236472945984e+00 5.559646980339303453e-06
1.662625250501001961e+00 6.844675633218939274e-06
1.666132264529057938e+00 5.819960456986191027e-06
1.669639278557114359e+00 6.310821541870299140e-06
1.673146292585170336e+00 6.316195025107377346e-06
1.676653306613226313e+00 6.479324940540851924e-06
1.680160320641282734e+00 5.896372481503708905e-06
1.683667334669338711e+00 6.638992922936041536e-06
1.687174348697394688e+00 7.062156252164093184e-06
1.690681362725451109e+00 6.452518686841424606e-06
1.694188376753507086e+00 7.015740867200239995e-06
1.697695390781563063e+00 6.757456196699488297e-06
1.701202404809619040e+00 6.434838652151193497e-06
1.704709418837675461e+00 6.674010414652570962e-06
1.708216432865731438e+00 6.954581453517859677e-06
1.711723446893787415e+00 6.900674958540554255e-06
1.715230460921843836e+00 7.649978490782930477e-06
1.718737474949899813e+00 7.036664609789376000e-06
1.722244488977955790e+00 7.468033483938888508e-06
1.725751503006012211e+00 7.499547320928393496e-06
1.729258517034068188e+00 7.573479768604957579e-06
1.732765531062124165e+00 7.387353138524180238e-06
1.736272545090180142e+00 8.015846931631236553e-06
1.739779559118236563e+00 8.055153051732703430e-06
1.743286573146292540e+00 7.524682411420465430e-06
1.746793587174348517e+00 8.386325954010131773e-06
1.750300601202404938e+00 8.463302941034782888e-06
1.753807615230460915e+00 8.107079404700036408e-06
1.757314629258516891e+00 8.085631450014153584e-06
1.760821643286573313e+00 8.412556062222046935e-06
1.764328657314629289e+00 8.078817851538142169e-06
1.767835671342685266e+00 8.991457475085029634e-06
1.771342685370741687e+00 8.525110664714785326e-06
1.774849699398797664e+00 8.748129472064095316e-06
1.778356713426853641e+00 8.778473447742015924e-06
1.781863727454909618e+00 8.702237289877978808e-06
1.785370741482966039e+00 9.296223198281943081e-06
1.788877755511022016e+00 9.661484704677405439e-06
1.792384769539077993e+00 9.060941446726220356e-06
1.795891783567134414e+00 9.563486836977877620e-06
1.799398797595190391e+00 9.382917571432369540e-06
1.802905811623246368e+00 1.053779595650949824e-05
1.806412825651302789e+00 1.047272090633791526e-05
1.809919839679358766e+00 1.048798046918367950e-05
1.813426853707414743e+00 1.126321895597669362e-05
1.816933867735470720e+00 1.142002178673537365e-05
1.820440881763527141e+00 1.279254984299380860e-05
1.823947895791583118e+00 1.200910167547606234e-05
1.827454909819639095e+00 1.299630412812168234e-05
1.830961923847695516e+00 1.290759435859022098e-05
1.834468937875751493e+00 1.334457863172962252e-05
1.837975951903807470e+00 1.244490041769681354e-05
1.841482965931863891e+00 1.418106292705252402e-05
1.844989979959919868e+00 1.302457150136567392e-05
1.848496993987975845e+00 1.330578790830236738e-05
1.852004008016032266e+00 1.326116503937726773e-05
1.855511022044088243e+00 1.373746070127466805e-05
1.859018036072144220e+00 1.416914710256280805e-05
1.862525050100200197e+00 1.432125029740297763e-05
1.866032064128256618e+00 1.372769134208368941e-05
1.869539078156312595e+00 1.385966733042371417e-05
1.873046092184368572e+00 1.374932535169213939e-05
1.876553106212424993e+00 1.316847025312069943e-05
1.880060120240480970e+00 1.293690467974477267e-05
1.883567134268536947e+00 1.325411621714636024e-05
1.887074148296593368e+00 1.371184693011705946e-05
1.890581162324649345e+00 1.432698741177724884e-05
1.894088176352705322e+00 1.445613017620121580e-05
1.897595190380761299e+00 1.359632458396297702e-05
1.901102204408817720e+00 1.382704825449015239e-05
1.904609218436873697e+00 1.494435579929450137e-05
1.908116232464929674e+00 1.416785204603785244e-05
1.911623246492986095e+00 1.372608939304459938e-05
1.915130260521042072e+00 1.317686002479787522e-05
1.918637274549098048e+00 1.506175532372093958e-05
1.922144288577154470e+00 1.480266647753697739e-05
1.925651302605210446e+00 1.484183275345166131e-05
1.929158316633266423e+00 1.656683407572840638e-05
1.932665330661322844e+00 1.573364461589299906e-05
1.936172344689378821e+00 1.583311393155546293e-05
1.939679358717434798e+00 1.612148819623962276e-05
1.943186372745490775e+00 1.785550111528358102e-05
1.946693386773547196e+00 1.852810065317566388e-05
1.950200400801603173e+00 1.801812737703079051e-05
1.953707414829659150e+00 1.813128760262349595e-05
1.957214428857715571e+00 1.826808825316854188e-05
1.960721442885771548e+00 1.875046525551978446e-05
1.964228456913827525e+00 1.924436994730992540e-05
1.967735470941883946e+00 1.831688449861058646e-05
1.971242484969939923e+00 1.652588981617642504e-05
1.974749498997995900e+00 1.738743441945763600e-05
1.978256513026051877e+00 1.671256473757883623e-05
1.981763527054108298e+00 1.656245481440815555e-05
1.985270541082164275e+00 1.692869005748674584e-05
1.988777555110220252e+00 1.643276672377531818e-05
1.992284569138276673e+00 1.712355780174380543e-05
1.995791583166332650e+00 1.656775898189978888e-05
1.999298597194388627e+00 1.658003569475679235e-05
2.002805611222445048e+00 1.738270986186241053e-05
2.006312625250501025e+00 1.650734605573405252e-05
2.009819639278557002e+00 1.723659283817444127e-05
2.013326653306613423e+00 1.694871087410109453e-05
2.016833667334669400e+00 1.818526822361846599e-05
2.020340681362725377e+00 1.782527233220405219e-05
2.023847695390781354e+00 1.752126070572105663e-05
2.027354709418837775e+00 1.846541159928849994e-05
2.030861723446893752e+00 1.784586781983000414e-05
2.034368737474949729e+00 1.802179160127545120e-05
2.037875751503006150e+00 1.990289701075792552e-05
2.041382765531062127e+00 1.936737056266914841e-05
2.044889779559118104e+00 1.893042654149309142e-05
2.048396793587174525e+00 1.891643278887568700e-05
2.051903807615230502e+00 1.859651663803190536e-05
2.055410821643286479e+00 2.045692173451186204e-05
2.058917835671342900e+00 2.124372674981807367e-05
2.062424849699398877e+00 1.933015377789085542e-05
2.065931863727454854e+00 2.103370960955109522e-05
2.069438877755510831e+00 2.127309596193102954e-05
2.072945891783567252e+00 2.129973460109044789e-05
2.076452905811623229e+00 2.043949060634217817e-05
2.079959919839679205e+00 2.152512043742251473e-05
2.083466933867735627e+00 2.109918225239856281e-05
2.086973947895791603e+00 2.299871761267712879e-05
2.090480961923847580e+00 2.139526861666529909e-05
2.093987975951904001e+00 2.121924636376481209e-05
2.097494989979959978e+00 2.189025653212001838e-05
2.101002004008015955e+00 2.345769416987137436e-05
2.104509018036071932e+00 2.269104279566330092e-05
2.108016032064128353e+00 2.349987000875002961e-05
2.111523046092184330e+00 2.271924433611332707e-05
2.115030060120240307e+00 2.236258225952162418e-05
2.118537074148296728e+00 2.330470757430303576e-05
2.122044088176352705e+00 2.286697948070940436e-05
2.125551102204408682e+00 2.407696864782029415e-05
2.129058116232465103e+00 2.492446768966708839e-05
2.132565130260521080e+00 2.301035934625509548e-05
2.136072144288577057e+00 2.269591126611795255e-05
2.139579158316633478e+00 2.511602381720926379e-05
2.143086172344689455e+00 2.586292621981521806e-05
2.146593186372745432e+00 2.631509065115244213e-05
2.150100200400801409e+00 2.513850969668883893e-05
2.153607214428857830e+00 2.615824735839944186e-05
2.157114228456913807e+00 2.401590107865893636e-05
2.160621242484969784e+00 2.613963020109777319e-05
2.164128256513026205e+00 2.742229540299397967e-05
2.167635270541082182e+00 2.711406080533264695e-05
2.171142284569138159e+00 2.589092777412504398e-05
2.174649298597194580e+00 2.426347636316539312e-05
2.178156312625250557e+00 2.429899370405955893e-05
2.181663326653306534e+00 2.296226300918563946e-05
2.185170340681362511e+00 2.401562669907965461e-05
2.188677354709418932e+00 2.403507121064036710e-05
2.192184368737474909e+00 2.385460249906440173e-05
2.195691382765530886e+00 2.602014074490019242e-05
2.199198396793587307e+00 2.839424621417701306e-05
2.202705410821643284e+00 2.853499107196475176e-05
2.206212424849699261e+00 2.978458427125124145e-05
2.209719438877755682e+00 3.196831103931160574e-05
2.213226452905811659e+00 3.108214379156397426e-05
2.216733466933867636e+00 3.224936896490932756e-05
2.220240480961924057e+00 3.108156797195697849e-05
2.223747494989980034e+00 3.271248017052373874e-05
2.227254509018036011e+00 3.510132039060777002e-05
2.230761523046091988e+00 3.454416850289746682e-05
2.234268537074148409e+00 3.588950214621398845e-05
2.237775551102204386e+00 3.457567875633287761e-05
2.241282565130260362e+00 4.008301519288717959e-05
2.244789579158316783e+00 3.970915739469126304e-05
2.248296593186372760e+00 4.181519808311756799e-05
2.251803607214428737e+00 4.205371066772841960e-05
2.255310621242485158e+00 4.329132499951733869e-05
2.258817635270541135e+00 4.132552250565583638e-05
2.262324649298597112e+00 4.138022748314213264e-05
2.265831663326653089e+00 4.337453779809457931e-05
2.269338677354709510e+00 4.156054749051036755e-05
2.272845691382765487e+00 3.705632369937827486e-05
2.276352705410821464e+00 3.559103764341478495e-05
2.279859719438877885e+00 3.254641273876621589e-05
2.283366733466933862e+00 3.069562020047940295e-05
2.286873747494989839e+00 2.615321483486306303e-05
2.290380761523046260e+00 2.578230252599594493e-05
2.293887775551102237e+00 2.278114185910352923e-05
2.297394789579158214e+00 2.011144735220949674e-05
2.300901803607214635e+00 1.845392526262748284e-05
2.304408817635270612e+00 1.742107325622777259e-05
2.307915831663326589e+00 1.709770653432133634e-05
2.311422845691382566e+00 1.506311660111933531e-05
2.314929859719438987e+00 1.454132152346971900e-05
2.318436873747494964e+00 1.325919563494186514e-05
2.321943887775550941e+00 1.190153533324516908e-05
2.325450901803607362e+00 1.034754753796775420e-05
2.328957915831663339e+00 8.619291943430623819e-06
2.332464929859719316e+00 7.384666423152706976e-06
2.335971943887775737e+00 6.191165658568804491e-06
2.339478957915831714e+00 5.298962346853438207e-06
2.342985971943887691e+00 4.628917835480231532e-06
2.346492985971943668e+00 4.602341745426529463e-06
2.350000000000000089e+00 4.377232385454368217e-06
