1.834189999999999987e+00 1.050472911303255481e-04
1.834350340681362823e+00 1.096648501026062280e-04
1.834510681362725437e+00 1.143625743887623160e-04
1.834671022044088273e+00 1.190604644983540345e-04
1.834831362725450887e+00 1.237585204315669991e-04
1.834991703406813723e+00 1.284567421886129406e-04
1.835152044088176337e+00 1.331553096696985836e-04
1.835312384769539173e+00 1.390827758400609861e-04
1.835472725450901788e+00 1.455340219029919318e-04
1.835633066132264624e+00 1.519855140487253961e-04
1.835793406813627238e+00 1.584372522787613996e-04
1.835953747494990074e+00 1.648892365946356335e-04
1.836114088176352688e+00 1.713415991748741974e-04
1.836274428857715524e+00 1.784472845159168562e-04
1.836434769539078138e+00 1.863061075467701156e-04
1.836595110220440974e+00 1.941652473544319083e-04
1.836755450901803588e+00 2.020247039418834379e-04
1.836915791583166424e+00 2.098844773121495743e-04
1.837076132264529038e+00 2.177446154739037700e-04
1.837236472945891874e+00 2.267645587059544251e-04
1.837396813627254488e+00 2.397157423799901822e-04
1.837557154308617324e+00 2.526674601224919588e-04
1.837717494989979938e+00 2.656197119392095501e-04
1.837877835671342774e+00 2.785724978359639019e-04
1.838038176352705388e+00 2.915258090399920079e-04
1.838198517034068225e+00 3.044796242161819681e-04
1.838358857715430839e+00 3.245949446992691593e-04
1.838519198396793675e+00 3.447757189602967520e-04
1.838679539078156289e+00 3.649573202561624190e-04
1.838839879759519125e+00 3.851397485956714541e-04
1.839000220440881739e+00 4.053230036902194847e-04
1.839160561122244575e+00 4.255068591163810917e-04
1.839320901803607189e+00 4.551919836073882735e-04
1.839481242484970025e+00 4.879723751500683821e-04
1.839641583166332639e+00 5.207540750499107390e-04
1.839801923847695475e+00 5.535370833190515240e-04
1.839962264529058089e+00 5.863213999694443911e-04
1.840122605210420925e+00 6.191073078976124964e-04
1.840282945891783539e+00 6.626373665485887823e-04
1.840443286573146375e+00 7.161809733652989155e-04
1.840603627254508989e+00 7.697267811062590828e-04
1.840763967935871825e+00 8.232747897879851527e-04
1.840924308617234439e+00 8.768249994266957056e-04
1.841084649298597276e+00 9.303769910712454813e-04
1.841244989979959890e+00 9.946991004880438147e-04
1.841405330661322726e+00 1.086591895335104916e-03
1.841565671342685340e+00 1.178488310471823702e-03
1.841726012024048176e+00 1.270388345916119649e-03
1.841886352705410790e+00 1.362292001685402225e-03
1.842046693386773626e+00 1.454198903677988855e-03
1.842207034068136240e+00 1.548826471847324126e-03
1.842367374749499076e+00 1.702271377570946506e-03
1.842527715430861690e+00 1.855722056947331803e-03
1.842688056112224526e+00 2.009178509988459368e-03
1.842848396793587140e+00 2.162640736705458751e-03
1.843008737474949976e+00 2.316108625312858233e-03
1.843169078156312590e+00 2.469580204470166358e-03
1.843329418837675426e+00 2.691040115877149901e-03
1.843489759519038040e+00 2.928719525117929375e-03
1.843650100200400876e+00 3.166407455184366750e-03
1.843810440881763490e+00 3.404103906066001644e-03
1.843970781563126327e+00 3.641808877753689895e-03
1.844131122244488941e+00 3.879519573912950259e-03
1.844291462925851777e+00 4.183743694882605633e-03
1.844451803607214391e+00 4.538000265485273889e-03
1.844612144288577227e+00 4.892268910258448442e-03
1.844772484969939841e+00 5.246549629145736901e-03
1.844932825651302677e+00 5.600842422092699308e-03
1.845093166332665291e+00 5.955144239589050745e-03
1.845253507014028127e+00 6.354426774860661570e-03
1.845413847695390741e+00 6.843391880016882166e-03
1.845574188376753577e+00 7.332372786514129194e-03
1.845734529058116191e+00 7.821369494218599963e-03
1.845894869739479027e+00 8.310382002999197951e-03
1.846055210420841641e+00 8.799407619042496492e-03
1.846215551102204477e+00 9.297816101657935955e-03
1.846375891783567091e+00 9.883204540335307348e-03
1.846536232464929927e+00 1.046861085211858548e-02
1.846696573146292542e+00 1.105403503678039842e-02
1.846856913827655378e+00 1.163947709409662336e-02
1.847017254509017992e+00 1.222493583141185704e-02
1.847177595190380828e+00 1.281040196463054115e-02
1.847337935871743442e+00 1.341021439827637385e-02
1.847498276553106278e+00 1.401236571985302673e-02
1.847658617234468892e+00 1.461453432953944628e-02
1.847818957915831728e+00 1.521672022703504656e-02
1.847979298597194342e+00 1.581892341203586932e-02
1.848139639278557178e+00 1.642391334419992036e-02
1.848299979959919792e+00 1.703322030838680737e-02
1.848460320641282628e+00 1.764499320510349786e-02
1.848620661322645242e+00 1.825701909960948666e-02
1.848781002004008078e+00 1.886929800105511396e-02
1.848941342685370692e+00 1.948182991858704929e-02
1.849101683366733528e+00 2.009212610280373956e-02
1.849262024048096142e+00 2.069237577410068876e-02
1.849422364729458979e+00 2.127891548271471436e-02
1.849582705410821593e+00 2.186546978965221363e-02
1.849743046092184429e+00 2.245203869447816303e-02
1.849903386773547043e+00 2.303862219675427078e-02
1.850063727454909879e+00 2.362509005517895999e-02
1.850224068136272493e+00 2.422135554083482134e-02
1.850384408817635329e+00 2.487405843738073677e-02
1.850544749498997943e+00 2.552675947261763209e-02
1.850705090180360779e+00 2.617945864623230298e-02
1.850865430861723393e+00 2.683215595790795771e-02
1.851025771543086229e+00 2.748484670137175609e-02
1.851186112224448843e+00 2.813751020216553184e-02
1.851346452905811679e+00 2.879887217835971208e-02
1.851506793587174293e+00 2.946105284351871120e-02
1.851667134268537129e+00 3.012323020649809377e-02
1.851827474949899743e+00 3.078540426694187024e-02
1.851987815631262579e+00 3.144757502449774256e-02
1.852148156312625193e+00 3.210970914698367540e-02
1.852308496993988030e+00 3.280000372055039137e-02
1.852468837675350644e+00 3.350373415236167912e-02
1.852629178356713480e+00 3.420745949048640405e-02
1.852789519038076094e+00 3.491117973450783007e-02
1.852949859719438930e+00 3.561489488401314157e-02
1.853110200400801544e+00 3.631857529788925371e-02
1.853270541082164380e+00 3.697275110664735576e-02
1.853430881763526994e+00 3.756400425400725079e-02
1.853591222444889830e+00 3.815525171250626346e-02
1.853751563126252444e+00 3.874649348176043701e-02
1.853911903807615280e+00 3.933772956138909677e-02
1.854072244488977894e+00 3.993242966299197921e-02
1.854232585170340730e+00 4.063855022677288764e-02
1.854392925851703344e+00 4.176385177899875206e-02
1.854553266533066180e+00 4.288957338509021000e-02
1.854713607214428794e+00 4.401571503636395738e-02
1.854873947895791630e+00 4.514227672414236614e-02
1.855034288577154244e+00 4.626732699680668331e-02
1.855194629258517081e+00 4.738543193680688076e-02
1.855354969939879695e+00 4.858405861797158304e-02
1.855515310621242531e+00 4.978543248837551810e-02
1.855675651302605145e+00 5.098678858560665161e-02
1.855835991983967981e+00 5.218812690874433807e-02
1.855996332665330595e+00 5.338944745686125676e-02
1.856156673346693431e+00 5.459067551876543162e-02
1.856317014028056045e+00 5.611331758884722382e-02
1.856477354709418881e+00 5.775476616624199838e-02
1.856637695390781495e+00 5.939618585545632795e-02
1.856798036072144331e+00 6.103757665512484637e-02
1.856958376753506945e+00 6.267893856387317386e-02
1.857118717434869781e+00 6.432020143216833630e-02
1.857279058116232395e+00 6.608402898355203448e-02
1.857439398797595231e+00 6.797373807880552343e-02
1.857599739478957845e+00 6.986340833525613025e-02
1.857760080160320681e+00 7.175303975120317368e-02
1.857920420841683296e+00 7.364263232493556410e-02
1.858080761523046132e+00 7.553212740410432391e-02
1.858241102204408746e+00 7.762306414368737306e-02
1.858401442885771582e+00 8.029769178402015872e-02
1.858561783567134196e+00 8.297225619393810980e-02
1.858722124248497032e+00 8.564675737084563589e-02
1.858882464929859646e+00 8.832119531213240837e-02
1.859042805611222482e+00 9.099553105068379499e-02
1.859203146292585096e+00 9.368288680713755812e-02
1.859363486973947932e+00 9.701916480904983209e-02
1.859523827655310546e+00 1.003553532085746242e-01
1.859684168336673382e+00 1.036914520022325648e-01
1.859844509018035996e+00 1.070274611865258546e-01
1.860004849699398832e+00 1.103633388267964005e-01
1.860165190380761446e+00 1.136977356175179893e-01
1.860325531062124282e+00 1.181139010186507687e-01
1.860485871743486896e+00 1.228293127050043843e-01
1.860646212424849733e+00 1.275444788821041564e-01
1.860806553106212347e+00 1.322593995504540154e-01
1.860966893787575183e+00 1.369740747105839540e-01
1.861127234468937797e+00 1.416883145698083490e-01
1.861287575150300633e+00 1.470468917817541743e-01
1.861447915831663247e+00 1.529401312396296841e-01
1.861608256513026083e+00 1.588330438965530889e-01
1.861768597194388697e+00 1.647256297533731539e-01
1.861928937875751533e+00 1.706178888109714520e-01
1.862089278557114147e+00 1.765096543428145148e-01
1.862249619238476983e+00 1.828559709162260738e-01
1.862409959919839597e+00 1.902157937243862118e-01
1.862570300601202433e+00 1.975751833353560361e-01
1.862730641282565047e+00 2.049341397504808315e-01
1.862890981963927883e+00 2.122926629711469337e-01
1.863051322645290497e+00 2.196506358977897144e-01
1.863211663326653333e+00 2.271446286168080919e-01
1.863372004008015947e+00 2.363730665262248898e-01
1.863532344689378784e+00 2.456009303794347010e-01
1.863692685370741398e+00 2.548282201784917156e-01
1.863853026052104234e+00 2.640549359255012218e-01
1.864013366733466848e+00 2.732810417568939387e-01
1.864173707414829684e+00 2.825061634323206561e-01
1.864334048096192298e+00 2.911451874733336775e-01
1.864494388777555134e+00 2.996690647909607819e-01
1.864654729458917748e+00 3.081923847247857173e-01
1.864815070140280584e+00 3.167151472770941001e-01
1.864975410821643198e+00 3.252373524501244728e-01
1.865135751503006034e+00 3.337586091159860935e-01
1.865296092184368648e+00 3.418881691792757804e-01
1.865456432865731484e+00 3.497560562920692950e-01
1.865616773547094098e+00 3.576234068319401049e-01
1.865777114228456934e+00 3.654902208012996701e-01
1.865937454909819548e+00 3.733564982025159851e-01
1.866097795591182384e+00 3.812219967977441559e-01
1.866258136272544998e+00 3.883014713227484482e-01
1.866418476953907835e+00 3.940017111808132855e-01
1.866578817635270449e+00 3.997015499798469707e-01
1.866739158316633285e+00 4.054009877217911728e-01
1.866899498997995899e+00 4.111000244085568078e-01
1.867059839679358735e+00 4.167985830861510865e-01
1.867220180360721349e+00 4.222253640773677152e-01
1.867380521042084185e+00 4.257731366385380523e-01
1.867540861723446799e+00 4.293206555751362674e-01
1.867701202404809635e+00 4.328679208884647633e-01
1.867861543086172249e+00 4.364149325798057921e-01
1.868021883767535085e+00 4.399617056948983418e-01
1.868182224448897699e+00 4.435083213909511435e-01
1.868342565130260535e+00 4.454282050512373137e-01
1.868502905811623149e+00 4.471457897449652719e-01
1.868663246492985985e+00 4.488632519200230764e-01
1.868823587174348599e+00 4.505805915770584869e-01
1.868983927855711435e+00 4.522978087167279226e-01
1.869144268537074050e+00 4.540153394495430317e-01
1.869304609218436886e+00 4.553155558222463650e-01
1.869464949899799500e+00 4.563936976790118338e-01
1.869625290581162336e+00 4.574717645671780852e-01
1.869785631262524950e+00 4.585497564871519049e-01
1.869945971943887786e+00 4.596276734393466845e-01
1.870106312625250400e+00 4.607067936537436181e-01
1.870266653306613236e+00 4.614652299328422802e-01
1.870426993987975850e+00 4.617726297494531007e-01
1.870587334669338686e+00 4.620800102102416984e-01
1.870747675350701300e+00 4.623873713152050757e-01
1.870908016032064136e+00 4.626947130643417894e-01
1.871068356713426750e+00 4.630024659052415781e-01
1.871228697394789586e+00 4.632541106284458476e-01
1.871389038076152200e+00 4.632463285033224243e-01
1.871549378757515036e+00 4.632385460887823436e-01
1.871709719438877650e+00 4.632307633848269379e-01
1.871870060120240487e+00 4.632229803914578725e-01
1.872030400801603101e+00 4.632154090512967670e-01
1.872190741482965937e+00 4.632087433273490706e-01
1.872351082164328551e+00 4.632430565253634613e-01
1.872511422845691387e+00 4.632798645110420832e-01
1.872671763527054001e+00 4.633166700124136117e-01
1.872832104208416837e+00 4.633534730294794346e-01
1.872992444889779451e+00 4.633902735622404401e-01
1.873152785571142287e+00 4.635140372696960887e-01
1.873313126252504901e+00 4.634598571194950001e-01
1.873473466933867737e+00 4.633296588655094195e-01
1.873633807615230351e+00 4.631993846764601019e-01
1.873794148296593187e+00 4.630690345579552836e-01
1.873954488977955801e+00 4.629386085156039776e-01
1.874114829659318637e+00 4.627446928280800065e-01
1.874275170340681251e+00 4.625416196752864528e-01
1.874435511022044087e+00 4.623566367038677294e-01
1.874595851703406701e+00 4.621716608244195168e-01
1.874756192384769538e+00 4.619866920369428698e-01
1.874916533066132152e+00 4.618017303414410080e-01
1.875076873747494988e+00 4.616174265373946817e-01
1.875237214428857602e+00 4.613741342165768033e-01
1.875397555110220438e+00 4.609336644813740169e-01
1.875557895791583052e+00 4.604932096683221898e-01
1.875718236472945888e+00 4.600527697774270397e-01
1.875878577154308502e+00 4.596123448086967822e-01
1.876038917835671338e+00 4.591722752328644130e-01
1.876199258517033952e+00 4.587332811979696889e-01
1.876359599198396788e+00 4.580690303525957185e-01
1.876519939879759402e+00 4.574038208360379221e-01
1.876680280561122238e+00 4.567386300230013019e-01
1.876840621242484852e+00 4.560734579135047873e-01
1.877000961923847688e+00 4.554083128702156036e-01
1.877161302605210302e+00 4.547445700881046493e-01
1.877321643286573138e+00 4.535891248496624062e-01
1.877481983967935752e+00 4.522775410470632473e-01
1.877642324649298589e+00 4.509659863487673892e-01
1.877802665330661203e+00 4.496544607548292882e-01
1.877963006012024039e+00 4.483429642652961844e-01
1.878123346693386653e+00 4.470325053692741357e-01
1.878283687374749489e+00 4.453926452682457349e-01
1.878444028056112103e+00 4.434511709185125494e-01
1.878604368737474939e+00 4.415097283733986910e-01
1.878764709418837553e+00 4.395683176330149600e-01
1.878925050100200389e+00 4.376269386974611653e-01
1.879085390781563003e+00 4.356862106711246185e-01
1.879245731462925839e+00 4.333063080698365543e-01
1.879406072144288453e+00 4.298260298881350083e-01
1.879566412825651289e+00 4.263457902352249529e-01
1.879726753507013903e+00 4.228655891113615173e-01
1.879887094188376739e+00 4.193854265167805684e-01
1.880047434869739353e+00 4.159063729471533244e-01
1.880207775551102189e+00 4.123550308306622170e-01
1.880368116232464804e+00 4.073449320898979709e-01
1.880528456913827640e+00 4.023348016852446030e-01
1.880688797595190254e+00 3.973246396168353956e-01
1.880849138276553090e+00 3.923144458847760974e-01
1.881009478957915704e+00 3.873042617473439475e-01
1.881169819639278540e+00 3.822946930272882460e-01
1.881330160320641154e+00 3.758677946018945115e-01
1.881490501002003990e+00 3.691128598212751188e-01
1.881650841683366604e+00 3.623578580078475886e-01
1.881811182364729440e+00 3.556027891613768310e-01
1.881971523046092054e+00 3.488476532816658371e-01
1.882131863727454890e+00 3.420928031331399999e-01
1.882292204408817504e+00 3.347387919695234415e-01
1.882452545090180340e+00 3.269424808605019828e-01
1.882612885771542954e+00 3.191460728330441365e-01
1.882773226452905790e+00 3.113495678865814131e-01
1.882933567134268404e+00 3.035529660205886771e-01
1.883093907815631241e+00 2.957899663964254633e-01
1.883254248496993855e+00 2.880158582585850557e-01
1.883414589178356691e+00 2.801752261519983578e-01
1.883574929859719305e+00 2.723314249154952793e-01
1.883735270541082141e+00 2.644844544851623347e-01
1.883895611222444755e+00 2.566343147971290040e-01
1.884055951903807591e+00 2.487642008061278220e-01
1.884216292585170205e+00 2.409410783781146537e-01
1.884376633266533041e+00 2.338179603068123447e-01
1.884536973947895655e+00 2.266947433512052357e-01
1.884697314629258491e+00 2.195714275106158131e-01
1.884857655310621105e+00 2.124480127844061983e-01
1.885017995991983941e+00 2.053244864757073906e-01
1.885178336673346555e+00 1.982007652211741078e-01
1.885338677354709391e+00 1.921916684526878694e-01
1.885499018036072005e+00 1.863561763857568276e-01
1.885659358717434841e+00 1.805206097430729628e-01
1.885819699398797455e+00 1.746849685242009009e-01
1.885980040080160292e+00 1.688492527286727385e-01
1.886140380761522906e+00 1.630132966062055322e-01
1.886300721442885742e+00 1.578741098987503089e-01
1.886461062124248356e+00 1.531468177984362800e-01
1.886621402805611192e+00 1.484194762682983226e-01
1.886781743486973806e+00 1.436920853081309901e-01
1.886942084168336642e+00 1.389646449177027732e-01
1.887102424849699256e+00 1.342370027379575781e-01
1.887262765531062092e+00 1.299686734427413226e-01
1.887423106212424706e+00 1.264136409362085767e-01
1.887583446893787542e+00 1.228585838924386442e-01
1.887743787575150156e+00 1.193035023114432380e-01
1.887904128256512992e+00 1.157483961932142674e-01
1.888064468937875606e+00 1.121931566788744172e-01
1.888224809619238442e+00 1.087344689578992191e-01
1.888385150300601056e+00 1.058029467011321056e-01
1.888545490981963892e+00 1.028714183599588328e-01
1.888705831663326506e+00 9.993988393457074737e-02
1.888866172344689343e+00 9.700834342514276509e-02
1.889026513026051957e+00 9.407674865667957353e-02
1.889186853707414793e+00 9.114491521340828406e-02
1.889347194388777407e+00 8.893835724993050251e-02
1.889507535070140243e+00 8.679632130678475999e-02
1.889667875751502857e+00 8.465429418313004384e-02
1.889828216432865693e+00 8.251227587926024398e-02
1.889988557114228307e+00 8.037026639548114360e-02
1.890148897795591143e+00 7.822851963456967095e-02
1.890309238476953757e+00 7.632383565393703606e-02
1.890469579158316593e+00 7.452988336233307143e-02
1.890629919839679207e+00 7.273592591155927933e-02
1.890790260521042043e+00 7.094196330262290962e-02
1.890950601202404657e+00 6.914799553654117636e-02
1.891110941883767493e+00 6.736167390079575434e-02
1.891271282565130107e+00 6.578120588097408072e-02
1.891431623246492943e+00 6.445349969922471722e-02
1.891591963927855558e+00 6.312535025396091848e-02
1.891752304609218394e+00 6.179675755089637790e-02
1.891912645290581008e+00 6.046772159575301148e-02
1.892072985971943844e+00 5.913354071485231456e-02
1.892233326653306458e+00 5.781629738129911988e-02
1.892393667334669294e+00 5.658530840986056992e-02
1.892554008016031908e+00 5.535434215080034526e-02
1.892714348697394744e+00 5.412339860569703037e-02
1.892874689378757358e+00 5.289247777613600987e-02
1.893035030060120194e+00 5.166149757225588918e-02
1.893195370741482808e+00 5.043025732637122782e-02
1.893355711422845644e+00 4.943692384574790988e-02
1.893516052104208258e+00 4.845061791794339628e-02
1.893676392785571094e+00 4.746434451644068742e-02
1.893836733466933708e+00 4.647810364298826658e-02
1.893997074148296544e+00 4.549189529932916309e-02
1.894157414829659158e+00 4.451381100103565802e-02
1.894317755511021995e+00 4.353438586495542856e-02
1.894478096192384609e+00 4.255420795864409828e-02
1.894638436873747445e+00 4.157369670001269391e-02
1.894798777555110059e+00 4.059285212063502152e-02
1.894959118236472895e+00 3.961167425208132059e-02
1.895119458917835509e+00 3.862427710135361153e-02
1.895279799599198345e+00 3.767156976586445022e-02
1.895440140280560959e+00 3.675590997150229161e-02
1.895600480961923795e+00 3.584031619285179410e-02
1.895760821643286409e+00 3.492478843271563244e-02
1.895921162324649245e+00 3.400932669389151314e-02
1.896081503006011859e+00 3.309373236457011785e-02
1.896241843687374695e+00 3.219792647028698468e-02
1.896402184368737309e+00 3.135846450496578008e-02
1.896562525050100145e+00 3.051908284921298758e-02
1.896722865731462759e+00 2.967978150623985789e-02
1.896883206412825595e+00 2.884056047925295449e-02
1.897043547094188209e+00 2.800133569836639816e-02
1.897203887775551046e+00 2.716269052117569610e-02
1.897364228456913660e+00 2.635247015742803178e-02
1.897524569138276496e+00 2.554234521196476967e-02
1.897684909819639110e+00 2.473231568845609199e-02
1.897845250501001946e+00 2.392238159056771923e-02
1.898005591182364560e+00 2.311253757216853374e-02
1.898165931863727396e+00 2.230264646984614005e-02
1.898326272545090010e+00 2.152855772492896086e-02
1.898486613226452846e+00 2.076418308477327723e-02
1.898646953907815460e+00 1.999990866541749221e-02
1.898807294589178296e+00 1.923573447062998029e-02
1.898967635270540910e+00 1.847166050418334177e-02
1.899127975951903746e+00 1.770773766737868127e-02
1.899288316633266360e+00 1.695924539316696206e-02
1.899448657314629196e+00 1.622332554482449826e-02
1.899608997995991810e+00 1.548749699242661128e-02
1.899769338677354646e+00 1.475175973940411923e-02
1.899929679358717260e+00 1.401611378919194462e-02
1.900090020040080097e+00 1.328079967619170444e-02
1.900250360721442711e+00 1.259009945179152302e-02
1.900410701402805547e+00 1.199620170092345096e-02
1.900571042084168161e+00 1.140233942198862552e-02
1.900731382765530997e+00 1.080851261907328498e-02
1.900891723446893611e+00 1.021472129626699310e-02
1.901052064128256447e+00 9.621076672310538078e-03
1.901212404809619061e+00 9.038127358834994671e-03
1.901372745490981897e+00 8.579343243273647446e-03
1.901533086172344511e+00 8.120553909423795791e-03
1.901693426853707347e+00 7.661759358224504504e-03
1.901853767535069961e+00 7.202959590617395366e-03
1.902014108216432797e+00 6.744176253050916323e-03
1.902174448897795411e+00 6.285593853783914137e-03
1.902334789579158247e+00 5.933714478171312964e-03
1.902495130260520861e+00 5.601994556828003742e-03
1.902655470941883697e+00 5.270246655061335168e-03
1.902815811623246312e+00 4.938470771918368994e-03
1.902976152304609148e+00 4.606666906444322959e-03
1.903136492985971762e+00 4.274911173981509049e-03
1.903296833667334598e+00 4.000724412901290189e-03
1.903457174348697212e+00 3.764231227314192903e-03
1.903617515030060048e+00 3.527708190725590762e-03
1.903777855711422662e+00 3.291155301793458748e-03
1.903938196392785498e+00 3.054572559174447820e-03
1.904098537074148112e+00 2.817963757740780863e-03
1.904258877755510948e+00 2.612908653671557578e-03
1.904419218436873562e+00 2.462183736906229780e-03
1.904579559118236398e+00 2.311439136588760036e-03
1.904739899799599012e+00 2.160674851822625905e-03
1.904900240480961848e+00 2.009890881710469247e-03
1.905060581162324462e+00 1.859080812745548530e-03
1.905220921843687298e+00 1.715506655031726231e-03
1.905381262525049912e+00 1.620196987561792071e-03
1.905541603206412749e+00 1.524876618632685105e-03
1.905701943887775363e+00 1.429545547795686364e-03
1.905862284569138199e+00 1.334203774601546702e-03
1.906022625250500813e+00 1.238882951102806716e-03
1.906182965931863649e+00 1.143724380609880027e-03
1.906343306613226263e+00 1.079637833162682336e-03
1.906503647294589099e+00 1.019208543516552257e-03
1.906663987975951713e+00 9.587505026608006452e-04
1.906824328657314549e+00 8.982637073467590215e-04
1.906984669338677163e+00 8.377481543259517873e-04
1.907145010020039999e+00 7.770596683706303002e-04
1.907305350701402613e+00 7.312511810635803980e-04
1.907465691382765449e+00 6.932070375575861022e-04
1.907626032064128063e+00 6.551604756414265360e-04
1.907786372745490899e+00 6.171114952595388317e-04
1.907946713426853513e+00 5.790600963565701318e-04
1.908107054108216349e+00 5.410028838149348205e-04
1.908267394789578963e+00 5.089079721260012911e-04
1.908427735470941800e+00 4.850291383761148683e-04
1.908588076152304414e+00 4.611492359440301546e-04
1.908748416833667250e+00 4.372682648245697595e-04
1.908908757515029864e+00 4.133862250126885108e-04
1.909069098196392700e+00 3.895019567664011282e-04
1.909229438877755314e+00 3.669504558125223853e-04
1.909389779559118150e+00 3.503230520165160266e-04
1.909550120240480764e+00 3.336951339976467553e-04
1.909710460921843600e+00 3.170667017673926402e-04
1.909870801603206214e+00 3.004377553373239616e-04
1.910031142284569050e+00 2.838074921453042883e-04
1.910191482965931664e+00 2.671736772224775304e-04
1.910351823647294500e+00 2.562428321427275045e-04
1.910512164328657114e+00 2.456299591738199894e-04
1.910672505010019950e+00 2.350170669652914559e-04
1.910832845691382564e+00 2.244041555248159413e-04
1.910993186372745400e+00 2.137912248600090442e-04
1.911153527054108014e+00 2.032154303192480879e-04
1.911313867735470851e+00 1.947045045627368316e-04
1.911474208416833687e+00 1.870329035968517012e-04
1.911634549098196301e+00 1.793583456159413968e-04
1.911794889779558915e+00 1.716808306449296663e-04
1.911955230460921751e+00 1.640003587087457870e-04
1.912115571142284587e+00 1.562949546801248215e-04
1.912275911823647201e+00 1.496105977374937780e-04
1.912436252505009815e+00 1.440703655378603918e-04
1.912596593186372651e+00 1.385301711000363914e-04
1.912756933867735487e+00 1.329900144296490842e-04
1.912917274549098101e+00 1.274498955323259133e-04
1.913077615230460715e+00 1.219098009855394389e-04
1.913237955911823551e+00 1.167116902158952629e-04
1.913398296593186387e+00 1.126143656125889536e-04
1.913558637274549001e+00 1.085170708154283416e-04
1.913718977955911615e+00 1.044198058285980676e-04
1.913879318637274451e+00 1.003225706562826236e-04
1.914039659318637288e+00 9.622538238997583855e-05
1.914199999999999902e+00 9.212866495550155980e-05
