2.090199999999999836e+00 4.039728230650638588e-04
2.090358316633266433e+00 7.237325184053520002e-04
2.090516633266533031e+00 1.043475961553516802e-03
2.090674949899799628e+00 1.363203151967639108e-03
2.090833266533065782e+00 1.682914089104950613e-03
2.090991583166332379e+00 2.002608772425423875e-03
2.091149899799598977e+00 2.322279452935753150e-03
2.091308216432865574e+00 2.641931249955264526e-03
2.091466533066132172e+00 2.961564538106103376e-03
2.091624849699398769e+00 3.281179316837850180e-03
2.091783166332665367e+00 3.600775585600135727e-03
2.091941482965931520e+00 3.920353343841750764e-03
2.092099799599198118e+00 4.239902566089726564e-03
2.092258116232464715e+00 4.559425443754424462e-03
2.092416432865731313e+00 4.878927411156253058e-03
2.092574749498997910e+00 5.198408467736934102e-03
2.092733066132264508e+00 5.517868612938258734e-03
2.092891382765531105e+00 5.837307846202071868e-03
2.093049699398797259e+00 6.157446547129980657e-03
2.093208016032063856e+00 6.479295119076710664e-03
2.093366332665330454e+00 6.801360829841370317e-03
2.093524649298597051e+00 7.123643652335179613e-03
2.093682965931863649e+00 7.446143559468582258e-03
2.093841282565130246e+00 7.768860524151230060e-03
2.093999599198396844e+00 8.091794519291999402e-03
2.094157915831662997e+00 8.411756434893648271e-03
2.094316232464929595e+00 8.731684310329885026e-03
2.094474549098196192e+00 9.051585931237095262e-03
2.094632865731462790e+00 9.371461297042331037e-03
2.094791182364729387e+00 9.691310407172708599e-03
2.094949498997995985e+00 1.001113326105543440e-02
2.095107815631262582e+00 1.196638034182953038e-02
2.095266132264528736e+00 1.468746241303052133e-02
2.095424448897795333e+00 1.740829670038655450e-02
2.095582765531061931e+00 2.012888319896953895e-02
2.095741082164328528e+00 2.284922190385977464e-02
2.095899398797595126e+00 2.556931281013828314e-02
2.096057715430861723e+00 2.828910646665833833e-02
2.096216032064128321e+00 3.100854832508686751e-02
2.096374348697394474e+00 3.372771627794939747e-02
2.096532665330661072e+00 3.644661032030464126e-02
2.096690981963927669e+00 3.916523044718927399e-02
2.096849298597194267e+00 4.188357665364838417e-02
2.097007615230460864e+00 4.460163810199410661e-02
2.097165931863727462e+00 4.731919685015104765e-02
2.097324248496994059e+00 5.003645419284147994e-02
2.097482565130260213e+00 5.275341012507640120e-02
2.097640881763526810e+00 5.547006464189050551e-02
2.097799198396793408e+00 5.818641773829656000e-02
2.097957515030060005e+00 6.090246940931586667e-02
2.098115831663326603e+00 6.361797427951106088e-02
2.098274148296593200e+00 6.633306289525602029e-02
2.098432464929859353e+00 6.904782140239258681e-02
2.098590781563125951e+00 7.176224979594372777e-02
2.098749098196392548e+00 7.447634807091042808e-02
2.098907414829659146e+00 7.719011622230236014e-02
2.099065731462925744e+00 7.990337393512056408e-02
2.099224048096192341e+00 8.261602663414603642e-02
2.099382364729458939e+00 8.532831964807109648e-02
2.099540681362725092e+00 8.804025297189888022e-02
2.099698997995991689e+00 9.075182660065643503e-02
2.099857314629258287e+00 9.346304052934908957e-02
2.100015631262524884e+00 9.699445599302457255e-02
2.100173947895791482e+00 1.080151395825330457e-01
2.100332264529058079e+00 1.190343326913328170e-01
2.100490581162324677e+00 1.300520352764988341e-01
2.100648897795590830e+00 1.410682472950809951e-01
2.100807214428857428e+00 1.520829687042279943e-01
2.100965531062124025e+00 1.630961994610016785e-01
2.101123847695390623e+00 1.741072028931837934e-01
2.101282164328657220e+00 1.851164043127186132e-01
2.101440480961923818e+00 1.961239957117389965e-01
2.101598797595190415e+00 2.071299770460868495e-01
2.101757114228456569e+00 2.181343482715797644e-01
2.101915430861723166e+00 2.291371093441342544e-01
2.102073747494989764e+00 2.401376829959905035e-01
2.102232064128256361e+00 2.511359011376416706e-01
2.102390380761522959e+00 2.621323952765400311e-01
2.102548697394789556e+00 2.731271653674354205e-01
2.102707014028056154e+00 2.841202113650848071e-01
2.102865330661322307e+00 2.951115332242208456e-01
2.103023647294588905e+00 3.061009174490658680e-01
2.103181963927855502e+00 3.170873027645859099e-01
2.103340280561122100e+00 3.280718609708643263e-01
2.103498597194388697e+00 3.390545920217707954e-01
2.103656913827655295e+00 3.500354958711823783e-01
2.103815230460921892e+00 3.610145724729839078e-01
2.103973547094188046e+00 3.719918217810361805e-01
2.104131863727454643e+00 3.830259128052431183e-01
2.104290180360721241e+00 3.940736446216105415e-01
2.104448496993987838e+00 4.051235838640613318e-01
2.104606813627254436e+00 4.161757294082324421e-01
2.104765130260521033e+00 4.272300801297336248e-01
2.104923446893787631e+00 4.382866349041470988e-01
2.105081763527053784e+00 4.442727040852071374e-01
2.105240080160320382e+00 4.455097027376271890e-01
2.105398396793586979e+00 4.467464718479112196e-01
2.105556713426853577e+00 4.479830114106821970e-01
2.105715030060120174e+00 4.492193214205634222e-01
2.105873346693386772e+00 4.504554018721794173e-01
2.106031663326653369e+00 4.516911494382720993e-01
2.106189979959919523e+00 4.529262523977476418e-01
2.106348296593186120e+00 4.541611228660794586e-01
2.106506613226452718e+00 4.553957608379156086e-01
2.106664929859719315e+00 4.566301663079082029e-01
2.106823246492985913e+00 4.578643392707104631e-01
2.106981563126252510e+00 4.590982797209766098e-01
2.107139879759519108e+00 4.604088977146065242e-01
2.107298196392785261e+00 4.617298598723431069e-01
2.107456513026051859e+00 4.630510560972901368e-01
2.107614829659318456e+00 4.643724862540909437e-01
2.107773146292585054e+00 4.656941502073881356e-01
2.107931462925851651e+00 4.670160478218226552e-01
2.108089779559118249e+00 4.682891053932187186e-01
2.108248096192384846e+00 4.695245768376167805e-01
2.108406412825651000e+00 4.707598258918980205e-01
2.108564729458917597e+00 4.719948525509611303e-01
2.108723046092184195e+00 4.732296568096950318e-01
2.108881362725450792e+00 4.744642386629933095e-01
2.109039679358717390e+00 4.756993033651955582e-01
2.109197995991983987e+00 4.769362637606243682e-01
2.109356312625250585e+00 4.781730168548041227e-01
2.109514629258516738e+00 4.794095626428491741e-01
2.109672945891783336e+00 4.806459011198849218e-01
2.109831262525049933e+00 4.818820322810273282e-01
2.109989579158316531e+00 4.831179561213966300e-01
2.110147895791583128e+00 4.833163277131659608e-01
2.110306212424849726e+00 4.834415773474638467e-01
2.110464529058116323e+00 4.835668037457732105e-01
2.110622845691382476e+00 4.836920069074331918e-01
2.110781162324649074e+00 4.838171868317843183e-01
2.110939478957915671e+00 4.839423435181657296e-01
2.111097795591182269e+00 4.840709050273248604e-01
2.111256112224448866e+00 4.842015677682466324e-01
2.111414428857715464e+00 4.843322109866172176e-01
2.111572745490982062e+00 4.844628346818291020e-01
2.111731062124248215e+00 4.845934388532744386e-01
2.111889378757514812e+00 4.847240235003465458e-01
2.112047695390781410e+00 4.848566101079514468e-01
2.112206012024048007e+00 4.849938685937547067e-01
2.112364328657314605e+00 4.851311120357792439e-01
2.112522645290581202e+00 4.852683404334771078e-01
2.112680961923847800e+00 4.854055537863013470e-01
2.112839278557113953e+00 4.855427520937037889e-01
2.112997595190380551e+00 4.856799353551379816e-01
2.113155911823647148e+00 4.858245674152064653e-01
2.113314228456913746e+00 4.859693045614614237e-01
2.113472545090180343e+00 4.861140317081827367e-01
2.113630861723446941e+00 4.862587488548866244e-01
2.113789178356713094e+00 4.864034560010889185e-01
2.113947494989979692e+00 4.865481531463067832e-01
2.114105811623246289e+00 4.866982205934374250e-01
2.114264128256512887e+00 4.868509522716542026e-01
2.114422444889779484e+00 4.870036792956177751e-01
2.114580761523046082e+00 4.871564016649083118e-01
2.114739078156312679e+00 4.873091193791059816e-01
2.114897394789578833e+00 4.874618324377906209e-01
2.115055711422845430e+00 4.875935592120237971e-01
2.115214028056112028e+00 4.876866422168080750e-01
2.115372344689378625e+00 4.877797254627703749e-01
2.115530661322645223e+00 4.878728089497048614e-01
2.115688977955911820e+00 4.879658926774055883e-01
2.115847294589178418e+00 4.880589766456668865e-01
2.116005611222444571e+00 4.881490902243222352e-01
2.116163927855711169e+00 4.881583601927111937e-01
2.116322244488977766e+00 4.881676298643691236e-01
2.116480561122244364e+00 4.881768992392803708e-01
2.116638877755510961e+00 4.881861683174297806e-01
2.116797194388777559e+00 4.881954370988014769e-01
2.116955511022044156e+00 4.882047055833805271e-01
2.117113827655310310e+00 4.882188833871158873e-01
2.117272144288576907e+00 4.882349798462546908e-01
2.117430460921843505e+00 4.882510760702387653e-01
2.117588777555110102e+00 4.882671720590371356e-01
2.117747094188376700e+00 4.882832678126189929e-01
2.117905410821643297e+00 4.882993633309528625e-01
2.118063727454909895e+00 4.883177689268538568e-01
2.118222044088176048e+00 4.883396034653024187e-01
2.118380360721442646e+00 4.883614378172581594e-01
2.118538677354709243e+00 4.883832719826767255e-01
2.118696993987975841e+00 4.884051059615137635e-01
2.118855310621242438e+00 4.884269397537253088e-01
2.119013627254509036e+00 4.884491607081412612e-01
2.119171943887775633e+00 4.884754942286535506e-01
2.119330260521041787e+00 4.885018275977093261e-01
2.119488577154308384e+00 4.885281608152539090e-01
2.119646893787574982e+00 4.885544938812322324e-01
2.119805210420841579e+00 4.885808267955896178e-01
2.119963527054108177e+00 4.886071595582712201e-01
2.120121843687374774e+00 4.886388173434335069e-01
2.120280160320641372e+00 4.886720733084898849e-01
2.120438476953907525e+00 4.887053296394998636e-01
2.120596793587174123e+00 4.887385863364037686e-01
2.120755110220440720e+00 4.887718433991417588e-01
2.120913426853707318e+00 4.888051008276534382e-01
2.121071743486973915e+00 4.888809303506791992e-01
2.121230060120240513e+00 4.890081392578464747e-01
2.121388376753507110e+00 4.891353589171862914e-01
2.121546693386773264e+00 4.892625893283704674e-01
2.121705010020039861e+00 4.893898304910712094e-01
2.121863326653306459e+00 4.895170824049598912e-01
2.122021643286573056e+00 4.896319047829350013e-01
2.122179959919839654e+00 4.896681739337648831e-01
2.122338276553106251e+00 4.897044435061166379e-01
2.122496593186372849e+00 4.897407134999234302e-01
2.122654909819639002e+00 4.897769839151184801e-01
2.122813226452905599e+00 4.898132547516352853e-01
2.122971543086172197e+00 4.898495260094071768e-01
2.123129859719438794e+00 4.898858276268943657e-01
2.123288176352705392e+00 4.899221362198932783e-01
2.123446492985971989e+00 4.899584452271195656e-01
2.123604809619238587e+00 4.899947546485059480e-01
2.123763126252504740e+00 4.900310644839846463e-01
2.123921442885771338e+00 4.900673747334888253e-01
2.124079759519037935e+00 4.901033363654132557e-01
2.124238076152304533e+00 4.901389546236084582e-01
2.124396392785571130e+00 4.901745732718682524e-01
2.124554709418837728e+00 4.902101923101259140e-01
2.124713026052104325e+00 4.902458117383146075e-01
2.124871342685370479e+00 4.902814315563671643e-01
2.125029659318637076e+00 4.903168177810738881e-01
2.125187975951903674e+00 4.903511893930453946e-01
2.125346292585170271e+00 4.903855613584077178e-01
2.125504609218436869e+00 4.904199336770957429e-01
2.125662925851703466e+00 4.904543063490443000e-01
2.125821242484970064e+00 4.904886793741882189e-01
2.125979559118236217e+00 4.905230527524618855e-01
2.126137875751502815e+00 4.906360386433030185e-01
2.126296192384769412e+00 4.907606882943951754e-01
2.126454509018036010e+00 4.908853475959589208e-01
2.126612825651302607e+00 4.910100165476594114e-01
2.126771142284569205e+00 4.911346951491618595e-01
2.126929458917835802e+00 4.912593834001310333e-01
2.127087775551101956e+00 4.913320434178826135e-01
2.127246092184368553e+00 4.913628853869064228e-01
2.127404408817635151e+00 4.913937276135016963e-01
2.127562725450901748e+00 4.914245700976085374e-01
2.127721042084168346e+00 4.914554128391675492e-01
2.127879358717434943e+00 4.914862558381185575e-01
2.128037675350701541e+00 4.915166026152886780e-01
2.128195991983967694e+00 4.915453598272120361e-01
2.128354308617234292e+00 4.915741172430075911e-01
2.128512625250500889e+00 4.916028748626186107e-01
2.128670941883767487e+00 4.916316326859888064e-01
2.128829258517034084e+00 4.916603907130619455e-01
2.128987575150300682e+00 4.916891489437813512e-01
2.129145891783567279e+00 4.917159100864847976e-01
2.129304208416833433e+00 4.917425012815226371e-01
2.129462525050100030e+00 4.917690926257209938e-01
2.129620841683366628e+00 4.917956841190269657e-01
2.129779158316633225e+00 4.918222757613880392e-01
2.129937474949899823e+00 4.918488675527509790e-01
2.130095791583166420e+00 4.918726378790275744e-01
2.130254108216433018e+00 4.918945727176448623e-01
2.130412424849699171e+00 4.919165073402170796e-01
2.130570741482965769e+00 4.919384417466933224e-01
2.130729058116232366e+00 4.919603759370219653e-01
2.130887374749498964e+00 4.919823099111521048e-01
2.131045691382765561e+00 4.920036202654908264e-01
2.131204008016032159e+00 4.920233937486696574e-01
2.131362324649298312e+00 4.920431669847485923e-01
2.131520641282564910e+00 4.920629399736816123e-01
2.131678957915831507e+00 4.920827127154231428e-01
2.131837274549098105e+00 4.921024852099273317e-01
2.131995591182364702e+00 4.921222574571483266e-01
2.132153907815631300e+00 4.921399850798689468e-01
2.132312224448897897e+00 4.921576538634934717e-01
2.132470541082164051e+00 4.921753223704616875e-01
2.132628857715430648e+00 4.921929906007334043e-01
2.132787174348697246e+00 4.922106585542680435e-01
2.132945490981963843e+00 4.922283262310251373e-01
2.133103807615230441e+00 4.922446653280326823e-01
2.133262124248497038e+00 4.922603066381271431e-01
2.133420440881763636e+00 4.922759476437851833e-01
2.133578757515029789e+00 4.922915883449713870e-01
2.133737074148296387e+00 4.923072287416507820e-01
2.133895390781562984e+00 4.923228688337878967e-01
2.134053707414829582e+00 4.923692184097941404e-01
2.134212024048096179e+00 4.924753864445677309e-01
2.134370340681362777e+00 4.925815592956135358e-01
2.134528657314629374e+00 4.926877369627153391e-01
2.134686973947895527e+00 4.927939194456564254e-01
2.134845290581162125e+00 4.929001067442206341e-01
2.135003607214428722e+00 4.930041497619551683e-01
2.135161923847695320e+00 4.930160226012495484e-01
2.135320240480961917e+00 4.930278950855758180e-01
2.135478557114228515e+00 4.930397672149086641e-01
2.135636873747495112e+00 4.930516389892224960e-01
2.135795190380761266e+00 4.930635104084918896e-01
2.135953507014027863e+00 4.930753814726913653e-01
2.136111823647294461e+00 4.930860175499921505e-01
2.136270140280561058e+00 4.930961399295795689e-01
2.136428456913827656e+00 4.931062619317830853e-01
2.136586773547094253e+00 4.931163835565822717e-01
2.136745090180360851e+00 4.931265048039559229e-01
2.136903406813627004e+00 4.931366256738833331e-01
2.137061723446893602e+00 4.931820809695657837e-01
2.137220040080160199e+00 4.932828347481156284e-01
2.137378356713426797e+00 4.933835912971533677e-01
2.137536673346693394e+00 4.934843506164386939e-01
2.137694989979959992e+00 4.935851127057322429e-01
2.137853306613226589e+00 4.936858775647934849e-01
2.138011623246492743e+00 4.937797542313300814e-01
2.138169939879759340e+00 4.937866632632485486e-01
2.138328256513025938e+00 4.937935718775097738e-01
2.138486573146292535e+00 4.938004800741014888e-01
2.138644889779559133e+00 4.938073878530109817e-01
2.138803206412825730e+00 4.938142952142262621e-01
2.138961523046092328e+00 4.938212021577347288e-01
2.139119839679358481e+00 4.938269885820943395e-01
2.139278156312625079e+00 4.938324149420829645e-01
2.139436472945891676e+00 4.938378408667877806e-01
2.139594789579158274e+00 4.938432663562008496e-01
2.139753106212424871e+00 4.938486914103136782e-01
2.139911422845691469e+00 4.938541160291179399e-01
2.140069739478958066e+00 4.937859618194481159e-01
2.140228056112224220e+00 4.936243477772110366e-01
2.140386372745490817e+00 4.934627336924210517e-01
2.140544689378757415e+00 4.933011195653776992e-01
2.140703006012024012e+00 4.931395053963797959e-01
2.140861322645290610e+00 4.929778911857262136e-01
2.141019639278557207e+00 4.928161125503539575e-01
2.141177955911823805e+00 4.926531736183184518e-01
2.141336272545089958e+00 4.924902355213128802e-01
2.141494589178356556e+00 4.923272982596286762e-01
2.141652905811623153e+00 4.921643618335588832e-01
2.141811222444889751e+00 4.920014262433959895e-01
2.141969539078156348e+00 4.918384914894324833e-01
2.142127855711422946e+00 4.916745427627027820e-01
2.142286172344689543e+00 4.915103538526719440e-01
2.142444488977955697e+00 4.913461666124798732e-01
2.142602805611222294e+00 4.911819810424122301e-01
2.142761122244488892e+00 4.910177971427547305e-01
2.142919438877755489e+00 4.908536149137938676e-01
2.143077755511022087e+00 4.906888472635774212e-01
2.143236072144288684e+00 4.905234736007291207e-01
2.143394388777555282e+00 4.903581024035581493e-01
2.143552705410821435e+00 4.901927336723447826e-01
2.143711022044088033e+00 4.900273674073672425e-01
2.143869338677354630e+00 4.898620036089055829e-01
2.144027655310621228e+00 4.896964429680132902e-01
2.144185971943887825e+00 4.895299435766070628e-01
2.144344288577154423e+00 4.893634474124000100e-01
2.144502605210421020e+00 4.891969544756647470e-01
2.144660921843687174e+00 4.890304647666747773e-01
2.144819238476953771e+00 4.888639782857020499e-01
2.144977555110220369e+00 4.886974950330195688e-01
2.145135871743486966e+00 4.885300769389371855e-01
2.145294188376753564e+00 4.883625077904949485e-01
2.145452505010020161e+00 4.881949426011131243e-01
2.145610821643286314e+00 4.880273813710581110e-01
2.145769138276552912e+00 4.878598241005952518e-01
2.145927454909819510e+00 4.876922707899908893e-01
2.146085771543086107e+00 4.875241517425148996e-01
2.146244088176352705e+00 4.873555553516050742e-01
2.146402404809619302e+00 4.871869636253421953e-01
2.146560721442885900e+00 4.870183765639856666e-01
2.146719038076152053e+00 4.868497941677950025e-01
2.146877354709418650e+00 4.866812164370283855e-01
2.147035671342685248e+00 4.865124143765560683e-01
2.147193987975951845e+00 4.863428300674721427e-01
2.147352304609218443e+00 4.861732511067057838e-01
2.147510621242485040e+00 4.860036774945096227e-01
2.147668937875751638e+00 4.858341092311355691e-01
2.147827254509017791e+00 4.856645463168364762e-01
2.147985571142284389e+00 4.854949887518633656e-01
2.148143887775550986e+00 4.854898239802035165e-01
2.148302204408817584e+00 4.855010277484256842e-01
2.148460521042084181e+00 4.855121097349361370e-01
2.148618837675350779e+00 4.855230699467408262e-01
2.148777154308617376e+00 4.855339083908461473e-01
2.148935470941883530e+00 4.855446250742585512e-01
2.149093787575150127e+00 4.854471418513304215e-01
2.149252104208416725e+00 4.852752776709100546e-01
2.149410420841683322e+00 4.851034201710783811e-01
2.149568737474949920e+00 4.849315693520730997e-01
2.149727054108216517e+00 4.847597252141323532e-01
2.149885370741483115e+00 4.845878877574943400e-01
2.150043687374749268e+00 4.825865993212220539e-01
2.150202004008015866e+00 4.757854209039077964e-01
2.150360320641282463e+00 4.689847982686239924e-01
2.150518637274549061e+00 4.621847313966345183e-01
2.150676953907815658e+00 4.553852202692033613e-01
2.150835270541082256e+00 4.485862648675948972e-01
2.150993587174348853e+00 4.417878651730731132e-01
2.151151903807615007e+00 4.349892168644716728e-01
2.151310220440881604e+00 4.281911159084109686e-01
2.151468537074148202e+00 4.213935967691160300e-01
2.151626853707414799e+00 4.145966594260708793e-01
2.151785170340681397e+00 4.078003038587589835e-01
2.151943486973947994e+00 4.010045300466645868e-01
2.152101803607214592e+00 3.942088533905501735e-01
2.152260120240480745e+00 3.874135107668277289e-01
2.152418436873747343e+00 3.806187757829884166e-01
2.152576753507013940e+00 3.738246484167541683e-01
2.152735070140280538e+00 3.670311286458286526e-01
2.152893386773547135e+00 3.602382164479152604e-01
2.153051703406813733e+00 3.534456919557385501e-01
2.153210020040080330e+00 3.466533388090752288e-01
2.153368336673346484e+00 3.398616190092869638e-01
2.153526653306613081e+00 3.330705325322501631e-01
2.153684969939879679e+00 3.262800793538987998e-01
2.153843286573146276e+00 3.194902594501481952e-01
2.154001603206412874e+00 3.127010667621853979e-01
2.154159919839679471e+00 3.059119304604566714e-01
2.154318236472946069e+00 2.991234532071129770e-01
2.154476553106212222e+00 2.923356349762842865e-01
2.154634869739478820e+00 2.855484757420437281e-01
2.154793186372745417e+00 2.787619754785213844e-01
2.154951503006012015e+00 2.719761341598285753e-01
2.155109819639278612e+00 2.647432183182585885e-01
2.155268136272545210e+00 2.573133168429891926e-01
2.155426452905811807e+00 2.498841653650559491e-01
2.155584769539077961e+00 2.424557638541253168e-01
2.155743086172344558e+00 2.350281122798013600e-01
2.155901402805611156e+00 2.276012106117509259e-01
2.156059719438877753e+00 2.201748986416297849e-01
2.156218036072144351e+00 2.127490917697033856e-01
2.156376352705410948e+00 2.053240633308223428e-01
2.156534669338677546e+00 1.978998132926011178e-01
2.156692985971943699e+00 1.904763416226752659e-01
2.156851302605210297e+00 1.830536482886180871e-01
2.157009619238476894e+00 1.756317124648564265e-01
2.157167935871743492e+00 1.682102488127243112e-01
2.157326252505010089e+00 1.607895922995911941e-01
2.157484569138276687e+00 1.533697428910036076e-01
2.157642885771543284e+00 1.459507005525084444e-01
2.157801202404809437e+00 1.385324652496736919e-01
2.157959519038076035e+00 1.311150369480052480e-01
2.158117835671342633e+00 1.236982340789020002e-01
2.158276152304609230e+00 1.162822012711357128e-01
2.158434468937875828e+00 1.088670045890794275e-01
2.158592785571142425e+00 1.014526439961718346e-01
2.158751102204409023e+00 9.403911945585193000e-02
2.158909418837675176e+00 8.662643093157970653e-02
2.159067735470941773e+00 7.921451069498249009e-02
2.159226052104208371e+00 7.180335700691867218e-02
2.159384368737474968e+00 6.439306881813323946e-02
2.159542685370741566e+00 5.698364608991347141e-02
2.159701002004008163e+00 4.957508878354677934e-02
2.159859318637274761e+00 4.216739686032099782e-02
2.160017635270540914e+00 3.547854038423887968e-02
2.160175951903807512e+00 3.451736855666070330e-02
2.160334268537074109e+00 3.355593667000340147e-02
2.160492585170340707e+00 3.259424477832877087e-02
2.160650901803607304e+00 3.163229293569649880e-02
2.160809218436873902e+00 3.067008119616424638e-02
2.160967535070140499e+00 2.970760961378761389e-02
2.161125851703406653e+00 2.874057114323854550e-02
2.161284168336673250e+00 2.777248942858033184e-02
2.161442484969939848e+00 2.680451295989230709e-02
2.161600801603206445e+00 2.583664173436312286e-02
2.161759118236473043e+00 2.486887574918130936e-02
2.161917434869739640e+00 2.390121500153529616e-02
2.162075751503006238e+00 2.293363686595877721e-02
2.162234068136272391e+00 2.196614225110794794e-02
2.162392384769538989e+00 2.099875685077631435e-02
2.162550701402805586e+00 2.003148066195442265e-02
2.162709018036072184e+00 1.906431368162996021e-02
2.162867334669338781e+00 1.809725590679055196e-02
2.163025651302605379e+00 1.713082160990520020e-02
2.163183967935871532e+00 1.616694810238060442e-02
2.163342284569138130e+00 1.520282553395489906e-02
2.163500601202404727e+00 1.423845396503583063e-02
2.163658917835671325e+00 1.327383345602593280e-02
2.163817234468937922e+00 1.230896406732518919e-02
2.163975551102204520e+00 1.134384585933105767e-02
2.164133867735471117e+00 1.037681881953466008e-02
2.164292184368737271e+00 9.409577623115145117e-03
2.164450501002003868e+00 8.442453716784025300e-03
2.164608817635270466e+00 7.475447097118395438e-03
2.164767134268537063e+00 6.508557760692514071e-03
2.164925450901803661e+00 5.541785704080494021e-03
2.165083767535070258e+00 5.001202703363126154e-03
2.165242084168336856e+00 4.839846260135874725e-03
2.165400400801603009e+00 4.678510022121175858e-03
2.165558717434869607e+00 4.517193988713100183e-03
2.165717034068136204e+00 4.355898159307047997e-03
2.165875350701402802e+00 4.194622533297947750e-03
2.166033667334669399e+00 4.033365412362980261e-03
2.166191983967935997e+00 3.872122594600085725e-03
2.166350300601202594e+00 3.710900615973610275e-03
2.166508617234468748e+00 3.549699475845210367e-03
2.166666933867735345e+00 3.388519173575162483e-03
2.166825250501001943e+00 3.227359708525075373e-03
2.166983567134268540e+00 3.066221080056081173e-03
2.167141883767535138e+00 2.905098363332380730e-03
2.167300200400801735e+00 2.743996488883793973e-03
2.167458517034068333e+00 2.582916057957065133e-03
2.167616833667334486e+00 2.421857069881077837e-03
2.167775150300601084e+00 2.260819523983338339e-03
2.167933466933867681e+00 2.099803419592679524e-03
2.168091783567134279e+00 1.938806776082629534e-03
2.168250100200400876e+00 1.777830585188761589e-03
2.168408416833667474e+00 1.616876400564539818e-03
2.168566733466934071e+00 1.455944221507365433e-03
2.168725050100200225e+00 1.295034047315064005e-03
2.168883366733466822e+00 1.134145877284081132e-03
2.169041683366733420e+00 9.732793057738999779e-04
2.169200000000000017e+00 8.124339249784721722e-04
