1.834199899999999994e+00 5.415540483372262157e-05
1.834360220841683375e+00 5.663433418811124586e-05
1.834520541683366757e+00 5.911889755634168117e-05
1.834680862525050138e+00 6.160888292519559896e-05
1.834841183366733519e+00 6.410430963584437070e-05
1.835001504208416900e+00 6.660552390480817091e-05
1.835161825050100282e+00 6.911096523122632054e-05
1.835322145891783663e+00 7.231412538542740889e-05
1.835482466733466822e+00 7.574043223558355072e-05
1.835642787575150203e+00 7.917409912022924773e-05
1.835803108416833584e+00 8.261512513089413882e-05
1.835963429258516966e+00 8.606350935901481121e-05
1.836123750100200347e+00 8.951932580164435166e-05
1.836284070941883728e+00 9.336741134221108204e-05
1.836444391783567109e+00 9.757274157809330570e-05
1.836604712625250491e+00 1.017872480112764393e-04
1.836765033466933872e+00 1.060107391565258048e-04
1.836925354308617253e+00 1.102432139339459111e-04
1.837085675150300634e+00 1.144846996674820023e-04
1.837245995991984016e+00 1.195029212826955535e-04
1.837406316833667397e+00 1.264392550615947564e-04
1.837566637675350778e+00 1.333903992996229295e-04
1.837726958517034159e+00 1.403563522374058918e-04
1.837887279358717318e+00 1.473371121153530417e-04
1.838047600200400700e+00 1.543335554215930102e-04
1.838207921042084081e+00 1.615368957784011554e-04
1.838368241883767462e+00 1.723887291950729119e-04
1.838528562725450843e+00 1.832640465561299491e-04
1.838688883567134225e+00 1.941628465184604471e-04
1.838849204408817606e+00 2.050851277387459105e-04
1.839009525250500987e+00 2.160306343433002760e-04
1.839169846092184368e+00 2.269953593875717222e-04
1.839330166933867750e+00 2.434303769314822750e-04
1.839490487775551131e+00 2.611608452994312272e-04
1.839650808617234512e+00 2.789287405223450059e-04
1.839811129458917893e+00 2.967352272007739932e-04
1.839971450300601274e+00 3.145793208618417598e-04
1.840131771142284656e+00 3.324611346151947378e-04
1.840292091983967815e+00 3.567725257113389279e-04
1.840452412825651196e+00 3.858700003084828572e-04
1.840612733667334577e+00 4.150288455120912877e-04
1.840773054509017959e+00 4.442490539984499391e-04
1.840933375350701340e+00 4.735306184429738082e-04
1.841093696192384721e+00 5.028789564729719023e-04
1.841254017034068102e+00 5.392651405376525141e-04
1.841414337875751484e+00 5.894389756782246990e-04
1.841574658717434865e+00 6.397183846358261766e-04
1.841734979559118246e+00 6.901037928440096995e-04
1.841895300400801627e+00 7.405951939547559355e-04
1.842055621242485008e+00 7.911870370198581526e-04
1.842215942084168390e+00 8.452034456122653949e-04
1.842376262925851771e+00 9.294214366361518674e-04
1.842536583767535152e+00 1.013812965215395460e-03
1.842696904609218311e+00 1.098378009650657775e-03
1.842857225450901693e+00 1.183116548240617516e-03
1.843017546292585074e+00 1.268039498900923280e-03
1.843177867134268455e+00 1.353160569134471925e-03
1.843338187975951836e+00 1.478138776100835876e-03
1.843498508817635217e+00 1.609724628735911952e-03
1.843658829659318599e+00 1.741585854930313747e-03
1.843819150501001980e+00 1.873722436669836766e-03
1.843979471342685361e+00 2.006134355937918591e-03
1.844139792184368742e+00 2.138783905279490697e-03
1.844300113026052124e+00 2.311736901301000846e-03
1.844460433867735505e+00 2.509115330685973960e-03
1.844620754709418886e+00 2.706913091275717480e-03
1.844781075551102267e+00 2.905118288477547776e-03
1.844941396392785649e+00 3.103728478315565149e-03
1.845101717234468808e+00 3.302782277291896242e-03
1.845262038076152189e+00 3.531122284803457981e-03
1.845422358917835570e+00 3.805634510489608931e-03
1.845582679759518951e+00 4.080715671582705630e-03
1.845743000601202333e+00 4.356365727714060082e-03
1.845903321442885714e+00 4.632584638510319625e-03
1.846063642284569095e+00 4.909370631213431056e-03
1.846223963126252476e+00 5.194770336103080727e-03
1.846384283967935858e+00 5.526413352105851405e-03
1.846544604809619239e+00 5.858738676783568911e-03
1.846704925651302620e+00 6.191746259811469789e-03
1.846865246492986001e+00 6.525436050859321872e-03
1.847025567334669383e+00 6.859785846432124232e-03
1.847185888176352764e+00 7.194693117302024266e-03
1.847346209018036145e+00 7.538787666227843645e-03
1.847506529859719526e+00 7.884387869532856821e-03
1.847666850701402685e+00 8.230675362726485797e-03
1.847827171543086067e+00 8.577693637875732219e-03
1.847987492384769448e+00 8.925413222398084420e-03
1.848147813226452829e+00 9.275645159520505209e-03
1.848308134068136210e+00 9.629105706561660524e-03
1.848468454909819592e+00 9.984493128121517402e-03
1.848628775751502973e+00 1.034072938726856954e-02
1.848789096593186354e+00 1.069781484224860413e-02
1.848949417434869735e+00 1.105574985125791845e-02
1.849109738276553117e+00 1.141300908604994668e-02
1.849270059118236498e+00 1.176473855780572550e-02
1.849430379959919879e+00 1.211000572780385025e-02
1.849590700801603260e+00 1.245595711471726881e-02
1.849751021643286641e+00 1.280259286103937501e-02
1.849911342484970023e+00 1.314991291014966542e-02
1.850071663326653182e+00 1.349783352479836003e-02
1.850231984168336563e+00 1.385390867447175607e-02
1.850392305010019944e+00 1.424106476186542784e-02
1.850552625851703326e+00 1.462897174467447242e-02
1.850712946693386707e+00 1.501762952864970323e-02
1.850873267535070088e+00 1.540703801954173072e-02
1.851033588376753469e+00 1.579709692217266814e-02
1.851193909218436850e+00 1.618785443552488157e-02
1.851354230060120232e+00 1.658462668188676742e-02
1.851514550901803613e+00 1.698235939163391175e-02
1.851674871743486994e+00 1.738084623583222021e-02
1.851835192585170375e+00 1.778008711716973222e-02
1.851995513426853757e+00 1.818008193833460170e-02
1.852155834268537138e+00 1.858081031442628678e-02
1.852316155110220519e+00 1.899974080521368847e-02
1.852476475951903678e+00 1.942608975893642814e-02
1.852636796793587060e+00 1.985316274767076269e-02
1.852797117635270441e+00 2.028100185907044314e-02
1.852957438476953822e+00 2.070963644152631206e-02
1.853117759318637203e+00 2.113904795383346469e-02
1.853278080160320584e+00 2.153736675472982601e-02
1.853438401002003966e+00 2.190284688308245797e-02
1.853598721843687347e+00 2.226899392729002336e-02
1.853759042685370728e+00 2.263580779621062258e-02
1.853919363527054109e+00 2.300328839870306730e-02
1.854079684368737491e+00 2.337367570132428338e-02
1.854240005210420872e+00 2.382376891049630546e-02
1.854400326052104253e+00 2.450592940692628355e-02
1.854560646893787634e+00 2.518959268300268936e-02
1.854720967735471016e+00 2.587475928574013706e-02
1.854881288577154175e+00 2.656142976201882749e-02
1.855041609418837556e+00 2.724822431280945340e-02
1.855201930260520937e+00 2.793302295533133667e-02
1.855362251102204318e+00 2.866754731100935871e-02
1.855522571943887700e+00 2.940340172250485024e-02
1.855682892785571081e+00 3.014058599692482840e-02
1.855843213627254462e+00 3.087908292917323008e-02
1.856003534468937843e+00 3.161889843851450194e-02
1.856163855310621225e+00 3.235999767685125011e-02
1.856324176152304606e+00 3.330461132709292699e-02
1.856484496993987987e+00 3.430973220828390652e-02
1.856644817835671368e+00 3.531666522563597921e-02
1.856805138677354750e+00 3.632541010807258108e-02
1.856965459519038131e+00 3.733596658452188050e-02
1.857125780360721512e+00 3.834829007270636192e-02
1.857286101202404671e+00 3.944201246984248982e-02
1.857446422044088052e+00 4.060602551926647402e-02
1.857606742885771434e+00 4.177194437951257250e-02
1.857767063727454815e+00 4.293992138028090988e-02
1.857927384569138196e+00 4.410995620353354296e-02
1.858087705410821577e+00 4.528249087428878883e-02
1.858248026252504959e+00 4.659861901987698979e-02
1.858408347094188340e+00 4.824694176274513246e-02
1.858568667935871721e+00 4.989823630700454538e-02
1.858728988777555102e+00 5.155250236543473807e-02
1.858889309619238484e+00 5.320973965081777363e-02
1.859049630460921865e+00 5.486946133917139368e-02
1.859209951302605246e+00 5.655610862302663105e-02
1.859370272144288627e+00 5.862024343374140634e-02
1.859530592985972008e+00 6.068798125273951877e-02
1.859690913827655168e+00 6.275932148603609317e-02
1.859851234669338549e+00 6.483426353967099154e-02
1.860011555511021930e+00 6.691283974076393803e-02
1.860171876352705311e+00 6.899545474151715097e-02
1.860332197194388693e+00 7.177290087873926250e-02
1.860492518036072074e+00 7.470208459496001374e-02
1.860652838877755455e+00 7.763639737773224414e-02
1.860813159719438836e+00 8.057583881165385209e-02
1.860973480561122217e+00 8.352041001648952134e-02
1.861133801402805599e+00 8.646858790415745677e-02
1.861294122244488980e+00 8.984408742489094490e-02
1.861454443086172361e+00 9.352244322568346868e-02
1.861614763927855742e+00 9.720705374210683591e-02
1.861775084769539124e+00 1.008979176524192611e-01
1.861935405611222505e+00 1.045950336349680820e-01
1.862095726452905664e+00 1.082995459508377528e-01
1.862256047294589045e+00 1.123263560114303311e-01
1.862416368136272427e+00 1.169462079001573340e-01
1.862576688977955808e+00 1.215740284106869018e-01
1.862737009819639189e+00 1.262098163265434336e-01
1.862897330661322570e+00 1.308535704313124326e-01
1.863057651503005951e+00 1.355042623512102140e-01
1.863217972344689333e+00 1.402906742286310626e-01
1.863378293186372714e+00 1.461102458030091589e-01
1.863538614028056095e+00 1.519395590225487980e-01
1.863698934869739476e+00 1.577786117168341606e-01
1.863859255711422858e+00 1.636269881232841894e-01
1.864019576553106239e+00 1.694850177005768899e-01
1.864179897394789620e+00 1.753554956902599049e-01
1.864340218236473001e+00 1.808558489324141594e-01
1.864500539078156383e+00 1.863110513497194809e-01
1.864660859919839542e+00 1.917753837395907435e-01
1.864821180761522923e+00 1.972488446090155112e-01
1.864981501603206304e+00 2.027314324650375532e-01
1.865141822444889685e+00 2.082228908864429684e-01
1.865302143286573067e+00 2.134641269436105548e-01
1.865462464128256448e+00 2.185638745244397330e-01
1.865622784969939829e+00 2.236690315510175830e-01
1.865783105811623210e+00 2.287823549745899854e-01
1.865943426653306592e+00 2.339038434192889371e-01
1.866103747494989973e+00 2.390333343758885010e-01
1.866264068336673354e+00 2.436282268959724939e-01
1.866424389178356735e+00 2.474154657140237301e-01
1.866584710020040117e+00 2.512086085526495371e-01
1.866745030861723498e+00 2.550076543952932706e-01
1.866905351703406879e+00 2.588126022254535474e-01
1.867065672545090038e+00 2.626224756337462996e-01
1.867225993386773419e+00 2.662168675211135649e-01
1.867386314228456801e+00 2.686809450820541456e-01
1.867546635070140182e+00 2.711486537355825011e-01
1.867706955911823563e+00 2.736199928485311128e-01
1.867867276753506944e+00 2.760949617877678786e-01
1.868027597595190326e+00 2.785726402818944902e-01
1.868187918436873707e+00 2.810494686618292826e-01
1.868348239278557088e+00 2.824575480914502945e-01
1.868508560120240469e+00 2.837803871500054753e-01
1.868668880961923850e+00 2.851045329306647891e-01
1.868829201803607232e+00 2.864298116625139667e-01
1.868989522645290613e+00 2.877567823542632186e-01
1.869149843486973994e+00 2.890909838227420647e-01
1.869310164328657375e+00 2.901473409571262430e-01
1.869470485170340535e+00 2.910776032182775808e-01
1.869630806012023916e+00 2.920089575083952282e-01
1.869791126853707297e+00 2.929414036392823384e-01
1.869951447695390678e+00 2.938749414227539436e-01
1.870111768537074060e+00 2.948104305996170349e-01
1.870272089378757441e+00 2.955237075239011135e-01
1.870432410220440822e+00 2.959636000322532490e-01
1.870592731062124203e+00 2.964037940121562187e-01
1.870753051903807584e+00 2.968442894137416355e-01
1.870913372745490966e+00 2.972850861871440542e-01
1.871073693587174347e+00 2.977291428127606943e-01
1.871234014428857728e+00 2.981337768157042434e-01
1.871394335270541109e+00 2.983783497990092348e-01
1.871554656112224491e+00 2.986229142113476231e-01
1.871714976953907872e+00 2.988674700522526151e-01
1.871875297795591031e+00 2.991117607183494398e-01
1.872035618637274412e+00 2.993544360295586904e-01
1.872195939478957794e+00 2.995931335826511055e-01
1.872356260320641175e+00 2.998592490640639152e-01
1.872516581162324556e+00 3.001260954415743698e-01
1.872676902004007937e+00 3.003929691451224793e-01
1.872837222845691318e+00 3.006598701684952135e-01
1.872997543687374700e+00 3.009267985054795980e-01
1.873157864529058081e+00 3.012521543869153273e-01
1.873318185370741462e+00 3.014547022906022278e-01
1.873478506212424843e+00 3.016114414755780571e-01
1.873638827054108225e+00 3.017646561777090897e-01
1.873799147895791606e+00 3.019176780392440196e-01
1.873959468737474987e+00 3.020705069548318411e-01
1.874119789579158368e+00 3.021799439488926931e-01
1.874280110420841527e+00 3.022856688162173788e-01
1.874440431262524909e+00 3.024023194408284598e-01
1.874600752104208290e+00 3.025187752016553766e-01
1.874761072945891671e+00 3.026350361209856343e-01
1.874921393787575052e+00 3.027511022211061276e-01
1.875081714629258434e+00 3.028663328668910748e-01
1.875242035470941815e+00 3.029348564707555758e-01
1.875402356312625196e+00 3.028786450699070820e-01
1.875562677154308577e+00 3.028219889883003724e-01
1.875722997995991959e+00 3.027648882751878268e-01
1.875883318837675340e+00 3.027073429798201043e-01
1.876043639679358721e+00 3.026512068766186170e-01
1.876203960521042102e+00 3.025958492140687905e-01
1.876364281362725484e+00 3.023944293889508361e-01
1.876524602204408865e+00 3.021923325940784610e-01
1.876684923046092024e+00 3.019888488989497244e-01
1.876845243887775405e+00 3.017826682997389320e-01
1.877005564729458786e+00 3.015756472548345446e-01
1.877165885571142168e+00 3.013631905984381909e-01
1.877326206412825549e+00 3.008117188943438824e-01
1.877486527254508930e+00 3.001677228153694088e-01
1.877646848096192311e+00 2.995224276048118472e-01
1.877807168937875693e+00 2.988758333846567861e-01
1.877967489779559074e+00 2.982279402768866494e-01
1.878127810621242455e+00 2.975794440274443509e-01
1.878288131462925836e+00 2.966967898197863662e-01
1.878448452304609217e+00 2.956174149632636583e-01
1.878608773146292599e+00 2.945361796286677936e-01
1.878769093987975980e+00 2.934530839743266228e-01
1.878929414829659361e+00 2.923681281585647218e-01
1.879089735671342520e+00 2.912849187040687515e-01
1.879250056513025902e+00 2.898806001444894642e-01
1.879410377354709283e+00 2.877649775194877080e-01
1.879570698196392664e+00 2.856459328908975692e-01
1.879731019038076045e+00 2.835234663161308455e-01
1.879891339879759427e+00 2.813973557317356877e-01
1.880051660721442808e+00 2.792659708717149525e-01
1.880211981563126189e+00 2.770518444202562658e-01
1.880372302404809570e+00 2.738803316916193498e-01
1.880532623246492951e+00 2.707039845002788825e-01
1.880692944088176333e+00 2.675228030888475717e-01
1.880853264929859714e+00 2.643367876999425103e-01
1.881013585771543095e+00 2.611464089630198271e-01
1.881173906613226476e+00 2.579562036479306486e-01
1.881334227454909858e+00 2.537737882119885935e-01
1.881494548296593017e+00 2.493926873790115184e-01
1.881654869138276398e+00 2.450018122999794989e-01
1.881815189979959779e+00 2.406043755561807218e-01
1.881975510821643160e+00 2.362003770504844113e-01
1.882135831663326542e+00 2.317862424368180296e-01
1.882296152505009923e+00 2.269412167307669481e-01
1.882456473346693304e+00 2.218065107519942847e-01
1.882616794188376685e+00 2.166644183253450262e-01
1.882777115030060067e+00 2.115149397530101394e-01
1.882937435871743448e+00 2.063580753371908050e-01
1.883097756713426829e+00 2.012196534648872936e-01
1.883258077555110210e+00 1.960626490470747108e-01
1.883418398396793592e+00 1.908545272033236040e-01
1.883578719238476973e+00 1.856368444098491499e-01
1.883739040080160354e+00 1.804095961372590984e-01
1.883899360921843513e+00 1.751727778560476512e-01
1.884059681763526894e+00 1.699129108353445161e-01
1.884220002605210276e+00 1.646889702061254124e-01
1.884380323446893657e+00 1.599245734140640751e-01
1.884540644288577038e+00 1.551535721138879720e-01
1.884700965130260419e+00 1.503756858891936443e-01
1.884861285971943801e+00 1.455889541634357298e-01
1.885021606813627182e+00 1.407961474376863142e-01
1.885181927655310563e+00 1.359991076267157428e-01
1.885342248496993944e+00 1.319811834501619374e-01
1.885502569338677326e+00 1.280572947245902371e-01
1.885662890180360707e+00 1.241279872008747009e-01
1.885823211022044088e+00 1.201932607758248311e-01
1.885983531863727469e+00 1.162531153462493666e-01
1.886143852705410850e+00 1.123074337919334476e-01
1.886304173547094010e+00 1.088534492226656131e-01
1.886464494388777391e+00 1.056609520624722243e-01
1.886624815230460772e+00 1.024641804648255966e-01
1.886785136072144153e+00 9.926313436307644678e-02
1.886945456913827535e+00 9.605781369057521391e-02
1.887105777755510916e+00 9.284810954844190112e-02
1.887266098597194297e+00 8.996918832994688087e-02
1.887426419438877678e+00 8.756383526375406678e-02
1.887586740280561060e+00 8.515527638307426872e-02
1.887747061122244441e+00 8.274351165489868265e-02
1.887907381963927822e+00 8.032852489937621077e-02
1.888067702805611203e+00 7.790929166034246678e-02
1.888228023647294584e+00 7.556191366164108358e-02
1.888388344488977966e+00 7.356956659266598864e-02
1.888548665330661347e+00 7.157468107538957069e-02
1.888708986172344506e+00 6.957725725453098309e-02
1.888869307014027887e+00 6.757729527480213494e-02
1.889029627855711269e+00 6.557499359566901220e-02
1.889189948697394650e+00 6.357098999135227246e-02
1.889350269539078031e+00 6.208144888182420829e-02
1.889510590380761412e+00 6.062437273399461785e-02
1.889670911222444794e+00 5.916433024851213557e-02
1.889831232064128175e+00 5.770244049503116257e-02
1.889991552905811556e+00 5.623870348520738915e-02
1.890151873747494937e+00 5.477330055803778658e-02
1.890312194589178318e+00 5.347670659082719158e-02
1.890472515430861700e+00 5.225160897480365940e-02
1.890632836272545081e+00 5.102495548092263189e-02
1.890793157114228462e+00 4.979674610319947958e-02
1.890953477955911843e+00 4.856698083565120366e-02
1.891113798797595003e+00 4.734117538269619341e-02
1.891274119639278384e+00 4.626377389490440861e-02
1.891434440480961765e+00 4.535724313675217056e-02
1.891594761322645146e+00 4.444926839737570190e-02
1.891755082164328527e+00 4.353984911407696168e-02
1.891915403006011909e+00 4.262898472416823403e-02
1.892075723847695290e+00 4.171323365199523098e-02
1.892236044689378671e+00 4.080973805373090679e-02
1.892396365531062052e+00 3.996474887319283881e-02
1.892556686372745434e+00 3.911872637690654020e-02
1.892717007214428815e+00 3.827167059502916552e-02
1.892877328056112196e+00 3.742288761603287245e-02
1.893037648897795577e+00 3.657300930055400190e-02
1.893197969739478959e+00 3.572193573822770446e-02
1.893358290581162340e+00 3.504132359742834907e-02
1.893518611422845721e+00 3.436206508327663278e-02
1.893678932264528880e+00 3.368201597436341899e-02
1.893839253106212261e+00 3.300117631217153180e-02
1.893999573947895643e+00 3.231954613818947136e-02
1.894159894789579024e+00 3.164235383368764476e-02
1.894320215631262405e+00 3.096331478815333993e-02
1.894480536472945786e+00 3.028245691274280768e-02
1.894640857314629168e+00 2.960056209752878059e-02
1.894801178156312549e+00 2.891767336648077766e-02
1.894961498997995930e+00 2.823379040250049987e-02
1.895121819839679311e+00 2.754503972508389256e-02
1.895282140681362693e+00 2.688124895971057832e-02
1.895442461523046074e+00 2.624238371939403500e-02
1.895602782364729455e+00 2.560283449406118919e-02
1.895763103206412836e+00 2.496260136477365318e-02
1.895923424048096217e+00 2.432168441259749403e-02
1.896083744889779377e+00 2.367972087443991416e-02
1.896244065731462758e+00 2.305194579411002850e-02
1.896404386573146139e+00 2.246308205191911017e-02
1.896564707414829520e+00 2.187361787711715119e-02
1.896725028256512902e+00 2.128355336641793438e-02
1.896885349098196283e+00 2.069288861654025591e-02
1.897045669939879664e+00 2.010156042770308571e-02
1.897205990781563045e+00 1.951026770001158123e-02
1.897366311623246427e+00 1.893847738790694138e-02
1.897526632464929808e+00 1.836612061834525661e-02
1.897686953306613189e+00 1.779282876015529299e-02
1.897847274148296570e+00 1.721893849709663776e-02
1.898007594989979951e+00 1.664452020438319038e-02
1.898167915831663333e+00 1.606975951976969547e-02
1.898328236673346714e+00 1.552059208809657836e-02
1.898488557515030095e+00 1.497742902684614033e-02
1.898648878356713254e+00 1.443374436752129474e-02
1.898809199198396636e+00 1.388953819626433626e-02
1.898969520040080017e+00 1.334481059923445581e-02
1.899129840881763398e+00 1.279939725473850341e-02
1.899290161723446779e+00 1.226470056423153640e-02
1.899450482565130160e+00 1.173830458278294665e-02
1.899610803406813542e+00 1.121142918165038763e-02
1.899771124248496923e+00 1.068407446482300474e-02
1.899931445090180304e+00 1.015624053629504177e-02
1.900091765931863685e+00 9.628105258072748585e-03
1.900252086773547067e+00 9.132903384976159833e-03
1.900412407615230448e+00 8.706367075790323248e-03
1.900572728456913829e+00 8.279416281897662711e-03
1.900733049298597210e+00 7.852051045706055776e-03
1.900893370140280592e+00 7.424148219841444733e-03
1.901053690981963751e+00 6.995900237091100433e-03
1.901214011823647132e+00 6.575995148656693136e-03
1.901374332665330513e+00 6.245112312552861776e-03
1.901534653507013894e+00 5.913899376495704643e-03
1.901694974348697276e+00 5.582356335604133149e-03
1.901855295190380657e+00 5.250483184998392706e-03
1.902015616032064038e+00 4.918297392184743308e-03
1.902175936873747419e+00 4.585930080093922161e-03
1.902336257715430801e+00 4.332026140397402143e-03
1.902496578557114182e+00 4.091693772532536619e-03
1.902656899398797563e+00 3.851096955866431179e-03
1.902817220240480944e+00 3.610251514382348866e-03
1.902977541082164326e+00 3.369157418519470610e-03
1.903137861923847707e+00 3.127870890099913957e-03
1.903298182765531088e+00 2.929112951886911950e-03
1.903458503607214247e+00 2.757194516758308157e-03
1.903618824448897628e+00 2.585091550336965534e-03
1.903779145290581010e+00 2.412804020847023057e-03
1.903939466132264391e+00 2.240331896510526326e-03
1.904099786973947772e+00 2.067645294324741128e-03
1.904260107815631153e+00 1.918452914347171939e-03
1.904420428657314535e+00 1.808559995704659513e-03
1.904580749498997916e+00 1.698553661448401258e-03
1.904741070340681297e+00 1.588433891538559763e-03
1.904901391182364678e+00 1.478200665934119307e-03
1.905061712024048060e+00 1.367859405088887913e-03
1.905222032865731441e+00 1.263045613364410878e-03
1.905382353707414822e+00 1.193410170161990184e-03
1.905542674549098203e+00 1.123701555437027055e-03
1.905702995390781584e+00 1.053907946444692127e-03
1.905863316232464744e+00 9.840382379401541382e-04
1.906023637074148125e+00 9.141193048151051437e-04
1.906183957915831506e+00 8.442422975157271546e-04
1.906344278757514887e+00 7.974185026778995641e-04
1.906504599599198269e+00 7.530984618748750485e-04
1.906664920440881650e+00 7.087188938020580822e-04
1.906825241282565031e+00 6.642797687471601546e-04
1.906985562124248412e+00 6.197810569936744495e-04
1.907145882965931794e+00 5.751153822758596880e-04
1.907306203807615175e+00 5.415213739145995813e-04
1.907466524649298556e+00 5.135600903906756666e-04
1.907626845490981937e+00 4.855732708347185785e-04
1.907787166332665318e+00 4.575609129418796222e-04
1.907947487174348700e+00 4.295230144072401720e-04
1.908107808016032081e+00 4.014570358413761743e-04
1.908268128857715240e+00 3.778432612180886575e-04
1.908428449699398621e+00 3.602639295962281629e-04
1.908588770541082003e+00 3.426689009841910830e-04
1.908749091382765384e+00 3.250581743778478585e-04
1.908909412224448765e+00 3.074286015898958441e-04
1.909069733066132146e+00 2.897836802374363120e-04
1.909230053907815527e+00 2.731400651544428800e-04
1.909390374749498909e+00 2.608731047736741193e-04
1.909550695591182290e+00 2.485952951643760145e-04
1.909711016432865671e+00 2.363066352664020475e-04
1.909871337274549052e+00 2.240071240195844226e-04
1.910031658116232434e+00 2.116953384692308584e-04
1.910191978957915815e+00 1.993674248136870122e-04
1.910352299799599196e+00 1.913010093520155848e-04
1.910512620641282577e+00 1.834511143494044324e-04
1.910672941482965737e+00 1.755945679178990142e-04
1.910833262324649118e+00 1.677317040749850652e-04
1.910993583166332499e+00 1.598625228092579440e-04
1.911153904008015880e+00 1.520148863154484006e-04
1.911314224849699261e+00 1.457111678244018378e-04
1.911474545691382643e+00 1.400257093474339021e-04
1.911634866533066024e+00 1.343334803266662072e-04
1.911795187374749405e+00 1.286344781468276349e-04
1.911955508216432786e+00 1.229287001926808128e-04
1.912115829058116168e+00 1.172000642567023923e-04
1.912276149899799549e+00 1.122350860534780491e-04
1.912436470741482930e+00 1.081221874109379843e-04
1.912596791583166311e+00 1.040060121573642063e-04
1.912757112424849693e+00 9.988656014723129128e-05
1.912917433266533074e+00 9.576383123502305820e-05
1.913077754108216233e+00 9.163695056577465445e-05
1.913238074949899614e+00 8.776393994941592881e-05
1.913398395791582995e+00 8.471513372220480906e-05
1.913558716633266377e+00 8.166402401751099850e-05
1.913719037474949758e+00 7.861008665889760870e-05
1.913879358316633139e+00 7.555348965933227317e-05
1.914039679158316520e+00 7.249467573271452172e-05
1.914199999999999902e+00 6.943396439579860909e-05
