2.697049999999999947e+00 8.921941276214678264e-05
2.698292945891783479e+00 9.309118635134050728e-05
2.699535891783567010e+00 9.916822533656564681e-05
2.700778837675350541e+00 1.040461347315184626e-04
2.702021783567134072e+00 1.076663185314833304e-04
2.703264729458917603e+00 1.118229011637913902e-04
2.704507675350701135e+00 1.170159456589983638e-04
2.705750621242485110e+00 1.227973697256775200e-04
2.706993567134268641e+00 1.283198350324663798e-04
2.708236513026052172e+00 1.329629456740297579e-04
2.709479458917835704e+00 1.382747014668205812e-04
2.710722404809619235e+00 1.438753457543341945e-04
2.711965350701402766e+00 1.531995445784615031e-04
2.713208296593186297e+00 1.609869477995661056e-04
2.714451242484969828e+00 1.660030204915198743e-04
2.715694188376753360e+00 1.723795447991825574e-04
2.716937134268536891e+00 1.811838478565319340e-04
2.718180080160320422e+00 1.912991684203094091e-04
2.719423026052103953e+00 2.007198225015605672e-04
2.720665971943887929e+00 2.110247125911447329e-04
2.721908917835671460e+00 2.231848219916074535e-04
2.723151863727454991e+00 2.356471622883684963e-04
2.724394809619238522e+00 2.486197724000262081e-04
2.725637755511022053e+00 2.618229977481246139e-04
2.726880701402805585e+00 2.741798829502437810e-04
2.728123647294589116e+00 2.909535334497230247e-04
2.729366593186372647e+00 3.110822646225696393e-04
2.730609539078156178e+00 3.320766502512169089e-04
2.731852484969939709e+00 3.544491713000842053e-04
2.733095430861723241e+00 3.777484488745804793e-04
2.734338376753506772e+00 4.029806199041231448e-04
2.735581322645290303e+00 4.338377141915039648e-04
2.736824268537074278e+00 4.661289139479307436e-04
2.738067214428857810e+00 4.989465800112471506e-04
2.739310160320641341e+00 5.378131771653713988e-04
2.740553106212424872e+00 5.825891075399483024e-04
2.741796052104208403e+00 6.327066763252639373e-04
2.743038997995991934e+00 6.852587312369567323e-04
2.744281943887775466e+00 7.418022627194416439e-04
2.745524889779558997e+00 8.059757848609961891e-04
2.746767835671342528e+00 8.776043857443795084e-04
2.748010781563126059e+00 9.561970016217645647e-04
2.749253727454909590e+00 1.039820087166289705e-03
2.750496673346693122e+00 1.131913860557947184e-03
2.751739619238477097e+00 1.232166261712979881e-03
2.752982565130260628e+00 1.338088669908416581e-03
2.754225511022044159e+00 1.456299574380167869e-03
2.755468456913827691e+00 1.588719855905696733e-03
2.756711402805611222e+00 1.727995478343544861e-03
2.757954348697394753e+00 1.878138311675458345e-03
2.759197294589178284e+00 2.041603680133061757e-03
2.760440240480961815e+00 2.221883645894318516e-03
2.761683186372745347e+00 2.413643193355744648e-03
2.762926132264528878e+00 2.619240471032104924e-03
2.764169078156312409e+00 2.841117368953377607e-03
2.765412024048095940e+00 3.080475403325073046e-03
2.766654969939879471e+00 3.335065780682603103e-03
2.767897915831663447e+00 3.606697555454175998e-03
2.769140861723446978e+00 3.896139573674507924e-03
2.770383807615230509e+00 4.203325395472526198e-03
2.771626753507014040e+00 4.529137009234742231e-03
2.772869699398797572e+00 4.875674030947759960e-03
2.774112645290581103e+00 5.241796023081009281e-03
2.775355591182364634e+00 5.630601814110365762e-03
2.776598537074148165e+00 6.051497323413880178e-03
2.777841482965931696e+00 6.501196297152779698e-03
2.779084428857715228e+00 6.985449027939166951e-03
2.780327374749498759e+00 7.493601739030479950e-03
2.781570320641282290e+00 8.034743653375305689e-03
2.782813266533066265e+00 8.620160608348359510e-03
2.784056212424849797e+00 9.248656401984767586e-03
2.785299158316633328e+00 9.923544314552064372e-03
2.786542104208416859e+00 1.064924907543739196e-02
2.787785050100200390e+00 1.144386846408014351e-02
2.789027995991983921e+00 1.230300656227742255e-02
2.790270941883767453e+00 1.323497916653052983e-02
2.791513887775550984e+00 1.425569992571184760e-02
2.792756833667334515e+00 1.538341616038334247e-02
2.793999779559118046e+00 1.661929793562007263e-02
2.795242725450901577e+00 1.795606751253913877e-02
2.796485671342685109e+00 1.945063215019611144e-02
2.797728617234469084e+00 2.109983117847194153e-02
2.798971563126252615e+00 2.294874325192447148e-02
2.800214509018036146e+00 2.494019700398284953e-02
2.801457454909819678e+00 2.717138383925122094e-02
2.802700400801603209e+00 2.964641394586816150e-02
2.803943346693386740e+00 3.238905194575528862e-02
2.805186292585170271e+00 3.538717561344906920e-02
2.806429238476953802e+00 3.879094951233492961e-02
2.807672184368737334e+00 4.258879535067071342e-02
2.808915130260520865e+00 4.681541054092247522e-02
2.810158076152304396e+00 5.144829641177821322e-02
2.811401022044087927e+00 5.665112304519498432e-02
2.812643967935871459e+00 6.241623528487000999e-02
2.813886913827655434e+00 6.879755710264751078e-02
2.815129859719438965e+00 7.575014813029397331e-02
2.816372805611222496e+00 8.348040937099200642e-02
2.817615751503006027e+00 9.194725196095744624e-02
2.818858697394789559e+00 1.012891062218081312e-01
2.820101643286573090e+00 1.112141820634129918e-01
2.821344589178356621e+00 1.220194091886435961e-01
2.822587535070140152e+00 1.336432887590200957e-01
2.823830480961923683e+00 1.459852723742983971e-01
2.825073426853707215e+00 1.589841861042712023e-01
2.826316372745490746e+00 1.725306922958729783e-01
2.827559318637274277e+00 1.865034828352103713e-01
2.828802264529057808e+00 2.007759272513555404e-01
2.830045210420841784e+00 2.152080125139207989e-01
2.831288156312625315e+00 2.296012471864980475e-01
2.832531102204408846e+00 2.437938195662999186e-01
2.833774048096192377e+00 2.576479583268466711e-01
2.835016993987975908e+00 2.710431719971624354e-01
2.836259939879759440e+00 2.837820104788022491e-01
2.837502885771542971e+00 2.955291470689367928e-01
2.838745831663326502e+00 3.067333238710782672e-01
2.839988777555110033e+00 3.171364282175230254e-01
2.841231723446893564e+00 3.271097518837869367e-01
2.842474669338677096e+00 3.358759740766131263e-01
2.843717615230460627e+00 3.438420729080556848e-01
2.844960561122244158e+00 3.510774247722908692e-01
2.846203507014028133e+00 3.576217466172798010e-01
2.847446452905811665e+00 3.634915536263058633e-01
2.848689398797595196e+00 3.687250898125383203e-01
2.849932344689378727e+00 3.734242122699168998e-01
2.851175290581162258e+00 3.773782677257602747e-01
2.852418236472945789e+00 3.808517173177469739e-01
2.853661182364729321e+00 3.838896674686846366e-01
2.854904128256512852e+00 3.865483402487000508e-01
2.856147074148296383e+00 3.888706157103675176e-01
2.857390020040079914e+00 3.908614859483281467e-01
2.858632965931863446e+00 3.925721874585573756e-01
2.859875911823647421e+00 3.940419362535469983e-01
2.861118857715430952e+00 3.949099604504693883e-01
2.862361803607214483e+00 3.960431739264982376e-01
2.863604749498998014e+00 3.969850736678929293e-01
2.864847695390781546e+00 3.981315555524164163e-01
2.866090641282565077e+00 3.988164569069992949e-01
2.867333587174348608e+00 3.992900976894207532e-01
2.868576533066132139e+00 3.996379163768435383e-01
2.869819478957915670e+00 3.998926992545877024e-01
2.871062424849699202e+00 4.000928862123149243e-01
2.872305370741482733e+00 4.002280580432581725e-01
2.873548316633266264e+00 4.002962561245705375e-01
2.874791262525049795e+00 4.003066781983586897e-01
2.876034208416833771e+00 4.002826346070503805e-01
2.877277154308617302e+00 4.002347885897628021e-01
2.878520100200400833e+00 4.001652089644188171e-01
2.879763046092184364e+00 4.000874698278701902e-01
2.881005991983967895e+00 3.999916181279621896e-01
2.882248937875751427e+00 3.998941894308480904e-01
2.883491883767534958e+00 3.997920038449107594e-01
2.884734829659318489e+00 3.996868461209502343e-01
2.885977775551102020e+00 3.991374542161019168e-01
2.887220721442885552e+00 3.990501548805275855e-01
2.888463667334669083e+00 3.989783251295662136e-01
2.889706613226452614e+00 3.989085376418192164e-01
2.890949559118236145e+00 3.989234380133776514e-01
2.892192505010020120e+00 3.990519813697893658e-01
2.893435450901803652e+00 3.994602647529741923e-01
2.894678396793587183e+00 3.995062080842739505e-01
2.895921342685370714e+00 3.995540352666991368e-01
2.897164288577154245e+00 3.995877378511742406e-01
2.898407234468937776e+00 3.996087551896009837e-01
2.899650180360721308e+00 3.996176869246432228e-01
2.900893126252504839e+00 3.995391720325890961e-01
2.902136072144288370e+00 3.994150839803378705e-01
2.903379018036071901e+00 3.992678120730043800e-01
2.904621963927855433e+00 3.991105971644092754e-01
2.905864909819638964e+00 3.989369857777244621e-01
2.907107855711422939e+00 3.987358859993336280e-01
2.908350801603206470e+00 3.985092153848482921e-01
2.909593747494990001e+00 3.982651565849946729e-01
2.910836693386773533e+00 3.976485626093803627e-01
2.912079639278557064e+00 3.973649365856534166e-01
2.913322585170340595e+00 3.971366031227807625e-01
2.914565531062124126e+00 3.969071256991380525e-01
2.915808476953907658e+00 3.966639978842023129e-01
2.917051422845691189e+00 3.964030226835815740e-01
2.918294368737474720e+00 3.961404205820748259e-01
2.919537314629258251e+00 3.958762304152682598e-01
2.920780260521041782e+00 3.955224348836020587e-01
2.922023206412825758e+00 3.951138851327632429e-01
2.923266152304609289e+00 3.947012297972444794e-01
2.924509098196392820e+00 3.942857493737170205e-01
2.925752044088176351e+00 3.938683794797867566e-01
2.926994989979959882e+00 3.938963720301933980e-01
2.928237935871743414e+00 3.934948096431412079e-01
2.929480881763526945e+00 3.930931901685779661e-01
2.930723827655310476e+00 3.926433177882902581e-01
2.931966773547094007e+00 3.921422596620114942e-01
2.933209719438877539e+00 3.916458785971035916e-01
2.934452665330661070e+00 3.911479377385124190e-01
2.935695611222444601e+00 3.906476296196003117e-01
2.936938557114228132e+00 3.901488204165628471e-01
2.938181503006012107e+00 3.891850819528253069e-01
2.939424448897795639e+00 3.886901317683518764e-01
2.940667394789579170e+00 3.882291724922405374e-01
2.941910340681362701e+00 3.877869168290482005e-01
2.943153286573146232e+00 3.874153766123676346e-01
2.944396232464929763e+00 3.873599287727483298e-01
2.945639178356713295e+00 3.869067982335446243e-01
2.946882124248496826e+00 3.864552806526661000e-01
2.948125070140280357e+00 3.859975458421130434e-01
2.949368016032063888e+00 3.855357928812920831e-01
2.950610961923847420e+00 3.852432751435208580e-01
2.951853907815630951e+00 3.847916138315077283e-01
2.953096853707414482e+00 3.841867809715029947e-01
2.954339799599198457e+00 3.835879160843376212e-01
2.955582745490981988e+00 3.829972759259857584e-01
2.956825691382765520e+00 3.824115616855359723e-01
2.958068637274549051e+00 3.818401763708511587e-01
2.959311583166332582e+00 3.812848471823582219e-01
2.960554529058116113e+00 3.807381818609840152e-01
2.961797474949899645e+00 3.802106282089297573e-01
2.963040420841683176e+00 3.796999618803422738e-01
2.964283366733466707e+00 3.792172395000422691e-01
2.965526312625250238e+00 3.787601879549554185e-01
2.966769258517033769e+00 3.783357498049979006e-01
2.968012204408817745e+00 3.779334088473100262e-01
2.969255150300600832e+00 3.775535958836166994e-01
2.970498096192384807e+00 3.772122771116215301e-01
2.971741042084168338e+00 3.769190314008676879e-01
2.972983987975951869e+00 3.766621395286375296e-01
2.974226933867735401e+00 3.764414454157811174e-01
2.975469879759518932e+00 3.766545932040989975e-01
2.976712825651302463e+00 3.769545778547765402e-01
2.977955771543085994e+00 3.768070043805121228e-01
2.979198717434869526e+00 3.766868932064078579e-01
2.980441663326653057e+00 3.765140301891657937e-01
2.981684609218436588e+00 3.762314076609133418e-01
2.982927555110220119e+00 3.759655529839224797e-01
2.984170501002004094e+00 3.757158997975809100e-01
2.985413446893787626e+00 3.754762621374748699e-01
2.986656392785571157e+00 3.752398755381321505e-01
2.987899338677354688e+00 3.750073044032857794e-01
2.989142284569138219e+00 3.751689089064276228e-01
2.990385230460921751e+00 3.749806652805516283e-01
2.991628176352705282e+00 3.748984751541135085e-01
2.992871122244488813e+00 3.748050270015947372e-01
2.994114068136272344e+00 3.747069123634972354e-01
2.995357014028055875e+00 3.745867971748425007e-01
2.996599959919839407e+00 3.744531814109804957e-01
2.997842905811622938e+00 3.743022727658099624e-01
2.999085851703406469e+00 3.741304946507734153e-01
3.000328797595190444e+00 3.738698225132069952e-01
3.001571743486973975e+00 3.736218358720047039e-01
3.002814689378757507e+00 3.733008703889998392e-01
3.004057635270541038e+00 3.727929120451460299e-01
3.005300581162324569e+00 3.722546871707257954e-01
3.006543527054108100e+00 3.719367785855933195e-01
3.007786472945891632e+00 3.715505465511266259e-01
3.009029418837675163e+00 3.709480447945858739e-01
3.010272364729458694e+00 3.703778835193716756e-01
3.011515310621242225e+00 3.700027646784808666e-01
3.012758256513025756e+00 3.696114627956680332e-01
3.014001202404809288e+00 3.692012142657151719e-01
3.015244148296592819e+00 3.687713861768958656e-01
3.016487094188376794e+00 3.683316175800970815e-01
3.017730040080160325e+00 3.678850242311192398e-01
3.018972985971943856e+00 3.674248245279791436e-01
3.020215931863727388e+00 3.669226212004544352e-01
3.021458877755510919e+00 3.662756197756930066e-01
3.022701823647294450e+00 3.656222485257458188e-01
3.023944769539077981e+00 3.649620751383081951e-01
3.025187715430861513e+00 3.642895701681926890e-01
3.026430661322645044e+00 3.636092797728963655e-01
3.027673607214428575e+00 3.629185097920000214e-01
3.028916553106212106e+00 3.622255786495056085e-01
3.030159498997996081e+00 3.615701966828986369e-01
3.031402444889779169e+00 3.611998442649667629e-01
3.032645390781563144e+00 3.608190373827588893e-01
3.033888336673346675e+00 3.604254390782135054e-01
3.035131282565130206e+00 3.600231734082069979e-01
3.036374228456913738e+00 3.597675747404768809e-01
3.037617174348697269e+00 3.596111917668536329e-01
3.038860120240480800e+00 3.591714826802063776e-01
3.040103066132264331e+00 3.587393013361809269e-01
3.041346012024047862e+00 3.585010428472583666e-01
3.042588957915831394e+00 3.582490517404973152e-01
3.043831903807614925e+00 3.579837625994077843e-01
3.045074849699398456e+00 3.577045596281301365e-01
3.046317795591182431e+00 3.574123192427737239e-01
3.047560741482965962e+00 3.571089662887917959e-01
3.048803687374749494e+00 3.570939486311528466e-01
3.050046633266533025e+00 3.568420159401449743e-01
3.051289579158316556e+00 3.563871289412670063e-01
3.052532525050100087e+00 3.559282901568595059e-01
3.053775470941883619e+00 3.554621848123873940e-01
3.055018416833667150e+00 3.549994561575381402e-01
3.056261362725450681e+00 3.545374760940956937e-01
3.057504308617234212e+00 3.540829547629543161e-01
3.058747254509017743e+00 3.536349377446177389e-01
3.059990200400801275e+00 3.531977789922314259e-01
3.061233146292584806e+00 3.531596853702816952e-01
3.062476092184368781e+00 3.531385204158619673e-01
3.063719038076152312e+00 3.531368475569828247e-01
3.064961983967935844e+00 3.531557310239975545e-01
3.066204929859719375e+00 3.536211374378950278e-01
3.067447875751502906e+00 3.536879113613557446e-01
3.068690821643286437e+00 3.540541394359369987e-01
3.069933767535069968e+00 3.542938476577248141e-01
3.071176713426853500e+00 3.542251179331447619e-01
3.072419659318637031e+00 3.541640272942043199e-01
3.073662605210420562e+00 3.541279703121801847e-01
3.074905551102204093e+00 3.541179776622397912e-01
3.076148496993987624e+00 3.541304479139831818e-01
3.077391442885771156e+00 3.541622935319017618e-01
3.078634388777555131e+00 3.542129872385303413e-01
3.079877334669338662e+00 3.542799534430801645e-01
3.081120280561122193e+00 3.546615575878898641e-01
3.082363226452905725e+00 3.550806254258226380e-01
3.083606172344689256e+00 3.555004012804108826e-01
3.084849118236472787e+00 3.559207408851418064e-01
3.086092064128256318e+00 3.563403153672018986e-01
3.087335010020039849e+00 3.567506374114499668e-01
3.088577955911823381e+00 3.571493253816598878e-01
3.089820901803606912e+00 3.575274539625566961e-01
3.091063847695390443e+00 3.579800780405054117e-01
3.092306793587174418e+00 3.584259983923277493e-01
3.093549739478957505e+00 3.590828742397252360e-01
3.094792685370741481e+00 3.596738792443394117e-01
3.096035631262525012e+00 3.600444314412277191e-01
3.097278577154308543e+00 3.603909005889540662e-01
3.098521523046092074e+00 3.607089236519634423e-01
3.099764468937875606e+00 3.610104358138450653e-01
3.101007414829659137e+00 3.611441496533713824e-01
3.102250360721442668e+00 3.612333468941381076e-01
3.103493306613226199e+00 3.613148797645013288e-01
3.104736252505009730e+00 3.613923318665339113e-01
3.105979198396793262e+00 3.614696395539409024e-01
3.107222144288576793e+00 3.615577269109776504e-01
3.108465090180360768e+00 3.616563902594107649e-01
3.109708036072144299e+00 3.617695644384920639e-01
3.110950981963927831e+00 3.619941914628522217e-01
3.112193927855711362e+00 3.622699788347769068e-01
3.113436873747494893e+00 3.625769156495954326e-01
3.114679819639278424e+00 3.629083172616049402e-01
3.115922765531061955e+00 3.632652882281041662e-01
3.117165711422845487e+00 3.636452585851944752e-01
3.118408657314629018e+00 3.640288473457912732e-01
3.119651603206412549e+00 3.643959773298823257e-01
3.120894549098196080e+00 3.653269245553255606e-01
3.122137494989979611e+00 3.659349177821522581e-01
3.123380440881763143e+00 3.664144968742500397e-01
3.124623386773547118e+00 3.667688348479136717e-01
3.125866332665330649e+00 3.669488065739586191e-01
3.127109278557114180e+00 3.669091883517490715e-01
3.128352224448897712e+00 3.665788651641219142e-01
3.129595170340681243e+00 3.658972735798326492e-01
3.130838116232464774e+00 3.647388966705529811e-01
3.132081062124248305e+00 3.629529818091383753e-01
3.133324008016031836e+00 3.606137268685068453e-01
3.134566953907815368e+00 3.575724801581600665e-01
3.135809899799598899e+00 3.538166189193661104e-01
3.137052845691382430e+00 3.492777936143918738e-01
3.138295791583165961e+00 3.438730792898631039e-01
3.139538737474949492e+00 3.376161432059479606e-01
3.140781683366733468e+00 3.305162772262272841e-01
3.142024629258516999e+00 3.225125667474075808e-01
3.143267575150300530e+00 3.136870628169861619e-01
3.144510521042084061e+00 3.039880855932260983e-01
3.145753466933867593e+00 2.935452479744428689e-01
3.146996412825651124e+00 2.824407505438165100e-01
3.148239358717434655e+00 2.709834905132367799e-01
3.149482304609218186e+00 2.588391848652218385e-01
3.150725250501001717e+00 2.463249913151341064e-01
3.151968196392785249e+00 2.336528294584181153e-01
3.153211142284568780e+00 2.209553617255984315e-01
3.154454088176352755e+00 2.083287175577257511e-01
3.155697034068135842e+00 1.959057256141081838e-01
3.156939979959919818e+00 1.837801366977149242e-01
3.158182925851703349e+00 1.720073465562278747e-01
3.159425871743486880e+00 1.607022640520959500e-01
3.160668817635270411e+00 1.498860063527332476e-01
3.161911763527053942e+00 1.396048016794206870e-01
3.163154709418837474e+00 1.299466880038595562e-01
3.164397655310621005e+00 1.208746577136961264e-01
3.165640601202404536e+00 1.123879958072207114e-01
3.166883547094188067e+00 1.044728385298001189e-01
3.168126492985971598e+00 9.711063974390962694e-02
3.169369438877755130e+00 9.027647126793157673e-02
3.170612384769539105e+00 8.397332578767569000e-02
3.171855330661322636e+00 7.816989648766330123e-02
3.173098276553106167e+00 7.289478483382777485e-02
3.174341222444889699e+00 6.794412022309857802e-02
3.175584168336673230e+00 6.338127903269380470e-02
3.176827114228456761e+00 5.917423746443719462e-02
3.178070060120240292e+00 5.531239234561952794e-02
3.179313006012023823e+00 5.177353699944733240e-02
3.180555951903807355e+00 4.850242075286809867e-02
3.181798897795590886e+00 4.548126006480040368e-02
3.183041843687374417e+00 4.269379643267160601e-02
3.184284789579157948e+00 4.012410858024513527e-02
3.185527735470941479e+00 3.775276975415736702e-02
3.186770681362725455e+00 3.556084933637180395e-02
3.188013627254508986e+00 3.353518116674473332e-02
3.189256573146292517e+00 3.166257946831294717e-02
3.190499519038076048e+00 2.992661137047277278e-02
3.191742464929859580e+00 2.831896985656997753e-02
3.192985410821643111e+00 2.682952468682437211e-02
3.194228356713426642e+00 2.545087368089947108e-02
3.195471302605210173e+00 2.417324101803927650e-02
3.196714248496993704e+00 2.298452700718818173e-02
3.197957194388777236e+00 2.189786846571793733e-02
3.199200140280560767e+00 2.085899779805145890e-02
3.200443086172344742e+00 1.988635657996787667e-02
3.201686032064127829e+00 1.897526668868819433e-02
3.202928977955911805e+00 1.812287727388495889e-02
3.204171923847695336e+00 1.732420091071131679e-02
3.205414869739478867e+00 1.657279228613085451e-02
3.206657815631262398e+00 1.586394381287894659e-02
3.207900761523045929e+00 1.519482729058224853e-02
3.209143707414829461e+00 1.456337617442065961e-02
3.210386653306612992e+00 1.397228677881514301e-02
3.211629599198396523e+00 1.341278069037165482e-02
3.212872545090180054e+00 1.286664896003596875e-02
3.214115490981963585e+00 1.235937343341481087e-02
3.215358436873747117e+00 1.187893112646906495e-02
3.216601382765531092e+00 1.142016973321867412e-02
3.217844328657314179e+00 1.098204610448189761e-02
3.219087274549098154e+00 1.056397196504439348e-02
3.220330220440881686e+00 1.016420914312340766e-02
3.221573166332665217e+00 9.787385513247979715e-03
3.222816112224448748e+00 9.420952399424331949e-03
3.224059058116232279e+00 9.062674310731561739e-03
3.225302004008015810e+00 8.718742247784598207e-03
3.226544949899799342e+00 8.388172179678250739e-03
3.227787895791582873e+00 8.068571527355562073e-03
3.229030841683366404e+00 7.760606564538150356e-03
3.230273787575149935e+00 7.461287936029429788e-03
3.231516733466933466e+00 7.168753085859621427e-03
3.232759679358717442e+00 6.886916287321641177e-03
3.234002625250500529e+00 6.614143815179332302e-03
3.235245571142284504e+00 6.348137522428750658e-03
3.236488517034068035e+00 6.088238262619560803e-03
3.237731462925851567e+00 5.832369729464968906e-03
3.238974408817635098e+00 5.581734695922649023e-03
3.240217354709418629e+00 5.339905963048880051e-03
3.241460300601202160e+00 5.105713735509167898e-03
3.242703246492985691e+00 4.878368801214573967e-03
3.243946192384769223e+00 4.656402986444197617e-03
3.245189138276552754e+00 4.444916248794919707e-03
3.246432084168336729e+00 4.235175000003190034e-03
3.247675030060119816e+00 4.032011767125085085e-03
3.248917975951903792e+00 3.833727971670598898e-03
3.250160921843687323e+00 3.640629438057058770e-03
3.251403867735470854e+00 3.454830569264840442e-03
3.252646813627254385e+00 3.276321012163919619e-03
3.253889759519037916e+00 3.105811971980249747e-03
3.255132705410821448e+00 2.943123070279625181e-03
3.256375651302604979e+00 2.783694770157028615e-03
3.257618597194388510e+00 2.627517789405672127e-03
3.258861543086172041e+00 2.478570639051487327e-03
3.260104488977955572e+00 2.336513234300155797e-03
3.261347434869739104e+00 2.202159493132600700e-03
3.262590380761523079e+00 2.075303769480581380e-03
3.263833326653306166e+00 1.952675640259258659e-03
3.265076272545090141e+00 1.832483529893168392e-03
3.266319218436873673e+00 1.716934424542592959e-03
3.267562164328657204e+00 1.609674585029426770e-03
3.268805110220440735e+00 1.508100938305336706e-03
3.270048056112224266e+00 1.411017058311521280e-03
3.271291002004007797e+00 1.320319702007347789e-03
3.272533947895791329e+00 1.236580095211346330e-03
3.273776893787574860e+00 1.156275192700440902e-03
3.275019839679358391e+00 1.079255316031195022e-03
3.276262785571141922e+00 1.008063343700917568e-03
3.277505731462925453e+00 9.420090945809454514e-04
3.278748677354709429e+00 8.789434215082435418e-04
3.279991623246492516e+00 8.191060073276369789e-04
3.281234569138276491e+00 7.640196680769235395e-04
3.282477515030060022e+00 7.127195688321618251e-04
3.283720460921843554e+00 6.628385217568171254e-04
3.284963406813627085e+00 6.164897450469571929e-04
3.286206352705410616e+00 5.747928279821514505e-04
3.287449298597194147e+00 5.355927344085709488e-04
3.288692244488977678e+00 4.979799973662851114e-04
3.289935190380761210e+00 4.636634244513659908e-04
3.291178136272544741e+00 4.313000927616389402e-04
3.292421082164328272e+00 4.005773164340039423e-04
3.293664028056111803e+00 3.721672311330782423e-04
3.294906973947895779e+00 3.461936206430902088e-04
3.296149919839678866e+00 3.216494969647898730e-04
3.297392865731462841e+00 2.982743400178163224e-04
3.298635811623246372e+00 2.774491726109215204e-04
3.299878757515029903e+00 2.594521391220888716e-04
3.301121703406813435e+00 2.410914713334811417e-04
3.302364649298596966e+00 2.243009381493625879e-04
3.303607595190380497e+00 2.098651813397808894e-04
3.304850541082164028e+00 1.946503432124110347e-04
3.306093486973947559e+00 1.794525393863806418e-04
3.307336432865731091e+00 1.653697531273912429e-04
3.308579378757515066e+00 1.535648447348207982e-04
3.309822324649298153e+00 1.434033567051693446e-04
3.311065270541082128e+00 1.333498771914982852e-04
3.312308216432865660e+00 1.232057028018988549e-04
3.313551162324649191e+00 1.139759314922077411e-04
3.314794108216432722e+00 1.067002285291183906e-04
3.316037054108216253e+00 9.981595813750629822e-05
3.317279999999999784e+00 9.152005376694783497e-05
