1.280349900000000041e+00 3.715952114103509858e-05
1.280866934268537038e+00 3.970240011392891420e-05
1.281383968537074258e+00 4.224235454988891871e-05
1.281901002805611256e+00 4.497517973729218380e-05
1.282418037074148254e+00 4.797083158155310571e-05
1.282935071342685474e+00 5.270790467792257699e-05
1.283452105611222471e+00 5.708664622325755855e-05
1.283969139879759469e+00 6.001905274597076095e-05
1.284486174148296689e+00 6.332591333300429998e-05
1.285003208416833687e+00 6.769192392963101722e-05
1.285520242685370684e+00 7.211226690810360030e-05
1.286037276953907904e+00 7.665565838439014179e-05
1.286554311222444902e+00 8.256539022829293654e-05
1.287071345490981900e+00 9.057505521560830965e-05
1.287588379759519119e+00 9.816019022544734138e-05
1.288105414028056117e+00 1.052570673003192604e-04
1.288622448296593337e+00 1.132277197639751788e-04
1.289139482565130335e+00 1.219853390536546506e-04
1.289656516833667332e+00 1.338230709304263097e-04
1.290173551102204552e+00 1.477755816842600046e-04
1.290690585370741550e+00 1.598127057449178628e-04
1.291207619639278548e+00 1.708933698461372551e-04
1.291724653907815767e+00 1.873163695126925051e-04
1.292241688176352765e+00 2.057759746864380875e-04
1.292758722444889763e+00 2.217699594878375677e-04
1.293275756713426983e+00 2.370637446349148489e-04
1.293792790981963980e+00 2.616484006690065578e-04
1.294309825250500978e+00 2.878476274513241170e-04
1.294826859519038198e+00 3.208480904211678830e-04
1.295343893787575196e+00 3.544950896001393468e-04
1.295860928056112193e+00 3.936921940155532545e-04
1.296377962324649413e+00 4.334966181937500540e-04
1.296894996593186411e+00 4.812522366712594060e-04
1.297412030861723409e+00 5.301056052352832310e-04
1.297929065130260629e+00 5.864213184050159509e-04
1.298446099398797626e+00 6.463952579583419908e-04
1.298963133667334624e+00 7.207163560304540766e-04
1.299480167935871844e+00 7.975248532740756126e-04
1.299997202204408842e+00 8.827409870517531794e-04
1.300514236472945839e+00 9.772305961765854684e-04
1.301031270741483059e+00 1.091835684705062164e-03
1.301548305010020057e+00 1.210626343682512590e-03
1.302065339278557055e+00 1.336226346079893079e-03
1.302582373547094274e+00 1.479611472699686285e-03
1.303099407815631272e+00 1.644885214934540445e-03
1.303616442084168492e+00 1.829022555488228792e-03
1.304133476352705490e+00 2.030982907050132239e-03
1.304650510621242487e+00 2.210672083828537325e-03
1.305167544889779707e+00 2.374369566034447484e-03
1.305684579158316705e+00 2.633307052064267489e-03
1.306201613426853703e+00 2.944261669939929587e-03
1.306718647695390922e+00 3.221563050093767446e-03
1.307235681963927920e+00 3.486341630191498817e-03
1.307752716232464918e+00 3.731415639580727434e-03
1.308269750501002138e+00 3.969939868293807968e-03
1.308786784769539135e+00 4.244929838241619062e-03
1.309303819038076133e+00 4.527245939283767139e-03
1.309820853306613353e+00 4.792988223074762417e-03
1.310337887575150351e+00 5.057552222660607714e-03
1.310854921843687348e+00 5.415703107570037089e-03
1.311371956112224568e+00 5.766695529406411572e-03
1.311888990380761566e+00 5.893175707107197077e-03
1.312406024649298564e+00 6.064934742988710610e-03
1.312923058917835784e+00 6.584218237973570725e-03
1.313440093186372781e+00 7.077761258470339871e-03
1.313957127454909779e+00 7.462416762326530388e-03
1.314474161723446999e+00 7.903627631672129408e-03
1.314991195991983997e+00 8.523915813834506694e-03
1.315508230260520994e+00 9.124002788400793415e-03
1.316025264529058214e+00 9.678379438979020644e-03
1.316542298797595212e+00 1.031706444786875503e-02
1.317059333066132210e+00 1.109857165931961605e-02
1.317576367334669429e+00 1.192007884218797970e-02
1.318093401603206427e+00 1.279325862592214057e-02
1.318610435871743647e+00 1.383793546250266376e-02
1.319127470140280645e+00 1.505197932256181238e-02
1.319644504408817642e+00 1.617668210754543562e-02
1.320161538677354862e+00 1.723404657893862907e-02
1.320678572945891860e+00 1.865301105827511102e-02
1.321195607214428858e+00 2.027987098616415920e-02
1.321712641482966077e+00 2.187543758991455228e-02
1.322229675751503075e+00 2.345800596792139286e-02
1.322746710020040073e+00 2.579023808579582883e-02
1.323263744288577293e+00 2.836773156982303964e-02
1.323780778557114290e+00 3.023812240994083744e-02
1.324297812825651288e+00 3.195709957382388694e-02
1.324814847094188508e+00 3.504133705386654890e-02
1.325331881362725506e+00 3.826833103890877469e-02
1.325848915631262503e+00 4.135640822933819849e-02
1.326365949899799723e+00 4.446977160456524331e-02
1.326882984168336721e+00 4.850548969910295494e-02
1.327400018436873719e+00 5.262796816258439453e-02
1.327917052705410939e+00 5.755310804923269297e-02
1.328434086973947936e+00 6.245330000407040699e-02
1.328951121242484934e+00 6.722113344132304991e-02
1.329468155511022154e+00 7.222584510698490390e-02
1.329985189779559152e+00 7.802853570447758347e-02
1.330502224048096149e+00 8.367367209163668884e-02
1.331019258316633369e+00 8.893794902705957905e-02
1.331536292585170367e+00 9.503423948331683746e-02
1.332053326853707365e+00 1.026075001336080317e-01
1.332570361122244584e+00 1.096635069410054758e-01
1.333087395390781582e+00 1.160229063896296431e-01
1.333604429659318580e+00 1.224360194254012768e-01
1.334121463927855800e+00 1.289243555035641808e-01
1.334638498196392797e+00 1.343512808073123177e-01
1.335155532464930017e+00 1.388627393878311689e-01
1.335672566733467015e+00 1.430610002004601700e-01
1.336189601002004013e+00 1.471072518685693498e-01
1.336706635270541232e+00 1.519736596342942392e-01
1.337223669539078230e+00 1.572094508632874421e-01
1.337740703807615228e+00 1.587504399639390329e-01
1.338257738076152448e+00 1.590967007003175060e-01
1.338774772344689445e+00 1.622337732529047782e-01
1.339291806613226443e+00 1.659772064162074179e-01
1.339808840881763663e+00 1.664293839405029118e-01
1.340325875150300661e+00 1.665234608419335349e-01
1.340842909418837658e+00 1.669609673815993234e-01
1.341359943687374878e+00 1.673720452791245261e-01
1.341876977955911876e+00 1.688948948478849188e-01
1.342394012224448874e+00 1.701683370309725885e-01
1.342911046492986094e+00 1.687646359152563946e-01
1.343428080761523091e+00 1.676794771732188494e-01
1.343945115030060089e+00 1.683889899664842704e-01
1.344462149298597309e+00 1.690566626094548441e-01
1.344979183567134307e+00 1.695750847999726585e-01
1.345496217835671304e+00 1.700270101559627767e-01
1.346013252104208524e+00 1.700474061741973075e-01
1.346530286372745522e+00 1.697589639654034088e-01
1.347047320641282742e+00 1.690938603884106772e-01
1.347564354909819739e+00 1.695449697780556375e-01
1.348081389178356737e+00 1.715731592837626829e-01
1.348598423446893957e+00 1.718795690602916149e-01
1.349115457715430955e+00 1.703247717378406911e-01
1.349632491983967952e+00 1.706047831326371333e-01
1.350149526252505172e+00 1.724402467517417437e-01
1.350666560521042170e+00 1.721341409869001915e-01
1.351183594789579168e+00 1.703812400482120348e-01
1.351700629058116387e+00 1.706065091570473646e-01
1.352217663326653385e+00 1.718042520360500147e-01
1.352734697595190383e+00 1.716553821320061235e-01
1.353251731863727603e+00 1.710429493959326475e-01
1.353768766132264600e+00 1.701446383371693627e-01
1.354285800400801598e+00 1.691786339597404765e-01
1.354802834669338818e+00 1.705100935845728360e-01
1.355319868937875816e+00 1.722348499687064161e-01
1.355836903206412813e+00 1.718072466140195265e-01
1.356353937474950033e+00 1.712323076070899897e-01
1.356870971743487031e+00 1.707961750996885852e-01
1.357388006012024029e+00 1.703436407900380811e-01
1.357905040280561249e+00 1.705658942354235652e-01
1.358422074549098246e+00 1.705754747950848360e-01
1.358939108817635244e+00 1.692808518845002885e-01
1.359456143086172464e+00 1.686931934466898153e-01
1.359973177354709462e+00 1.708471697466206474e-01
1.360490211623246459e+00 1.723404398286056405e-01
1.361007245891783679e+00 1.720833812400412444e-01
1.361524280160320677e+00 1.715743885520356338e-01
1.362041314428857675e+00 1.705735574052180403e-01
1.362558348697394894e+00 1.699695746752123704e-01
1.363075382965931892e+00 1.699554690745143648e-01
1.363592417234468890e+00 1.702646275733288583e-01
1.364109451503006110e+00 1.709643609324340285e-01
1.364626485771543107e+00 1.714074691697443920e-01
1.365143520040080327e+00 1.715222282769942319e-01
1.365660554308617325e+00 1.711873491869282393e-01
1.366177588577154323e+00 1.706067675098712488e-01
1.366694622845691542e+00 1.711824359936409967e-01
1.367211657114228540e+00 1.723363070062610136e-01
1.367728691382765538e+00 1.715546757357041263e-01
1.368245725651302758e+00 1.700667823464704909e-01
1.368762759919839755e+00 1.702981670272332437e-01
1.369279794188376753e+00 1.710235395918460743e-01
1.369796828456913973e+00 1.712843245215103505e-01
1.370313862725450971e+00 1.714022247676240396e-01
1.370830896993987968e+00 1.707055724923377815e-01
1.371347931262525188e+00 1.699525853520873764e-01
1.371864965531062186e+00 1.701024679662990480e-01
1.372381999799599184e+00 1.703447392680874362e-01
1.372899034068136404e+00 1.708791269529652268e-01
1.373416068336673401e+00 1.711790966976324546e-01
1.373933102605210399e+00 1.697739579626372508e-01
1.374450136873747619e+00 1.687008692750262828e-01
1.374967171142284617e+00 1.693827026297266003e-01
1.375484205410821614e+00 1.696151741708496474e-01
1.376001239679358834e+00 1.685589388554927237e-01
1.376518273947895832e+00 1.676236508439657991e-01
1.377035308216432830e+00 1.669349381740931060e-01
1.377552342484970049e+00 1.666905401051919644e-01
1.378069376753507047e+00 1.671355624392562023e-01
1.378586411022044267e+00 1.670340767005006610e-01
1.379103445290581265e+00 1.662837340900288341e-01
1.379620479559118262e+00 1.658218492662688892e-01
1.380137513827655482e+00 1.656250550682150380e-01
1.380654548096192480e+00 1.655185704445580053e-01
1.381171582364729478e+00 1.655065861978633202e-01
1.381688616633266697e+00 1.649207318906845132e-01
1.382205650901803695e+00 1.639520549771910363e-01
1.382722685170340693e+00 1.638279457195729594e-01
1.383239719438877913e+00 1.640543799746185527e-01
1.383756753707414910e+00 1.644645034853111643e-01
1.384273787975951908e+00 1.649786763589147498e-01
1.384790822244489128e+00 1.637344790478331147e-01
1.385307856513026126e+00 1.621119633332667176e-01
1.385824890781563123e+00 1.639988748747052416e-01
1.386341925050100343e+00 1.661983831477335249e-01
1.386858959318637341e+00 1.646850214823450953e-01
1.387375993587174339e+00 1.631959927936161847e-01
1.387893027855711559e+00 1.632954215308496382e-01
1.388410062124248556e+00 1.633528974149538737e-01
1.388927096392785554e+00 1.630906541594182579e-01
1.389444130661322774e+00 1.632082448299113642e-01
1.389961164929859772e+00 1.643033497321453873e-01
1.390478199198396769e+00 1.646655948420210069e-01
1.390995233466933989e+00 1.633198550701863705e-01
1.391512267735470987e+00 1.628492942193576209e-01
1.392029302004007985e+00 1.642736851490364525e-01
1.392546336272545204e+00 1.648926043971039312e-01
1.393063370541082202e+00 1.641809360624945924e-01
1.393580404809619200e+00 1.638738732644508811e-01
1.394097439078156420e+00 1.640598236854197700e-01
1.394614473346693417e+00 1.640312801839826917e-01
1.395131507615230415e+00 1.637917762099700691e-01
1.395648541883767635e+00 1.634915578329843300e-01
1.396165576152304633e+00 1.631440083077982384e-01
1.396682610420841852e+00 1.632055726980459476e-01
1.397199644689378850e+00 1.635739468410168096e-01
1.397716678957915848e+00 1.653000263624954114e-01
1.398233713226453068e+00 1.674383835916011254e-01
1.398750747494990065e+00 1.668725317543278408e-01
1.399267781763527063e+00 1.655541485502590726e-01
1.399784816032064283e+00 1.653463307323691511e-01
1.400301850300601281e+00 1.653425018915578026e-01
1.400818884569138278e+00 1.655744471146458896e-01
1.401335918837675498e+00 1.658292996064857638e-01
1.401852953106212496e+00 1.661620846395276407e-01
1.402369987374749494e+00 1.665057209288142714e-01
1.402887021643286714e+00 1.671122192657560346e-01
1.403404055911823711e+00 1.677597013570851225e-01
1.403921090180360709e+00 1.687722025774004708e-01
1.404438124448897929e+00 1.695935068746006191e-01
1.404955158717434927e+00 1.694887228318607275e-01
1.405472192985971924e+00 1.693050198448546040e-01
1.405989227254509144e+00 1.685568417193580582e-01
1.406506261523046142e+00 1.683840355966067792e-01
1.407023295791583362e+00 1.697792022848945981e-01
1.407540330060120359e+00 1.707395145486073351e-01
1.408057364328657357e+00 1.709488145708035478e-01
1.408574398597194577e+00 1.710345954140398694e-01
1.409091432865731575e+00 1.709750320843042015e-01
1.409608467134268572e+00 1.715354841650734985e-01
1.410125501402805792e+00 1.725985363677961515e-01
1.410642535671342790e+00 1.728255759152459159e-01
1.411159569939879788e+00 1.724724361357072855e-01
1.411676604208417007e+00 1.725284534016267302e-01
1.412193638476954005e+00 1.728226872600815978e-01
1.412710672745491003e+00 1.734483478854314531e-01
1.413227707014028223e+00 1.742665986474388196e-01
1.413744741282565220e+00 1.733615630582392708e-01
1.414261775551102218e+00 1.718449366900172415e-01
1.414778809819639438e+00 1.732653991800699178e-01
1.415295844088176436e+00 1.753015772341666167e-01
1.415812878356713433e+00 1.754647154738022963e-01
1.416329912625250653e+00 1.754073450814025992e-01
1.416846946893787651e+00 1.756643209014669138e-01
1.417363981162324649e+00 1.759377581189918438e-01
1.417881015430861869e+00 1.764059891657272228e-01
1.418398049699398866e+00 1.768103981527223423e-01
1.418915083967935864e+00 1.766102507776269037e-01
1.419432118236473084e+00 1.762912864794004275e-01
1.419949152505010082e+00 1.753555636794172645e-01
1.420466186773547079e+00 1.751758740865660968e-01
1.420983221042084299e+00 1.772411465779434592e-01
1.421500255310621297e+00 1.783767552712387794e-01
1.422017289579158295e+00 1.772376059653946734e-01
1.422534323847695514e+00 1.766915654217665610e-01
1.423051358116232512e+00 1.774189989647221855e-01
1.423568392384769510e+00 1.778293691699180112e-01
1.424085426653306730e+00 1.778082616679977634e-01
1.424602460921843727e+00 1.777194155024152955e-01
1.425119495190380725e+00 1.775609240875611339e-01
1.425636529458917945e+00 1.778258663072643242e-01
1.426153563727454943e+00 1.784323119485771991e-01
1.426670597995991940e+00 1.782590481919514303e-01
1.427187632264529160e+00 1.776079415977039333e-01
1.427704666533066158e+00 1.772159339658981869e-01
1.428221700801603378e+00 1.769423339742334511e-01
1.428738735070140375e+00 1.772064250150532094e-01
1.429255769338677373e+00 1.777035405271886470e-01
1.429772803607214593e+00 1.786078801927568904e-01
1.430289837875751591e+00 1.795866749561167985e-01
1.430806872144288588e+00 1.793380870682306505e-01
1.431323906412825808e+00 1.788553906374574232e-01
1.431840940681362806e+00 1.781745561715609438e-01
1.432357974949899804e+00 1.774955366502043996e-01
1.432875009218437024e+00 1.775168406335289606e-01
1.433392043486974021e+00 1.775314467527803475e-01
1.433909077755511019e+00 1.774791767373919971e-01
1.434426112024048239e+00 1.774190424208017813e-01
1.434943146292585237e+00 1.773180593148317719e-01
1.435460180561122234e+00 1.772076887174658111e-01
1.435977214829659454e+00 1.770657901121784339e-01
1.436494249098196452e+00 1.769737501687373704e-01
1.437011283366733672e+00 1.770128468886831286e-01
1.437528317635270669e+00 1.770440973335728752e-01
1.438045351903807667e+00 1.770718862467598742e-01
1.438562386172344887e+00 1.770968811411667287e-01
1.439079420440881885e+00 1.769544411778112003e-01
1.439596454709418882e+00 1.770969384050004036e-01
1.440113488977956102e+00 1.776561488001702771e-01
1.440630523246493100e+00 1.776086185285880858e-01
1.441147557515030098e+00 1.770853784375032158e-01
1.441664591783567317e+00 1.768812111625494288e-01
1.442181626052104315e+00 1.767909849848564030e-01
1.442698660320641313e+00 1.772326976489373707e-01
1.443215694589178533e+00 1.779665162879066342e-01
1.443732728857715530e+00 1.778916356678318378e-01
1.444249763126252528e+00 1.775327476191544129e-01
1.444766797394789748e+00 1.777701171403343328e-01
1.445283831663326746e+00 1.781505120313968127e-01
1.445800865931863743e+00 1.778100673098176321e-01
1.446317900200400963e+00 1.774324627634308316e-01
1.446834934468937961e+00 1.780605881641176558e-01
1.447351968737474959e+00 1.786746913585189056e-01
1.447869003006012179e+00 1.790184839684973994e-01
1.448386037274549176e+00 1.793556607646479284e-01
1.448903071543086174e+00 1.796127147395334134e-01
1.449420105811623394e+00 1.796599140265335848e-01
1.449937140080160392e+00 1.783739906071758197e-01
1.450454174348697389e+00 1.775916903106979361e-01
1.450971208617234609e+00 1.788092989346133921e-01
1.451488242885771607e+00 1.798594814498423178e-01
1.452005277154308605e+00 1.801623600836809724e-01
1.452522311422845824e+00 1.803997207526062685e-01
1.453039345691382822e+00 1.807341440552815148e-01
1.453556379959919820e+00 1.809212230779613795e-01
1.454073414228457040e+00 1.808875002312676228e-01
1.454590448496994037e+00 1.811094897796127201e-01
1.455107482765531035e+00 1.816500220288663481e-01
1.455624517034068255e+00 1.812485642153541521e-01
1.456141551302605253e+00 1.799022480420207903e-01
1.456658585571142250e+00 1.799318043819262414e-01
1.457175619839679470e+00 1.809468929642338575e-01
1.457692654108216468e+00 1.820377624260550442e-01
1.458209688376753688e+00 1.831671945176623351e-01
1.458726722645290685e+00 1.829541053775042558e-01
1.459243756913827683e+00 1.822411049150269302e-01
1.459760791182364903e+00 1.821086456535198905e-01
1.460277825450901901e+00 1.821252458017003917e-01
1.460794859719438898e+00 1.823199620481037175e-01
1.461311893987976118e+00 1.825437584662817914e-01
1.461828928256513116e+00 1.825912475203897434e-01
1.462345962525050114e+00 1.827025804767787587e-01
1.462862996793587333e+00 1.826750226995672854e-01
1.463380031062124331e+00 1.826152977645766895e-01
1.463897065330661329e+00 1.834058557922494670e-01
1.464414099599198549e+00 1.840870898029889069e-01
1.464931133867735547e+00 1.833581456349642480e-01
1.465448168136272544e+00 1.825737349923841069e-01
1.465965202404809764e+00 1.819659136539829580e-01
1.466482236673346762e+00 1.817779020658801259e-01
1.466999270941883982e+00 1.828096310807412750e-01
1.467516305210420979e+00 1.827802245806246229e-01
1.468033339478957977e+00 1.805122792555722833e-01
1.468550373747495197e+00 1.788312910122999422e-01
1.469067408016032195e+00 1.780769609446710144e-01
1.469584442284569192e+00 1.770593091213033266e-01
1.470101476553106412e+00 1.757251888656693184e-01
1.470618510821643410e+00 1.740131531602595871e-01
1.471135545090180408e+00 1.719462411031114912e-01
1.471652579358717627e+00 1.693553135325464309e-01
1.472169613627254625e+00 1.664275374481861691e-01
1.472686647895791623e+00 1.627879612310639823e-01
1.473203682164328843e+00 1.586854384212943170e-01
1.473720716432865840e+00 1.543297407548205047e-01
1.474237750701402838e+00 1.499420936652002823e-01
1.474754784969940058e+00 1.443835414496139058e-01
1.475271819238477056e+00 1.384294471428850204e-01
1.475788853507014053e+00 1.334721359650871131e-01
1.476305887775551273e+00 1.286963827956342510e-01
1.476822922044088271e+00 1.217486150078750662e-01
1.477339956312625269e+00 1.146040452296980122e-01
1.477856990581162488e+00 1.080346752622999840e-01
1.478374024849699486e+00 1.014547103858966515e-01
1.478891059118236484e+00 9.441994424641390882e-02
1.479408093386773704e+00 8.749044882821396807e-02
1.479925127655310702e+00 8.142060292877795202e-02
1.480442161923847699e+00 7.545634844724688484e-02
1.480959196192384919e+00 6.996031885695799812e-02
1.481476230460921917e+00 6.450367581976935993e-02
1.481993264729458915e+00 5.916725522426443534e-02
1.482510298997996134e+00 5.422946189944080619e-02
1.483027333266533132e+00 5.018648850557781704e-02
1.483544367535070130e+00 4.642467926578561915e-02
1.484061401803607350e+00 4.307036829790148597e-02
1.484578436072144347e+00 3.975902991074139331e-02
1.485095470340681345e+00 3.653805593623069697e-02
1.485612504609218565e+00 3.363171476924744357e-02
1.486129538877755563e+00 3.100804560049746569e-02
1.486646573146292560e+00 2.844904571044349489e-02
1.487163607414829780e+00 2.594861595010959643e-02
1.487680641683366778e+00 2.436547702567977078e-02
1.488197675951903998e+00 2.329878928704982866e-02
1.488714710220440995e+00 2.150094501961848092e-02
1.489231744488977993e+00 1.939866140233026739e-02
1.489748778757515213e+00 1.801206169261681048e-02
1.490265813026052211e+00 1.683664682768803295e-02
1.490782847294589208e+00 1.569509035888801488e-02
1.491299881563126428e+00 1.456079657962180106e-02
1.491816915831663426e+00 1.363793777618559598e-02
1.492333950100200424e+00 1.273765261125406507e-02
1.492850984368737643e+00 1.202607002882453112e-02
1.493368018637274641e+00 1.131720824094126568e-02
1.493885052905811639e+00 1.053144735344174916e-02
1.494402087174348859e+00 9.793859027801088066e-03
1.494919121442885857e+00 9.440292528010494136e-03
1.495436155711422854e+00 9.058822505166031630e-03
1.495953189979960074e+00 8.563587263651924186e-03
1.496470224248497072e+00 8.086355182656724747e-03
1.496987258517034292e+00 7.670135634142698222e-03
1.497504292785571289e+00 7.246384128082556525e-03
1.498021327054108287e+00 6.792830735776708359e-03
1.498538361322645507e+00 6.367879015328377357e-03
1.499055395591182505e+00 6.019602704308403031e-03
1.499572429859719502e+00 5.641437151005091258e-03
1.500089464128256722e+00 5.207088942833231100e-03
1.500606498396793720e+00 4.778659097214299316e-03
1.501123532665330718e+00 4.356043489262722765e-03
1.501640566933867937e+00 3.979467398051846246e-03
1.502157601202404935e+00 3.638896091088976610e-03
1.502674635470941933e+00 3.325061867427577932e-03
1.503191669739479153e+00 3.025521247659433526e-03
1.503708704008016150e+00 2.768206182059118701e-03
1.504225738276553148e+00 2.528783780525746192e-03
1.504742772545090368e+00 2.319657301473147370e-03
1.505259806813627366e+00 2.119284123002919840e-03
1.505776841082164363e+00 1.943715634081866596e-03
1.506293875350701583e+00 1.770696619950021646e-03
1.506810909619238581e+00 1.645525974986768300e-03
1.507327943887775579e+00 1.525277389247032189e-03
1.507844978156312798e+00 1.411824361797225751e-03
1.508362012424849796e+00 1.297929083788354043e-03
1.508879046693386794e+00 1.209849597051188040e-03
1.509396080961924014e+00 1.121480489378766246e-03
1.509913115230461012e+00 1.039763220614766445e-03
1.510430149498998009e+00 9.601325721719914698e-04
1.510947183767535229e+00 8.933603036131929076e-04
1.511464218036072227e+00 8.282772317728884096e-04
1.511981252304609225e+00 7.735335188562853783e-04
1.512498286573146444e+00 7.202079065583211941e-04
1.513015320841683442e+00 6.713013756972440555e-04
1.513532355110220440e+00 6.282502426737600039e-04
1.514049389378757660e+00 5.965733053464957912e-04
1.514566423647294657e+00 5.613198814915652986e-04
1.515083457915831655e+00 5.211913718314367932e-04
1.515600492184368875e+00 4.868486380280208359e-04
1.516117526452905873e+00 4.587676960281846937e-04
1.516634560721442870e+00 4.313088990381297341e-04
1.517151594989980090e+00 4.043375771186140215e-04
1.517668629258517088e+00 3.815668691210314495e-04
1.518185663527054308e+00 3.614135216557062521e-04
1.518702697795591305e+00 3.414303312770799212e-04
1.519219732064128303e+00 3.212333891102197724e-04
1.519736766332665523e+00 3.023741499372168870e-04
1.520253800601202521e+00 2.838517697930420308e-04
1.520770834869739518e+00 2.704718543503364546e-04
1.521287869138276738e+00 2.581495069385531991e-04
1.521804903406813736e+00 2.435255695871531832e-04
1.522321937675350734e+00 2.284333080627947289e-04
1.522838971943887953e+00 2.193769330994557157e-04
1.523356006212424951e+00 2.105366922803163969e-04
1.523873040480961949e+00 1.997798518371527354e-04
1.524390074749499169e+00 1.889494139791095880e-04
1.524907109018036167e+00 1.785831468724025399e-04
1.525424143286573164e+00 1.685847623043152093e-04
1.525941177555110384e+00 1.614788926515459979e-04
1.526458211823647382e+00 1.543481778288429123e-04
1.526975246092184380e+00 1.470340985886908563e-04
1.527492280360721599e+00 1.400659538034512133e-04
1.528009314629258597e+00 1.344008224546089619e-04
1.528526348897795817e+00 1.283005941802325782e-04
1.529043383166332815e+00 1.214370062510633161e-04
1.529560417434869812e+00 1.152803823100969992e-04
1.530077451703407032e+00 1.101964315133751893e-04
1.530594485971944030e+00 1.055238669670094533e-04
1.531111520240481028e+00 1.013368016576417788e-04
1.531628554509018247e+00 9.685470847009098824e-05
1.532145588777555245e+00 9.205049307022217199e-05
1.532662623046092243e+00 8.791524589960975739e-05
1.533179657314629463e+00 8.423626347540131144e-05
1.533696691583166460e+00 8.069034695575851793e-05
1.534213725851703458e+00 7.718752665334580293e-05
1.534730760120240678e+00 7.348396908174108331e-05
1.535247794388777676e+00 6.969199534212619160e-05
1.535764828657314673e+00 6.707608353558443476e-05
1.536281862925851893e+00 6.472027314342876370e-05
1.536798897194388891e+00 6.211394576469163927e-05
1.537315931462925889e+00 5.944747710905904276e-05
1.537832965731463108e+00 5.705335596729449048e-05
1.538350000000000106e+00 5.466298743152458675e-05
