2.079299999999999926e+00 8.642581089703644886e-05
2.079468336873747436e+00 9.081935611861609466e-05
2.079636673747494946e+00 9.521270650708801755e-05
2.079805010621242456e+00 9.960560526688426680e-05
2.079973347494989966e+00 1.039980524076684312e-04
2.080141684368737476e+00 1.084073840120664158e-04
2.080310021242484986e+00 1.129129571410089394e-04
2.080478358116232496e+00 1.188793141754360312e-04
2.080646694989980006e+00 1.248473170622439244e-04
2.080815031863727516e+00 1.308169653523345985e-04
2.080983368737475026e+00 1.367884567231954153e-04
2.081151705611222535e+00 1.427382462732370205e-04
2.081320042484970045e+00 1.490172689039373250e-04
2.081488379358717555e+00 1.577604021925039450e-04
2.081656716232465065e+00 1.665028028947454118e-04
2.081825053106212131e+00 1.752444710024480808e-04
2.081993389979959641e+00 1.839854065074692142e-04
2.082161726853707151e+00 1.927583885396417715e-04
2.082330063727454661e+00 2.022267276799259576e-04
2.082498400601202171e+00 2.148857831294851697e-04
2.082666737474949681e+00 2.275481953607844316e-04
2.082835074348697191e+00 2.402140064852443494e-04
2.083003411222444701e+00 2.528822827884501094e-04
2.083171748096192211e+00 2.655065173911597435e-04
2.083340084969939721e+00 2.793596590700431355e-04
2.083508421843687231e+00 2.971533192897080414e-04
2.083676758717434740e+00 3.149452930820831938e-04
2.083845095591182250e+00 3.327355804533592789e-04
2.084013432464929760e+00 3.505235312049107791e-04
2.084181769338677270e+00 3.683013516744056029e-04
2.084350106212424780e+00 3.889748601894777997e-04
2.084518443086172290e+00 4.164940200377903294e-04
2.084686779959919800e+00 4.440091567249458302e-04
2.084855116833667310e+00 4.715202703386642269e-04
2.085023453707414820e+00 4.990271675972059477e-04
2.085191790581162330e+00 5.265287602686587491e-04
2.085360127454909840e+00 5.589448509646166097e-04
2.085528464328657350e+00 6.002185166001554675e-04
2.085696801202404860e+00 6.414859164981861692e-04
2.085865138076152370e+00 6.827470508869594012e-04
2.086033474949899880e+00 7.240015044055522070e-04
2.086201811823647390e+00 7.652478760772418254e-04
2.086370148697394900e+00 8.171927381688778077e-04
2.086538485571142409e+00 8.841300626732728285e-04
2.086706822444889919e+00 9.510568360750604579e-04
2.086875159318636985e+00 1.017973058729891968e-03
2.087043496192384495e+00 1.084877886582872588e-03
2.087211833066132005e+00 1.151769487165486740e-03
2.087380169939879515e+00 1.234975925483440019e-03
2.087548506813627025e+00 1.336142028733075830e-03
2.087716843687374535e+00 1.437291130566181394e-03
2.087885180561122045e+00 1.538423231747308327e-03
2.088053517434869555e+00 1.639536685516684031e-03
2.088221854308617065e+00 1.740629184191505629e-03
2.088390191182364575e+00 1.873883138274111144e-03
2.088558528056112085e+00 2.035025360022472106e-03
2.088726864929859595e+00 2.196139473404767808e-03
2.088895201803607105e+00 2.357225479838658076e-03
2.089063538677354614e+00 2.518280761110076350e-03
2.089231875551102124e+00 2.679302105853392617e-03
2.089400212424849634e+00 2.894943800243772805e-03
2.089568549298597144e+00 3.147738644169379048e-03
2.089736886172344654e+00 3.400487813494292542e-03
2.089905223046092164e+00 3.653191310740980333e-03
2.090073559919839674e+00 3.905853320666321550e-03
2.090241896793587184e+00 4.158475911528942623e-03
2.090410233667334694e+00 4.482515597983671544e-03
2.090578570541082204e+00 4.844229341702633446e-03
2.090746907414829714e+00 5.205920645672666540e-03
2.090915244288577224e+00 5.567556535647134701e-03
2.091083581162324734e+00 5.929065330854290002e-03
2.091251918036072244e+00 6.290432838689463679e-03
2.091420254909819754e+00 6.773314967580050701e-03
2.091588591783567264e+00 7.304778591352635748e-03
2.091756928657314329e+00 7.836134823054709264e-03
2.091925265531061839e+00 8.367383665313371174e-03
2.092093602404809349e+00 8.898607378343597121e-03
2.092261939278556859e+00 9.429803153399181001e-03
2.092430276152304369e+00 1.008832710883177629e-02
2.092598613026051879e+00 1.078402413252344677e-02
2.092766949899799389e+00 1.147960368700487108e-02
2.092935286773546899e+00 1.217506577492891325e-02
2.093103623647294409e+00 1.287355026694079509e-02
2.093271960521041919e+00 1.357432324846012152e-02
2.093440297394789429e+00 1.443466489947179202e-02
2.093608634268536939e+00 1.532741973456194610e-02
2.093776971142284449e+00 1.622070845788471660e-02
2.093945308016031959e+00 1.711448792157782908e-02
2.094113644889779469e+00 1.800364807043552604e-02
2.094281981763526979e+00 1.889023569724714718e-02
2.094450318637274489e+00 1.995554085246814546e-02
2.094618655511021998e+00 2.104210342835210329e-02
2.094786992384769508e+00 2.212840824779567159e-02
2.094955329258517018e+00 2.321445532574695908e-02
2.095123666132264528e+00 2.430052720015071430e-02
2.095292003006012038e+00 2.538647327773442888e-02
2.095460339879759548e+00 2.666466540836756605e-02
2.095628676753507058e+00 2.795225024733162186e-02
2.095797013627254568e+00 2.923956911934625161e-02
2.095965350501002078e+00 3.052662203881442715e-02
2.096133687374749588e+00 3.181275860120649779e-02
2.096302024248497098e+00 3.310042738389403633e-02
2.096470361122244608e+00 3.455838172794532814e-02
2.096638697995991674e+00 3.601595935885260058e-02
2.096807034869739184e+00 3.747316030377662727e-02
2.096975371743486694e+00 3.893001075924822779e-02
2.097143708617234203e+00 4.038646900576244037e-02
2.097312045490981713e+00 4.184637083233923999e-02
2.097480382364729223e+00 4.335609117181522115e-02
2.097648719238476733e+00 4.486541933354068479e-02
2.097817056112224243e+00 4.637435534315422631e-02
2.097985392985971753e+00 4.788289922629793832e-02
2.098153729859719263e+00 4.939173034498134385e-02
2.098322066733466773e+00 5.089199314717696848e-02
2.098490403607214283e+00 5.233686431212616202e-02
2.098658740480961793e+00 5.378144916307092682e-02
2.098827077354709303e+00 5.522573754935650170e-02
2.098995414228456813e+00 5.666969816298321472e-02
2.099163751102204323e+00 5.811183562519113555e-02
2.099332087975951833e+00 5.951169379691211708e-02
2.099500424849699343e+00 6.073321748613626919e-02
2.099668761723446853e+00 6.195439829769860268e-02
2.099837098597194363e+00 6.317523625678327093e-02
2.100005435470941872e+00 6.439572847822426505e-02
2.100173772344689382e+00 6.561578622221536650e-02
2.100342109218436892e+00 6.682057547627667793e-02
2.100510446092184402e+00 6.798004367222627853e-02
2.100678782965931912e+00 6.913918463842094742e-02
2.100847119839679422e+00 7.029799839580762322e-02
2.101015456713426932e+00 7.145644723591751402e-02
2.101183793587174442e+00 7.261418842684104480e-02
2.101352130460921952e+00 7.383510913179830437e-02
2.101520467334669462e+00 7.519743784497319450e-02
2.101688804208416528e+00 7.655936614290823061e-02
2.101857141082164038e+00 7.792093026580571014e-02
2.102025477955911548e+00 7.928206921951241881e-02
2.102193814829659058e+00 8.064243267632384415e-02
2.102362151703406568e+00 8.207382872497025195e-02
2.102530488577154077e+00 8.362698742871760293e-02
2.102698825450901587e+00 8.517967519022925926e-02
2.102867162324649097e+00 8.673189204300031652e-02
2.103035499198396607e+00 8.828354560341650226e-02
2.103203836072144117e+00 8.983437312698097643e-02
2.103372172945891627e+00 9.146344982024630366e-02
2.103540509819639137e+00 9.319651051767205430e-02
2.103708846693386647e+00 9.492896734061098685e-02
2.103877183567134157e+00 9.666085994074376242e-02
2.104045520440881667e+00 9.839684038881610362e-02
2.104213857314629177e+00 1.001451916589500418e-01
2.104382194188376687e+00 1.021418549938714060e-01
2.104550531062124197e+00 1.043990687976166926e-01
2.104718867935871707e+00 1.066563345562585446e-01
2.104887204809619217e+00 1.089136518605351711e-01
2.105055541683366727e+00 1.111641485233911819e-01
2.105223878557114237e+00 1.134002629370728377e-01
2.105392215430861746e+00 1.157674846832087434e-01
2.105560552304609256e+00 1.182428582458349559e-01
2.105728889178356766e+00 1.207173650539298815e-01
2.105897226052104276e+00 1.231910052023802715e-01
2.106065562925851786e+00 1.256637192650226775e-01
2.106233899799599296e+00 1.281354693577942405e-01
2.106402236673346806e+00 1.309644972607746372e-01
2.106570573547093872e+00 1.340243272545499909e-01
2.106738910420841382e+00 1.370831054393322479e-01
2.106907247294588892e+00 1.401408119500563709e-01
2.107075584168336402e+00 1.432090341653745880e-01
2.107243921042083912e+00 1.462912026052586578e-01
2.107412257915831422e+00 1.494956116581285244e-01
2.107580594789578932e+00 1.527611786069217603e-01
2.107748931663326442e+00 1.560267688427163513e-01
2.107917268537073952e+00 1.592923817645225948e-01
2.108085605410821461e+00 1.625417754115491831e-01
2.108253942284568971e+00 1.657745472612968396e-01
2.108422279158316481e+00 1.696464679727435476e-01
2.108590616032063991e+00 1.737584035597341259e-01
2.108758952905811501e+00 1.778687548460948509e-01
2.108927289779559011e+00 1.819775220281061034e-01
2.109095626653306521e+00 1.860875672106109546e-01
2.109263963527054031e+00 1.901983799105610162e-01
2.109432300400801541e+00 1.944632134593541617e-01
2.109600637274549051e+00 1.987690251534485197e-01
2.109768974148296561e+00 2.030734119192902365e-01
2.109937311022044071e+00 2.073765531047102595e-01
2.110105647895791581e+00 2.116770721040023007e-01
2.110273984769539091e+00 2.159753509977111741e-01
2.110442321643286601e+00 2.206499209732762923e-01
2.110610658517034111e+00 2.253920612017739911e-01
2.110778995390781621e+00 2.301325499220901183e-01
2.110947332264529130e+00 2.348713873022651444e-01
2.111115669138276640e+00 2.396105805087001273e-01
2.111284006012024150e+00 2.443491343601431609e-01
2.111452342885771216e+00 2.491951215033924860e-01
2.111620679759518726e+00 2.540516223668499718e-01
2.111789016633266236e+00 2.589065779347679563e-01
2.111957353507013746e+00 2.637599883324479588e-01
2.112125690380761256e+00 2.686148050560314138e-01
2.112294027254508766e+00 2.734692034059844068e-01
2.112462364128256276e+00 2.778457586233010757e-01
2.112630701002003786e+00 2.822033765440827846e-01
2.112799037875751296e+00 2.865597348135510702e-01
2.112967374749498806e+00 2.909148335097598292e-01
2.113135711623246316e+00 2.952725344329939494e-01
2.113304048496993826e+00 2.996280643396943000e-01
2.113472385370741335e+00 3.039030596044660082e-01
2.113640722244488845e+00 3.081769570017862114e-01
2.113809059118236355e+00 3.124497565715113612e-01
2.113977395991983865e+00 3.167214583535081784e-01
2.114145732865731375e+00 3.209969497445144260e-01
2.114314069739478885e+00 3.251744240466778457e-01
2.114482406613226395e+00 3.282744942232628249e-01
2.114650743486973905e+00 3.313738240366819743e-01
2.114819080360721415e+00 3.344716289354614513e-01
2.114987417234468925e+00 3.375687283482021184e-01
2.115155754108216435e+00 3.407269629554664503e-01
2.115324090981963945e+00 3.437896774181266601e-01
2.115492427855711455e+00 3.462467879138466653e-01
2.115660764729458965e+00 3.487042867570288029e-01
2.115829101603206475e+00 3.511621735876692685e-01
2.115997438476953985e+00 3.536204480457485477e-01
2.116165775350701495e+00 3.560224226293365879e-01
2.116334112224448560e+00 3.583159029662035810e-01
2.116502449098196070e+00 3.601861902754494027e-01
2.116670785971943580e+00 3.620561786354989930e-01
2.116839122845691090e+00 3.639258680126849499e-01
2.117007459719438600e+00 3.657951608956294121e-01
2.117175796593186110e+00 3.676620397306072374e-01
2.117344133466933620e+00 3.693406225624509265e-01
2.117512470340681130e+00 3.704891591722202504e-01
2.117680807214428640e+00 3.716374930720153791e-01
2.117849144088176150e+00 3.727856242249404373e-01
2.118017480961923660e+00 3.739326168922388338e-01
2.118185817835671170e+00 3.750905172396042375e-01
2.118354154709418680e+00 3.759628357080908589e-01
2.118522491583166190e+00 3.762324410987710199e-01
2.118690828456913700e+00 3.765020092681584107e-01
2.118859165330661209e+00 3.767715402072320252e-01
2.119027502204408719e+00 3.770403490248249168e-01
2.119195839078156229e+00 3.773056086933323505e-01
2.119364175951903739e+00 3.776584519330705159e-01
2.119532512825651249e+00 3.781536294177966218e-01
2.119700849699398759e+00 3.786487300005353940e-01
2.119869186573146269e+00 3.791437536581750423e-01
2.120037523446893779e+00 3.796399729467963557e-01
2.120205860320641289e+00 3.801405709532634791e-01
2.120374197194388799e+00 3.803636776747296167e-01
2.120542534068136309e+00 3.802343606578291735e-01
2.120710870941883819e+00 3.801050487226457775e-01
2.120879207815631329e+00 3.799757418746645410e-01
2.121047544689378839e+00 3.798683623352483996e-01
2.121215881563126349e+00 3.798181993873887552e-01
2.121384218436873415e+00 3.798992298219519559e-01
2.121552555310620924e+00 3.801112310640238912e-01
2.121720892184368434e+00 3.803232633767007487e-01
2.121889229058115944e+00 3.805353267360067626e-01
2.122057565931863454e+00 3.807216929460796595e-01
2.122225902805610964e+00 3.808585484225718854e-01
2.122394239679358474e+00 3.808893899314384490e-01
2.122562576553105984e+00 3.808367866024979231e-01
2.122730913426853494e+00 3.807842870970984950e-01
2.122899250300601004e+00 3.807320424401660630e-01
2.123067587174348514e+00 3.806798055464472030e-01
2.123235924048096024e+00 3.806275823459204233e-01
2.123404260921843534e+00 3.802708010404459160e-01
2.123572597795591044e+00 3.797266475661779106e-01
2.123740934669338554e+00 3.791825306551348529e-01
2.123909271543086064e+00 3.786384503377622779e-01
2.124077608416833574e+00 3.780941446431226316e-01
2.124245945290581083e+00 3.775495705540288238e-01
2.124414282164328593e+00 3.770341140720663842e-01
2.124582619038076103e+00 3.765326551806503774e-01
2.124750955911823613e+00 3.760312361634783329e-01
2.124919292785571123e+00 3.755298570473099007e-01
2.125087629659318633e+00 3.750238875548237427e-01
2.125255966533066143e+00 3.745137101893658560e-01
2.125424303406813653e+00 3.736121558518175623e-01
2.125592640280561163e+00 3.725718578294864858e-01
2.125760977154308673e+00 3.715316985864489108e-01
2.125929314028056183e+00 3.704915097234944277e-01
2.126097650901803693e+00 3.694971774834373557e-01
2.126265987775551203e+00 3.685362506091433565e-01
2.126434324649298269e+00 3.669159497849566742e-01
2.126602661523045779e+00 3.651279515470517434e-01
2.126770998396793289e+00 3.633394152218025197e-01
2.126939335270540798e+00 3.615503410629685721e-01
2.127107672144288308e+00 3.597139955386078336e-01
2.127276009018035818e+00 3.578514038280542486e-01
2.127444345891783328e+00 3.552677806375225122e-01
2.127612682765530838e+00 3.525650175228950411e-01
2.127781019639278348e+00 3.498629683951272051e-01
2.127949356513025858e+00 3.471612279735336037e-01
2.128117693386773368e+00 3.444536376864666960e-01
2.128286030260520878e+00 3.417438222960030303e-01
2.128454367134268388e+00 3.382234339757502761e-01
2.128622704008015898e+00 3.346299599665520930e-01
2.128791040881763408e+00 3.310370811392484569e-01
2.128959377755510918e+00 3.274447976866732279e-01
2.129127714629258428e+00 3.238572150731320876e-01
2.129296051503005938e+00 3.202722553292979835e-01
2.129464388376753448e+00 3.157112492260266690e-01
2.129632725250500958e+00 3.111270794887712743e-01
2.129801062124248467e+00 3.065434999791490922e-01
2.129969398997995977e+00 3.019605108987995501e-01
2.130137735871743487e+00 2.973705279977029714e-01
2.130306072745490997e+00 2.927796692394186162e-01
2.130474409619238507e+00 2.881885299392096811e-01
2.130642746492986017e+00 2.835982663234148382e-01
2.130811083366733527e+00 2.790092708525521714e-01
2.130979420240481037e+00 2.744214804518726458e-01
2.131147757114228547e+00 2.698384370446581526e-01
2.131316093987975613e+00 2.651994982697704617e-01
2.131484430861723123e+00 2.600188772500488521e-01
2.131652767735470633e+00 2.548390525374585880e-01
2.131821104609218143e+00 2.496600243253043472e-01
2.131989441482965653e+00 2.444817928068930002e-01
2.132157778356713163e+00 2.392985999689200560e-01
2.132326115230460672e+00 2.341795420243065751e-01
2.132494452104208182e+00 2.294091422228358434e-01
2.132662788977955692e+00 2.246396963953027071e-01
2.132831125851703202e+00 2.198711753548629466e-01
2.132999462725450712e+00 2.151035793090719517e-01
2.133167799599198222e+00 2.103404250596438152e-01
2.133336136472945732e+00 2.056189013008083433e-01
2.133504473346693242e+00 2.010478352740196484e-01
2.133672810220440752e+00 1.964775055203253906e-01
2.133841147094188262e+00 1.919079121970889701e-01
2.134009483967935772e+00 1.873409848310154113e-01
2.134177820841683282e+00 1.828082420905636496e-01
2.134346157715430792e+00 1.783778490454035748e-01
2.134514494589178302e+00 1.742205318393494629e-01
2.134682831462925812e+00 1.700622668367942625e-01
2.134851168336673322e+00 1.659030546012114360e-01
2.135019505210420832e+00 1.617386864103696476e-01
2.135187842084168341e+00 1.575423040847407363e-01
2.135356178957915851e+00 1.535298348383616618e-01
2.135524515831663361e+00 1.498839985870782376e-01
2.135692852705410871e+00 1.462375933262742567e-01
2.135861189579158381e+00 1.425918723698815505e-01
2.136029526452905891e+00 1.389474690691040459e-01
2.136197863326652957e+00 1.353058813588929599e-01
2.136366200200400467e+00 1.318764710970598275e-01
2.136534537074147977e+00 1.287743190370925772e-01
2.136702873947895487e+00 1.256728201383203458e-01
2.136871210821642997e+00 1.225719744593039701e-01
2.137039547695390507e+00 1.194772668870462684e-01
2.137207884569138017e+00 1.164003172563740224e-01
2.137376221442885527e+00 1.136208497271897627e-01
2.137544558316633037e+00 1.112015437830220221e-01
2.137712895190380546e+00 1.087817996667610754e-01
2.137881232064128056e+00 1.063616177357224191e-01
2.138049568937875566e+00 1.039348126295989716e-01
2.138217905811623076e+00 1.014933880156961565e-01
2.138386242685370586e+00 9.916653173924194764e-02
2.138554579559118096e+00 9.694884718684679270e-02
2.138722916432865606e+00 9.473166203699263932e-02
2.138891253306613116e+00 9.251463466620889198e-02
2.139059590180360626e+00 9.029791945826061428e-02
2.139227927054108136e+00 8.808154881086457944e-02
2.139396263927855646e+00 8.607132031101356884e-02
2.139564600801603156e+00 8.421567905946764077e-02
2.139732937675350666e+00 8.236048552304468806e-02
2.139901274549098176e+00 8.050573971667729367e-02
2.140069611422845686e+00 7.865103385267457892e-02
2.140237948296593196e+00 7.679622917240046254e-02
2.140406285170340706e+00 7.501803754646096944e-02
2.140574622044088215e+00 7.328479768989915044e-02
2.140742958917835725e+00 7.155202067194564586e-02
2.140911295791583235e+00 6.981970648742441554e-02
2.141079632665330301e+00 6.808776304215778674e-02
2.141247969539077811e+00 6.635618713305192762e-02
2.141416306412825321e+00 6.466174895672802125e-02
2.141584643286572831e+00 6.298419580259224937e-02
2.141752980160320341e+00 6.130710077616677994e-02
2.141921317034067851e+00 5.963046386850079372e-02
2.142089653907815361e+00 5.795490457777167925e-02
2.142257990781562871e+00 5.628027948629229366e-02
2.142426327655310381e+00 5.472866659117114202e-02
2.142594664529057891e+00 5.321825164366387334e-02
2.142763001402805401e+00 5.170819035461589330e-02
2.142931338276552911e+00 5.019848271615928725e-02
2.143099675150300421e+00 4.868843976728452760e-02
2.143268012024047930e+00 4.717833311112801936e-02
2.143436348897795440e+00 4.577206898544632779e-02
2.143604685771542950e+00 4.439050658956774503e-02
2.143773022645290460e+00 4.300934274132274526e-02
2.143941359519037970e+00 4.162856757573226568e-02
2.144109696392785480e+00 4.024867537432877396e-02
2.144278033266532990e+00 3.886939328196980376e-02
2.144446370140280500e+00 3.766935554965294281e-02
2.144614707014028010e+00 3.649652600400434682e-02
2.144783043887775520e+00 3.532398284169709773e-02
2.144951380761523030e+00 3.415172605270701267e-02
2.145119717635270540e+00 3.297919937884237485e-02
2.145288054509018050e+00 3.180687841487682410e-02
2.145456391382765560e+00 3.071705566361153036e-02
2.145624728256513070e+00 2.963383532808083753e-02
2.145793065130260580e+00 2.855091886694319583e-02
2.145961402004007645e+00 2.746830627173025077e-02
2.146129738877755155e+00 2.638595089501071314e-02
2.146298075751502665e+00 2.530388988496882693e-02
2.146466412625250175e+00 2.438720108634616010e-02
2.146634749498997685e+00 2.347273118786799215e-02
2.146803086372745195e+00 2.255852246114532778e-02
2.146971423246492705e+00 2.164467880593820559e-02
2.147139760120240215e+00 2.073068122921160883e-02
2.147308096993987725e+00 1.982357229298768383e-02
2.147476433867735235e+00 1.904977886545131810e-02
2.147644770741482745e+00 1.827623525339552510e-02
2.147813107615230255e+00 1.750294145005005034e-02
2.147981444488977765e+00 1.672989744864352216e-02
2.148149781362725275e+00 1.596272955020853687e-02
2.148318118236472785e+00 1.520857406296855646e-02
2.148486455110220295e+00 1.455922312162566401e-02
2.148654791983967804e+00 1.390954992658055035e-02
2.148823128857715314e+00 1.325957290087398897e-02
2.148991465731462824e+00 1.260929229572676537e-02
2.149159802605210334e+00 1.195417360091178410e-02
2.149328139478957844e+00 1.132035038382187865e-02
2.149496476352705354e+00 1.079321739777671860e-02
2.149664813226452864e+00 1.026626176288921062e-02
2.149833150100200374e+00 9.739483471343120952e-03
2.150001486973947884e+00 9.212877433027216040e-03
2.150169823847695394e+00 8.685867359944286076e-03
2.150338160721442904e+00 8.183344078564247503e-03
2.150506497595190414e+00 7.763871687689068331e-03
2.150674834468937924e+00 7.344597313712645723e-03
2.150843171342685434e+00 6.925520933996289277e-03
2.151011508216432944e+00 6.506641614459651203e-03
2.151179845090180009e+00 6.087948739459098264e-03
2.151348181963927519e+00 5.699742604166133618e-03
2.151516518837675029e+00 5.387340017646123289e-03
2.151684855711422539e+00 5.075085096898348733e-03
2.151853192585170049e+00 4.762976978847222390e-03
2.152021529458917559e+00 4.451004820974255316e-03
2.152189866332665069e+00 4.139098985104561201e-03
2.152358203206412579e+00 3.856819369426714092e-03
2.152526540080160089e+00 3.630494290503620460e-03
2.152694876953907599e+00 3.404288131181524516e-03
2.152863213827655109e+00 3.178200876355084369e-03
2.153031550701402619e+00 2.952219492457308289e-03
2.153199887575150129e+00 2.726306836749051079e-03
2.153368224448897639e+00 2.531199604969783072e-03
2.153536561322645149e+00 2.381274766661361196e-03
2.153704898196392659e+00 2.231437522656956520e-03
2.153873235070140169e+00 2.081687860040246085e-03
2.154041571943887678e+00 1.932004250903891166e-03
2.154209908817635188e+00 1.782350979663346359e-03
2.154378245691382698e+00 1.656165236945870284e-03
2.154546582565130208e+00 1.556990863938925241e-03
2.154714919438877718e+00 1.457883377221614500e-03
2.154883256312625228e+00 1.358842766572288582e-03
2.155051593186372738e+00 1.259868236051261796e-03
2.155219930060120248e+00 1.160959045335877883e-03
2.155388266933867758e+00 1.080707587291550005e-03
2.155556603807615268e+00 1.017388600784002771e-03
2.155724940681362778e+00 9.541126301317717556e-04
2.155893277555110288e+00 8.908796684626145998e-04
2.156061614428857354e+00 8.276694510365955031e-04
2.156229951302604864e+00 7.644728893157750824e-04
2.156398288176352374e+00 7.149653495345714488e-04
2.156566625050099884e+00 6.752247072505008791e-04
2.156734961923847393e+00 6.355162475745753476e-04
2.156903298797594903e+00 5.958401277148004738e-04
2.157071635671342413e+00 5.561958517827183569e-04
2.157239972545089923e+00 5.165833596383384617e-04
2.157408309418837433e+00 4.859972120437124521e-04
2.157576646292584943e+00 4.604249710570767302e-04
2.157744983166332453e+00 4.348736778162128882e-04
2.157913320040079963e+00 4.093433286558876075e-04
2.158081656913827473e+00 3.838254379943469735e-04
2.158249993787574983e+00 3.583211341034124434e-04
2.158418330661322493e+00 3.384785200774605564e-04
2.158586667535070003e+00 3.210389859310687185e-04
2.158755004408817513e+00 3.036153347911509917e-04
2.158923341282565023e+00 2.862075637558713780e-04
2.159091678156312533e+00 2.688153590118517078e-04
2.159260015030060043e+00 2.514388255642987678e-04
2.159428351903807553e+00 2.388228923803756201e-04
2.159596688777555062e+00 2.276982874604723645e-04
2.159765025651302572e+00 2.165835403113160434e-04
2.159933362525050082e+00 2.054787866772131856e-04
2.160101699398797592e+00 1.944083460881801135e-04
2.160270036272545102e+00 1.833602766030430209e-04
2.160438373146292612e+00 1.748107009539829964e-04
2.160606710020040122e+00 1.668062594121497762e-04
2.160775046893787632e+00 1.588059475501949998e-04
2.160943383767534698e+00 1.508097684256929348e-04
2.161111720641282208e+00 1.427966571433161012e-04
2.161280057515029718e+00 1.347799647941269054e-04
2.161448394388777228e+00 1.287802854705900890e-04
2.161616731262524738e+00 1.230570467827515121e-04
2.161785068136272248e+00 1.173393134634093593e-04
2.161953405010019758e+00 1.116270844825500996e-04
2.162121741883767267e+00 1.059218688924087111e-04
2.162290078757514777e+00 1.002225414240726390e-04
2.162458415631262287e+00 9.638731689740736035e-05
2.162626752505009797e+00 9.267260330785312102e-05
2.162795089378757307e+00 8.896132203097632525e-05
2.162963426252504817e+00 8.525353087458492488e-05
2.163131763126252327e+00 8.156180351562754293e-05
2.163300099999999837e+00 7.787584100716830719e-05
