4.388790000000000191e+00 9.149162336398014008e-05
4.389829859719439398e+00 9.543583364679640720e-05
4.390869719438877716e+00 9.814108864201936456e-05
4.391909579158316923e+00 1.006935540549982848e-04
4.392949438877756130e+00 1.039874621258043719e-04
4.393989298597194448e+00 1.084940261479532908e-04
4.395029158316633655e+00 1.144508123717886033e-04
4.396069018036071974e+00 1.207096643726367246e-04
4.397108877755511180e+00 1.270059400888954768e-04
4.398148737474950387e+00 1.337522339498684325e-04
4.399188597194388706e+00 1.412118697847581067e-04
4.400228456913827912e+00 1.495416656103205194e-04
4.401268316633267119e+00 1.580682496157408427e-04
4.402308176352705438e+00 1.657910371962649065e-04
4.403348036072144644e+00 1.729920167991665363e-04
4.404387895791582963e+00 1.799822966004236096e-04
4.405427755511022170e+00 1.874826893706859883e-04
4.406467615230461377e+00 1.958548519704592138e-04
4.407507474949899695e+00 2.046238504499859831e-04
4.408547334669338902e+00 2.138714080882296576e-04
4.409587194388778109e+00 2.235711426337442164e-04
4.410627054108216427e+00 2.338193679769224437e-04
4.411666913827655634e+00 2.449343723578007175e-04
4.412706773547093952e+00 2.564810960240918622e-04
4.413746633266533159e+00 2.686961038131862006e-04
4.414786492985972366e+00 2.815879372405787930e-04
4.415826352705410685e+00 2.956893942080093558e-04
4.416866212424849891e+00 3.125591611647685021e-04
4.417906072144289098e+00 3.306891741726724916e-04
4.418945931863727417e+00 3.498909959314174672e-04
4.419985791583166623e+00 3.699367545818177286e-04
4.421025651302604942e+00 3.903928594865719594e-04
4.422065511022044149e+00 4.115156666885426352e-04
4.423105370741483355e+00 4.331968656963019744e-04
4.424145230460921674e+00 4.553431601651406250e-04
4.425185090180360881e+00 4.777859028402041213e-04
4.426224949899800087e+00 5.019588884170509118e-04
4.427264809619238406e+00 5.276510885996189273e-04
4.428304669338677613e+00 5.549907874854587836e-04
4.429344529058116819e+00 5.841034536893637344e-04
4.430384388777555138e+00 6.154125349771399217e-04
4.431424248496994345e+00 6.486177476654811629e-04
4.432464108216432663e+00 6.837917063004474898e-04
4.433503967935871870e+00 7.210308358041939755e-04
4.434543827655311077e+00 7.611331319683845627e-04
4.435583687374749395e+00 8.037119759949148002e-04
4.436623547094188602e+00 8.487269139976769735e-04
4.437663406813627809e+00 8.964112499737917272e-04
4.438703266533066127e+00 9.474271169114146119e-04
4.439743126252505334e+00 1.002439557766935871e-03
4.440782985971943653e+00 1.060324871512287326e-03
4.441822845691382859e+00 1.121172555552458561e-03
4.442862705410822066e+00 1.185143108316861387e-03
4.443902565130260385e+00 1.254323181318404848e-03
4.444942424849699592e+00 1.327367943888031841e-03
4.445982284569138798e+00 1.404545013923411785e-03
4.447022144288577117e+00 1.486171132816955891e-03
4.448062004008016324e+00 1.574077360540218455e-03
4.449101863727454642e+00 1.669860126012748637e-03
4.450141723446893849e+00 1.771877998522065423e-03
4.451181583166333056e+00 1.880068926320221413e-03
4.452221442885771374e+00 1.995520071894034322e-03
4.453261302605210581e+00 2.120326350911509554e-03
4.454301162324649788e+00 2.253833968644309519e-03
4.455341022044088106e+00 2.396545891343335438e-03
4.456380881763527313e+00 2.548848601248172169e-03
4.457420741482966520e+00 2.716403961003709382e-03
4.458460601202404838e+00 2.895770820346329696e-03
4.459500460921844045e+00 3.087232177314208105e-03
4.460540320641282364e+00 3.291437075656131021e-03
4.461580180360721570e+00 3.513137185339437318e-03
4.462620040080160777e+00 3.754684200850994143e-03
4.463659899799599096e+00 4.013329773831223433e-03
4.464699759519038302e+00 4.289738204410867110e-03
4.465739619238477509e+00 4.587324945049883231e-03
4.466779478957915828e+00 4.914480562204784179e-03
4.467819338677355034e+00 5.267508511187488779e-03
4.468859198396793353e+00 5.647691124048119689e-03
4.469899058116232560e+00 6.056157414936104953e-03
4.470938917835671766e+00 6.509328235273542825e-03
4.471978777555110085e+00 6.999443870760672926e-03
4.473018637274549292e+00 7.527392463669435249e-03
4.474058496993988499e+00 8.095458819186416438e-03
4.475098356713426817e+00 8.718771173827768312e-03
4.476138216432866024e+00 9.408733623409331823e-03
4.477178076152304342e+00 1.016364767300441049e-02
4.478217935871743549e+00 1.096902704478312611e-02
4.479257795591182756e+00 1.184484181665807975e-02
4.480297655310621074e+00 1.281983496930268022e-02
4.481337515030060281e+00 1.387861701339845009e-02
4.482377374749499488e+00 1.502620478754318652e-02
4.483417234468937806e+00 1.626769460698950995e-02
4.484457094188377013e+00 1.766751458302711145e-02
4.485496953907816220e+00 1.920438506653041055e-02
4.486536813627254539e+00 2.086493243305828985e-02
4.487576673346693745e+00 2.266754283045639001e-02
4.488616533066132064e+00 2.466517890490945580e-02
4.489656392785571271e+00 2.688493520336267609e-02
4.490696252505010477e+00 2.930417384475528936e-02
4.491736112224448796e+00 3.193606856011993456e-02
4.492775971943888003e+00 3.482075842319667242e-02
4.493815831663327209e+00 3.806858919580938250e-02
4.494855691382765528e+00 4.161208979774065619e-02
4.495895551102204735e+00 4.547095285045149593e-02
4.496935410821643053e+00 4.966608737309373411e-02
4.497975270541082260e+00 5.438767482269551284e-02
4.499015130260521467e+00 5.955180168873198260e-02
4.500054989979959785e+00 6.516299426818973617e-02
4.501094849699398992e+00 7.124763952913398812e-02
4.502134709418838199e+00 7.796484733501350683e-02
4.503174569138276517e+00 8.532986596784562783e-02
4.504214428857715724e+00 9.327190292820031203e-02
4.505254288577154043e+00 1.018189757890356623e-01
4.506294148296593249e+00 1.110596562927537168e-01
4.507334008016032456e+00 1.210546343839160877e-01
4.508373867735470775e+00 1.316745055461892300e-01
4.509413727454909981e+00 1.429362113858435035e-01
4.510453587174349188e+00 1.548386341587500714e-01
4.511493446893787507e+00 1.673451580900585101e-01
4.512533306613226713e+00 1.803188853157401683e-01
4.513573166332665920e+00 1.937476490439652421e-01
4.514613026052104239e+00 2.075745059075209120e-01
4.515652885771543446e+00 2.215792283255941797e-01
4.516692745490981764e+00 2.355628727207178530e-01
4.517732605210420971e+00 2.496230268562399379e-01
4.518772464929860178e+00 2.636750108908850754e-01
4.519812324649298496e+00 2.774940544532308873e-01
4.520852184368737703e+00 2.905763463859707962e-01
4.521892044088176910e+00 3.034006059393303811e-01
4.522931903807615228e+00 3.158854735688159665e-01
4.523971763527054435e+00 3.278892757394477053e-01
4.525011623246492753e+00 3.386015934980801667e-01
4.526051482965931960e+00 3.488717027598275400e-01
4.527091342685371167e+00 3.586849880578637517e-01
4.528131202404809486e+00 3.678805222902229444e-01
4.529171062124248692e+00 3.757077284671553885e-01
4.530210921843687899e+00 3.829849184924826178e-01
4.531250781563126218e+00 3.897766917239514628e-01
4.532290641282565424e+00 3.959316684174775669e-01
4.533330501002003743e+00 4.011240875616249868e-01
4.534370360721442950e+00 4.056657242215611636e-01
4.535410220440882156e+00 4.097853608472460385e-01
4.536450080160320475e+00 4.133847367118168581e-01
4.537489939879759682e+00 4.163806607332395937e-01
4.538529799599198888e+00 4.188653015910845379e-01
4.539569659318637207e+00 4.210447731171916841e-01
4.540609519038076414e+00 4.228700902764220282e-01
4.541649378757515620e+00 4.243364332360008984e-01
4.542689238476953939e+00 4.255122683244860760e-01
4.543729098196393146e+00 4.264973917034151629e-01
4.544768957915831464e+00 4.272955305511449420e-01
4.545808817635270671e+00 4.279151881926213652e-01
4.546848677354709878e+00 4.283792028082870629e-01
4.547888537074148196e+00 4.287476489039024341e-01
4.548928396793587403e+00 4.290504151911561093e-01
4.549968256513026610e+00 4.292927433096637158e-01
4.551008116232464928e+00 4.294868007623831585e-01
4.552047975951904135e+00 4.296487150545751366e-01
4.553087835671342454e+00 4.297858904642827271e-01
4.554127695390781660e+00 4.299256494801856343e-01
4.555167555110220867e+00 4.300782843461098959e-01
4.556207414829659186e+00 4.302341211581706681e-01
4.557247274549098393e+00 4.303911443078295429e-01
4.558287134268537599e+00 4.305556718490292090e-01
4.559326993987975918e+00 4.307314996709357136e-01
4.560366853707415125e+00 4.309225846589399556e-01
4.561406713426853443e+00 4.313317106118750854e-01
4.562446573146292650e+00 4.318297325019436195e-01
4.563486432865731857e+00 4.320492039608468393e-01
4.564526292585170175e+00 4.322730583811765781e-01
4.565566152304609382e+00 4.325048225701179083e-01
4.566606012024048589e+00 4.327596480510069732e-01
4.567645871743486907e+00 4.330153034362931863e-01
4.568685731462926114e+00 4.332610882860701285e-01
4.569725591182364433e+00 4.334935358691131002e-01
4.570765450901803639e+00 4.337138337338001248e-01
4.571805310621242846e+00 4.343256016945247766e-01
4.572845170340681165e+00 4.346323757913095887e-01
4.573885030060120371e+00 4.348390371457676040e-01
4.574924889779559578e+00 4.349868101166988188e-01
4.575964749498997897e+00 4.351228737078354225e-01
4.577004609218437103e+00 4.352487029286414288e-01
4.578044468937875422e+00 4.353634207984766746e-01
4.579084328657314629e+00 4.354540881601736690e-01
4.580124188376753835e+00 4.355160641012918998e-01
4.581164048096192154e+00 4.355540367759548892e-01
4.582203907815631361e+00 4.355675954964086105e-01
4.583243767535070567e+00 4.355554156337425598e-01
4.584283627254508886e+00 4.355249344520100707e-01
4.585323486973948093e+00 4.354794370956549532e-01
4.586363346693387300e+00 4.354068678575555018e-01
4.587403206412825618e+00 4.352866886426016158e-01
4.588443066132264825e+00 4.351573487018945419e-01
4.589482925851703143e+00 4.350209879032794213e-01
4.590522785571142350e+00 4.348639775808497143e-01
4.591562645290581557e+00 4.346778564446206472e-01
4.592602505010019875e+00 4.344669119155458725e-01
4.593642364729459082e+00 4.342353365916821750e-01
4.594682224448898289e+00 4.339989352626014707e-01
4.595722084168336607e+00 4.337612865174004240e-01
4.596761943887775814e+00 4.335120895275242359e-01
4.597801803607214133e+00 4.332503312231714698e-01
4.598841663326653340e+00 4.329690814016320943e-01
4.599881523046092546e+00 4.326773575370305713e-01
4.600921382765530865e+00 4.323917347579682713e-01
4.601961242484970072e+00 4.321165461050183176e-01
4.603001102204409278e+00 4.318335096914840410e-01
4.604040961923847597e+00 4.315447617162193605e-01
4.605080821643286804e+00 4.312525887694611537e-01
4.606120681362725122e+00 4.309563792564573559e-01
4.607160541082164329e+00 4.306816946620583009e-01
4.608200400801603536e+00 4.304099601807379605e-01
4.609240260521041854e+00 4.301331480203063884e-01
4.610280120240481061e+00 4.298614625416958268e-01
4.611319979959920268e+00 4.296278858861599659e-01
4.612359839679358586e+00 4.294025901235037357e-01
4.613399699398797793e+00 4.291891478917982949e-01
4.614439559118237000e+00 4.289912289903321518e-01
4.615479418837675318e+00 4.287883406155045263e-01
4.616519278557114525e+00 4.285875867607398249e-01
4.617559138276552844e+00 4.283914027147717740e-01
4.618598997995992050e+00 4.282027107473451721e-01
4.619638857715431257e+00 4.280340011049326709e-01
4.620678717434869576e+00 4.278303658949723087e-01
4.621718577154308782e+00 4.276013737306511020e-01
4.622758436873747989e+00 4.273670885849621959e-01
4.623798296593186308e+00 4.271429033171337264e-01
4.624838156312625514e+00 4.269260381059412635e-01
4.625878016032063833e+00 4.267191219404052327e-01
4.626917875751503040e+00 4.265137647096620133e-01
4.627957735470942247e+00 4.262967622928829359e-01
4.628997595190380565e+00 4.260763784186888392e-01
4.630037454909819772e+00 4.258644791645828098e-01
4.631077314629258979e+00 4.256587849078040109e-01
4.632117174348697297e+00 4.254529034994993242e-01
4.633157034068136504e+00 4.252428776991953874e-01
4.634196893787574822e+00 4.250094934152607307e-01
4.635236753507014029e+00 4.247734123936156014e-01
4.636276613226453236e+00 4.245417001348381070e-01
4.637316472945891555e+00 4.243136033058778622e-01
4.638356332665330761e+00 4.240816922192233718e-01
4.639396192384769968e+00 4.238375379606455495e-01
4.640436052104208287e+00 4.235810353087076652e-01
4.641475911823647493e+00 4.233134018654748920e-01
4.642515771543086700e+00 4.230523057005621812e-01
4.643555631262525019e+00 4.227837490295039968e-01
4.644595490981964225e+00 4.225071604941321723e-01
4.645635350701402544e+00 4.222207675944152916e-01
4.646675210420841751e+00 4.219110607280633363e-01
4.647715070140280957e+00 4.216029340178341633e-01
4.648754929859719276e+00 4.212992790293365042e-01
4.649794789579158483e+00 4.209946234519080788e-01
4.650834649298597689e+00 4.206678500963239031e-01
4.651874509018036008e+00 4.207284398325827346e-01
4.652914368737475215e+00 4.204275134319396812e-01
4.653954228456913533e+00 4.200610831368658538e-01
4.654994088176352740e+00 4.196990438919318001e-01
4.656033947895791947e+00 4.193326664535430015e-01
4.657073807615230265e+00 4.189474970394314046e-01
4.658113667334669472e+00 4.185491106964528973e-01
4.659153527054108679e+00 4.181422985848517460e-01
4.660193386773546997e+00 4.177309595754890581e-01
4.661233246492986204e+00 4.173329131872616227e-01
4.662273106212424523e+00 4.169284966243899659e-01
4.663312965931863729e+00 4.165124415371087574e-01
4.664352825651302936e+00 4.160845181925593161e-01
4.665392685370741255e+00 4.156467809492172538e-01
4.666432545090180462e+00 4.152101589441823393e-01
4.667472404809619668e+00 4.147764577034218081e-01
4.668512264529057987e+00 4.143459701043753496e-01
4.669552124248497194e+00 4.138854747789285637e-01
4.670591983967936400e+00 4.134231335276076225e-01
4.671631843687374719e+00 4.129608113434288796e-01
4.672671703406813926e+00 4.125003578642719715e-01
4.673711563126252244e+00 4.120487495717690685e-01
4.674751422845691451e+00 4.115935515613566853e-01
4.675791282565130658e+00 4.111242684189284624e-01
4.676831142284568976e+00 4.106424761867704665e-01
4.677871002004008183e+00 4.101613628265601830e-01
4.678910861723447390e+00 4.096812462264557975e-01
4.679950721442885708e+00 4.092019235180792136e-01
4.680990581162324915e+00 4.087109631639932461e-01
4.682030440881763234e+00 4.082072095568775039e-01
4.683070300601202440e+00 4.076876108439206892e-01
4.684110160320641647e+00 4.071720553469563297e-01
4.685150020040079966e+00 4.066573186022576780e-01
4.686189879759519172e+00 4.061410685231660600e-01
4.687229739478958379e+00 4.056218290200037102e-01
4.688269599198396698e+00 4.050785269723288229e-01
4.689309458917835904e+00 4.045271110466063802e-01
4.690349318637274223e+00 4.039743610046622746e-01
4.691389178356713430e+00 4.034238768250676954e-01
4.692429038076152636e+00 4.028548678997758148e-01
4.693468897795590955e+00 4.022756692005710621e-01
4.694508757515030162e+00 4.016777389273484267e-01
4.695548617234469368e+00 4.010508767984804490e-01
4.696588476953907687e+00 4.004178620228762697e-01
4.697628336673346894e+00 4.000667787179312263e-01
4.698668196392786101e+00 3.995732897159942620e-01
4.699708056112224419e+00 3.988742693673621997e-01
4.700747915831663626e+00 3.981493342714813033e-01
4.701787775551101944e+00 3.973866639426331671e-01
4.702827635270541151e+00 3.965912088637540966e-01
4.703867494989980358e+00 3.957653663459508309e-01
4.704907354709418676e+00 3.949113969418925896e-01
4.705947214428857883e+00 3.939781679769744360e-01
4.706987074148296202e+00 3.929857704910802441e-01
4.708026933867735409e+00 3.919452694210969201e-01
4.709066793587174615e+00 3.908677264535098672e-01
4.710106653306612934e+00 3.896774658116974321e-01
4.711146513026052141e+00 3.884513591525934895e-01
4.712186372745491347e+00 3.871556797057992827e-01
4.713226232464929666e+00 3.857763703812769895e-01
4.714266092184368873e+00 3.842140442722833393e-01
4.715305951903808079e+00 3.825719236554716574e-01
4.716345811623246398e+00 3.808250328854089761e-01
4.717385671342685605e+00 3.789416197168470335e-01
4.718425531062123923e+00 3.768628970733423622e-01
4.719465390781563130e+00 3.746589265999755169e-01
4.720505250501002337e+00 3.722250223311991402e-01
4.721545110220440655e+00 3.695770521992454705e-01
4.722584969939879862e+00 3.667708363617018796e-01
4.723624829659319069e+00 3.637999891840746347e-01
4.724664689378757387e+00 3.604507534388339263e-01
4.725704549098196594e+00 3.568780253471169894e-01
4.726744408817635801e+00 3.531519395364332015e-01
4.727784268537074119e+00 3.491445851482963825e-01
4.728824128256513326e+00 3.447542485586343464e-01
4.729863987975951645e+00 3.401797149086223659e-01
4.730903847695390851e+00 3.353848793718185450e-01
4.731943707414830058e+00 3.301731833927750714e-01
4.732983567134268377e+00 3.246282696523992706e-01
4.734023426853707583e+00 3.189464975216231846e-01
4.735063286573145902e+00 3.132843336975201232e-01
4.736103146292585109e+00 3.068058099577807840e-01
4.737143006012024316e+00 3.001548898396867449e-01
4.738182865731462634e+00 2.932439014308114156e-01
4.739222725450901841e+00 2.860330247685439753e-01
4.740262585170341048e+00 2.785447543682534333e-01
4.741302444889779366e+00 2.709850592340850572e-01
4.742342304609218573e+00 2.630334410220097063e-01
4.743382164328657780e+00 2.549026499116996414e-01
4.744422024048096098e+00 2.466790391172392349e-01
4.745461883767535305e+00 2.384419440423838632e-01
4.746501743486973623e+00 2.297992116599944512e-01
4.747541603206412830e+00 2.212062205747549193e-01
4.748581462925852037e+00 2.126367127605151008e-01
4.749621322645290356e+00 2.040272500118663901e-01
4.750661182364729562e+00 1.953388053634707855e-01
4.751701042084168769e+00 1.868245570093443886e-01
4.752740901803607088e+00 1.783554223816916362e-01
4.753780761523046294e+00 1.699003353367048719e-01
4.754820621242484613e+00 1.616456741516168194e-01
4.755860480961923820e+00 1.536251487269331972e-01
4.756900340681363026e+00 1.457115700928736657e-01
4.757940200400801345e+00 1.379483611858197400e-01
4.758980060120240552e+00 1.304852842954911107e-01
4.760019919839679758e+00 1.232866480680161053e-01
4.761059779559118077e+00 1.163129144455919556e-01
4.762099639278557284e+00 1.095952350965014033e-01
4.763139498997995602e+00 1.031558409991509828e-01
4.764179358717434809e+00 9.698610904391992416e-02
4.765219218436874016e+00 9.112533439484978015e-02
4.766259078156312334e+00 8.553655153408064316e-02
4.767298937875751541e+00 8.020413297577135003e-02
4.768338797595190748e+00 7.515766037388636744e-02
4.769378657314629066e+00 7.042988545716430404e-02
4.770418517034068273e+00 6.593641336744228421e-02
4.771458376753507480e+00 6.167186819502167711e-02
4.772498236472945798e+00 5.765758581464476562e-02
4.773538096192385005e+00 5.394327764231387351e-02
4.774577955911823324e+00 5.042787316894333655e-02
4.775617815631262530e+00 4.711056012457838504e-02
4.776657675350701737e+00 4.399088774780424149e-02
4.777697535070140056e+00 4.111402988283747312e-02
4.778737394789579263e+00 3.841997091529755076e-02
4.779777254509018469e+00 3.588745456872093065e-02
4.780817114228456788e+00 3.350839153934188214e-02
4.781856973947895995e+00 3.130203536910663303e-02
4.782896833667334313e+00 2.925894287211649666e-02
4.783936693386773520e+00 2.734128175739074587e-02
4.784976553106212727e+00 2.554383734791570645e-02
4.786016412825651045e+00 2.386867015551151147e-02
4.787056272545090252e+00 2.233143647465473877e-02
4.788096132264529459e+00 2.088958646794441404e-02
4.789135991983967777e+00 1.953788925116135139e-02
4.790175851703406984e+00 1.827107389248694078e-02
4.791215711422845303e+00 1.710801845084826758e-02
4.792255571142284509e+00 1.602513335301091954e-02
4.793295430861723716e+00 1.500941348845064201e-02
4.794335290581162035e+00 1.405648638060412979e-02
4.795375150300601241e+00 1.317581931192563817e-02
4.796415010020040448e+00 1.236146462230277090e-02
4.797454869739478767e+00 1.159624998318400935e-02
4.798494729458917973e+00 1.087829935688576846e-02
4.799534589178357180e+00 1.020905006361487975e-02
4.800574448897795499e+00 9.593117760947829017e-03
4.801614308617234705e+00 9.014423664010643919e-03
4.802654168336673024e+00 8.471197258046467629e-03
4.803694028056112231e+00 7.961510072682509084e-03
4.804733887775551437e+00 7.490906495702446405e-03
4.805773747494989756e+00 7.050673180397048351e-03
4.806813607214428963e+00 6.635732524734713235e-03
4.807853466933868170e+00 6.244425983892853971e-03
4.808893326653306488e+00 5.885618015205235087e-03
4.809933186372745695e+00 5.549229491740073281e-03
4.810973046092184013e+00 5.231676666337821933e-03
4.812012905811623220e+00 4.933276361695470777e-03
4.813052765531062427e+00 4.655349978282322804e-03
4.814092625250500745e+00 4.398325069637434512e-03
4.815132484969939952e+00 4.155673133563094097e-03
4.816172344689379159e+00 3.926775109608102513e-03
4.817212204408817477e+00 3.710921439081106814e-03
4.818252064128256684e+00 3.510022745622500603e-03
4.819291923847695003e+00 3.321041421568114022e-03
4.820331783567134210e+00 3.142242617384244808e-03
4.821371643286573416e+00 2.973138316214634942e-03
4.822411503006011735e+00 2.814847402187660007e-03
4.823451362725450942e+00 2.668436200129517717e-03
4.824491222444890148e+00 2.529910278908641206e-03
4.825531082164328467e+00 2.398784011902174718e-03
4.826570941883767674e+00 2.275165092535697854e-03
4.827610801603206880e+00 2.160023333118200189e-03
4.828650661322645199e+00 2.050622595411022778e-03
4.829690521042084406e+00 1.947341598718495791e-03
4.830730380761522724e+00 1.850342460755547260e-03
4.831770240480961931e+00 1.759745693044591826e-03
4.832810100200401138e+00 1.674383540335274345e-03
4.833849959919839456e+00 1.593016131470708068e-03
4.834889819639278663e+00 1.515231422826258511e-03
4.835929679358717870e+00 1.441428975121388173e-03
4.836969539078156188e+00 1.372537936708534368e-03
4.838009398797595395e+00 1.307044248821350721e-03
4.839049258517033714e+00 1.244956195588155234e-03
4.840089118236472920e+00 1.186566940518513340e-03
4.841128977955912127e+00 1.132132337575447083e-03
4.842168837675350446e+00 1.080385382710398858e-03
4.843208697394789652e+00 1.031311683724343018e-03
4.844248557114228859e+00 9.848368035417780393e-04
4.845288416833667178e+00 9.410864677396475189e-04
4.846328276553106384e+00 8.995422464418515460e-04
4.847368136272544703e+00 8.599141486636261485e-04
4.848407995991983910e+00 8.221517759978770904e-04
4.849447855711423117e+00 7.864958262377495617e-04
4.850487715430861435e+00 7.528727818466112408e-04
4.851527575150300642e+00 7.206320265959591806e-04
4.852567434869739849e+00 6.894731360332684343e-04
4.853607294589178167e+00 6.590540079176998708e-04
4.854647154308617374e+00 6.305867205864486204e-04
4.855687014028056581e+00 6.035058951930249082e-04
4.856726873747494899e+00 5.777632558387597005e-04
4.857766733466934106e+00 5.532876186543501506e-04
4.858806593186372424e+00 5.301590584868598769e-04
4.859846452905811631e+00 5.069740829386557143e-04
4.860886312625250838e+00 4.846395249369905562e-04
4.861926172344689157e+00 4.635841155960124292e-04
4.862966032064128363e+00 4.441189407890373505e-04
4.864005891783566682e+00 4.272478236981437204e-04
4.865045751503005889e+00 4.117371216195239323e-04
4.866085611222445095e+00 3.969897751868163116e-04
4.867125470941883414e+00 3.823465059504472163e-04
4.868165330661322621e+00 3.680818600168272049e-04
4.869205190380761827e+00 3.537819288952517393e-04
4.870245050100200146e+00 3.399288709934363668e-04
4.871284909819639353e+00 3.268866848668797068e-04
4.872324769539078559e+00 3.147368156969960356e-04
4.873364629258516878e+00 3.033306434946809191e-04
4.874404488977956085e+00 2.924508043799812227e-04
4.875444348697394403e+00 2.820775060846475945e-04
4.876484208416833610e+00 2.725381586721577275e-04
4.877524068136272817e+00 2.634727560565663668e-04
4.878563927855711135e+00 2.545672784175121123e-04
4.879603787575150342e+00 2.457401602272112073e-04
4.880643647294589549e+00 2.366976038220264646e-04
4.881683507014027867e+00 2.279922162934091493e-04
4.882723366733467074e+00 2.199363612630315641e-04
4.883763226452906281e+00 2.125095022501743871e-04
4.884803086172344599e+00 2.057096921306183536e-04
4.885842945891783806e+00 1.998386108685292156e-04
4.886882805611222125e+00 1.936970722591883237e-04
4.887922665330661331e+00 1.874997882217753541e-04
4.888962525050100538e+00 1.811634113342344688e-04
4.890002384769538857e+00 1.742182700220152366e-04
4.891042244488978064e+00 1.677233216705776729e-04
4.892082104208416382e+00 1.616955510753404195e-04
4.893121963927855589e+00 1.561740114986454595e-04
4.894161823647294796e+00 1.511853118114943459e-04
4.895201683366733114e+00 1.467710994472415874e-04
4.896241543086172321e+00 1.423753366065824287e-04
4.897281402805611528e+00 1.380082739525888692e-04
4.898321262525049846e+00 1.336285483604090845e-04
4.899361122244489053e+00 1.288680287454641526e-04
4.900400981963928260e+00 1.243704200728348646e-04
4.901440841683366578e+00 1.201365256736481414e-04
4.902480701402805785e+00 1.161796927547933494e-04
4.903520561122244104e+00 1.125373266649780911e-04
4.904560420841683310e+00 1.091180267853325997e-04
4.905600280561122517e+00 1.050652157402657920e-04
4.906640140280560836e+00 1.006142691859421008e-04
4.907680000000000042e+00 9.622592235307726445e-05
