2.990270000000000206e+00 9.056082624315645372e-05
2.992774809619238585e+00 1.032579230588129287e-04
2.995279619238476965e+00 1.176958209306681066e-04
2.997784428857715788e+00 1.329666363382408492e-04
3.000289238476954168e+00 1.508969237105743926e-04
3.002794048096192547e+00 1.711849878254968359e-04
3.005298857715430927e+00 1.928780775404583534e-04
3.007803667334669750e+00 2.186440730685595740e-04
3.010308476953908130e+00 2.471229435955222577e-04
3.012813286573146510e+00 2.791831659983804196e-04
3.015318096192384889e+00 3.157838298670477832e-04
3.017822905811623269e+00 3.565828770074465728e-04
3.020327715430862092e+00 4.017732623557923816e-04
3.022832525050100472e+00 4.520697856110880491e-04
3.025337334669338851e+00 5.085629419656164567e-04
3.027842144288577231e+00 5.714732760973589192e-04
3.030346953907815610e+00 6.441401635973931965e-04
3.032851763527054434e+00 7.272590302041670321e-04
3.035356573146292813e+00 8.217044864441234043e-04
3.037861382765531193e+00 9.306260301624478875e-04
3.040366192384769572e+00 1.054680555195153203e-03
3.042871002004008396e+00 1.199062486987096136e-03
3.045375811623246776e+00 1.366897140170092060e-03
3.047880621242485155e+00 1.561227900640170183e-03
3.050385430861723535e+00 1.787799464486233619e-03
3.052890240480961914e+00 2.047506216604330111e-03
3.055395050100200738e+00 2.350194950496344720e-03
3.057899859719439117e+00 2.703607333971152615e-03
3.060404669338677497e+00 3.119777067732248856e-03
3.062909478957915876e+00 3.615167652361637226e-03
3.065414288577154700e+00 4.199196260025396706e-03
3.067919098196393080e+00 4.887167013657462734e-03
3.070423907815631459e+00 5.699791547438499105e-03
3.072928717434869839e+00 6.645025889386903251e-03
3.075433527054108218e+00 7.759554267684376505e-03
3.077938336673347042e+00 9.082112657601624020e-03
3.080443146292585421e+00 1.064873970242501133e-02
3.082947955911823801e+00 1.251659309320113204e-02
3.085452765531062180e+00 1.472219424204800238e-02
3.087957575150301004e+00 1.732266274529942196e-02
3.090462384769539383e+00 2.038352006869258506e-02
3.092967194388777763e+00 2.398978820817078764e-02
3.095472004008016143e+00 2.827642347480412849e-02
3.097976813627254522e+00 3.325091787266449411e-02
3.100481623246493346e+00 3.903441851756522113e-02
3.102986432865731725e+00 4.569461652637871185e-02
3.105491242484970105e+00 5.335960802284069049e-02
3.107996052104208484e+00 6.212740972345287549e-02
3.110500861723447308e+00 7.210332914824441053e-02
3.113005671342685687e+00 8.343659805139594376e-02
3.115510480961924067e+00 9.609707567185803156e-02
3.118015290581162446e+00 1.100872109078231131e-01
3.120520100200400826e+00 1.254795190847586284e-01
3.123024909819639650e+00 1.422562574470541685e-01
3.125529719438878029e+00 1.600468452507349260e-01
3.128034529058116409e+00 1.787264131295291658e-01
3.130539338677354788e+00 1.980073220079491825e-01
3.133044148296593612e+00 2.174819983308369509e-01
3.135548957915831991e+00 2.369282512190587497e-01
3.138053767535070371e+00 2.560104024641709497e-01
3.140558577154308750e+00 2.744318566939775161e-01
3.143063386773547130e+00 2.919933804593893290e-01
3.145568196392785953e+00 3.082262982816151298e-01
3.148073006012024333e+00 3.232673674621223125e-01
3.150577815631262713e+00 3.362601817629574108e-01
3.153082625250501092e+00 3.474983809079534303e-01
3.155587434869739472e+00 3.570189211461962664e-01
3.158092244488978295e+00 3.649332050589088605e-01
3.160597054108216675e+00 3.713775045565393951e-01
3.163101863727455054e+00 3.764632008019752063e-01
3.165606673346693434e+00 3.805196027868615882e-01
3.168111482965931813e+00 3.837697967208797967e-01
3.170616292585170637e+00 3.865065983469848643e-01
3.173121102204409016e+00 3.895907102125977239e-01
3.175625911823647396e+00 3.918911687254025833e-01
3.178130721442885775e+00 3.939706644627591903e-01
3.180635531062124599e+00 3.958504070135792086e-01
3.183140340681362979e+00 3.974698992583518553e-01
3.185645150300601358e+00 3.990426467371163133e-01
3.188149959919839738e+00 4.005967830169178678e-01
3.190654769539078117e+00 4.021367107301863641e-01
3.193159579158316941e+00 4.036833398280752494e-01
3.195664388777555320e+00 4.052307989128390298e-01
3.198169198396793700e+00 4.072513693330767626e-01
3.200674008016032079e+00 4.087601053442065924e-01
3.203178817635270903e+00 4.101847241459846138e-01
3.205683627254509283e+00 4.115906239189305871e-01
3.208188436873747662e+00 4.129740965916969264e-01
3.210693246492986042e+00 4.143291387314300689e-01
3.213198056112224421e+00 4.151909234187801667e-01
3.215702865731463245e+00 4.165032339728073074e-01
3.218207675350701624e+00 4.178131378656120276e-01
3.220712484969940004e+00 4.191922295986432734e-01
3.223217294589178383e+00 4.212248331148576996e-01
3.225722104208417207e+00 4.227657066799775931e-01
3.228226913827655586e+00 4.243146441919429801e-01
3.230731723446893966e+00 4.257364075593788044e-01
3.233236533066132345e+00 4.268597222317649931e-01
3.235741342685370725e+00 4.279957859691358446e-01
3.238246152304609549e+00 4.291427718669416080e-01
3.240750961923847928e+00 4.302699728742782059e-01
3.243255771543086308e+00 4.313231819780057874e-01
3.245760581162324687e+00 4.328866019956960631e-01
3.248265390781563511e+00 4.339306363140388867e-01
3.250770200400801890e+00 4.350354906855234960e-01
3.253275010020040270e+00 4.362859815891532156e-01
3.255779819639278649e+00 4.375332459644845629e-01
3.258284629258517029e+00 4.387835499648815585e-01
3.260789438877755853e+00 4.399860827170465893e-01
3.263294248496994232e+00 4.410808992142422058e-01
3.265799058116232612e+00 4.421687821022257658e-01
3.268303867735470991e+00 4.437755551526452735e-01
3.270808677354709815e+00 4.447839863032397312e-01
3.273313486973948194e+00 4.456501972703604264e-01
3.275818296593186574e+00 4.465271234252727872e-01
3.278323106212424953e+00 4.474120425909551280e-01
3.280827915831663333e+00 4.483164078435407096e-01
3.283332725450902156e+00 4.492473075209020839e-01
3.285837535070140536e+00 4.501976321143960069e-01
3.288342344689378915e+00 4.511792430544979138e-01
3.290847154308617295e+00 4.527309049698903798e-01
3.293351963927856119e+00 4.537875534395034438e-01
3.295856773547094498e+00 4.548835082911373839e-01
3.298361583166332878e+00 4.560112119117706309e-01
3.300866392785571257e+00 4.570788738695020781e-01
3.303371202404809637e+00 4.580077537231083129e-01
3.305876012024048016e+00 4.589631227614470177e-01
3.308380821643286840e+00 4.599542685457265745e-01
3.310885631262525219e+00 4.609372825729887713e-01
3.313390440881763599e+00 4.624166108953617349e-01
3.315895250501002423e+00 4.633719527313510111e-01
3.318400060120240802e+00 4.643286875225974275e-01
3.320904869739479182e+00 4.652493989542465513e-01
3.323409679358717561e+00 4.661091141353381206e-01
3.325914488977955941e+00 4.669578014016005363e-01
3.328419298597194320e+00 4.677963508139788007e-01
3.330924108216433144e+00 4.682197055261391738e-01
3.333428917835671523e+00 4.679288033764477106e-01
3.335933727454909903e+00 4.681662717789710770e-01
3.338438537074148282e+00 4.678366446812770585e-01
3.340943346693387106e+00 4.666167805038765048e-01
3.343448156312625485e+00 4.639348902928317475e-01
3.345952965931863865e+00 4.612254027865118067e-01
3.348457775551102245e+00 4.584856488537955022e-01
3.350962585170340624e+00 4.542344964990798206e-01
3.353467394789579448e+00 4.475636378421604666e-01
3.355972204408817827e+00 4.408615489482586303e-01
3.358477014028056207e+00 4.341350878248770306e-01
3.360981823647294586e+00 4.303981176736064174e-01
3.363486633266533410e+00 4.313276544527425704e-01
3.365991442885771789e+00 4.322560626290294361e-01
3.368496252505010169e+00 4.331825495595533204e-01
3.371001062124248548e+00 4.368131952335815305e-01
3.373505871743486928e+00 4.452788630987932206e-01
3.376010681362725752e+00 4.532729015052233690e-01
3.378515490981964131e+00 4.610290403179309049e-01
3.381020300601202511e+00 4.666442142696378692e-01
3.383525110220440890e+00 4.691220579336892738e-01
3.386029919839679714e+00 4.716087941439747744e-01
3.388534729458918093e+00 4.740998870902316531e-01
3.391039539078156473e+00 4.753956633154754474e-01
3.393544348697394852e+00 4.749959144753932438e-01
3.396049158316633232e+00 4.745662889361757508e-01
3.398553967935872056e+00 4.741053314268602326e-01
3.401058777555110435e+00 4.735651786612752878e-01
3.403563587174348815e+00 4.729301664206087552e-01
3.406068396793587194e+00 4.722739194506053728e-01
3.408573206412826018e+00 4.715953420055761236e-01
3.411078016032064397e+00 4.716044233666407126e-01
3.413582825651302777e+00 4.712452402477068092e-01
3.416087635270541156e+00 4.713918921009365159e-01
3.418592444889779536e+00 4.709888574610803236e-01
3.421097254509018359e+00 4.708881959115900351e-01
3.423602064128256739e+00 4.711847576065448240e-01
3.426106873747495118e+00 4.714715084959267832e-01
3.428611683366733498e+00 4.717581804376584920e-01
3.431116492985972322e+00 4.718932746628834440e-01
3.433621302605210701e+00 4.718204076911727274e-01
3.436126112224449081e+00 4.717228604311852758e-01
3.438630921843687460e+00 4.716027457337870765e-01
3.441135731462925840e+00 4.712935015283065687e-01
3.443640541082164663e+00 4.711328406462261253e-01
3.446145350701403043e+00 4.708332002140479533e-01
3.448650160320641422e+00 4.706895219540351283e-01
3.451154969939879802e+00 4.706274215076023948e-01
3.453659779559118626e+00 4.706679742564089386e-01
3.456164589178357005e+00 4.707239069399146159e-01
3.458669398797595385e+00 4.707904361107249080e-01
3.461174208416833764e+00 4.712143422344864940e-01
3.463679018036072144e+00 4.720416676951799673e-01
3.466183827655310523e+00 4.728784964473262131e-01
3.468688637274549347e+00 4.737218953610013994e-01
3.471193446893787726e+00 4.742802743053877168e-01
3.473698256513026106e+00 4.745258032471594278e-01
3.476203066132264929e+00 4.748954223476335446e-01
3.478707875751503309e+00 4.756051772020075119e-01
3.481212685370741688e+00 4.767111664805828153e-01
3.483717494989980068e+00 4.776064917643271790e-01
3.486222304609218448e+00 4.784979193761089156e-01
3.488727114228456827e+00 4.793802688698527437e-01
3.491231923847695651e+00 4.803846376999246770e-01
3.493736733466934030e+00 4.815151208194444754e-01
3.496241543086172410e+00 4.826344911433792517e-01
3.498746352705411233e+00 4.837427383409390047e-01
3.501251162324649613e+00 4.847770293866724978e-01
3.503755971943887992e+00 4.857353379676342398e-01
3.506260781563126372e+00 4.866813127638249803e-01
3.508765591182364751e+00 4.881892340164661337e-01
3.511270400801603131e+00 4.897430702023715665e-01
3.513775210420841955e+00 4.908011558786446460e-01
3.516280020040080334e+00 4.918369410358988114e-01
3.518784829659318714e+00 4.928601305821059819e-01
3.521289639278557537e+00 4.937859984437329985e-01
3.523794448897795917e+00 4.946155299585160425e-01
3.526299258517034296e+00 4.954438495101952111e-01
3.528804068136272676e+00 4.962704214425462945e-01
3.531308877755511055e+00 4.970328018409323478e-01
3.533813687374749435e+00 4.977393672188705209e-01
3.536318496993988258e+00 4.990275685232637981e-01
3.538823306613226638e+00 4.997345663690503925e-01
3.541328116232465018e+00 5.002918636394468876e-01
3.543832925851703397e+00 5.012807979073379272e-01
3.546337735470942221e+00 5.017198456627449676e-01
3.548842545090180600e+00 5.021665294323461870e-01
3.551347354709418980e+00 5.027713105533687665e-01
3.553852164328657359e+00 5.035228821182415881e-01
3.556356973947895739e+00 5.039031670721538791e-01
3.558861783567134562e+00 5.042971419384509879e-01
3.561366593186372942e+00 5.047741437712250923e-01
3.563871402805611321e+00 5.053182697609335250e-01
3.566376212424849701e+00 5.058731982035358232e-01
3.568881022044088525e+00 5.069619966755718465e-01
3.571385831663326904e+00 5.075424314115687396e-01
3.573890641282565284e+00 5.080030104014188197e-01
3.576395450901803663e+00 5.084705347541357279e-01
3.578900260521042043e+00 5.095107742782793991e-01
3.581405070140280422e+00 5.099201012789067455e-01
3.583909879759519246e+00 5.102825823858574417e-01
3.586414689378757625e+00 5.112448552021819914e-01
3.588919498997996005e+00 5.116108388624427405e-01
3.591424308617234828e+00 5.119032004991308504e-01
3.593929118236473208e+00 5.121404256365855723e-01
3.596433927855711588e+00 5.123792890290062019e-01
3.598938737474949967e+00 5.126235185602024957e-01
3.601443547094188347e+00 5.128735348065067701e-01
3.603948356713426726e+00 5.136883710024693350e-01
3.606453166332665550e+00 5.139684138468555430e-01
3.608957975951903929e+00 5.142194989044066578e-01
3.611462785571142309e+00 5.144020273751435113e-01
3.613967595190381132e+00 5.145358636717998202e-01
3.616472404809619512e+00 5.146694883924780584e-01
3.618977214428857891e+00 5.148028844071412813e-01
3.621482024048096271e+00 5.154993145292081635e-01
3.623986833667334650e+00 5.156183462052353894e-01
3.626491643286573030e+00 5.157397199652761222e-01
3.628996452905811854e+00 5.158601105715614477e-01
3.631501262525050233e+00 5.160597827955037964e-01
3.634006072144288613e+00 5.163110231637387804e-01
3.636510881763527436e+00 5.165622087730366019e-01
3.639015691382765816e+00 5.168139325262919304e-01
3.641520501002004195e+00 5.171425073222714053e-01
3.644025310621242575e+00 5.175191396979940128e-01
3.646530120240480954e+00 5.178925908074517581e-01
3.649034929859719334e+00 5.182842529128897091e-01
3.651539739478958158e+00 5.193179435092180052e-01
3.654044549098196537e+00 5.198183823040876117e-01
3.656549358717434917e+00 5.203115566907475786e-01
3.659054168336673740e+00 5.207975775955938635e-01
3.661558977955912120e+00 5.211885675723750833e-01
3.664063787575150499e+00 5.215235879749982040e-01
3.666568597194388879e+00 5.218514109236045417e-01
3.669073406813627258e+00 5.222115971971045267e-01
3.671578216432865638e+00 5.231426616632148807e-01
3.674083026052104461e+00 5.235720812332500529e-01
3.676587835671342841e+00 5.239908853911794395e-01
3.679092645290581221e+00 5.244014717558295180e-01
3.681597454909820044e+00 5.248011962613464698e-01
3.684102264529058424e+00 5.251938192999899835e-01
3.686607074148296803e+00 5.255769190465935381e-01
3.689111883767535183e+00 5.259546285130518584e-01
3.691616693386773562e+00 5.261615236099692616e-01
3.694121503006011942e+00 5.268817384378970958e-01
3.696626312625250765e+00 5.269909046986526180e-01
3.699131122244489145e+00 5.270992088225373573e-01
3.701635931863727524e+00 5.272058887033965746e-01
3.704140741482965904e+00 5.273133631907886976e-01
3.706645551102204728e+00 5.274262000687561791e-01
3.709150360721443107e+00 5.275427961964281875e-01
3.711655170340681487e+00 5.277473891505968240e-01
3.714159979959919866e+00 5.279981967302114221e-01
3.716664789579158246e+00 5.282467658667864274e-01
3.719169599198397069e+00 5.284967063084664574e-01
3.721674408817635449e+00 5.287534109212864708e-01
3.724179218436873828e+00 5.290139950544067160e-01
3.726684028056112208e+00 5.292769193705230135e-01
3.729188837675351031e+00 5.295394550346154139e-01
3.731693647294589411e+00 5.298045834400524345e-01
3.734198456913827791e+00 5.300696818271286581e-01
3.736703266533066170e+00 5.309434615903418919e-01
3.739208076152304550e+00 5.311920349622998305e-01
3.741712885771542929e+00 5.319219327209062653e-01
3.744217695390781753e+00 5.319959963032435679e-01
3.746722505010020132e+00 5.320492189680450235e-01
3.749227314629258512e+00 5.320842622672565803e-01
3.751732124248497335e+00 5.320978846810461294e-01
3.754236933867735715e+00 5.320879975652326177e-01
3.756741743486974094e+00 5.320517833426843257e-01
3.759246553106212474e+00 5.319861388178238615e-01
3.761751362725450853e+00 5.318932483704761349e-01
3.764256172344689233e+00 5.317746943146194338e-01
3.766760981963928057e+00 5.316334124682515760e-01
3.769265791583166436e+00 5.314713186005063372e-01
3.771770601202404816e+00 5.312749470432875931e-01
3.774275410821643639e+00 5.310503197023009880e-01
3.776780220440882019e+00 5.312854687139171306e-01
3.779285030060120398e+00 5.311620103162527640e-01
3.781789839679358778e+00 5.310047675383604560e-01
3.784294649298597157e+00 5.308876150983584674e-01
3.786799458917835537e+00 5.307683787428351119e-01
3.789304268537074361e+00 5.306485276971585341e-01
3.791809078156312740e+00 5.303388030624186511e-01
3.794313887775551120e+00 5.299703270976511282e-01
3.796818697394789943e+00 5.296267951544071373e-01
3.799323507014028323e+00 5.293048118530290225e-01
3.801828316633266702e+00 5.292096844129431377e-01
3.804333126252505082e+00 5.292164572240987130e-01
3.806837935871743461e+00 5.292536848276766515e-01
3.809342745490981841e+00 5.293334166699726895e-01
3.811847555110220664e+00 5.293491211414854680e-01
3.814352364729459044e+00 5.293686388479486027e-01
3.816857174348697423e+00 5.294270459293266562e-01
3.819361983967936247e+00 5.301264501738186530e-01
3.821866793587174627e+00 5.302569267729347890e-01
3.824371603206413006e+00 5.304255054477016174e-01
3.826876412825651386e+00 5.306243242088717338e-01
3.829381222444889765e+00 5.308473786597293076e-01
3.831886032064128145e+00 5.310798125428853877e-01
3.834390841683366968e+00 5.313122925801131435e-01
3.836895651302605348e+00 5.315379053528359599e-01
3.839400460921843727e+00 5.323420931794083932e-01
3.841905270541082551e+00 5.325313223516054961e-01
3.844410080160320931e+00 5.326853040529503369e-01
3.846914889779559310e+00 5.327976107862667510e-01
3.849419699398797690e+00 5.328550399548818151e-01
3.851924509018036069e+00 5.328361975725789401e-01
3.854429318637274449e+00 5.327471325998827112e-01
3.856934128256513272e+00 5.325824600431504630e-01
3.859438937875751652e+00 5.329452550671369693e-01
3.861943747494990031e+00 5.326095433957215297e-01
3.864448557114228411e+00 5.321730031280152984e-01
3.866953366733467234e+00 5.316326503197075226e-01
3.869458176352705614e+00 5.309960806349105500e-01
3.871962985971943993e+00 5.302481708203596877e-01
3.874467795591182373e+00 5.294043728134977256e-01
3.876972605210420753e+00 5.284643264331836399e-01
3.879477414829659576e+00 5.274358671932593001e-01
3.881982224448897956e+00 5.263466604215153444e-01
3.884487034068136335e+00 5.251936783523406538e-01
3.886991843687374715e+00 5.239913604337521624e-01
3.889496653306613538e+00 5.227458382352090371e-01
3.892001462925851918e+00 5.214532396347576482e-01
3.894506272545090297e+00 5.201272861693622129e-01
3.897011082164328677e+00 5.187805083476465517e-01
3.899515891783567056e+00 5.179992967222014633e-01
3.902020701402805436e+00 5.166016754408908618e-01
3.904525511022044260e+00 5.151904670070812653e-01
3.907030320641282639e+00 5.137597741724797551e-01
3.909535130260521019e+00 5.122978944359467546e-01
3.912039939879759842e+00 5.108088810352995335e-01
3.914544749498998222e+00 5.095604810172004173e-01
3.917049559118236601e+00 5.081576268416734266e-01
3.919554368737474981e+00 5.063603304825133877e-01
3.922059178356713360e+00 5.043831800941858123e-01
3.924563987975951740e+00 5.021662049955074592e-01
3.927068797595190563e+00 4.996442169187670368e-01
3.929573607214428943e+00 4.967442673986180446e-01
3.932078416833667323e+00 4.933676651742898711e-01
3.934583226452906146e+00 4.894172545902789606e-01
3.937088036072144526e+00 4.848767594914278889e-01
3.939592845691382905e+00 4.800622721016851169e-01
3.942097655310621285e+00 4.740307781862479475e-01
3.944602464929859664e+00 4.671073573568388926e-01
3.947107274549098044e+00 4.591963905294254022e-01
3.949612084168336867e+00 4.502297453672847727e-01
3.952116893787575247e+00 4.400261314213505526e-01
3.954621703406813626e+00 4.287163531327203292e-01
3.957126513026052450e+00 4.163225113849846060e-01
3.959631322645290830e+00 4.028761146937613891e-01
3.962136132264529209e+00 3.884473178525881254e-01
3.964640941883767589e+00 3.731193938012767330e-01
3.967145751503005968e+00 3.570020999034060338e-01
3.969650561122244348e+00 3.404671427415073004e-01
3.972155370741483171e+00 3.233171109470206472e-01
3.974660180360721551e+00 3.056940303491087474e-01
3.977164989979959930e+00 2.879427703085712942e-01
3.979669799599198754e+00 2.703764362133125876e-01
3.982174609218437134e+00 2.526569428578687160e-01
3.984679418837675513e+00 2.352209705270754958e-01
3.987184228456913893e+00 2.182071730728871728e-01
3.989689038076152272e+00 2.017229443631036456e-01
3.992193847695390652e+00 1.858681856757948836e-01
3.994698657314629031e+00 1.707208115300943574e-01
3.997203466933867855e+00 1.563397295017367739e-01
3.999708276553106234e+00 1.427667955349862794e-01
4.002213086172345058e+00 1.300512083764079896e-01
4.004717895791583437e+00 1.181988848947072984e-01
4.007222705410821817e+00 1.071936023573434732e-01
4.009727515030060196e+00 9.701976303921973355e-02
4.012232324649298576e+00 8.767405030458577664e-02
4.014737134268536956e+00 7.910408488633276225e-02
4.017241943887775335e+00 7.127164645310463120e-02
4.019746753507014603e+00 6.423316183754719522e-02
4.022251563126252094e+00 5.781743256751011029e-02
4.024756372745491362e+00 5.193916135491035563e-02
4.027261182364729741e+00 4.662459923629597852e-02
4.029765991983968121e+00 4.183050684227944405e-02
4.032270801603206500e+00 3.751300195296278228e-02
4.034775611222444880e+00 3.362959725598647226e-02
4.037280420841683259e+00 3.015737804694876290e-02
4.039785230460921639e+00 2.704252085683320553e-02
4.042290040080160907e+00 2.425546974438610309e-02
4.044794849699398398e+00 2.175906762974702188e-02
4.047299659318637666e+00 1.952573623468729924e-02
4.049804468937876045e+00 1.752586388257302424e-02
4.052309278557114425e+00 1.573455543515332733e-02
4.054814088176352804e+00 1.413884913420099775e-02
4.057318897795591184e+00 1.271229627954547151e-02
4.059823707414829563e+00 1.143559007276346955e-02
4.062328517034067943e+00 1.030481423714846474e-02
4.064833326653307211e+00 9.280860720598301666e-03
4.067338136272544702e+00 8.363674575532010699e-03
4.069842945891783970e+00 7.544572661303141844e-03
4.072347755511022349e+00 6.817058447001759364e-03
4.074852565130260729e+00 6.167281342797641119e-03
4.077357374749499108e+00 5.581287732126862487e-03
4.079862184368737488e+00 5.056538389382640025e-03
4.082366993987975867e+00 4.583626251198972580e-03
4.084871803607214247e+00 4.159136738319962369e-03
4.087376613226453514e+00 3.776573751575224448e-03
4.089881422845691006e+00 3.431160832226499025e-03
4.092386232464930274e+00 3.120965079383832257e-03
4.094891042084168653e+00 2.842446626566122979e-03
4.097395851703407033e+00 2.592541839566218052e-03
4.099900661322645412e+00 2.366988053995390182e-03
4.102405470941883792e+00 2.163187530750841289e-03
4.104910280561122171e+00 1.980993788952571579e-03
4.107415090180360551e+00 1.813963900716867228e-03
4.109919899799599818e+00 1.662714401763953952e-03
4.112424709418837310e+00 1.527141614222766921e-03
4.114929519038076577e+00 1.403818747461439134e-03
4.117434328657314957e+00 1.291652411022398313e-03
4.119939138276553336e+00 1.191022393376569080e-03
4.122443947895791716e+00 1.098097312040627847e-03
4.124948757515030096e+00 1.013163733396103047e-03
4.127453567134268475e+00 9.355847466860276167e-04
4.129958376753506855e+00 8.646771240892660998e-04
4.132463186372746122e+00 7.999710593077052467e-04
4.134967995991983614e+00 7.422186747258434488e-04
4.137472805611222881e+00 6.891129874292845764e-04
4.139977615230461261e+00 6.413773391278198427e-04
4.142482424849699640e+00 5.958708764664551573e-04
4.144987234468938020e+00 5.532027085359797047e-04
4.147492044088176399e+00 5.152049177626062638e-04
4.149996853707414779e+00 4.812071287966198426e-04
4.152501663326653158e+00 4.502018430249059137e-04
4.155006472945891538e+00 4.225620521938427509e-04
4.157511282565129918e+00 3.945655780982287798e-04
4.160016092184369185e+00 3.688824739088013716e-04
4.162520901803607565e+00 3.456590060214752617e-04
4.165025711422845944e+00 3.238581507248138708e-04
4.167530521042084324e+00 3.048354435545563563e-04
4.170035330661322703e+00 2.880655006218163549e-04
4.172540140280561083e+00 2.722302385741117879e-04
4.175044949899799462e+00 2.571150978740550323e-04
4.177549759519037842e+00 2.433941964308586337e-04
4.180054569138276221e+00 2.305620373648841284e-04
4.182559378757515489e+00 2.179640942812398948e-04
4.185064188376753869e+00 2.063374288319779978e-04
4.187568997995992248e+00 1.962942588023592781e-04
4.190073807615230628e+00 1.861995592328022483e-04
4.192578617234469007e+00 1.772214602394165132e-04
4.195083426853707387e+00 1.690601873325514733e-04
4.197588236472945766e+00 1.612534210250752458e-04
4.200093046092184146e+00 1.534633505975859338e-04
4.202597855711422525e+00 1.464211252012058884e-04
4.205102665330661793e+00 1.401249139524569985e-04
4.207607474949900173e+00 1.351856276195597718e-04
4.210112284569138552e+00 1.308877753172321776e-04
4.212617094188376932e+00 1.279663733295226247e-04
4.215121903807615311e+00 1.245714202555024870e-04
4.217626713426853691e+00 1.207098434398603794e-04
4.220131523046092070e+00 1.169514132591905795e-04
4.222636332665330450e+00 1.133687243294189838e-04
4.225141142284568829e+00 1.088390320540930827e-04
4.227645951903808097e+00 1.049905435163329698e-04
4.230150761523046476e+00 1.017323897457455184e-04
4.232655571142284856e+00 9.936184522353607178e-05
4.235160380761523236e+00 9.678905943665424519e-05
4.237665190380761615e+00 9.485822778931104658e-05
4.240169999999999995e+00 9.085949045140779038e-05
