3.184849999999999959e+00 8.995854513488220328e-05
3.185093727454909818e+00 9.269468405896537355e-05
3.185337454909819677e+00 9.542305194880543022e-05
3.185581182364729536e+00 9.815324315487781786e-05
3.185824909819639394e+00 1.008852579632784990e-04
3.186068637274549253e+00 1.036190963777913797e-04
3.186312364729458668e+00 1.082315380750960363e-04
3.186556092184368527e+00 1.151817231298791176e-04
3.186799819639278386e+00 1.221364608081336055e-04
3.187043547094188245e+00 1.290957518302439724e-04
3.187287274549098104e+00 1.360595971779619264e-04
3.187531002004007963e+00 1.430279970984171768e-04
3.187774729458917822e+00 1.490814392366713583e-04
3.188018456913827681e+00 1.550386122501221846e-04
3.188262184368737540e+00 1.609997479038897744e-04
3.188505911823647399e+00 1.669648449082747690e-04
3.188749639278557257e+00 1.729339038693663492e-04
3.188993366733466672e+00 1.799270047715208795e-04
3.189237094188376531e+00 1.887573201042186399e-04
3.189480821643286390e+00 1.975934265990700919e-04
3.189724549098196249e+00 2.064353249808960193e-04
3.189968276553106108e+00 2.152830160754399755e-04
3.190212004008015967e+00 2.241372984653489651e-04
3.190455731462925826e+00 2.316833045889580027e-04
3.190699458917835685e+00 2.389331974757062085e-04
3.190943186372745544e+00 2.461879209634296292e-04
3.191186913827655403e+00 2.534474805904750371e-04
3.191430641282565261e+00 2.607118741192724124e-04
3.191674368737475120e+00 2.688403634625739563e-04
3.191918096192384535e+00 2.793028032213800771e-04
3.192161823647294394e+00 2.897721163446442491e-04
3.192405551102204253e+00 3.002483021854016770e-04
3.192649278557114112e+00 3.107313597491175570e-04
3.192893006012023971e+00 3.212212900484054932e-04
3.193136733466933830e+00 3.329760939901304758e-04
3.193380460921843689e+00 3.452146333368687810e-04
3.193624188376753548e+00 3.574612902322276266e-04
3.193867915831663407e+00 3.697160659452480912e-04
3.194111643286573265e+00 3.819789628099242297e-04
3.194355370741483124e+00 3.952256814443178283e-04
3.194599098196392539e+00 4.128807535381663987e-04
3.194842825651302398e+00 4.305469661789999999e-04
3.195086553106212257e+00 4.482243197566108343e-04
3.195330280561122116e+00 4.659128146918553939e-04
3.195574008016031975e+00 4.836124539066562569e-04
3.195817735470941834e+00 5.049303750266528586e-04
3.196061462925851693e+00 5.283132822813128892e-04
3.196305190380761552e+00 5.517109788509895908e-04
3.196548917835671411e+00 5.751234744610217702e-04
3.196792645290581270e+00 5.985507709015341167e-04
3.197036372745491128e+00 6.227930083911071028e-04
3.197280100200400987e+00 6.547133120663627863e-04
3.197523827655310402e+00 6.866715577600305707e-04
3.197767555110220261e+00 7.186677497294264184e-04
3.198011282565130120e+00 7.506918781526061325e-04
3.198255010020039979e+00 7.825381123051107892e-04
3.198498737474949838e+00 8.218773254051222731e-04
3.198742464929859697e+00 8.673706846541430699e-04
3.198986192384769556e+00 9.128927972245951504e-04
3.199229919839679415e+00 9.584435921663524236e-04
3.199473647294589274e+00 1.004023135635414947e-03
3.199717374749499132e+00 1.049717660518582462e-03
3.199961102204408991e+00 1.111187018552958240e-03
3.200204829659318406e+00 1.172670623871482042e-03
3.200448557114228265e+00 1.234184722553030144e-03
3.200692284569138124e+00 1.295733518350839332e-03
3.200936012024047983e+00 1.357317014856921928e-03
3.201179739478957842e+00 1.432073595814470314e-03
3.201423466933867701e+00 1.522212063854653553e-03
3.201667194388777560e+00 1.612401448121905537e-03
3.201910921843687419e+00 1.702641753941277212e-03
3.202154649298597278e+00 1.792932798991887311e-03
3.202398376753507137e+00 1.883274643801891024e-03
3.202642104208416995e+00 2.007492848256903131e-03
3.202885831663326410e+00 2.134828548510599427e-03
3.203129559118236269e+00 2.262236645248104448e-03
3.203373286573146128e+00 2.389717136357803490e-03
3.203617014028055987e+00 2.517270226038994217e-03
3.203860741482965846e+00 2.669220484967891726e-03
3.204104468937875705e+00 2.862091217343923875e-03
3.204348196392785564e+00 3.055069081340539006e-03
3.204591923847695423e+00 3.248154438493086951e-03
3.204835651302605282e+00 3.441347299118689435e-03
3.205079378757515141e+00 3.634647360420834635e-03
3.205323106212424999e+00 3.907613538014077618e-03
3.205566833667334414e+00 4.197100831612091305e-03
3.205810561122244273e+00 4.486741765551985339e-03
3.206054288577154132e+00 4.776536028300039025e-03
3.206298016032063991e+00 5.066482723528260498e-03
3.206541743486973850e+00 5.405982882189038982e-03
3.206785470941883709e+00 5.869439971403807819e-03
3.207029198396793568e+00 6.333147579983487360e-03
3.207272925851703427e+00 6.797103917621542639e-03
3.207516653306613286e+00 7.261310754927553617e-03
3.207760380761523145e+00 7.725768110589554920e-03
3.208004108216433004e+00 8.395688750936681002e-03
3.208247835671342862e+00 9.137597652764199371e-03
3.208491563126252277e+00 9.879897446125067775e-03
3.208735290581162136e+00 1.062258815307364802e-02
3.208979018036071995e+00 1.136566979565900581e-02
3.209222745490981854e+00 1.221099668050429354e-02
3.209466472945891713e+00 1.347137441652231961e-02
3.209710200400801572e+00 1.473240943475925303e-02
3.209953927855711431e+00 1.599410176751007648e-02
3.210197655310621290e+00 1.725638708206403416e-02
3.210441382765531149e+00 1.851930423929128156e-02
3.210685110220441008e+00 2.036139037131939888e-02
3.210928837675350866e+00 2.251159878650189558e-02
3.211172565130260281e+00 2.466290016928319312e-02
3.211416292585170140e+00 2.681529784057463256e-02
3.211660020040079999e+00 2.896879511385601000e-02
3.211903747494989858e+00 3.128985612217680817e-02
3.212147474949899717e+00 3.496439946285218731e-02
3.212391202404809576e+00 3.863535566449859820e-02
3.212634929859719435e+00 4.230611901823021215e-02
3.212878657314629294e+00 4.597668950649782399e-02
3.213122384769539153e+00 4.965388068423087775e-02
3.213366112224449012e+00 5.462190369522313543e-02
3.213609839679358871e+00 6.057952922389867045e-02
3.213853567134268729e+00 6.654014524937118535e-02
3.214097294589178144e+00 7.250373386574501811e-02
3.214341022044088003e+00 7.847028087882632064e-02
3.214584749498997862e+00 8.449647467061303929e-02
3.214828476953907721e+00 9.314793259683611104e-02
3.215072204408817580e+00 1.018036932520511723e-01
3.215315931863727439e+00 1.104637218441182761e-01
3.215559659318637298e+00 1.191280618361589827e-01
3.215803386773547157e+00 1.277967133105588904e-01
3.216047114228457016e+00 1.372862747325189203e-01
3.216290841683366875e+00 1.476755755563380901e-01
3.216534569138276733e+00 1.580700134624777042e-01
3.216778296593186148e+00 1.684695885271629279e-01
3.217022024048096007e+00 1.788742888522724117e-01
3.217265751503005866e+00 1.892839975387007323e-01
3.217509478957915725e+00 1.982618578798698572e-01
3.217753206412825584e+00 2.071409077156506351e-01
3.217996933867735443e+00 2.160241282125876239e-01
3.218240661322645302e+00 2.249113462287154475e-01
3.218484388777555161e+00 2.338027187380026795e-01
3.218728116232465020e+00 2.414243485446561088e-01
3.218971843687374879e+00 2.470489224246321391e-01
3.219215571142284738e+00 2.526760719591346072e-01
3.219459298597194152e+00 2.583059470833405369e-01
3.219703026052104011e+00 2.639385711236835186e-01
3.219946753507013870e+00 2.695739441168445438e-01
3.220190480961923729e+00 2.721028505029859934e-01
3.220434208416833588e+00 2.740639044983659844e-01
3.220677935871743447e+00 2.760260463304086698e-01
3.220921663326653306e+00 2.779892759787830347e-01
3.221165390781563165e+00 2.800082749568597040e-01
3.221409118236473024e+00 2.814172280565435114e-01
3.221652845691382883e+00 2.813454751610685589e-01
3.221896573146292742e+00 2.812734494785621431e-01
3.222140300601202156e+00 2.811544393785218587e-01
3.222384028056112015e+00 2.810008285438391762e-01
3.222627755511021874e+00 2.808470806794651220e-01
3.222871482965931733e+00 2.804159788155234367e-01
3.223115210420841592e+00 2.798954451447457359e-01
3.223358937875751451e+00 2.793744279058662516e-01
3.223602665330661310e+00 2.788530674829878819e-01
3.223846392785571169e+00 2.783313638863617601e-01
3.224090120240481028e+00 2.779118407400727464e-01
3.224333847695390887e+00 2.778712092497742647e-01
3.224577575150300746e+00 2.778305060981567376e-01
3.224821302605210604e+00 2.777897312850525213e-01
3.225065030060120019e+00 2.777488104156345949e-01
3.225308757515029878e+00 2.777076134991229295e-01
3.225552484969939737e+00 2.781826444269484555e-01
3.225796212424849596e+00 2.789134847646586035e-01
3.226039939879759455e+00 2.796446525368495584e-01
3.226283667334669314e+00 2.803759535631616950e-01
3.226527394789579173e+00 2.811076276126257545e-01
3.226771122244489032e+00 2.819221343545608160e-01
3.227014849699398891e+00 2.833148560603133692e-01
3.227258577154308750e+00 2.847080536830430275e-01
3.227502304609218609e+00 2.861020049663201559e-01
3.227746032064128023e+00 2.874967098976456414e-01
3.227989759519037882e+00 2.888921684645214816e-01
3.228233486973947741e+00 2.905346293736767449e-01
3.228477214428857600e+00 2.923558925121786389e-01
3.228720941883767459e+00 2.941781417620804029e-01
3.228964669338677318e+00 2.960013770968239477e-01
3.229208396793587177e+00 2.978253225819594840e-01
3.229452124248497036e+00 2.996517250604184279e-01
3.229695851703406895e+00 3.015188815037070924e-01
3.229939579158316754e+00 3.033870758740891960e-01
3.230183306613226613e+00 3.052330698758068950e-01
3.230427034068136471e+00 3.070721266929071214e-01
3.230670761523045886e+00 3.089118612387005691e-01
3.230914488977955745e+00 3.106035553294366203e-01
3.231158216432865604e+00 3.121425885365745057e-01
3.231401943887775463e+00 3.136820737043146123e-01
3.231645671342685322e+00 3.152221313583383755e-01
3.231889398797595181e+00 3.167627615069093516e-01
3.232133126252505040e+00 3.183037707243608905e-01
3.232376853707414899e+00 3.192708287870390516e-01
3.232620581162324758e+00 3.202072423911797028e-01
3.232864308617234617e+00 3.211439889142548298e-01
3.233108036072144476e+00 3.220809090473715219e-01
3.233351763527053890e+00 3.230179604872722154e-01
3.233595490981963749e+00 3.236982604762427274e-01
3.233839218436873608e+00 3.240007047698415521e-01
3.234082945891783467e+00 3.243031211091199628e-01
3.234326673346693326e+00 3.246053934925550166e-01
3.234570400801603185e+00 3.249077603523518598e-01
3.234814128256513044e+00 3.252102216902462706e-01
3.235057855711422903e+00 3.250735630261244458e-01
3.235301583166332762e+00 3.248655059931974676e-01
3.235545310621242621e+00 3.246573457317750711e-01
3.235789038076152480e+00 3.244490822405384223e-01
3.236032765531061894e+00 3.242406673541939344e-01
3.236276492985971753e+00 3.239244600422039322e-01
3.236520220440881612e+00 3.233764219290935493e-01
3.236763947895791471e+00 3.228281477666322119e-01
3.237007675350701330e+00 3.222796264439687919e-01
3.237251402805611189e+00 3.217305280852977289e-01
3.237495130260521048e+00 3.211811948444852627e-01
3.237738857715430907e+00 3.205795682697272220e-01
3.237982585170340766e+00 3.199623735232127175e-01
3.238226312625250625e+00 3.193446005986237957e-01
3.238470040080160484e+00 3.187265462862937659e-01
3.238713767535070343e+00 3.181082352689570958e-01
3.238957494989979757e+00 3.175248816552921904e-01
3.239201222444889616e+00 3.170597924162945058e-01
3.239444949899799475e+00 3.165944306144923837e-01
3.239688677354709334e+00 3.161288550721014223e-01
3.239932404809619193e+00 3.156630657801591244e-01
3.240176132264529052e+00 3.151906107575022098e-01
3.240419859719438911e+00 3.149356900739755938e-01
3.240663587174348770e+00 3.147820996499993695e-01
3.240907314629258629e+00 3.146284367613898514e-01
3.241151042084168488e+00 3.144745034857588384e-01
3.241394769539078347e+00 3.143203765229433122e-01
3.241638496993987761e+00 3.142156296008675187e-01
3.241882224448897620e+00 3.144130702010154432e-01
3.242125951903807479e+00 3.146104015032356038e-01
3.242369679358717338e+00 3.148076336123257213e-01
3.242613406813627197e+00 3.150049164776193567e-01
3.242857134268537056e+00 3.152022501000903421e-01
3.243100861723446915e+00 3.155357993751179424e-01
3.243344589178356774e+00 3.159614357382093952e-01
3.243588316633266633e+00 3.163871981092729047e-01
3.243832044088176492e+00 3.168130864893420329e-01
3.244075771543086351e+00 3.172674404600877573e-01
3.244319498997995765e+00 3.177830429137187829e-01
3.244563226452905624e+00 3.182658758355244588e-01
3.244806953907815483e+00 3.187490280852309232e-01
3.245050681362725342e+00 3.192133536077023659e-01
3.245294408817635201e+00 3.196049515958009901e-01
3.245538136272545060e+00 3.199966715794496097e-01
3.245781863727454919e+00 3.201138448289380101e-01
3.246025591182364778e+00 3.199655341147388810e-01
3.246269318637274637e+00 3.198169131025123679e-01
3.246513046092184496e+00 3.196682215101269708e-01
3.246756773547094355e+00 3.195194593352719270e-01
3.247000501002004214e+00 3.193706260566139266e-01
3.247244228456913628e+00 3.182486867227714011e-01
3.247487955911823487e+00 3.170905357059373708e-01
3.247731683366733346e+00 3.159319441705798481e-01
3.247975410821643205e+00 3.147729120982052375e-01
3.248219138276553064e+00 3.136132303476229510e-01
3.248462865731462923e+00 3.117511859635339611e-01
3.248706593186372782e+00 3.089209301745204916e-01
3.248950320641282641e+00 3.060895904691259828e-01
3.249194048096192500e+00 3.032570005535684121e-01
3.249437775551102359e+00 3.004232875344690079e-01
3.249681503006012218e+00 2.975884943109178282e-01
3.249925230460921632e+00 2.932932673676869606e-01
3.250168957915831491e+00 2.888007098698230357e-01
3.250412685370741350e+00 2.843104767387603093e-01
3.250656412825651209e+00 2.798180562422092899e-01
3.250900140280561068e+00 2.753234482444988362e-01
3.251143867735470927e+00 2.704071247809531342e-01
3.251387595190380786e+00 2.646458872589478872e-01
3.251631322645290645e+00 2.588818001634629606e-01
3.251875050100200504e+00 2.531148632907010421e-01
3.252118777555110363e+00 2.473450145976952286e-01
3.252362505010020222e+00 2.415722550638010613e-01
3.252606232464929636e+00 2.351073620278852916e-01
3.252849959919839495e+00 2.284543362539515621e-01
3.253093687374749354e+00 2.217980804379575677e-01
3.253337414829659213e+00 2.151385754965824404e-01
3.253581142284569072e+00 2.084758844305160119e-01
3.253824869739478931e+00 2.018024683551946918e-01
3.254068597194388790e+00 1.951024516806906250e-01
3.254312324649298649e+00 1.883990606990073036e-01
3.254556052104208508e+00 1.816923506422596368e-01
3.254799779559118367e+00 1.749823212670728323e-01
3.255043507014028226e+00 1.682689629180627311e-01
3.255287234468937640e+00 1.619647248797503603e-01
3.255530961923847499e+00 1.558339202630779630e-01
3.255774689378757358e+00 1.497001287207168074e-01
3.256018416833667217e+00 1.435633474292178913e-01
3.256262144288577076e+00 1.374235482668571817e-01
3.256505871743486935e+00 1.314176172954094057e-01
3.256749599198396794e+00 1.261473658710508261e-01
3.256993326653306653e+00 1.208744283305598077e-01
3.257237054108216512e+00 1.155987854522824293e-01
3.257480781563126371e+00 1.103204572057434468e-01
3.257724509018036230e+00 1.050394439143391700e-01
3.257968236472946089e+00 1.003571802690430420e-01
3.258211963927855503e+00 9.605343744228417302e-02
3.258455691382765362e+00 9.174752270613158178e-02
3.258699418837675221e+00 8.743943710686022386e-02
3.258943146292585080e+00 8.312918046347064771e-02
3.259186873747494939e+00 7.888101413402667794e-02
3.259430601202404798e+00 7.550769521507258442e-02
3.259674328657314657e+00 7.213264444812468590e-02
3.259918056112224516e+00 6.875586167313545161e-02
3.260161783567134375e+00 6.537604546546958717e-02
3.260405511022044234e+00 6.199400704967760606e-02
3.260649238476954093e+00 5.902011323070203985e-02
3.260892965931863507e+00 5.641673533838142268e-02
3.261136693386773366e+00 5.381220780936556147e-02
3.261380420841683225e+00 5.120652906055617876e-02
3.261624148296593084e+00 4.859969549794482951e-02
3.261867875751502943e+00 4.599170704405344812e-02
3.262111603206412802e+00 4.400190855814711116e-02
3.262355330661322661e+00 4.202367505011211923e-02
3.262599058116232520e+00 4.004451514067674384e-02
3.262842785571142379e+00 3.806442874650640962e-02
3.263086513026052238e+00 3.608341968590234039e-02
3.263330240480962097e+00 3.431450357570017817e-02
3.263573967935871956e+00 3.282012525822575189e-02
3.263817695390781370e+00 3.132503083464675819e-02
3.264061422845691229e+00 2.982922314510743148e-02
3.264305150300601088e+00 2.833270712316812365e-02
3.264548877755510947e+00 2.683547362233959510e-02
3.264792605210420806e+00 2.566574030499498005e-02
3.265036332665330665e+00 2.453513313192171377e-02
3.265280060120240524e+00 2.340400529558986364e-02
3.265523787575150383e+00 2.227234647652768032e-02
3.265767515030060242e+00 2.114015662522819930e-02
3.266011242484970101e+00 2.010653474434505664e-02
3.266254969939879960e+00 1.925802316592128624e-02
3.266498697394789374e+00 1.840911677943935995e-02
3.266742424849699233e+00 1.755981554913129544e-02
3.266986152304609092e+00 1.671011943924432738e-02
3.267229879759518951e+00 1.586434488548859115e-02
3.267473607214428810e+00 1.518199424644073488e-02
3.267717334669338669e+00 1.453890311861993218e-02
3.267961062124248528e+00 1.389513553425199624e-02
3.268204789579158387e+00 1.324750303784774305e-02
3.268448517034068246e+00 1.259893075427053442e-02
3.268692244488978105e+00 1.199203036309051153e-02
3.268935971943887964e+00 1.150427383881410040e-02
3.269179699398797379e+00 1.101628816342343532e-02
3.269423426853707237e+00 1.052806841877939985e-02
3.269667154308617096e+00 1.003961214510637988e-02
3.269910881763526955e+00 9.550919316325321567e-03
3.270154609218436814e+00 9.143236266909866503e-03
3.270398336673346673e+00 8.767562341125530179e-03
3.270642064128256532e+00 8.391749014471424489e-03
3.270885791583166391e+00 8.015796274923991938e-03
3.271129519038076250e+00 7.639708052684953885e-03
3.271373246492986109e+00 7.279411876499585106e-03
3.271616973947895968e+00 6.995644615316511800e-03
3.271860701402805383e+00 6.711766239854027351e-03
3.272104428857715241e+00 6.427779639290044297e-03
3.272348156312625100e+00 6.143685343801957681e-03
3.272591883767534959e+00 5.859479301887674484e-03
3.272835611222444818e+00 5.615211394774241235e-03
3.273079338677354677e+00 5.394576061891061605e-03
3.273323066132264536e+00 5.173858775290336200e-03
3.273566793587174395e+00 4.953055231153646182e-03
3.273810521042084254e+00 4.732165420387968342e-03
3.274054248496994113e+00 4.515699294826290740e-03
3.274297975951903972e+00 4.348329835750665458e-03
3.274541703406813831e+00 4.180893218705198679e-03
3.274785430861723245e+00 4.013389436025457946e-03
3.275029158316633104e+00 3.845819074443578359e-03
3.275272885771542963e+00 3.678185663647539315e-03
3.275516613226452822e+00 3.530730891877619654e-03
3.275760340681362681e+00 3.400469773981790698e-03
3.276004068136272540e+00 3.270157444532649071e-03
3.276247795591182399e+00 3.139798043696684360e-03
3.276491523046092258e+00 3.009386988368642751e-03
3.276735250501002117e+00 2.878924272571598258e-03
3.276978977955911976e+00 2.776904444879073862e-03
3.277222705410821835e+00 2.674964935050774383e-03
3.277466432865731250e+00 2.572986249376654072e-03
3.277710160320641108e+00 2.470968037640450254e-03
3.277953887775550967e+00 2.368910295398870842e-03
3.278197615230460826e+00 2.277407306790905136e-03
3.278441342685370685e+00 2.198718184867987785e-03
3.278685070140280544e+00 2.120000021313595776e-03
3.278928797595190403e+00 2.041252813177529563e-03
3.279172525050100262e+00 1.962478764166680160e-03
3.279416252505010121e+00 1.883676361756052341e-03
3.279659979959919980e+00 1.818000565452042782e-03
3.279903707414829839e+00 1.753634400662802423e-03
3.280147434869739698e+00 1.689245907411646283e-03
3.280391162324649112e+00 1.624833937215007214e-03
3.280634889779558971e+00 1.560396753939544395e-03
3.280878617234468830e+00 1.501733580800417847e-03
3.281122344689378689e+00 1.453188964363177427e-03
3.281366072144288548e+00 1.404626047683617870e-03
3.281609799599198407e+00 1.356043538423080995e-03
3.281853527054108266e+00 1.307441433962241691e-03
3.282097254509018125e+00 1.258820630379458390e-03
3.282340981963927984e+00 1.215660175112107024e-03
3.282584709418837843e+00 1.173686930776492729e-03
3.282828436873747702e+00 1.131697226639591077e-03
3.283072164328657117e+00 1.089691657605229005e-03
3.283315891783566975e+00 1.047670943173462620e-03
3.283559619238476834e+00 1.008727684524874562e-03
3.283803346693386693e+00 9.778942383357265740e-04
3.284047074148296552e+00 9.470484253270362082e-04
3.284290801603206411e+00 9.161912834441212662e-04
3.284534529058116270e+00 8.853213038704364117e-04
3.284778256513026129e+00 8.544384846857589833e-04
3.285021983967935988e+00 8.263829969004862774e-04
3.285265711422845847e+00 7.993586360491173595e-04
3.285509438877755706e+00 7.723232153518394408e-04
3.285753166332665565e+00 7.452767331735672251e-04
3.285996893787574979e+00 7.182191878792648556e-04
3.286240621242484838e+00 6.925252415308596988e-04
3.286484348697394697e+00 6.727628089437171681e-04
3.286728076152304556e+00 6.529924074391962310e-04
3.286971803607214415e+00 6.332140358524001493e-04
3.287215531062124274e+00 6.134288159742304130e-04
3.287459258517034133e+00 5.936356934221071868e-04
3.287702985971943992e+00 5.752533435672482895e-04
3.287946713426853851e+00 5.576494163874564291e-04
3.288190440881763710e+00 5.400398488830551822e-04
3.288434168336673569e+00 5.224239303613518104e-04
3.288677895791582984e+00 5.048014018198064123e-04
3.288921623246492842e+00 4.875627426879419941e-04
3.289165350701402701e+00 4.739372221692961565e-04
3.289409078156312560e+00 4.603440044463984453e-04
3.289652805611222419e+00 4.467376599924212312e-04
3.289896533066132278e+00 4.331181866275918215e-04
3.290140260521042137e+00 4.194168872033818708e-04
3.290383987975951996e+00 4.071658381637618344e-04
3.290627715430861855e+00 3.961160789080643953e-04
3.290871442885771714e+00 3.850621881367017815e-04
3.291115170340681573e+00 3.740045612370346490e-04
3.291358897795590988e+00 3.629432072007503294e-04
3.291602625250500846e+00 3.518866970399439783e-04
3.291846352705410705e+00 3.415916730079273582e-04
3.292090080160320564e+00 3.312929514450513378e-04
3.292333807615230423e+00 3.209906961829135652e-04
3.292577535070140282e+00 3.106844169312921529e-04
3.292821262525050141e+00 3.003741130874302157e-04
3.293064989979960000e+00 2.918439809510315762e-04
3.293308717434869859e+00 2.853424131561735052e-04
3.293552444889779718e+00 2.788382939072846884e-04
3.293796172344689577e+00 2.723316228155015970e-04
3.294039899799598992e+00 2.658225009853757196e-04
3.294283627254508851e+00 2.593113273408830487e-04
3.294527354709418709e+00 2.524079185476406297e-04
3.294771082164328568e+00 2.454695760852439114e-04
3.295014809619238427e+00 2.385285588973340973e-04
3.295258537074148286e+00 2.315853428023433415e-04
3.295502264529058145e+00 2.246393842888353201e-04
3.295745991983968004e+00 2.191040163320042658e-04
3.295989719438877863e+00 2.158770455023918461e-04
3.296233446893787722e+00 2.126492885969378816e-04
3.296477174348697581e+00 2.094202677799569649e-04
3.296720901803607440e+00 2.061899612104822353e-04
3.296964629258516855e+00 2.029583686822560202e-04
3.297208356713426713e+00 1.977626324447150693e-04
3.297452084168336572e+00 1.921785565034755060e-04
3.297695811623246431e+00 1.865924070122255637e-04
3.297939539078156290e+00 1.810041836831003499e-04
3.298183266533066149e+00 1.754142034722573379e-04
3.298426993987976008e+00 1.706439257200698535e-04
3.298670721442885867e+00 1.678691536744904929e-04
3.298914448897795726e+00 1.650933100318272505e-04
3.299158176352705585e+00 1.623166489608715275e-04
3.299401903807615444e+00 1.595390424586016218e-04
3.299645631262524859e+00 1.567603504422375763e-04
3.299889358717434718e+00 1.532335304008691280e-04
3.300133086172344576e+00 1.494487314595444602e-04
3.300376813627254435e+00 1.456592829772555830e-04
3.300620541082164294e+00 1.418688093236393196e-04
3.300864268537074153e+00 1.380773103702749040e-04
3.301107995991984012e+00 1.346051641775055372e-04
3.301351723446893871e+00 1.323860589138737686e-04
3.301595450901803730e+00 1.301663432953894845e-04
3.301839178356713589e+00 1.279460172434435008e-04
3.302082905811623448e+00 1.257251840480230580e-04
3.302326633266533307e+00 1.235039335747480115e-04
3.302570360721442722e+00 1.218334902267197839e-04
3.302814088176352580e+00 1.204474077691881874e-04
3.303057815631262439e+00 1.190610241415218071e-04
3.303301543086172298e+00 1.176744861078278444e-04
3.303545270541082157e+00 1.162875719787841806e-04
3.303788997995992016e+00 1.148012897856966332e-04
3.304032725450901875e+00 1.125558200795824304e-04
3.304276452905811734e+00 1.103099488117939884e-04
3.304520180360721593e+00 1.080634370621056219e-04
3.304763907815631452e+00 1.058162847427748413e-04
3.305007635270541311e+00 1.035684995245790172e-04
3.305251362725450726e+00 1.022098062338541567e-04
3.305495090180360584e+00 1.015180404974237597e-04
3.305738817635270443e+00 1.008260732122834172e-04
3.305982545090180302e+00 1.001339043502509743e-04
3.306226272545090161e+00 9.944175314988478256e-05
3.306470000000000020e+00 9.869269338473668160e-05
