3.234840000000000160e+00 9.009328882472202558e-05
3.236356432865731492e+00 9.143385987528282422e-05
3.237872865731463268e+00 9.438911056537751230e-05
3.239389298597194600e+00 9.820461828076207486e-05
3.240905731462925932e+00 1.008364560820672762e-04
3.242422164328657264e+00 1.022667777824460194e-04
3.243938597194389040e+00 1.071287764374577120e-04
3.245455030060120372e+00 1.129079656861646682e-04
3.246971462925851704e+00 1.160551295017080625e-04
3.248487895791583480e+00 1.179724983620370371e-04
3.250004328657314812e+00 1.202958857188443772e-04
3.251520761523046144e+00 1.274028003138529604e-04
3.253037194388777920e+00 1.357017122802013805e-04
3.254553627254509252e+00 1.408286723302329510e-04
3.256070060120240584e+00 1.457507875279070010e-04
3.257586492985971915e+00 1.523846693056779208e-04
3.259102925851703692e+00 1.586063356350170587e-04
3.260619358717435023e+00 1.676843907382828236e-04
3.262135791583166355e+00 1.799079619487417017e-04
3.263652224448898131e+00 1.927041486125489740e-04
3.265168657314629463e+00 2.050734075788480384e-04
3.266685090180360795e+00 2.166347725609139234e-04
3.268201523046092127e+00 2.297220808847607969e-04
3.269717955911823903e+00 2.463142813724627372e-04
3.271234388777555235e+00 2.646891208637965369e-04
3.272750821643286567e+00 2.821309798411303360e-04
3.274267254509018343e+00 3.019709346390258252e-04
3.275783687374749675e+00 3.260695795976834986e-04
3.277300120240481007e+00 3.525130531314229717e-04
3.278816553106212783e+00 3.825271038671444507e-04
3.280332985971944115e+00 4.152614530264774908e-04
3.281849418837675447e+00 4.523997350605517363e-04
3.283365851703406779e+00 4.954433177656984450e-04
3.284882284569138555e+00 5.433240165519044639e-04
3.286398717434869887e+00 5.952858307168437061e-04
3.287915150300601219e+00 6.546221033256966262e-04
3.289431583166332995e+00 7.244877150430810648e-04
3.290948016032064327e+00 8.027718636967571013e-04
3.292464448897795659e+00 8.875985075407750004e-04
3.293980881763526991e+00 9.846558440502950135e-04
3.295497314629258767e+00 1.094390706170180697e-03
3.297013747494990099e+00 1.215621536520713336e-03
3.298530180360721431e+00 1.353718573705467530e-03
3.300046613226453207e+00 1.507199897912717352e-03
3.301563046092184539e+00 1.675284729713831869e-03
3.303079478957915871e+00 1.860061396515486120e-03
3.304595911823647647e+00 2.064171573278170222e-03
3.306112344689378979e+00 2.286162908039456997e-03
3.307628777555110311e+00 2.520771663619330270e-03
3.309145210420841643e+00 2.772049737959670322e-03
3.310661643286573419e+00 3.040103686525693662e-03
3.312178076152304751e+00 3.321406821989594284e-03
3.313694509018036083e+00 3.607695212299461170e-03
3.315210941883767859e+00 3.898125882986797942e-03
3.316727374749499191e+00 4.186088098725071656e-03
3.318243807615230523e+00 4.471832947919575536e-03
3.319760240480961855e+00 4.753988142473038365e-03
3.321276673346693631e+00 5.026580546656574285e-03
3.322793106212424963e+00 5.279893289731824382e-03
3.324309539078156295e+00 5.517128561950228154e-03
3.325825971943888071e+00 5.739329837729127866e-03
3.327342404809619403e+00 5.946903145278252881e-03
3.328858837675350735e+00 6.140038844086132160e-03
3.330375270541082511e+00 6.317566816396810551e-03
3.331891703406813843e+00 6.477802266314996484e-03
3.333408136272545175e+00 6.630503551841872810e-03
3.334924569138276507e+00 6.780713181470836466e-03
3.336441002004008283e+00 6.916171180359025061e-03
3.337957434869739615e+00 7.049691989168381176e-03
3.339473867735470947e+00 7.187774107013262040e-03
3.340990300601202723e+00 7.316514326626451237e-03
3.342506733466934055e+00 7.444430736765874149e-03
3.344023166332665387e+00 7.580440993685496655e-03
3.345539599198397163e+00 7.725201285525873027e-03
3.347056032064128495e+00 7.877855569873234987e-03
3.348572464929859827e+00 8.047009528804960690e-03
3.350088897795591159e+00 8.232634322598410617e-03
3.351605330661322935e+00 8.395929068920589614e-03
3.353121763527054267e+00 8.578641798873975349e-03
3.354638196392785598e+00 8.781029993327230457e-03
3.356154629258517375e+00 8.998761594898737129e-03
3.357671062124248706e+00 9.235775742949660014e-03
3.359187494989980038e+00 9.499512729887801127e-03
3.360703927855711370e+00 9.841369291842403527e-03
3.362220360721443146e+00 1.027439288061201932e-02
3.363736793587174478e+00 1.074757057739246513e-02
3.365253226452905810e+00 1.126629192859032041e-02
3.366769659318637586e+00 1.183647409010099572e-02
3.368286092184368918e+00 1.245861480710979373e-02
3.369802525050100250e+00 1.313665370397724963e-02
3.371318957915831582e+00 1.399525745331201866e-02
3.372835390781563358e+00 1.497722849102354169e-02
3.374351823647294690e+00 1.606648599898295726e-02
3.375868256513026022e+00 1.724267246081655214e-02
3.377384689378757798e+00 1.853898750519563862e-02
3.378901122244489130e+00 1.997006264647415916e-02
3.380417555110220462e+00 2.151007946704017876e-02
3.381933987975952238e+00 2.309886260396382812e-02
3.383450420841683570e+00 2.485196190899068361e-02
3.384966853707414902e+00 2.679813619935276364e-02
3.386483286573146234e+00 2.895329837809621984e-02
3.387999719438878010e+00 3.133784883172126279e-02
3.389516152304609342e+00 3.398065491190255943e-02
3.391032585170340674e+00 3.681452515339788539e-02
3.392549018036072450e+00 3.990057051171618657e-02
3.394065450901803782e+00 4.331578782122020438e-02
3.395581883767535114e+00 4.708821180727240652e-02
3.397098316633266890e+00 5.127170849202918740e-02
3.398614749498998222e+00 5.590451513999711991e-02
3.400131182364729554e+00 6.101437128745636901e-02
3.401647615230460886e+00 6.663596852376943436e-02
3.403164048096192662e+00 7.281588674856070975e-02
3.404680480961923994e+00 7.960479144029569687e-02
3.406196913827655326e+00 8.705007693760644094e-02
3.407713346693387102e+00 9.519328044878183626e-02
3.409229779559118434e+00 1.041357402425335671e-01
3.410746212424849766e+00 1.139928204421348235e-01
3.412262645290581098e+00 1.245805728539966378e-01
3.413779078156312874e+00 1.359640102110792892e-01
3.415295511022044206e+00 1.481799639350290798e-01
3.416811943887775538e+00 1.612358857945137558e-01
3.418328376753507314e+00 1.748783874192196552e-01
3.419844809619238646e+00 1.891106359902962608e-01
3.421361242484969978e+00 2.039691442109088093e-01
3.422877675350701310e+00 2.192211067947744396e-01
3.424394108216433086e+00 2.346455404100850628e-01
3.425910541082164418e+00 2.500327350635592749e-01
3.427426973947895750e+00 2.651158122375389392e-01
3.428943406813627526e+00 2.797069801952544732e-01
3.430459839679358858e+00 2.936367211794445597e-01
3.431976272545090190e+00 3.066978065673529597e-01
3.433492705410821966e+00 3.188484328200374973e-01
3.435009138276553298e+00 3.297768158078844825e-01
3.436525571142284630e+00 3.396396522469030121e-01
3.438042004008015962e+00 3.483873502744722073e-01
3.439558436873747738e+00 3.560108806225816269e-01
3.441074869739479070e+00 3.623956541673330478e-01
3.442591302605210402e+00 3.676861693642577977e-01
3.444107735470942178e+00 3.725246406665630450e-01
3.445624168336673510e+00 3.761495912563731503e-01
3.447140601202404842e+00 3.790477365386793474e-01
3.448657034068136618e+00 3.816565653104646016e-01
3.450173466933867950e+00 3.836658487503958326e-01
3.451689899799599281e+00 3.853932296513328803e-01
3.453206332665330613e+00 3.868348144354631923e-01
3.454722765531062389e+00 3.880645280785330331e-01
3.456239198396793721e+00 3.891413224581388164e-01
3.457755631262525053e+00 3.901322671973548872e-01
3.459272064128256829e+00 3.910712899469338533e-01
3.460788496993988161e+00 3.922025251890610131e-01
3.462304929859719493e+00 3.935360088401319567e-01
3.463821362725450825e+00 3.949213091255751040e-01
3.465337795591182601e+00 3.963853570746688759e-01
3.466854228456913933e+00 3.979380824605170397e-01
3.468370661322645265e+00 3.995888502269112630e-01
3.469887094188377041e+00 4.013408379181900854e-01
3.471403527054108373e+00 4.029137488842163273e-01
3.472919959919839705e+00 4.045642119035604001e-01
3.474436392785571037e+00 4.063215731906182904e-01
3.475952825651302813e+00 4.081640087656689952e-01
3.477469258517034145e+00 4.105669876860097989e-01
3.478985691382765477e+00 4.125695219466938291e-01
3.480502124248497253e+00 4.152255313872378339e-01
3.482018557114228585e+00 4.177043765526424757e-01
3.483534989979959917e+00 4.202329422556415617e-01
3.485051422845691693e+00 4.228131897778344417e-01
3.486567855711423025e+00 4.254251844269587579e-01
3.488084288577154357e+00 4.280560398173411940e-01
3.489600721442886133e+00 4.306798487192482483e-01
3.491117154308617465e+00 4.333909990499240639e-01
3.492633587174348797e+00 4.360988454411048876e-01
3.494150020040080129e+00 4.387599061056230987e-01
3.495666452905811905e+00 4.413614720418918558e-01
3.497182885771543237e+00 4.438834272423823890e-01
3.498699318637274569e+00 4.463168223096833920e-01
3.500215751503006345e+00 4.486281939188603851e-01
3.501732184368737677e+00 4.507719224382573109e-01
3.503248617234469009e+00 4.528010688844237297e-01
3.504765050100200341e+00 4.547164986596047287e-01
3.506281482965932117e+00 4.565076027065291808e-01
3.507797915831663449e+00 4.586095807968538218e-01
3.509314348697394781e+00 4.602421871603385450e-01
3.510830781563126557e+00 4.621065041243163640e-01
3.512347214428857889e+00 4.635280493027045257e-01
3.513863647294589221e+00 4.647151610955332912e-01
3.515380080160320553e+00 4.657699839115882479e-01
3.516896513026052329e+00 4.667012771266254023e-01
3.518412945891783661e+00 4.675291395759717528e-01
3.519929378757514993e+00 4.682356974849361531e-01
3.521445811623246769e+00 4.687507870639469609e-01
3.522962244488978101e+00 4.691782853959378663e-01
3.524478677354709433e+00 4.695297656595829316e-01
3.525995110220440765e+00 4.697992899457082427e-01
3.527511543086172541e+00 4.699857058464119164e-01
3.529027975951903873e+00 4.701096333869134170e-01
3.530544408817635205e+00 4.701437379636183023e-01
3.532060841683366981e+00 4.700956494992263313e-01
3.533577274549098313e+00 4.700189282951744429e-01
3.535093707414829645e+00 4.704699659413085211e-01
3.536610140280561421e+00 4.703622215340308443e-01
3.538126573146292753e+00 4.702483915792837199e-01
3.539643006012024085e+00 4.701407405327410194e-01
3.541159438877755861e+00 4.699215641216007433e-01
3.542675871743487193e+00 4.700531809278714057e-01
3.544192304609218525e+00 4.700356478746240407e-01
3.545708737474949857e+00 4.698994030796954102e-01
3.547225170340681633e+00 4.698152812026222258e-01
3.548741603206412965e+00 4.697814763573861518e-01
3.550258036072144296e+00 4.698022190248621888e-01
3.551774468937876073e+00 4.702670202476598726e-01
3.553290901803607404e+00 4.705014519359586589e-01
3.554807334669338736e+00 4.706749260340739593e-01
3.556323767535070068e+00 4.709312343581497640e-01
3.557840200400801844e+00 4.712705224919214175e-01
3.559356633266533176e+00 4.716889707915328800e-01
3.560873066132264508e+00 4.722327298567767784e-01
3.562389498997996284e+00 4.729013834155034735e-01
3.563905931863727616e+00 4.736552111372565599e-01
3.565422364729458948e+00 4.744812483322581320e-01
3.566938797595190280e+00 4.753713726814151608e-01
3.568455230460922056e+00 4.765643438865725945e-01
3.569971663326653388e+00 4.778652929276657191e-01
3.571488096192384720e+00 4.788566007044161021e-01
3.573004529058116496e+00 4.798857588400494700e-01
3.574520961923847828e+00 4.809515209198605978e-01
3.576037394789579160e+00 4.820381310463000002e-01
3.577553827655310492e+00 4.834490732831923099e-01
3.579070260521042268e+00 4.848113531541323185e-01
3.580586693386773600e+00 4.859077817916073738e-01
3.582103126252504932e+00 4.869626565938016682e-01
3.583619559118236708e+00 4.879942922055602317e-01
3.585135991983968040e+00 4.895814291927505502e-01
3.586652424849699372e+00 4.905703071307501717e-01
3.588168857715431148e+00 4.915223574251730843e-01
3.589685290581162480e+00 4.924261297586842168e-01
3.591201723446893812e+00 4.932107114850522445e-01
3.592718156312625588e+00 4.939125836910833178e-01
3.594234589178356920e+00 4.945355180667440620e-01
3.595751022044088252e+00 4.950960475949806039e-01
3.597267454909819584e+00 4.955714733130703875e-01
3.598783887775551360e+00 4.959649211355063314e-01
3.600300320641282692e+00 4.962877250477634727e-01
3.601816753507014024e+00 4.965516972257829065e-01
3.603333186372745800e+00 4.969298738616187427e-01
3.604849619238477132e+00 4.973997018344014642e-01
3.606366052104208464e+00 4.974019242779230132e-01
3.607882484969939796e+00 4.973080699792502557e-01
3.609398917835671572e+00 4.971211774928179783e-01
3.610915350701402904e+00 4.968097178997765706e-01
3.612431783567134236e+00 4.963871914479618952e-01
3.613948216432866012e+00 4.958930142194764024e-01
3.615464649298597344e+00 4.953203713196873137e-01
3.616981082164328676e+00 4.946864570487129464e-01
3.618497515030060008e+00 4.939944244293208997e-01
3.620013947895791784e+00 4.937934297009208273e-01
3.621530380761523116e+00 4.929852312346499343e-01
3.623046813627254448e+00 4.921320347403053130e-01
3.624563246492986224e+00 4.912588975507248823e-01
3.626079679358717556e+00 4.903660352130801980e-01
3.627596112224448888e+00 4.894591871891141310e-01
3.629112545090180220e+00 4.885431482106111223e-01
3.630628977955911996e+00 4.876481842130725441e-01
3.632145410821643328e+00 4.868154330417959197e-01
3.633661843687374660e+00 4.859942103779100187e-01
3.635178276553106436e+00 4.851967234012755648e-01
3.636694709418837768e+00 4.844279381086529224e-01
3.638211142284569100e+00 4.836893991561209694e-01
3.639727575150300876e+00 4.829965586350709050e-01
3.641244008016032208e+00 4.824283401618856826e-01
3.642760440881763540e+00 4.819548466231430295e-01
3.644276873747495316e+00 4.815315662937536545e-01
3.645793306613226648e+00 4.811699491307820931e-01
3.647309739478957979e+00 4.808775286682733796e-01
3.648826172344689311e+00 4.806460487931730197e-01
3.650342605210421087e+00 4.810650636021920334e-01
3.651859038076152419e+00 4.810490676687581013e-01
3.653375470941883751e+00 4.811053746290531175e-01
3.654891903807615527e+00 4.812400902059341123e-01
3.656408336673346859e+00 4.814427272040974759e-01
3.657924769539078191e+00 4.817361518380291474e-01
3.659441202404809523e+00 4.820965327868904082e-01
3.660957635270541299e+00 4.824722519529687226e-01
3.662474068136272631e+00 4.828828968737950422e-01
3.663990501002003963e+00 4.833562277825419473e-01
3.665506933867735739e+00 4.839003541094100136e-01
3.667023366733467071e+00 4.845029748684213100e-01
3.668539799599198403e+00 4.851661211098202697e-01
3.670056232464929735e+00 4.864224373328122075e-01
3.671572665330661511e+00 4.872500321420533131e-01
3.673089098196392843e+00 4.881254194685157866e-01
3.674605531062124175e+00 4.890356943918018895e-01
3.676121963927855951e+00 4.899843265106301748e-01
3.677638396793587283e+00 4.909586704186722494e-01
3.679154829659318615e+00 4.919515950945561600e-01
3.680671262525050391e+00 4.929651979124851646e-01
3.682187695390781723e+00 4.939828401960628668e-01
3.683704128256513055e+00 4.950622048279896270e-01
3.685220561122244831e+00 4.961414048781950803e-01
3.686736993987976163e+00 4.972050932202988771e-01
3.688253426853707495e+00 4.982592618467460155e-01
3.689769859719438827e+00 4.992907800238429727e-01
3.691286292585170603e+00 5.001858659291288367e-01
3.692802725450901935e+00 5.010374234575282193e-01
3.694319158316633267e+00 5.024379060339202452e-01
3.695835591182365043e+00 5.032344421424042036e-01
3.697352024048096375e+00 5.039857221815496890e-01
3.698868456913827707e+00 5.046992276110755515e-01
3.700384889779559039e+00 5.053720633874145829e-01
3.701901322645290815e+00 5.060015487706044368e-01
3.703417755511022147e+00 5.065900022296138117e-01
3.704934188376753479e+00 5.071291582402760456e-01
3.706450621242485255e+00 5.076307629419560818e-01
3.707967054108216587e+00 5.080835540708690257e-01
3.709483486973947919e+00 5.084888541308081322e-01
3.710999919839679251e+00 5.089061880560278306e-01
3.712516352705411027e+00 5.093023807173860940e-01
3.714032785571142359e+00 5.096568512687376096e-01
3.715549218436873691e+00 5.099703494877757537e-01
3.717065651302605467e+00 5.102470434587740300e-01
3.718582084168336799e+00 5.104948675389902046e-01
3.720098517034068131e+00 5.107018062410153547e-01
3.721614949899799463e+00 5.108895863739023602e-01
3.723131382765531239e+00 5.110511056180266909e-01
3.724647815631262571e+00 5.111926054698320288e-01
3.726164248496993903e+00 5.113378395610108651e-01
3.727680681362725679e+00 5.114601778765288653e-01
3.729197114228457011e+00 5.115622149141207942e-01
3.730713547094188343e+00 5.116557091568130211e-01
3.732229979959920119e+00 5.117336594419236162e-01
3.733746412825651451e+00 5.117995304643148113e-01
3.735262845691382783e+00 5.120033916053674528e-01
3.736779278557114559e+00 5.124810145789910898e-01
3.738295711422845891e+00 5.125063700221142993e-01
3.739812144288577223e+00 5.125017660897157601e-01
3.741328577154308554e+00 5.129768523428153149e-01
3.742845010020040331e+00 5.128398892621578442e-01
3.744361442885771663e+00 5.126707543410021772e-01
3.745877875751502994e+00 5.124695507196316280e-01
3.747394308617234771e+00 5.122234795717102163e-01
3.748910741482966102e+00 5.119384570275389290e-01
3.750427174348697434e+00 5.115939328672574060e-01
3.751943607214428766e+00 5.111746193551232054e-01
3.753460040080160542e+00 5.106789857152380652e-01
3.754976472945891874e+00 5.100877487847246261e-01
3.756492905811623206e+00 5.093943267969767152e-01
3.758009338677354982e+00 5.085690704488310399e-01
3.759525771543086314e+00 5.075945487128837863e-01
3.761042204408817646e+00 5.064725929825659723e-01
3.762558637274548978e+00 5.051767174441581520e-01
3.764075070140280754e+00 5.036911758290260055e-01
3.765591503006012086e+00 5.019966995553827305e-01
3.767107935871743418e+00 5.000606149899273767e-01
3.768624368737475194e+00 4.978754802150644476e-01
3.770140801603206526e+00 4.953923283850908965e-01
3.771657234468937858e+00 4.925888897907871322e-01
3.773173667334669190e+00 4.894605411357950131e-01
3.774690100200400966e+00 4.859761810145230565e-01
3.776206533066132298e+00 4.822314883677304986e-01
3.777722965931864074e+00 4.784157031637617519e-01
3.779239398797595406e+00 4.737406995271536414e-01
3.780755831663326738e+00 4.686798177800088339e-01
3.782272264529058070e+00 4.631703756122813043e-01
3.783788697394789402e+00 4.571939473339671767e-01
3.785305130260521178e+00 4.507425635592796631e-01
3.786821563126252510e+00 4.438016874775096987e-01
3.788337995991984286e+00 4.363830238041879750e-01
3.789854428857715618e+00 4.284931700744220029e-01
3.791370861723446950e+00 4.200151159320164584e-01
3.792887294589178282e+00 4.110771202469221675e-01
3.794403727454910058e+00 4.016586614721965875e-01
3.795920160320641390e+00 3.918246804274250761e-01
3.797436593186372722e+00 3.816114020777602867e-01
3.798953026052104498e+00 3.710359174275432159e-01
3.800469458917835830e+00 3.601751462177996133e-01
3.801985891783567162e+00 3.490943533859570125e-01
3.803502324649298494e+00 3.377378799669351617e-01
3.805018757515030270e+00 3.261715857048700373e-01
3.806535190380761602e+00 3.144316709759467088e-01
3.808051623246492934e+00 3.025841800506673396e-01
3.809568056112224710e+00 2.906745256285069856e-01
3.811084488977956042e+00 2.787078886614397510e-01
3.812600921843687374e+00 2.667582429342608141e-01
3.814117354709418706e+00 2.548805863075860323e-01
3.815633787575150482e+00 2.431208191983400269e-01
3.817150220440881814e+00 2.315624363437970845e-01
3.818666653306613146e+00 2.203809199762745141e-01
3.820183086172344922e+00 2.092192036299924951e-01
3.821699519038076254e+00 1.983312245262064122e-01
3.823215951903807586e+00 1.877365423355780716e-01
3.824732384769538918e+00 1.774606885429731162e-01
3.826248817635270694e+00 1.675230548681101161e-01
3.827765250501002026e+00 1.579375847795896626e-01
3.829281683366733802e+00 1.487192186896697244e-01
3.830798116232465134e+00 1.398849284776064739e-01
3.832314549098196466e+00 1.314499616854994390e-01
3.833830981963927798e+00 1.233993163341298160e-01
3.835347414829659130e+00 1.157326010806293271e-01
3.836863847695390906e+00 1.084415146323549212e-01
3.838380280561122238e+00 1.015628488582442368e-01
3.839896713426854014e+00 9.507279253862384316e-02
3.841413146292585346e+00 8.887318545633172973e-02
3.842929579158316677e+00 8.302627395707494473e-02
3.844446012024048009e+00 7.754358217375337259e-02
3.845962444889779785e+00 7.238546498772144289e-02
3.847478877755511117e+00 6.753540561327424363e-02
3.848995310621242449e+00 6.297832198272404480e-02
3.850511743486974225e+00 5.870299503999340529e-02
3.852028176352705557e+00 5.469838300618386218e-02
3.853544609218436889e+00 5.095240399268640558e-02
3.855061042084168221e+00 4.745132617336462327e-02
3.856577474949899997e+00 4.420176608800940876e-02
3.858093907815631329e+00 4.121088614573902020e-02
3.859610340681362661e+00 3.836549713976336595e-02
3.861126773547094437e+00 3.571240495151737498e-02
3.862643206412825769e+00 3.324012224925310816e-02
3.864159639278557101e+00 3.093414308572146540e-02
3.865676072144288433e+00 2.878598282211725784e-02
3.867192505010020209e+00 2.678683280809200304e-02
3.868708937875751541e+00 2.493495066330297244e-02
3.870225370741482873e+00 2.321287182092320739e-02
3.871741803607214649e+00 2.160945226950164097e-02
3.873258236472945981e+00 2.011596048769784956e-02
3.874774669338677313e+00 1.872603169490508895e-02
3.876291102204408645e+00 1.743494685688938561e-02
3.877807535070140421e+00 1.623501560058692242e-02
3.879323967935871753e+00 1.511662270361382315e-02
3.880840400801603529e+00 1.407744837970538974e-02
3.882356833667334861e+00 1.311323901578210008e-02
3.883873266533066193e+00 1.221761677511242969e-02
3.885389699398797525e+00 1.138427812354349776e-02
3.886906132264528857e+00 1.061174080967550171e-02
3.888422565130260633e+00 9.895840296891989657e-03
3.889938997995991965e+00 9.227259178400320366e-03
3.891455430861723741e+00 8.601033068486333907e-03
3.892971863727455073e+00 8.019947528163599154e-03
3.894488296593186405e+00 7.483380755053541805e-03
3.896004729458917737e+00 6.984374732764702005e-03
3.897521162324649513e+00 6.522295039163609857e-03
3.899037595190380845e+00 6.090318982352423312e-03
3.900554028056112177e+00 5.686124924435846315e-03
3.902070460921843953e+00 5.311644085567135756e-03
3.903586893787575285e+00 4.963008547666932294e-03
3.905103326653306617e+00 4.636646976196071371e-03
3.906619759519037949e+00 4.330335500128376473e-03
3.908136192384769725e+00 4.043230247360067413e-03
3.909652625250501057e+00 3.775984366772015127e-03
3.911169058116232389e+00 3.528814546472184687e-03
3.912685490981964165e+00 3.301620115324653375e-03
3.914201923847695497e+00 3.092243092458037915e-03
3.915718356713426829e+00 2.896647262535208441e-03
3.917234789579158161e+00 2.709534599764099050e-03
3.918751222444889937e+00 2.535923314340557747e-03
3.920267655310621269e+00 2.374434355009581547e-03
3.921784088176353045e+00 2.223849606971103118e-03
3.923300521042084377e+00 2.081881409108322575e-03
3.924816953907815709e+00 1.948309118422610325e-03
3.926333386773547041e+00 1.823525282349644852e-03
3.927849819639278373e+00 1.706599748216191745e-03
3.929366252505010149e+00 1.597410862494944234e-03
3.930882685370741481e+00 1.497343509248257000e-03
3.932399118236473257e+00 1.403094142978514140e-03
3.933915551102204589e+00 1.314614541423452486e-03
3.935431983967935921e+00 1.231695380122103597e-03
3.936948416833667252e+00 1.153227375922620231e-03
3.938464849699398584e+00 1.081303723147620599e-03
3.939981282565130360e+00 1.013581954802886872e-03
3.941497715430861692e+00 9.509305763634989242e-04
3.943014148296593469e+00 8.931517444469597123e-04
3.944530581162324800e+00 8.379495375399858810e-04
3.946047014028056132e+00 7.846309872468336822e-04
3.947563446893787464e+00 7.362505056217158624e-04
3.949079879759519240e+00 6.905883258853046450e-04
3.950596312625250572e+00 6.464801470200096144e-04
3.952112745490981904e+00 6.056076985443592693e-04
3.953629178356713680e+00 5.678290749591587269e-04
3.955145611222445012e+00 5.323368473302730105e-04
3.956662044088176344e+00 4.995065410681799904e-04
3.958178476953907676e+00 4.683536160699254005e-04
3.959694909819639452e+00 4.390356108212843948e-04
3.961211342685370784e+00 4.118944666050895786e-04
3.962727775551102116e+00 3.844624731418024499e-04
3.964244208416833892e+00 3.575491363827576550e-04
3.965760641282565224e+00 3.330284295744683062e-04
3.967277074148296556e+00 3.112133097978875013e-04
3.968793507014027888e+00 2.918447324393451023e-04
3.970309939879759664e+00 2.742241378685353771e-04
3.971826372745490996e+00 2.552536474437896519e-04
3.973342805611222772e+00 2.359635102568892896e-04
3.974859238476954104e+00 2.174782964398662053e-04
3.976375671342685436e+00 2.002711197564526597e-04
3.977892104208416768e+00 1.857845803047648348e-04
3.979408537074148100e+00 1.729062224524519542e-04
3.980924969939879876e+00 1.595149682359899511e-04
3.982441402805611208e+00 1.468636579580751553e-04
3.983957835671342984e+00 1.365196211606015911e-04
3.985474268537074316e+00 1.265246872986224849e-04
3.986990701402805648e+00 1.160200454682657801e-04
3.988507134268536980e+00 1.063374124325506311e-04
3.990023567134268756e+00 9.857207162122085334e-05
3.991540000000000088e+00 9.231477604534502133e-05
