3.664539599999999897e+00 8.788111974926377619e-05
3.666269934669338593e+00 8.779141805307739889e-05
3.668000269338677288e+00 9.072366701542858639e-05
3.669730604008015984e+00 9.064817841569561892e-05
3.671460938677354680e+00 9.278488707215420115e-05
3.673191273346693375e+00 9.744112157506670932e-05
3.674921608016032071e+00 1.045888920499675939e-04
3.676651942685370766e+00 1.103888931368508954e-04
3.678382277354709462e+00 1.148407185020656427e-04
3.680112612024048158e+00 1.222836883288271721e-04
3.681842946693386853e+00 1.286974077810798360e-04
3.683573281362725549e+00 1.343888571260250914e-04
3.685303616032063800e+00 1.383038764399491195e-04
3.687033950701402496e+00 1.470204899617540422e-04
3.688764285370741192e+00 1.528132266739951279e-04
3.690494620040079887e+00 1.676266739357049691e-04
3.692224954709418583e+00 1.798038425605943459e-04
3.693955289378757278e+00 1.897972474250801927e-04
3.695685624048095974e+00 1.967512238221579652e-04
3.697415958717434670e+00 2.068968219212245275e-04
3.699146293386773365e+00 2.219808877079246505e-04
3.700876628056112061e+00 2.361712976076088576e-04
3.702606962725450757e+00 2.535145616801319697e-04
3.704337297394789452e+00 2.701906188821054074e-04
3.706067632064128148e+00 2.909424549161559407e-04
3.707797966733466843e+00 3.115788902837703339e-04
3.709528301402805539e+00 3.329821926983108716e-04
3.711258636072144235e+00 3.527412385133403203e-04
3.712988970741482930e+00 3.777628114234476584e-04
3.714719305410821626e+00 4.033404625635523188e-04
3.716449640080160322e+00 4.300751505284184295e-04
3.718179974749499017e+00 4.582710617533269568e-04
3.719910309418837713e+00 4.866023120560267310e-04
3.721640644088176408e+00 5.235345732995237179e-04
3.723370978757515104e+00 5.629633866396561472e-04
3.725101313426853800e+00 6.053520741971662881e-04
3.726831648096192051e+00 6.493379803518588766e-04
3.728561982765530747e+00 7.033349057907339885e-04
3.730292317434869442e+00 7.555747715828471612e-04
3.732022652104208138e+00 8.096473980310843650e-04
3.733752986773546834e+00 8.688591723702877856e-04
3.735483321442885529e+00 9.348823183347798127e-04
3.737213656112224225e+00 1.008163456837327587e-03
3.738943990781562920e+00 1.082288765262279370e-03
3.740674325450901616e+00 1.167651698420821412e-03
3.742404660120240312e+00 1.255963211234791075e-03
3.744134994789579007e+00 1.352431448330281179e-03
3.745865329458917703e+00 1.452450004318883237e-03
3.747595664128256399e+00 1.560565441211181174e-03
3.749325998797595094e+00 1.679042890914768773e-03
3.751056333466933790e+00 1.810936144551513523e-03
3.752786668136272485e+00 1.955742193114342557e-03
3.754517002805611181e+00 2.105488603335945418e-03
3.756247337474949877e+00 2.268706248979926194e-03
3.757977672144288572e+00 2.441926115335743639e-03
3.759708006813627268e+00 2.634408213435992813e-03
3.761438341482965964e+00 2.840230702070063555e-03
3.763168676152304659e+00 3.061088869587591608e-03
3.764899010821643355e+00 3.301459716990109289e-03
3.766629345490982050e+00 3.561034783752921751e-03
3.768359680160320302e+00 3.843694491288062679e-03
3.770090014829658998e+00 4.143641100970697939e-03
3.771820349498997693e+00 4.472019088213702656e-03
3.773550684168336389e+00 4.823905441269497364e-03
3.775281018837675084e+00 5.207144552506882615e-03
3.777011353507013780e+00 5.631938331431073086e-03
3.778741688176352476e+00 6.080092192306536629e-03
3.780472022845691171e+00 6.565531210363992169e-03
3.782202357515029867e+00 7.090890947652762552e-03
3.783932692184368562e+00 7.672063469318923801e-03
3.785663026853707258e+00 8.298047121236164572e-03
3.787393361523045954e+00 8.975248170581692775e-03
3.789123696192384649e+00 9.708361776420336431e-03
3.790854030861723345e+00 1.050210703060279471e-02
3.792584365531062041e+00 1.136518560865449647e-02
3.794314700200400736e+00 1.229559321465274573e-02
3.796045034869739432e+00 1.332852856020508119e-02
3.797775369539078127e+00 1.444385642634156419e-02
3.799505704208416823e+00 1.565583793815455982e-02
3.801236038877755519e+00 1.697773560114072822e-02
3.802966373547094214e+00 1.842488534444558512e-02
3.804696708216432910e+00 2.000228402105556913e-02
3.806427042885771606e+00 2.170419123430908717e-02
3.808157377555110301e+00 2.358140498722793160e-02
3.809887712224448997e+00 2.560977086408814524e-02
3.811618046893787248e+00 2.781859640596843694e-02
3.813348381563125944e+00 3.023245215941291683e-02
3.815078716232464640e+00 3.286908170141394220e-02
3.816809050901803335e+00 3.572519453630573077e-02
3.818539385571142031e+00 3.885424224481961314e-02
3.820269720240480726e+00 4.224183136144524925e-02
3.822000054909819422e+00 4.590551620064683980e-02
3.823730389579158118e+00 4.987253383522845945e-02
3.825460724248496813e+00 5.418341286711309684e-02
3.827191058917835509e+00 5.885774503957414555e-02
3.828921393587174204e+00 6.387878979785613365e-02
3.830651728256512900e+00 6.926220468544631859e-02
3.832382062925851596e+00 7.508834814020527715e-02
3.834112397595190291e+00 8.132210429083759629e-02
3.835842732264528987e+00 8.797382634267340851e-02
3.837573066933867683e+00 9.504355527874311371e-02
3.839303401603206378e+00 1.026792980843848485e-01
3.841033736272545074e+00 1.106460638594744111e-01
3.842764070941883769e+00 1.190321784708457259e-01
3.844494405611222465e+00 1.278879153555259329e-01
3.846224740280561161e+00 1.371399464920582678e-01
3.847955074949899856e+00 1.467307246383090791e-01
3.849685409619238108e+00 1.566480920146710587e-01
3.851415744288576803e+00 1.668660117296433820e-01
3.853146078957915499e+00 1.773196625280283600e-01
3.854876413627254195e+00 1.880038992733807091e-01
3.856606748296592890e+00 1.989274265869428737e-01
3.858337082965931586e+00 2.102656939274032966e-01
3.860067417635270282e+00 2.214336980192835036e-01
3.861797752304608977e+00 2.326206933523023435e-01
3.863528086973947673e+00 2.437532357857991883e-01
3.865258421643286368e+00 2.548795592460182391e-01
3.866988756312625064e+00 2.659375775871032355e-01
3.868719090981963760e+00 2.768672694269999068e-01
3.870449425651302455e+00 2.876888042782499433e-01
3.872179760320641151e+00 2.983712943594143963e-01
3.873910094989979847e+00 3.088966355178828227e-01
3.875640429659318542e+00 3.192388701279134100e-01
3.877370764328657238e+00 3.293752026268264577e-01
3.879101098997995933e+00 3.392432313596623339e-01
3.880831433667334629e+00 3.488447200111840507e-01
3.882561768336673325e+00 3.582489989495877269e-01
3.884292103006012020e+00 3.673614390201404012e-01
3.886022437675350716e+00 3.761360593675827091e-01
3.887752772344689411e+00 3.845347960250182773e-01
3.889483107014028107e+00 3.926226064861000342e-01
3.891213441683366803e+00 4.004140283955173185e-01
3.892943776352705054e+00 4.078609054638283049e-01
3.894674111022043750e+00 4.148824983810249223e-01
3.896404445691382445e+00 4.214794027157688916e-01
3.898134780360721141e+00 4.281667827717748342e-01
3.899865115030059837e+00 4.339633451995446034e-01
3.901595449699398532e+00 4.391909319370440601e-01
3.903325784368737228e+00 4.439688444829229530e-01
3.905056119038075924e+00 4.484317155927948217e-01
3.906786453707414619e+00 4.525661897642842546e-01
3.908516788376753315e+00 4.563260987032851657e-01
3.910247123046092010e+00 4.596536368746346191e-01
3.911977457715430706e+00 4.625689885461251039e-01
3.913707792384769402e+00 4.650782221153850760e-01
3.915438127054108097e+00 4.677854455553636104e-01
3.917168461723446793e+00 4.696533880270773453e-01
3.918898796392785489e+00 4.711790742134090437e-01
3.920629131062124184e+00 4.725517653839702570e-01
3.922359465731462880e+00 4.737800385921299151e-01
3.924089800400801575e+00 4.748522114521686599e-01
3.925820135070140271e+00 4.757183406112270863e-01
3.927550469739478967e+00 4.763819386225530139e-01
3.929280804408817662e+00 4.768846530407740425e-01
3.931011139078155914e+00 4.772210427237215669e-01
3.932741473747494609e+00 4.775408936747974065e-01
3.934471808416833305e+00 4.777860056648001730e-01
3.936202143086172001e+00 4.778678276819474102e-01
3.937932477755510696e+00 4.785049346951457672e-01
3.939662812424849392e+00 4.787287025514054828e-01
3.941393147094188087e+00 4.789859596999396230e-01
3.943123481763526783e+00 4.792495499456982944e-01
3.944853816432865479e+00 4.794507191176616279e-01
3.946584151102204174e+00 4.796205048269175930e-01
3.948314485771542870e+00 4.797290097067107295e-01
3.950044820440881566e+00 4.797953111664432502e-01
3.951775155110220261e+00 4.798388260492263968e-01
3.953505489779558957e+00 4.799324607004956111e-01
3.955235824448897652e+00 4.800451715788977558e-01
3.956966159118236348e+00 4.801872271810174175e-01
3.958696493787575044e+00 4.803438837766282332e-01
3.960426828456913739e+00 4.805431924200654903e-01
3.962157163126252435e+00 4.807988437154507855e-01
3.963887497795591131e+00 4.810384421623576934e-01
3.965617832464929826e+00 4.811910001925842062e-01
3.967348167134268522e+00 4.812568547672126940e-01
3.969078501803607217e+00 4.813825611743124955e-01
3.970808836472945913e+00 4.820638250976184147e-01
3.972539171142284609e+00 4.823336561399101385e-01
3.974269505811623304e+00 4.825717239898255628e-01
3.975999840480962000e+00 4.828064069344074616e-01
3.977730175150300251e+00 4.834107746660145088e-01
3.979460509819638947e+00 4.836697254304779259e-01
3.981190844488977643e+00 4.837485048737697468e-01
3.982921179158316338e+00 4.838275250134401184e-01
3.984651513827655034e+00 4.838389886803369233e-01
3.986381848496993729e+00 4.839120544629524900e-01
3.988112183166332425e+00 4.840583859891031682e-01
3.989842517835671121e+00 4.842066789950748018e-01
3.991572852505009816e+00 4.843308296420120729e-01
3.993303187174348512e+00 4.844057108853528915e-01
3.995033521843687208e+00 4.844261485337758022e-01
3.996763856513025903e+00 4.844084340790564824e-01
3.998494191182364599e+00 4.843622197829086651e-01
4.000224525851702850e+00 4.842772346649135695e-01
4.001954860521041546e+00 4.841430225908746610e-01
4.003685195190380242e+00 4.839979313769176006e-01
4.005415529859718937e+00 4.839452415957957720e-01
4.007145864529057633e+00 4.840223895532726472e-01
4.008876199198396328e+00 4.841235146221971597e-01
4.010606533867735024e+00 4.842159523036610458e-01
4.012336868537073720e+00 4.842730507753949531e-01
4.014067203206412415e+00 4.842085813549650286e-01
4.015797537875751111e+00 4.841185259180091349e-01
4.017527872545089807e+00 4.841252063871384070e-01
4.019258207214428502e+00 4.846735688526531693e-01
4.020988541883767198e+00 4.851795906699590266e-01
4.022718876553105893e+00 4.851727405008521288e-01
4.024449211222444589e+00 4.851383188711854699e-01
4.026179545891783285e+00 4.850849290877907727e-01
4.027909880561121980e+00 4.850088742482794313e-01
4.029640215230460676e+00 4.848949785086126840e-01
4.031370549899799371e+00 4.847816419974130819e-01
4.033100884569138067e+00 4.846834747900095053e-01
4.034831219238476763e+00 4.846155578929902119e-01
4.036561553907815458e+00 4.845761304701385330e-01
4.038291888577154154e+00 4.845473801805195713e-01
4.040022223246492850e+00 4.845415020928032224e-01
4.041752557915831545e+00 4.846125589151946689e-01
4.043482892585170241e+00 4.846660387669330383e-01
4.045213227254508936e+00 4.846964955923598328e-01
4.046943561923847632e+00 4.847079703264022821e-01
4.048673896593186328e+00 4.847877215199353218e-01
4.050404231262525023e+00 4.848356238228950232e-01
4.052134565931863719e+00 4.847374166847488453e-01
4.053864900601202415e+00 4.846260163446248770e-01
4.055595235270541110e+00 4.846308225201049757e-01
4.057325569939879806e+00 4.847274909761034034e-01
4.059055904609218501e+00 4.848416500973801169e-01
4.060786239278557197e+00 4.852934720945988878e-01
4.062516573947895893e+00 4.853771595242841186e-01
4.064246908617234588e+00 4.854234114240766340e-01
4.065977243286573284e+00 4.854170685779742866e-01
4.067707577955911979e+00 4.852784640593945098e-01
4.069437912625250675e+00 4.851529938058230518e-01
4.071168247294589371e+00 4.852020928874203887e-01
4.072898581963928066e+00 4.859046398882318485e-01
4.074628916633265874e+00 4.862313259079713568e-01
4.076359251302605458e+00 4.864224456260117790e-01
4.078089585971943265e+00 4.864619834976253721e-01
4.079819920641281961e+00 4.864307039217702355e-01
4.081550255310620656e+00 4.864382820445039002e-01
4.083280589979959352e+00 4.864518256487584402e-01
4.085010924649298047e+00 4.863093765419190806e-01
4.086741259318636743e+00 4.861456178127431249e-01
4.088471593987975439e+00 4.861253830704598822e-01
4.090201928657314134e+00 4.862017936004956464e-01
4.091932263326652830e+00 4.862437242276893001e-01
4.093662597995991526e+00 4.862707887329321133e-01
4.095392932665330221e+00 4.862378253641880810e-01
4.097123267334668917e+00 4.861045407624552950e-01
4.098853602004007612e+00 4.859686703803992036e-01
4.100583936673346308e+00 4.858087490781886064e-01
4.102314271342685004e+00 4.855865008178812947e-01
4.104044606012023699e+00 4.859759224711663328e-01
4.105774940681362395e+00 4.858824289367859040e-01
4.107505275350701091e+00 4.857919769500430029e-01
4.109235610020039786e+00 4.856333742933709452e-01
4.110965944689378482e+00 4.854384358178285286e-01
4.112696279358717177e+00 4.852543583755820067e-01
4.114426614028055873e+00 4.851234686748231439e-01
4.116156948697394569e+00 4.850664334666321964e-01
4.117887283366733264e+00 4.850245999888603277e-01
4.119617618036071960e+00 4.854929406491113597e-01
4.121347952705410655e+00 4.853781863521668960e-01
4.123078287374749351e+00 4.852186472243601445e-01
4.124808622044088047e+00 4.850543417256513168e-01
4.126538956713426742e+00 4.849106103793601186e-01
4.128269291382765438e+00 4.848097038739987430e-01
4.129999626052104134e+00 4.847446412024707385e-01
4.131729960721442829e+00 4.846101542116041383e-01
4.133460295390781525e+00 4.844852078470994194e-01
4.135190630060120220e+00 4.843615879097659116e-01
4.136920964729458916e+00 4.842213100723982699e-01
4.138651299398797612e+00 4.840625380909293063e-01
4.140381634068136307e+00 4.839634254667070645e-01
4.142111968737475003e+00 4.840575454147361123e-01
4.143842303406813699e+00 4.842335420719173222e-01
4.145572638076152394e+00 4.844290818882998062e-01
4.147302972745491090e+00 4.847519363933006087e-01
4.149033307414829785e+00 4.852935337096697666e-01
4.150763642084168481e+00 4.854439404724475993e-01
4.152493976753507177e+00 4.855945736001887614e-01
4.154224311422845872e+00 4.857571501533921032e-01
4.155954646092184568e+00 4.858722138401893598e-01
4.157684980761523263e+00 4.859169821886383245e-01
4.159415315430861071e+00 4.860062900986564793e-01
4.161145650100200655e+00 4.867679227667198738e-01
4.162875984769538462e+00 4.870565939791660082e-01
4.164606319438877158e+00 4.873296904337446889e-01
4.166336654108215853e+00 4.875092963589859330e-01
4.168066988777554549e+00 4.876270646500068806e-01
4.169797323446893245e+00 4.877424872458289706e-01
4.171527658116231940e+00 4.878735754740390340e-01
4.173257992785570636e+00 4.879849954080037189e-01
4.174988327454909331e+00 4.880619369477871006e-01
4.176718662124248027e+00 4.881327350595089931e-01
4.178448996793586723e+00 4.882247949657015362e-01
4.180179331462925418e+00 4.883083904647052553e-01
4.181909666132264114e+00 4.883492445905218693e-01
4.183640000801602810e+00 4.883873375556969654e-01
4.185370335470941505e+00 4.884287658163258272e-01
4.187100670140280201e+00 4.884442481841143602e-01
4.188831004809618896e+00 4.884252196049611583e-01
4.190561339478957592e+00 4.883028538301448229e-01
4.192291674148296288e+00 4.880471116856477942e-01
4.194022008817634983e+00 4.883082040677625968e-01
4.195752343486973679e+00 4.880869365929420556e-01
4.197482678156312375e+00 4.878631338096400261e-01
4.199213012825651070e+00 4.875622742973593771e-01
4.200943347494989766e+00 4.872226348570584120e-01
4.202673682164328461e+00 4.868784619616368103e-01
4.204404016833667157e+00 4.870340000494790544e-01
4.206134351503005853e+00 4.866329952642152179e-01
4.207864686172344548e+00 4.862055519916511082e-01
4.209595020841683244e+00 4.856909818328605799e-01
4.211325355511021939e+00 4.851970177790796424e-01
4.213055690180360635e+00 4.848280473755433584e-01
4.214786024849699331e+00 4.844063093115237861e-01
4.216516359519038026e+00 4.838827770126633010e-01
4.218246694188376722e+00 4.833474537597844956e-01
4.219977028857715418e+00 4.828494303435700297e-01
4.221707363527054113e+00 4.823309932782403608e-01
4.223437698196392809e+00 4.818232563581908434e-01
4.225168032865731504e+00 4.813214463253164266e-01
4.226898367535070200e+00 4.807982826089086670e-01
4.228628702204408896e+00 4.802219547764914331e-01
4.230359036873747591e+00 4.795725282183149751e-01
4.232089371543086287e+00 4.788800077412720402e-01
4.233819706212424983e+00 4.781738151091476374e-01
4.235550040881763678e+00 4.774138737099460350e-01
4.237280375551101486e+00 4.765847290757360688e-01
4.239010710220441069e+00 4.756076273460749793e-01
4.240741044889778877e+00 4.745394251249230311e-01
4.242471379559118461e+00 4.737212039983064726e-01
4.244201714228456268e+00 4.728833707565073818e-01
4.245932048897795852e+00 4.714170666587279013e-01
4.247662383567133659e+00 4.700789211794356715e-01
4.249392718236472355e+00 4.683949704740211217e-01
4.251123052905811051e+00 4.661443456423887688e-01
4.252853387575149746e+00 4.635253093942174329e-01
4.254583722244488442e+00 4.606384793064710603e-01
4.256314056913827137e+00 4.574629306468419587e-01
4.258044391583165833e+00 4.538804161360388001e-01
4.259774726252504529e+00 4.498861784064961400e-01
4.261505060921843224e+00 4.445056723843190394e-01
4.263235395591181920e+00 4.384595146774606378e-01
4.264965730260520616e+00 4.319291957187275655e-01
4.266696064929859311e+00 4.249434888676045796e-01
4.268426399599198007e+00 4.173671515655807407e-01
4.270156734268536702e+00 4.091933209955156969e-01
4.271887068937875398e+00 4.002628381561791349e-01
4.273617403607214094e+00 3.912130216283962736e-01
4.275347738276552789e+00 3.823607460695436222e-01
4.277078072945891485e+00 3.738402610490062505e-01
4.278808407615230180e+00 3.653621970880662206e-01
4.280538742284568876e+00 3.573857985105714508e-01
4.282269076953907572e+00 3.509072001308667366e-01
4.283999411623246267e+00 3.436202776338473375e-01
4.285729746292584963e+00 3.355739765342320435e-01
4.287460080961923659e+00 3.270126845596717513e-01
4.289190415631262354e+00 3.181620568439035845e-01
4.290920750300601050e+00 3.080988860092777060e-01
4.292651084969939745e+00 2.970243939550811785e-01
4.294381419639278441e+00 2.863753525334233885e-01
4.296111754308617137e+00 2.754605324699603841e-01
4.297842088977955832e+00 2.643067607762881188e-01
4.299572423647294528e+00 2.532204575058488172e-01
4.301302758316633224e+00 2.422130276305049235e-01
4.303033092985971919e+00 2.312905338315370818e-01
4.304763427655310615e+00 2.205752527230811499e-01
4.306493762324649310e+00 2.101160499622241329e-01
4.308224096993988006e+00 1.998908371643533521e-01
4.309954431663326702e+00 1.899402975882119038e-01
4.311684766332665397e+00 1.803141811139960249e-01
4.313415101002004093e+00 1.710326563682309509e-01
4.315145435671342788e+00 1.620470325247163612e-01
4.316875770340681484e+00 1.533812545822184070e-01
4.318606105010020180e+00 1.450554312240181776e-01
4.320336439679358875e+00 1.370879473172578189e-01
4.322066774348696683e+00 1.294275062570277024e-01
4.323797109018036267e+00 1.220674467756828474e-01
4.325527443687374074e+00 1.150407513937519721e-01
4.327257778356713658e+00 1.083460835775332948e-01
4.328988113026051465e+00 1.019638885609074758e-01
4.330718447695390161e+00 9.586753569207120962e-02
4.332448782364728856e+00 9.007857451435988261e-02
4.334179117034067552e+00 8.456514371139689512e-02
4.335909451703406248e+00 7.932903622121813270e-02
4.337639786372744943e+00 7.437194769438501551e-02
4.339370121042083639e+00 6.969080539630517768e-02
4.341100455711422335e+00 6.525434693280286746e-02
4.342830790380761030e+00 6.103196756552050489e-02
4.344561125050099726e+00 5.705307992922421106e-02
4.346291459719438421e+00 5.335751384284923710e-02
4.348021794388777117e+00 4.980852438790851766e-02
4.349752129058115813e+00 4.646823091331284128e-02
4.351482463727454508e+00 4.337441878457333477e-02
4.353212798396793204e+00 4.045327977677836556e-02
4.354943133066131900e+00 3.766803476317695520e-02
4.356673467735470595e+00 3.507468386236609059e-02
4.358403802404809291e+00 3.263994031050766742e-02
4.360134137074147986e+00 3.034925809760722487e-02
4.361864471743486682e+00 2.821936421371445611e-02
4.363594806412825378e+00 2.623733219979402370e-02
4.365325141082164073e+00 2.437289068404064132e-02
4.367055475751502769e+00 2.263640296569633531e-02
4.368785810420841464e+00 2.102805605152747309e-02
4.370516145090180160e+00 1.952412658431382925e-02
4.372246479759518856e+00 1.811966369590192055e-02
4.373976814428857551e+00 1.681158685560044802e-02
4.375707149098196247e+00 1.560050004698219396e-02
4.377437483767534943e+00 1.447963066022098927e-02
4.379167818436873638e+00 1.343993649797590659e-02
4.380898153106212334e+00 1.246722127815622083e-02
4.382628487775551029e+00 1.156509853513029533e-02
4.384358822444889725e+00 1.073161650716532647e-02
4.386089157114228421e+00 9.950795789992307808e-03
4.387819491783567116e+00 9.236506962402080134e-03
4.389549826452905812e+00 8.576606081717629698e-03
4.391280161122244508e+00 7.957410295169237840e-03
4.393010495791583203e+00 7.387645862427972762e-03
4.394740830460921899e+00 6.866936842444857497e-03
4.396471165130260594e+00 6.378274657858915529e-03
4.398201499799599290e+00 5.924270641539186068e-03
4.399931834468937986e+00 5.513528193069073928e-03
4.401662169138276681e+00 5.130702941854779937e-03
4.403392503807614489e+00 4.772117727158352828e-03
4.405122838476954072e+00 4.446705103748902280e-03
4.406853173146291880e+00 4.146939251060564359e-03
4.408583507815631464e+00 3.858108201747110187e-03
4.410313842484969271e+00 3.596301487952105903e-03
4.412044177154307967e+00 3.358402373513318280e-03
4.413774511823646662e+00 3.137384976560975321e-03
4.415504846492985358e+00 2.934414233252733741e-03
4.417235181162324054e+00 2.744312346085139333e-03
4.418965515831662749e+00 2.563896682004863578e-03
4.420695850501001445e+00 2.399176834719652599e-03
4.422426185170340140e+00 2.248948100216576537e-03
4.424156519839678836e+00 2.104758351363223215e-03
4.425886854509017532e+00 1.970711612575999031e-03
4.427617189178356227e+00 1.849777991197718453e-03
4.429347523847694923e+00 1.732711250156051749e-03
4.431077858517033619e+00 1.625414099694269272e-03
4.432808193186372314e+00 1.529630643727698238e-03
4.434538527855711010e+00 1.436390161916664384e-03
4.436268862525049705e+00 1.349618180128164683e-03
4.437999197194388401e+00 1.272572778276263557e-03
4.439729531863727097e+00 1.197988087412432418e-03
4.441459866533065792e+00 1.126514808772045113e-03
4.443190201202404488e+00 1.063375828515953844e-03
4.444920535871743184e+00 1.001712911305005504e-03
4.446650870541081879e+00 9.396811473995326201e-04
4.448381205210420575e+00 8.876925453819938363e-04
4.450111539879759270e+00 8.438972993715247771e-04
4.451841874549097966e+00 7.982206239171101263e-04
4.453572209218436662e+00 7.570145978308264823e-04
4.455302543887775357e+00 7.172963388985937293e-04
4.457032878557114053e+00 6.753971356086786899e-04
4.458763213226452748e+00 6.369005172998587960e-04
4.460493547895791444e+00 6.030243906475048687e-04
4.462223882565130140e+00 5.692880505287138508e-04
4.463954217234468835e+00 5.393420143018159713e-04
4.465684551903807531e+00 5.167584981806373420e-04
4.467414886573146227e+00 4.911177304376333460e-04
4.469145221242484922e+00 4.628818962176345039e-04
4.470875555911823618e+00 4.388298972163449572e-04
4.472605890581162313e+00 4.132445340787435813e-04
4.474336225250501009e+00 3.900300857863258286e-04
4.476066559919839705e+00 3.745268136588096250e-04
4.477796894589178400e+00 3.617565142333324267e-04
4.479527229258517096e+00 3.439362848786086399e-04
4.481257563927855792e+00 3.273496901431941115e-04
4.482987898597194487e+00 3.136828367626037285e-04
4.484718233266532295e+00 2.958960328599111091e-04
4.486448567935871878e+00 2.810180315643475021e-04
4.488178902605209686e+00 2.699688555327536235e-04
4.489909237274549270e+00 2.548629129955697309e-04
4.491639571943887077e+00 2.391818176660460765e-04
4.493369906613226661e+00 2.272852488051581472e-04
4.495100241282564468e+00 2.165948317459386637e-04
4.496830575951903164e+00 2.054947082782546445e-04
4.498560910621241860e+00 2.001045833177001528e-04
4.500291245290580555e+00 1.933537916163137363e-04
4.502021579959919251e+00 1.828032003727069702e-04
4.503751914629257946e+00 1.770632854314900030e-04
4.505482249298596642e+00 1.713035547590529954e-04
4.507212583967935338e+00 1.609525919345611408e-04
4.508942918637274033e+00 1.510116280876833660e-04
4.510673253306612729e+00 1.452348596547057907e-04
4.512403587975951424e+00 1.372886309002313674e-04
4.514133922645290120e+00 1.293779562552644171e-04
4.515864257314628816e+00 1.260184812112248240e-04
4.517594591983967511e+00 1.157065792891643057e-04
4.519324926653306207e+00 1.041568873752511302e-04
4.521055261322644903e+00 1.000426504720232520e-04
4.522785595991983598e+00 9.790594774386818569e-05
4.524515930661322294e+00 9.291885544851515954e-05
4.526246265330660989e+00 8.885785497336405831e-05
4.527976599999999685e+00 8.830082358558917694e-05
