5.999999999999999778e-01 9.307725103705231231e-09
6.035070140280560658e-01 5.107289561284685932e-08
6.070140280561121537e-01 8.556136259755405416e-08
6.105210420841683527e-01 9.635321272451335443e-08
6.140280561122244407e-01 2.283699670422065786e-07
6.175350701402805287e-01 2.986400514143823937e-07
6.210420841683366167e-01 6.251129273901012824e-07
6.245490981963928157e-01 1.025929098226207229e-06
6.280561122244489036e-01 4.959911979732771042e-07
6.315631262525049916e-01 2.324799285790641530e-07
6.350701402805610796e-01 1.854311888138418106e-07
6.385771543086171675e-01 1.684451370331264705e-07
6.420841683366733665e-01 8.896600394998481409e-08
6.455911823647294545e-01 5.483576856189084735e-08
6.490981963927855425e-01 5.616535018377840863e-08
6.526052104208416305e-01 5.845617296091869691e-08
6.561122244488977184e-01 6.778272083290672298e-08
6.596192384769539174e-01 6.170214497167855554e-08
6.631262525050100054e-01 7.570446639503813782e-08
6.666332665330660934e-01 8.773117792248715843e-08
6.701402805611221813e-01 1.084685281866583197e-07
6.736472945891783803e-01 1.089503822406452918e-07
6.771543086172344683e-01 1.210103595272942637e-07
6.806613226452905563e-01 1.161558574825331191e-07
6.841683366733466443e-01 9.941962257230215664e-08
6.876753507014028433e-01 1.080926985962307699e-07
6.911823647294589312e-01 1.286960774210343936e-07
6.946893787575150192e-01 1.256131286170371802e-07
6.981963927855711072e-01 1.029477711504592362e-07
7.017034068136271951e-01 1.063373130967061537e-07
7.052104208416833941e-01 1.155854392332993203e-07
7.087174348697394821e-01 1.146089933062427291e-07
7.122244488977955701e-01 1.141846138403739436e-07
7.157314629258516581e-01 7.753310778338432521e-08
7.192384769539077460e-01 8.367505982013161970e-08
7.227454909819639450e-01 1.067023179528881733e-07
7.262525050100200330e-01 8.163752914303062365e-08
7.297595190380761210e-01 1.029718239030147679e-07
7.332665330661322090e-01 1.212556233894676215e-07
7.367735470941882969e-01 1.289552366145848866e-07
7.402805611222444959e-01 1.027245305145292679e-07
7.437875751503005839e-01 9.831662533350971613e-08
7.472945891783566719e-01 7.299102388651054464e-08
7.508016032064128709e-01 1.101726495515439424e-07
7.543086172344688478e-01 9.735818441804576221e-08
7.578156312625250468e-01 1.253467044618135089e-07
7.613226452905811348e-01 9.610232514081787446e-08
7.648296593186372228e-01 9.849809328725950406e-08
7.683366733466934217e-01 8.886517047989438102e-08
7.718436873747495097e-01 1.011058568769905961e-07
7.753507014028055977e-01 9.366912068811130392e-08
7.788577154308616857e-01 6.905636382764960378e-08
7.823647294589177736e-01 1.104865594228543358e-07
7.858717434869739726e-01 4.571958542131180420e-08
7.893787575150300606e-01 3.812080114016339944e-08
7.928857715430861486e-01 2.611884080731071427e-08
7.963927855711422366e-01 6.354115037428305532e-08
7.998997995991983245e-01 6.239912233366566798e-09
8.034068136272545235e-01 6.543465692595052709e-10
8.069138276553106115e-01 5.116490290423919547e-09
8.104208416833666995e-01 7.511915400811671834e-09
8.139278557114227874e-01 2.195892520326747354e-08
8.174348697394788754e-01 1.300926690406161060e-08
8.209418837675350744e-01 4.474543931615247235e-09
8.244488977955911624e-01 1.710167109782078532e-08
8.279559118236472504e-01 2.227464654908118591e-08
8.314629258517034494e-01 2.459310201429950435e-08
8.349699398797595373e-01 2.942201811753950578e-08
8.384769539078156253e-01 1.753468629926684214e-08
8.419839679358717133e-01 2.395089084947096471e-08
8.454909819639278012e-01 4.656037428908588441e-09
8.489979959919840002e-01 2.696094620941865076e-08
8.525050100200400882e-01 2.314439385005991365e-08
8.560120240480961762e-01 1.104242871199894288e-08
8.595190380761522642e-01 1.971401157030342929e-08
8.630260521042083521e-01 2.305700231644958994e-08
8.665330661322645511e-01 1.582618601307495473e-08
8.700400801603206391e-01 2.842076368411981569e-08
8.735470941883767271e-01 5.713788589710907675e-08
8.770541082164329261e-01 5.688131304882235914e-08
8.805611222444889030e-01 7.006486048574672109e-08
8.840681362725451020e-01 9.556095403983943674e-09
8.875751503006011900e-01 1.075060631295346445e-07
8.910821643286572780e-01 6.458794032670282108e-08
8.945891783567134770e-01 5.878049102661315509e-08
8.980961923847694539e-01 3.500625860551841532e-07
9.016032064128256529e-01 5.895721145124119297e-08
9.051102204408817409e-01 5.047769878729692814e-08
9.086172344689378289e-01 7.706481162953063411e-08
9.121242484969940278e-01 2.250529872516908402e-08
9.156312625250500048e-01 4.809665537472835163e-08
9.191382765531062038e-01 5.713690659322689696e-08
9.226452905811622918e-01 6.000871086905331415e-08
9.261523046092183797e-01 4.358384580123205792e-08
9.296593186372745787e-01 4.106490109817757952e-08
9.331663326653306667e-01 7.143183012271844382e-08
9.366733466933867547e-01 2.895625669516527039e-08
9.401803607214428427e-01 3.366371670657685704e-08
9.436873747494989306e-01 5.528035894673631964e-08
9.471943887775551296e-01 1.348648728308345498e-07
9.507014028056112176e-01 1.735061738465296882e-07
9.542084168336673056e-01 1.991129716201147182e-07
9.577154308617235046e-01 3.737062447329660475e-07
9.612224448897794815e-01 8.551529834032359628e-07
9.647294589178356805e-01 1.556950450935102900e-06
9.682364729458917685e-01 2.654064363569819957e-06
9.717434869739478565e-01 4.840337104918957877e-06
9.752505010020040555e-01 7.172526494492032240e-06
9.787575150300600324e-01 1.032867355419557598e-05
9.822645290581162314e-01 1.892841528705922961e-05
9.857715430861723194e-01 4.122665476113264286e-05
9.892785571142284073e-01 8.314786981988488309e-05
9.927855711422846063e-01 1.481724511272612156e-04
9.962925851703405833e-01 2.569550066476654457e-04
9.997995991983967823e-01 2.463119563126634978e-02
1.003306613226452981e+00 4.009925263505149245e-02
1.006813627254508958e+00 6.104981048875086913e-02
1.010320641282565157e+00 9.371439508279534591e-02
1.013827655310621356e+00 1.325966877642378305e-01
1.017334669338677333e+00 1.552105789502807309e-01
1.020841683366733310e+00 1.571292785804194736e-01
1.024348697394789509e+00 1.553459786083246918e-01
1.027855711422845708e+00 1.551537694469150575e-01
1.031362725450901685e+00 1.561879825960294232e-01
1.034869739478957884e+00 1.587237333322975841e-01
1.038376753507014083e+00 1.598607786283704479e-01
1.041883767535070060e+00 1.604905721100269578e-01
1.045390781563126259e+00 1.600165689770540467e-01
1.048897795591182458e+00 1.603020013923956988e-01
1.052404809619238435e+00 1.612630081294187667e-01
1.055911823647294634e+00 1.612315595481796371e-01
1.059418837675350611e+00 1.594559744653196443e-01
1.062925851703406810e+00 1.565284527110498980e-01
1.066432865731462787e+00 1.536437786954913121e-01
1.069939879759518986e+00 1.490377160726099326e-01
1.073446893787575185e+00 1.451561023838267850e-01
1.076953907815631162e+00 1.420628031727645957e-01
1.080460921843687361e+00 1.409445688271931674e-01
1.083967935871743560e+00 1.414147520497655575e-01
1.087474949899799537e+00 1.431560499559962618e-01
1.090981963927855736e+00 1.465934011499099021e-01
1.094488977955911935e+00 1.505515237294757502e-01
1.097995991983967912e+00 1.541091671137139185e-01
1.101503006012023889e+00 1.559836440309927685e-01
1.105010020040080310e+00 1.573480545090456262e-01
1.108517034068136287e+00 1.568477473466693695e-01
1.112024048096192264e+00 1.565722683206812182e-01
1.115531062124248463e+00 1.556967639383793900e-01
1.119038076152304662e+00 1.542040587234469740e-01
1.122545090180360638e+00 1.529911156746475986e-01
1.126052104208416837e+00 1.532113734539339300e-01
1.129559118236473036e+00 1.547021441857792390e-01
1.133066132264529013e+00 1.566860227441966291e-01
1.136573146292584990e+00 1.589564630073572460e-01
1.140080160320641411e+00 1.608803442265258898e-01
1.143587174348697388e+00 1.646716191229058990e-01
1.147094188376753365e+00 1.681821034901912204e-01
1.150601202404809564e+00 1.714834767716677255e-01
1.154108216432865763e+00 1.745371115676357110e-01
1.157615230460921740e+00 1.782967421127880092e-01
1.161122244488977939e+00 1.815893795942822020e-01
1.164629258517034138e+00 1.843143758313669223e-01
1.168136272545090115e+00 1.862216633511596386e-01
1.171643286573146314e+00 1.871829072114929438e-01
1.175150300601202513e+00 1.883115114837982107e-01
1.178657314629258490e+00 1.884287912213733207e-01
1.182164328657314467e+00 1.892127070344180317e-01
1.185671342685370888e+00 1.888621958117847055e-01
1.189178356713426865e+00 1.887220956765400526e-01
1.192685370741482842e+00 1.883418326519366304e-01
1.196192384769539041e+00 1.873754016131197742e-01
1.199699398797595240e+00 1.877400560135425445e-01
1.203206412825651217e+00 1.884689910520032652e-01
1.206713426853707416e+00 1.892889832172493236e-01
1.210220440881763615e+00 1.905085026107947999e-01
1.213727454909819592e+00 1.919925992484264599e-01
1.217234468937875569e+00 1.932267878412199102e-01
1.220741482965931990e+00 1.961056757642842263e-01
1.224248496993987967e+00 2.000560474072607120e-01
1.227755511022043944e+00 2.043755599867320694e-01
1.231262525050100143e+00 2.081229058852941405e-01
1.234769539078156342e+00 2.115926351325627119e-01
1.238276553106212319e+00 2.140997100733942060e-01
1.241783567134268518e+00 2.169668769460496305e-01
1.245290581162324717e+00 2.203501486274164478e-01
1.248797595190380694e+00 2.228153148817367535e-01
1.252304609218436893e+00 2.261347988732123893e-01
1.255811623246493092e+00 2.278164831262376455e-01
1.259318637274549069e+00 2.300099035259434987e-01
1.262825651302605046e+00 2.314048878910740792e-01
1.266332665330661467e+00 2.322202391689764112e-01
1.269839679358717444e+00 2.322518676886810851e-01
1.273346693386773421e+00 2.235650616369654065e-01
1.276853707414829620e+00 1.948371824020433407e-01
1.280360721442885819e+00 1.397174171428750833e-01
1.283867735470941795e+00 8.572381139051006571e-02
1.287374749498997994e+00 5.058351134891029416e-02
1.290881763527054193e+00 3.086745245838199564e-02
1.294388777555110170e+00 1.992700505338173764e-02
1.297895791583166369e+00 1.214882101644111992e-02
1.301402805611222568e+00 6.005303097422615144e-03
1.304909819639278545e+00 2.927169304167550820e-03
1.308416833667334522e+00 1.464062974808635637e-03
1.311923847695390721e+00 7.800094692997993446e-04
1.315430861723446920e+00 4.359654780993026243e-04
1.318937875751502897e+00 2.527354216713075972e-04
1.322444889779559096e+00 1.524145307149519330e-04
1.325951903807615295e+00 9.580884460413692917e-05
1.329458917835671272e+00 6.171586266231628387e-05
1.332965931863727471e+00 4.156428849887358476e-05
1.336472945891783670e+00 2.863315675547244499e-05
1.339979959919839647e+00 2.034838618262625458e-05
1.343486973947895624e+00 1.531179384474320936e-05
1.346993987975952045e+00 1.144749739276838842e-05
1.350501002004008022e+00 8.520496004167673031e-06
1.354008016032063999e+00 6.562507168096884492e-06
1.357515030060120198e+00 5.522539966324001524e-06
1.361022044088176397e+00 4.225253683459459290e-06
1.364529058116232374e+00 3.699351571163487818e-06
1.368036072144288573e+00 3.318584242834172966e-06
1.371543086172344772e+00 3.333093847359434754e-06
1.375050100200400749e+00 2.635435967459847756e-06
1.378557114228456948e+00 3.072988968970728403e-06
1.382064128256513147e+00 2.744185391687682301e-06
1.385571142284569124e+00 2.577388175576002809e-06
1.389078156312625101e+00 2.103701946975337623e-06
1.392585170340681300e+00 2.271519603152774505e-06
1.396092184368737499e+00 1.863584955019017786e-06
1.399599198396793476e+00 2.270947905081103154e-06
1.403106212424849675e+00 2.460365584835379756e-06
1.406613226452905874e+00 2.068081478727208373e-06
1.410120240480961851e+00 2.281585268654673695e-06
1.413627254509018050e+00 2.586478761009871390e-06
1.417134268537074249e+00 2.334771373962468178e-06
1.420641282565130226e+00 2.494305190098155840e-06
1.424148296593186203e+00 2.464567952471506271e-06
1.427655310621242624e+00 2.240996766450582708e-06
1.431162324649298601e+00 2.552155938186713101e-06
1.434669338677354578e+00 2.337430329214520903e-06
1.438176352705410777e+00 2.456299043483802046e-06
1.441683366733466976e+00 2.278532390300411931e-06
1.445190380761522952e+00 2.158656369979398566e-06
1.448697394789579151e+00 2.068608340786911984e-06
1.452204408817635350e+00 1.982610006738417871e-06
1.455711422845691327e+00 1.983247884885586474e-06
1.459218436873747526e+00 2.091240448496181486e-06
1.462725450901803725e+00 2.065917338610010250e-06
1.466232464929859702e+00 2.301962854655454295e-06
1.469739478957915679e+00 1.964112761362900665e-06
1.473246492985971878e+00 2.422593813075387842e-06
1.476753507014028077e+00 1.949090061756781535e-06
1.480260521042084054e+00 2.005298845141334682e-06
1.483767535070140253e+00 1.982870414622557503e-06
1.487274549098196452e+00 1.660780888838772223e-06
1.490781563126252429e+00 2.026877606626423534e-06
1.494288577154308628e+00 1.806510030685533990e-06
1.497795591182364827e+00 2.466075115023484867e-06
1.501302605210420804e+00 2.682507685045071864e-06
1.504809619238476781e+00 2.345764807948969527e-06
1.508316633266533202e+00 3.077532160578259603e-06
1.511823647294589179e+00 2.393282895483221623e-06
1.515330661322645156e+00 2.841509223371223967e-06
1.518837675350701355e+00 2.524108226521384869e-06
1.522344689378757554e+00 2.598645714689163380e-06
1.525851703406813531e+00 2.827504088502343517e-06
1.529358717434869730e+00 3.223290706961329111e-06
1.532865731462925929e+00 2.852966824399303590e-06
1.536372745490981906e+00 2.944374247658045068e-06
1.539879759519038105e+00 2.913732895227602993e-06
1.543386773547094304e+00 2.467941142645856345e-06
1.546893787575150281e+00 3.034550651438975199e-06
1.550400801603206258e+00 2.859357661333745104e-06
1.553907815631262679e+00 2.787415596897062969e-06
1.557414829659318656e+00 2.782717262735647896e-06
1.560921843687374633e+00 2.719431368486903369e-06
1.564428857715430832e+00 3.080646949649883638e-06
1.567935871743487031e+00 3.118785986176168335e-06
1.571442885771543008e+00 2.279707405662697435e-06
1.574949899799599207e+00 2.839777076888041799e-06
1.578456913827655406e+00 2.722757141797956562e-06
1.581963927855711383e+00 3.418991283768153044e-06
1.585470941883767360e+00 3.158127110935017405e-06
1.588977955911823781e+00 3.082611481414366366e-06
1.592484969939879758e+00 2.940556987625991855e-06
1.595991983967935735e+00 3.781813528739408405e-06
1.599498997995991934e+00 2.620365841614793883e-06
1.603006012024048133e+00 3.527817296681500242e-06
1.606513026052104109e+00 3.280077258466627519e-06
1.610020040080160530e+00 3.404332774633645703e-06
1.613527054108216507e+00 3.828100322755098463e-06
1.617034068136272484e+00 2.777631478778279216e-06
1.620541082164328461e+00 3.485209954387510801e-06
1.624048096192384882e+00 3.218210672588521581e-06
1.627555110220440859e+00 3.518207477128781151e-06
1.631062124248496836e+00 4.296691717037093483e-06
1.634569138276553257e+00 2.866193221050835585e-06
1.638076152304609234e+00 2.709303992117359931e-06
1.641583166332665211e+00 3.590696772892176338e-06
1.645090180360721632e+00 3.544272541872122399e-06
1.648597194388777609e+00 2.872234577251144175e-06
1.652104208416833586e+00 3.558062899616247452e-06
1.655611222444889563e+00 3.358430686156182748e-06
1.659118236472945984e+00 3.569828744662993210e-06
1.662625250501001961e+00 3.771624481599652100e-06
1.666132264529057938e+00 3.064242882881314641e-06
1.669639278557114359e+00 4.429918842716600131e-06
1.673146292585170336e+00 3.424910553109264790e-06
1.676653306613226313e+00 3.445336989804969816e-06
1.680160320641282734e+00 3.470227530886098907e-06
1.683667334669338711e+00 2.592725405710821484e-06
1.687174348697394688e+00 3.839487978511552475e-06
1.690681362725451109e+00 2.858588997507305228e-06
1.694188376753507086e+00 3.680190952491686255e-06
1.697695390781563063e+00 3.908039586163555207e-06
1.701202404809619040e+00 3.517362699023155222e-06
1.704709418837675461e+00 2.791678825933939422e-06
1.708216432865731438e+00 3.073586811298231203e-06
1.711723446893787415e+00 3.894973769988700912e-06
1.715230460921843836e+00 2.359811494136180265e-06
1.718737474949899813e+00 3.321141298710929942e-06
1.722244488977955790e+00 4.708658489046209032e-06
1.725751503006012211e+00 4.022058443110360897e-06
1.729258517034068188e+00 4.106162768537027576e-06
1.732765531062124165e+00 4.164343230890954566e-06
1.736272545090180142e+00 4.173837222497719404e-06
1.739779559118236563e+00 3.747314526252321020e-06
1.743286573146292540e+00 3.238194485806378732e-06
1.746793587174348517e+00 4.568216337821525417e-06
1.750300601202404938e+00 3.706399544702703863e-06
1.753807615230460915e+00 3.396469758416220338e-06
1.757314629258516891e+00 3.025702860332052050e-06
1.760821643286573313e+00 3.924451317072770909e-06
1.764328657314629289e+00 3.612709997673703640e-06
1.767835671342685266e+00 3.563842714776546909e-06
1.771342685370741687e+00 3.804743070058425296e-06
1.774849699398797664e+00 3.735082912279057003e-06
1.778356713426853641e+00 3.836820674305048412e-06
1.781863727454909618e+00 4.637904537356376340e-06
1.785370741482966039e+00 4.404178474579930171e-06
1.788877755511022016e+00 5.215264392776991229e-06
1.792384769539077993e+00 4.746153199484912528e-06
1.795891783567134414e+00 4.720106879086748025e-06
1.799398797595190391e+00 4.491809065528494437e-06
1.802905811623246368e+00 5.011350809530465991e-06
1.806412825651302789e+00 4.057616357988853216e-06
1.809919839679358766e+00 5.813732782180216040e-06
1.813426853707414743e+00 4.273932307037473003e-06
1.816933867735470720e+00 4.928185794918462834e-06
1.820440881763527141e+00 6.353263013385301092e-06
1.823947895791583118e+00 5.160524613299050277e-06
1.827454909819639095e+00 4.558220470673252035e-06
1.830961923847695516e+00 5.117966173348492188e-06
1.834468937875751493e+00 5.566454619728482857e-06
1.837975951903807470e+00 5.914941943979603879e-06
1.841482965931863891e+00 4.180868144386856596e-06
1.844989979959919868e+00 5.501334765865233107e-06
1.848496993987975845e+00 8.010617415086409405e-06
1.852004008016032266e+00 7.607977753326441334e-06
1.855511022044088243e+00 7.445145292260969641e-06
1.859018036072144220e+00 6.614719376905664086e-06
1.862525050100200197e+00 5.831308884002480970e-06
1.866032064128256618e+00 4.810599053448124477e-06
1.869539078156312595e+00 6.395386838917040756e-06
1.873046092184368572e+00 6.484240107804348851e-06
1.876553106212424993e+00 8.226177111791153961e-06
1.880060120240480970e+00 6.207001284857034745e-06
1.883567134268536947e+00 6.788128251247577095e-06
1.887074148296593368e+00 6.552990809830363121e-06
1.890581162324649345e+00 6.015693140474501033e-06
1.894088176352705322e+00 6.775936237042704701e-06
1.897595190380761299e+00 6.219406096288144724e-06
1.901102204408817720e+00 6.340907882445457313e-06
1.904609218436873697e+00 7.052199417648647569e-06
1.908116232464929674e+00 8.251028658627110004e-06
1.911623246492986095e+00 6.326011377762933750e-06
1.915130260521042072e+00 7.159661037196510207e-06
1.918637274549098048e+00 6.964003165921459286e-06
1.922144288577154470e+00 7.882952504300620708e-06
1.925651302605210446e+00 5.779882293492802456e-06
1.929158316633266423e+00 5.434572354470293770e-06
1.932665330661322844e+00 8.030264209247366746e-06
1.936172344689378821e+00 5.202119658847863544e-06
1.939679358717434798e+00 7.391546071089947512e-06
1.943186372745490775e+00 6.944281123903846808e-06
1.946693386773547196e+00 6.687047616359872564e-06
1.950200400801603173e+00 5.427901425677106842e-06
1.953707414829659150e+00 7.837815084334597313e-06
1.957214428857715571e+00 6.983800405914965454e-06
1.960721442885771548e+00 7.980422863441895710e-06
1.964228456913827525e+00 7.858684838175125000e-06
1.967735470941883946e+00 8.127783671000947917e-06
1.971242484969939923e+00 7.770013792949167534e-06
1.974749498997995900e+00 7.253049918153788864e-06
1.978256513026051877e+00 7.378237660416054709e-06
1.981763527054108298e+00 8.619260219842293384e-06
1.985270541082164275e+00 8.324198788724434362e-06
1.988777555110220252e+00 6.307584583724879838e-06
1.992284569138276673e+00 7.170877016312499129e-06
1.995791583166332650e+00 8.356246549872002540e-06
1.999298597194388627e+00 7.451350565609278913e-06
2.002805611222445048e+00 6.326597135077914328e-06
2.006312625250501025e+00 6.472435110227692359e-06
2.009819639278557002e+00 5.266904797841763407e-06
2.013326653306613423e+00 5.982854824519849906e-06
2.016833667334669400e+00 6.294219551691752435e-06
2.020340681362725377e+00 5.879733079336195888e-06
2.023847695390781354e+00 5.864590475166836694e-06
2.027354709418837775e+00 7.343485631756093103e-06
2.030861723446893752e+00 6.912188580734000789e-06
2.034368737474949729e+00 5.735458286281702046e-06
2.037875751503006150e+00 6.382592507603020247e-06
2.041382765531062127e+00 4.979673556474226798e-06
2.044889779559118104e+00 5.295468311349866414e-06
2.048396793587174525e+00 7.307360212112093584e-06
2.051903807615230502e+00 4.790861328474862400e-06
2.055410821643286479e+00 8.249019286735925096e-06
2.058917835671342900e+00 7.421614007083913760e-06
2.062424849699398877e+00 6.391465547422182593e-06
2.065931863727454854e+00 7.639734033437002076e-06
2.069438877755510831e+00 8.556156887218098613e-06
2.072945891783567252e+00 6.968180727506420367e-06
2.076452905811623229e+00 5.122303697399560932e-06
2.079959919839679205e+00 6.303006215383389809e-06
2.083466933867735627e+00 9.361269884554055339e-06
2.086973947895791603e+00 6.168533562861235875e-06
2.090480961923847580e+00 7.086152814732707380e-06
2.093987975951904001e+00 8.366386753004626252e-06
2.097494989979959978e+00 5.641400197450082469e-06
2.101002004008015955e+00 7.496940056781011593e-06
2.104509018036071932e+00 6.883513728749352332e-06
2.108016032064128353e+00 8.651289702818099774e-06
2.111523046092184330e+00 9.208661874029527570e-06
2.115030060120240307e+00 6.604514218519100488e-06
2.118537074148296728e+00 8.502072014189834275e-06
2.122044088176352705e+00 8.639682215015748054e-06
2.125551102204408682e+00 5.173271715131249531e-06
2.129058116232465103e+00 9.103125526101029627e-06
2.132565130260521080e+00 7.434514243831739587e-06
2.136072144288577057e+00 8.017090155188844134e-06
2.139579158316633478e+00 8.567362071709795475e-06
2.143086172344689455e+00 8.581474911695919795e-06
2.146593186372745432e+00 5.093243975947897378e-06
2.150100200400801409e+00 7.398855414797526255e-06
2.153607214428857830e+00 9.250326936241160932e-06
2.157114228456913807e+00 1.178257166822108385e-05
2.160621242484969784e+00 1.463590668886776200e-05
2.164128256513026205e+00 9.139567214721633525e-06
2.167635270541082182e+00 1.408208912925304186e-05
2.171142284569138159e+00 1.281752820913219796e-05
2.174649298597194580e+00 1.125756018597291676e-05
2.178156312625250557e+00 9.486574136875322293e-06
2.181663326653306534e+00 1.041015472791901854e-05
2.185170340681362511e+00 4.010973049901539701e-06
2.188677354709418932e+00 1.003448158340019683e-05
2.192184368737474909e+00 4.392208543551993825e-06
2.195691382765530886e+00 9.367999016160839440e-06
2.199198396793587307e+00 1.123007011160212772e-05
2.202705410821643284e+00 9.639006306875340960e-06
2.206212424849699261e+00 1.116205851124352302e-05
2.209719438877755682e+00 6.293724026910702824e-06
2.213226452905811659e+00 1.507387870482212218e-05
2.216733466933867636e+00 9.531652826017027397e-06
2.220240480961924057e+00 7.810458402495222571e-06
2.223747494989980034e+00 9.337851874169636674e-06
2.227254509018036011e+00 1.327180433222634560e-05
2.230761523046091988e+00 1.220214192273966967e-05
2.234268537074148409e+00 1.655303967010743837e-05
2.237775551102204386e+00 1.751454381436258229e-05
2.241282565130260362e+00 1.762596502871170427e-05
2.244789579158316783e+00 2.336509654203695909e-05
2.248296593186372760e+00 1.949716584727131710e-05
2.251803607214428737e+00 1.782713957063225010e-05
2.255310621242485158e+00 1.657765109490266390e-05
2.258817635270541135e+00 2.353944540779565739e-05
2.262324649298597112e+00 1.874291804390178437e-05
2.265831663326653089e+00 1.029750572174884911e-05
2.269338677354709510e+00 1.421583181757615014e-05
2.272845691382765487e+00 1.499456162122631702e-05
2.276352705410821464e+00 9.415557191200073776e-06
2.279859719438877885e+00 1.442762394369111946e-05
2.283366733466933862e+00 1.008341368778803888e-05
2.286873747494989839e+00 8.132455809597554383e-06
2.290380761523046260e+00 8.767427106935055741e-06
2.293887775551102237e+00 8.632277139306485003e-06
2.297394789579158214e+00 6.468842471461996563e-06
2.300901803607214635e+00 6.541920536394237883e-06
2.304408817635270612e+00 6.448344950738323421e-06
2.307915831663326589e+00 6.210936066662401230e-06
2.311422845691382566e+00 4.224634941885000115e-06
2.314929859719438987e+00 4.781482727696922196e-06
2.318436873747494964e+00 4.292322846096852756e-06
2.321943887775550941e+00 5.095492867445454018e-06
2.325450901803607362e+00 5.182482937983584163e-06
2.328957915831663339e+00 3.181823548846192742e-06
2.332464929859719316e+00 3.306531216076819290e-06
2.335971943887775737e+00 2.592994841801908767e-06
2.339478957915831714e+00 3.014179159186018363e-06
2.342985971943887691e+00 2.563175032337138950e-06
2.346492985971943668e+00 2.649456746239059178e-06
2.350000000000000089e+00 2.382975384514793120e-06
