2.339770000000000127e+00 1.298045162804068191e-04
2.343537795591182693e+00 8.554805240088316756e-05
2.347305591182364815e+00 1.593040710933149150e-04
2.351073386773547380e+00 1.706675953260562988e-04
2.354841182364729502e+00 2.316314170367239937e-04
2.358608977955912067e+00 3.657675824573792265e-04
2.362376773547094189e+00 5.295210716064786957e-04
2.366144569138276754e+00 8.095726216444675038e-04
2.369912364729458876e+00 1.393232037382472442e-03
2.373680160320641441e+00 2.093319342830959971e-03
2.377447955911823563e+00 3.506257280937623462e-03
2.381215751503006128e+00 5.540526930396406230e-03
2.384983547094188694e+00 8.770634235279206950e-03
2.388751342685370815e+00 1.380830210628871194e-02
2.392519138276553381e+00 2.088165322187310671e-02
2.396286933867735502e+00 3.066747789369614341e-02
2.400054729458918068e+00 4.336508211407798241e-02
2.403822525050100190e+00 5.929846764141660787e-02
2.407590320641282755e+00 7.954347355971388978e-02
2.411358116232464877e+00 1.047642060792033508e-01
2.415125911823647442e+00 1.349374082613722936e-01
2.418893707414829564e+00 1.697668034175265905e-01
2.422661503006012129e+00 2.060643113004512472e-01
2.426429298597194695e+00 2.415322684774311723e-01
2.430197094188376816e+00 2.743960380830544610e-01
2.433964889779559382e+00 3.058012505923008439e-01
2.437732685370741503e+00 3.353722111748666523e-01
2.441500480961924069e+00 3.620633558939862495e-01
2.445268276553106190e+00 3.819245979559390824e-01
2.449036072144288756e+00 3.949793643998339987e-01
2.452803867735470877e+00 4.024491542431021252e-01
2.456571663326653443e+00 4.067100427514043770e-01
2.460339458917835564e+00 4.091669738408293400e-01
2.464107254509018130e+00 4.106660638722096079e-01
2.467875050100200696e+00 4.119400586486348659e-01
2.471642845691382817e+00 4.133371607143578874e-01
2.475410641282565383e+00 4.151380254346752618e-01
2.479178436873747504e+00 4.163046149976305510e-01
2.482946232464930070e+00 4.168494891937186697e-01
2.486714028056112191e+00 4.177112649064607108e-01
2.490481823647294757e+00 4.184185223086649419e-01
2.494249619238476878e+00 4.189505509480519474e-01
2.498017414829659444e+00 4.192963623979836796e-01
2.501785210420841565e+00 4.112001192403101912e-01
2.505553006012024131e+00 4.108991553220941451e-01
2.509320801603206696e+00 4.103362827599445484e-01
2.513088597194388818e+00 4.096981621239096372e-01
2.516856392785571384e+00 4.090991423535798588e-01
2.520624188376753505e+00 4.087014035241827159e-01
2.524391983967936071e+00 4.085832444702414135e-01
2.528159779559118192e+00 4.088068387971032780e-01
2.531927575150300758e+00 4.092290445093602069e-01
2.535695370741482879e+00 4.098877037711510796e-01
2.539463166332665445e+00 4.105346532971560491e-01
2.543230961923847566e+00 4.104639264108541075e-01
2.546998757515030132e+00 4.102223916171076623e-01
2.550766553106212697e+00 4.093584710957768880e-01
2.554534348697394819e+00 4.081990738028787313e-01
2.558302144288577384e+00 4.066123798391559352e-01
2.562069939879759506e+00 4.041742497500460107e-01
2.565837735470942071e+00 4.032813501350402396e-01
2.569605531062124193e+00 4.018908779633451611e-01
2.573373326653306759e+00 4.019830112909487663e-01
2.577141122244488880e+00 4.026591995681922387e-01
2.580908917835671446e+00 4.039416944506742935e-01
2.584676713426854011e+00 4.065445568583609948e-01
2.588444509018036133e+00 4.099747703649184727e-01
2.592212304609218698e+00 4.138654569263895966e-01
2.595980100200400820e+00 4.164519585990202888e-01
2.599747895791583385e+00 4.216734645052568897e-01
2.603515691382765507e+00 4.231238601209727501e-01
2.607283486973948072e+00 4.243668317563499270e-01
2.611051282565130194e+00 4.250280226360308444e-01
2.614819078156312759e+00 4.243647074293362964e-01
2.618586873747495325e+00 4.244624575726114180e-01
2.622354669338677446e+00 4.239481875612735040e-01
2.626122464929859568e+00 4.224577697996609316e-01
2.629890260521042133e+00 4.211706725563106324e-01
2.633658056112224699e+00 4.208545969239688711e-01
2.637425851703406821e+00 4.212711659943123577e-01
2.641193647294589386e+00 4.211271359678568915e-01
2.644961442885771508e+00 4.213333538826192770e-01
2.648729238476954073e+00 4.222790862247144394e-01
2.652497034068136195e+00 4.221942633814820267e-01
2.656264829659318760e+00 4.235645016064443213e-01
2.660032625250501326e+00 4.239114363606529823e-01
2.663800420841683447e+00 4.230117812461165472e-01
2.667568216432866013e+00 4.226268240386201192e-01
2.671336012024048134e+00 4.228529429527682626e-01
2.675103807615230700e+00 4.226000784555304368e-01
2.678871603206412821e+00 4.220855787367900347e-01
2.682639398797595387e+00 4.218812214027781726e-01
2.686407194388777508e+00 4.212688962397395098e-01
2.690174989979960074e+00 4.214819508441500218e-01
2.693942785571142196e+00 4.198813133481628102e-01
2.697710581162324761e+00 4.207181447643295047e-01
2.701478376753507327e+00 4.213007405613768963e-01
2.705246172344689448e+00 4.225217622795641170e-01
2.709013967935872014e+00 4.228960062706649259e-01
2.712781763527054135e+00 4.244134527720329619e-01
2.716549559118236701e+00 4.248952631484615439e-01
2.720317354709418822e+00 4.243349422146373007e-01
2.724085150300601388e+00 4.249784333382161106e-01
2.727852945891783509e+00 4.262438459392371426e-01
2.731620741482966075e+00 4.260483524262336230e-01
2.735388537074148196e+00 4.246201234290834514e-01
2.739156332665330762e+00 4.232617895292677956e-01
2.742924128256513328e+00 4.239479490998028233e-01
2.746691923847695449e+00 4.228009918178071147e-01
2.750459719438878015e+00 4.219230451674685911e-01
2.754227515030060136e+00 4.191544304883346173e-01
2.757995310621242702e+00 4.180041426145850725e-01
2.761763106212424823e+00 4.166936770087670827e-01
2.765530901803607389e+00 4.171282791741086626e-01
2.769298697394789510e+00 4.172233597678802752e-01
2.773066492985972076e+00 4.181538933120338419e-01
2.776834288577154197e+00 4.190174034570814943e-01
2.780602084168336763e+00 4.207914364431591392e-01
2.784369879759519328e+00 4.224923663226904935e-01
2.788137675350701450e+00 4.234825546076884106e-01
2.791905470941884015e+00 4.252055769402292573e-01
2.795673266533066137e+00 4.264274479008502983e-01
2.799441062124248703e+00 4.282036204250899147e-01
2.803208857715430824e+00 4.284098263040780341e-01
2.806976653306613390e+00 4.291927291235738684e-01
2.810744448897795511e+00 4.291734228821937891e-01
2.814512244488978077e+00 4.290414587451231165e-01
2.818280040080160198e+00 4.289655478985586745e-01
2.822047835671342764e+00 4.286723002141535344e-01
2.825815631262525329e+00 4.283521167675135577e-01
2.829583426853707451e+00 4.280025556367455519e-01
2.833351222444890016e+00 4.274067158143093903e-01
2.837119018036072138e+00 4.264603046029257216e-01
2.840886813627254703e+00 4.266345359517234592e-01
2.844654609218436825e+00 4.264642093706021986e-01
2.848422404809619390e+00 4.262239797340005021e-01
2.852190200400801956e+00 4.256782726024470054e-01
2.855957995991984077e+00 4.247489340707141792e-01
2.859725791583166199e+00 4.238584203684618301e-01
2.863493587174348765e+00 4.227880409072377610e-01
2.867261382765531330e+00 4.226107083102725870e-01
2.871029178356713452e+00 4.219626674449726278e-01
2.874796973947896017e+00 4.214397804058435115e-01
2.878564769539078139e+00 4.207713717329236158e-01
2.882332565130260704e+00 4.200736000218937560e-01
2.886100360721442826e+00 4.187364074766082855e-01
2.889868156312625391e+00 4.179186454054780731e-01
2.893635951903807957e+00 4.178759579457160811e-01
2.897403747494990078e+00 4.173916047108451322e-01
2.901171543086172200e+00 4.167124157092649273e-01
2.904939338677354765e+00 4.159714686764968139e-01
2.908707134268537331e+00 4.152165864699624565e-01
2.912474929859719452e+00 4.140288202444285526e-01
2.916242725450902018e+00 4.134073551974928318e-01
2.920010521042084140e+00 4.127382357394906442e-01
2.923778316633266705e+00 4.115277698742881296e-01
2.927546112224448827e+00 4.107823117102910593e-01
2.931313907815631392e+00 4.093732528382059144e-01
2.935081703406813958e+00 4.076557415690544861e-01
2.938849498997996079e+00 4.054281790421504494e-01
2.942617294589178201e+00 4.037152594900946800e-01
2.946385090180360766e+00 4.025259628883489094e-01
2.950152885771543332e+00 4.009237349770350956e-01
2.953920681362725453e+00 3.991174918046399012e-01
2.957688476953908019e+00 3.970849450214629650e-01
2.961456272545090140e+00 3.950822414672071625e-01
2.965224068136272706e+00 3.932071681384948225e-01
2.968991863727454827e+00 3.914884812059559738e-01
2.972759659318637393e+00 3.899604402685911131e-01
2.976527454909819959e+00 3.895878193467274819e-01
2.980295250501002080e+00 3.883944175799698417e-01
2.984063046092184202e+00 3.868718783060792754e-01
2.987830841683366767e+00 3.854272843904700818e-01
2.991598637274549333e+00 3.847400749963727495e-01
2.995366432865731454e+00 3.840320481407102915e-01
2.999134228456914020e+00 3.833084039543356303e-01
3.002902024048096141e+00 3.824096638724737707e-01
3.006669819639278707e+00 3.811394482755933177e-01
3.010437615230460828e+00 3.797069645735615118e-01
3.014205410821643394e+00 3.787249845845289120e-01
3.017973206412825959e+00 3.775461937242584609e-01
3.021741002004008081e+00 3.759810414788712363e-01
3.025508797595190202e+00 3.739401922189437566e-01
3.029276593186372768e+00 3.716433480732486139e-01
3.033044388777555334e+00 3.700540581776515792e-01
3.036812184368737455e+00 3.688614244986359036e-01
3.040579979959920021e+00 3.673656787888185393e-01
3.044347775551102142e+00 3.663095502117397206e-01
3.048115571142284708e+00 3.652523791957174026e-01
3.051883366733466829e+00 3.643034303823533548e-01
3.055651162324649395e+00 3.628551041666389088e-01
3.059418957915831960e+00 3.614980381655927277e-01
3.063186753507014082e+00 3.612383387980404592e-01
3.066954549098196203e+00 3.617213368602274493e-01
3.070722344689378769e+00 3.622001504682194617e-01
3.074490140280561334e+00 3.618252706196486979e-01
3.078257935871743456e+00 3.616031362383015368e-01
3.082025731462926021e+00 3.620481171385784291e-01
3.085793527054108143e+00 3.630989418311159622e-01
3.089561322645290709e+00 3.642802736661131524e-01
3.093329118236472830e+00 3.659660214984297166e-01
3.097096913827655396e+00 3.678389253519862012e-01
3.100864709418837961e+00 3.693477564233447752e-01
3.104632505010020083e+00 3.704135072334194811e-01
3.108400300601202204e+00 3.714858633855844805e-01
3.112168096192384770e+00 3.727033946860508484e-01
3.115935891783567335e+00 3.740331802186823706e-01
3.119703687374749457e+00 3.753497363504748052e-01
3.123471482965932022e+00 3.778253073724747724e-01
3.127239278557114144e+00 3.798919989979922529e-01
3.131007074148296709e+00 3.818172349525898457e-01
3.134774869739478831e+00 3.833749351900354041e-01
3.138542665330661396e+00 3.849227911555931358e-01
3.142310460921843962e+00 3.867006716051865634e-01
3.146078256513026083e+00 3.885940499108589963e-01
3.149846052104208205e+00 3.910024823022320573e-01
3.153613847695390771e+00 3.928966381142269815e-01
3.157381643286573336e+00 3.948335090141558701e-01
3.161149438877755458e+00 3.967369653966802967e-01
3.164917234468938023e+00 3.985551383790456037e-01
3.168685030060120145e+00 4.004098127847681710e-01
3.172452825651302710e+00 4.029639467265327402e-01
3.176220621242484832e+00 4.057708095336794440e-01
3.179988416833667397e+00 4.083490475461999392e-01
3.183756212424849963e+00 4.105504647884511416e-01
3.187524008016032084e+00 4.126883699871496392e-01
3.191291803607214206e+00 4.148217592036996804e-01
3.195059599198396771e+00 4.169413103594695746e-01
3.198827394789579337e+00 4.194778415762386303e-01
3.202595190380761458e+00 4.213843328975613867e-01
3.206362985971944024e+00 4.231936544813101331e-01
3.210130781563126146e+00 4.249359155842668545e-01
3.213898577154308711e+00 4.261180199151122228e-01
3.217666372745490833e+00 4.277542978083013758e-01
3.221434168336673398e+00 4.296982910299161351e-01
3.225201963927855964e+00 4.319109574879036462e-01
3.228969759519038085e+00 4.338319730715480271e-01
3.232737555110220207e+00 4.352958952875762844e-01
3.236505350701402772e+00 4.365964620041304367e-01
3.240273146292585338e+00 4.379047183514763186e-01
3.244040941883767459e+00 4.391017523407130252e-01
3.247808737474950025e+00 4.408109730579978791e-01
3.251576533066132146e+00 4.422406033727335206e-01
3.255344328657314712e+00 4.439011896340174235e-01
3.259112124248496833e+00 4.456136229436069573e-01
3.262879919839679399e+00 4.472195229994044285e-01
3.266647715430861965e+00 4.488465875187024334e-01
3.270415511022044086e+00 4.509791844329119614e-01
3.274183306613226208e+00 4.523249223568449606e-01
3.277951102204408773e+00 4.537010912343209523e-01
3.281718897795591339e+00 4.550499726699108738e-01
3.285486693386773460e+00 4.564694307021843755e-01
3.289254488977956026e+00 4.579859304460633940e-01
3.293022284569138147e+00 4.597371599454048163e-01
3.296790080160320713e+00 4.611303135893239369e-01
3.300557875751502834e+00 4.624244651468753520e-01
3.304325671342685400e+00 4.633993495300945398e-01
3.308093466933867965e+00 4.644155141725772595e-01
3.311861262525050087e+00 4.658112212887046133e-01
3.315629058116232653e+00 4.667151631650310883e-01
3.319396853707414774e+00 4.676192799592511218e-01
3.323164649298597340e+00 4.683985492497619862e-01
3.326932444889779461e+00 4.692158419735742991e-01
3.330700240480962027e+00 4.698219006301137535e-01
3.334468036072144592e+00 4.693523952789277476e-01
3.338235831663326714e+00 4.689415109704945239e-01
3.342003627254508835e+00 4.665051834731051006e-01
3.345771422845691401e+00 4.624233940814887478e-01
3.349539218436873966e+00 4.583787341361907908e-01
3.353307014028056088e+00 4.492395907087202711e-01
3.357074809619238209e+00 4.393348769880756621e-01
3.360842605210420775e+00 4.319531541452031886e-01
3.364610400801603340e+00 4.336007263925343858e-01
3.368378196392785462e+00 4.352346999231193059e-01
3.372145991983968027e+00 4.427277240945095005e-01
3.375913787575150593e+00 4.555173903857990259e-01
3.379681583166332715e+00 4.673989944394515428e-01
3.383449378757514836e+00 4.718597590807656061e-01
3.387217174348697402e+00 4.755793806858453210e-01
3.390984969939879967e+00 4.780886454976058242e-01
3.394752765531062089e+00 4.772838787164523366e-01
3.398520561122244210e+00 4.763408987009342677e-01
3.402288356713426776e+00 4.752058603854166785e-01
3.406056152304609341e+00 4.738994582806304035e-01
3.409823947895791463e+00 4.729754734736746347e-01
3.413591743486974028e+00 4.721980331440564504e-01
3.417359539078156594e+00 4.718076204960561792e-01
3.421127334669338715e+00 4.712002768267717356e-01
3.424895130260520837e+00 4.713851953130829830e-01
3.428662925851703402e+00 4.715957072654284876e-01
3.432430721442885968e+00 4.715769023313055586e-01
3.436198517034068090e+00 4.714224918641364281e-01
3.439966312625250211e+00 4.712117781714861287e-01
3.443734108216432777e+00 4.708909809774551869e-01
3.447501903807615342e+00 4.704103706375565297e-01
3.451269699398797464e+00 4.706478608830086952e-01
3.455037494989980029e+00 4.709114901179735635e-01
3.458805290581162595e+00 4.712479360743170864e-01
3.462573086172344716e+00 4.724471269163112996e-01
3.466340881763526838e+00 4.740216650668237497e-01
3.470108677354709403e+00 4.755829572857345200e-01
3.473876472945891969e+00 4.763077822034135766e-01
3.477644268537074090e+00 4.776215926876928863e-01
3.481412064128256212e+00 4.792740040623797992e-01
3.485179859719438777e+00 4.809562431281226291e-01
3.488947655310621343e+00 4.826427877915999143e-01
3.492715450901803464e+00 4.845702378878692373e-01
3.496483246492986030e+00 4.865598003285666051e-01
3.500251042084168596e+00 4.884808065980090763e-01
3.504018837675350717e+00 4.901484484056566338e-01
3.507786633266532839e+00 4.922162906230991841e-01
3.511554428857715404e+00 4.944930601049589702e-01
3.515322224448897970e+00 4.962530604560624337e-01
3.519090020040080091e+00 4.978842480219028421e-01
3.522857815631262213e+00 4.992505305104226743e-01
3.526625611222445222e+00 5.004834425562922906e-01
3.530393406813627344e+00 5.016510565043550418e-01
3.534161202404809465e+00 5.027216175006423704e-01
3.537928997995992031e+00 5.041446514906940957e-01
3.541696793587174596e+00 5.048583656041395473e-01
3.545464589178356718e+00 5.059111021646168771e-01
3.549232384769538839e+00 5.063869175710781212e-01
3.553000180360721405e+00 5.073365453699589800e-01
3.556767975951903971e+00 5.076829709413019920e-01
3.560535771543086092e+00 5.081118018041385076e-01
3.564303567134268214e+00 5.087406722640943624e-01
3.568071362725451223e+00 5.094302483375184876e-01
3.571839158316633345e+00 5.105854162269525265e-01
3.575606953907815466e+00 5.111324583273376687e-01
3.579374749498998032e+00 5.122709521564294821e-01
3.583142545090180597e+00 5.127198077181002178e-01
3.586910340681362719e+00 5.138142373679467356e-01
3.590678136272544840e+00 5.142973908928567539e-01
3.594445931863727406e+00 5.145934911842487969e-01
3.598213727454909971e+00 5.149401404563402895e-01
3.601981523046092093e+00 5.153378816938277707e-01
3.605749318637274659e+00 5.163117833446574378e-01
3.609517114228457224e+00 5.166388164283113316e-01
3.613284909819639346e+00 5.168811287632560925e-01
3.617052705410821467e+00 5.170824055120517571e-01
3.620820501002004033e+00 5.177963786533402724e-01
3.624588296593186598e+00 5.179122545459824423e-01
3.628356092184368720e+00 5.180357962228075985e-01
3.632123887775550841e+00 5.182269465231650329e-01
3.635891683366733407e+00 5.184639180787913304e-01
3.639659478957915972e+00 5.187360033436971829e-01
3.643427274549098094e+00 5.191523582543503545e-01
3.647195070140280659e+00 5.195317670243269070e-01
3.650962865731463225e+00 5.205574736208598008e-01
3.654730661322645346e+00 5.211482918403529396e-01
3.658498456913827468e+00 5.217094108004347586e-01
3.662266252505010034e+00 5.220855449001053916e-01
3.666034048096192599e+00 5.223988282998089927e-01
3.669801843687374721e+00 5.232055660825526422e-01
3.673569639278556842e+00 5.237919851401229288e-01
3.677337434869739408e+00 5.242343294925179142e-01
3.681105230460921973e+00 5.247180167192688760e-01
3.684873026052104095e+00 5.251862049325328741e-01
3.688640821643286660e+00 5.256007945843209628e-01
3.692408617234469226e+00 5.257443298877627624e-01
3.696176412825651347e+00 5.264098190432335844e-01
3.699944208416833469e+00 5.264458791519073255e-01
3.703712004008016034e+00 5.264379303997958059e-01
3.707479799599198600e+00 5.264329774802711803e-01
3.711247595190380721e+00 5.265180885543395695e-01
3.715015390781562843e+00 5.267220895066064834e-01
3.718783186372745408e+00 5.268907553132624599e-01
3.722550981963927974e+00 5.270821099092949380e-01
3.726318777555110096e+00 5.273229492868165558e-01
3.730086573146292661e+00 5.275380508254868817e-01
3.733854368737475227e+00 5.277619712728646162e-01
3.737622164328657348e+00 5.286379612392132499e-01
3.741389959919839470e+00 5.294587984673354564e-01
3.745157755511022035e+00 5.295457226631449243e-01
3.748925551102204601e+00 5.296393059486145249e-01
3.752693346693386722e+00 5.297692288043350795e-01
3.756461142284568844e+00 5.299403637939866796e-01
3.760228937875751409e+00 5.301115926099024822e-01
3.763996733466933975e+00 5.302662395063696410e-01
3.767764529058116096e+00 5.304814267332875755e-01
3.771532324649298662e+00 5.307127561577301700e-01
3.775300120240481228e+00 5.309178286849760564e-01
3.779067915831663349e+00 5.317250878594925734e-01
3.782835711422845471e+00 5.320990150315690892e-01
3.786603507014028036e+00 5.325474747943494958e-01
3.790371302605210602e+00 5.329195890380319378e-01
3.794139098196392723e+00 5.328837998724178515e-01
3.797906893787574845e+00 5.328598958149105558e-01
3.801674689378757410e+00 5.329978194171460792e-01
3.805442484969939976e+00 5.332981305162939334e-01
3.809210280561122097e+00 5.335724804704369273e-01
3.812978076152304663e+00 5.336290392140295991e-01
3.816745871743487228e+00 5.336240547039013959e-01
3.820513667334669350e+00 5.341652572134458765e-01
3.824281462925851471e+00 5.340646527089945028e-01
3.828049258517034037e+00 5.339149439340769021e-01
3.831817054108216603e+00 5.337424873998269925e-01
3.835584849699398724e+00 5.334839726001431304e-01
3.839352645290580845e+00 5.337888000803926447e-01
3.843120440881763411e+00 5.334642993882984241e-01
3.846888236472945977e+00 5.331054760468447729e-01
3.850656032064128098e+00 5.326955146652149198e-01
3.854423827655310664e+00 5.322323222702582957e-01
3.858191623246493229e+00 5.323740086910609959e-01
3.861959418837675351e+00 5.318996762976535564e-01
3.865727214428857472e+00 5.314327967257385099e-01
3.869495010020040038e+00 5.309496873149655016e-01
3.873262805611222603e+00 5.304286018456534357e-01
3.877030601202404725e+00 5.299194065159344991e-01
3.880798396793586846e+00 5.294475239726169624e-01
3.884566192384769412e+00 5.290169215127088487e-01
3.888333987975951977e+00 5.286537240286284245e-01
3.892101783567134099e+00 5.283261872686333405e-01
3.895869579158316665e+00 5.280460633544050708e-01
3.899637374749499230e+00 5.284302626302940231e-01
3.903405170340681352e+00 5.282925707188061981e-01
3.907172965931863473e+00 5.282366829685662957e-01
3.910940761523046039e+00 5.282567442296487448e-01
3.914708557114228604e+00 5.288157977934538900e-01
3.918476352705410726e+00 5.291946821794900613e-01
3.922244148296592847e+00 5.294163642196602071e-01
3.926011943887775413e+00 5.296594386011679312e-01
3.929779739478957978e+00 5.298679155650868333e-01
3.933547535070140100e+00 5.299607425097520030e-01
3.937315330661322665e+00 5.299703917350725435e-01
3.941083126252505231e+00 5.299360086396107672e-01
3.944850921843687352e+00 5.292037251983300328e-01
3.948618717434869474e+00 5.278192354645681039e-01
3.952386513026052040e+00 5.254521436981731686e-01
3.956154308617234605e+00 5.219468420945316822e-01
3.959922104208416727e+00 5.171573646220714027e-01
3.963689899799598848e+00 5.108659412762365237e-01
3.967457695390781414e+00 5.028806329415483889e-01
3.971225490981963979e+00 4.935811688848923406e-01
3.974993286573146101e+00 4.815471512574897028e-01
3.978761082164328666e+00 4.679322926506859215e-01
3.982528877755511232e+00 4.516183447125352024e-01
3.986296673346693353e+00 4.331019683888031602e-01
3.990064468937875475e+00 4.126133807722994207e-01
3.993832264529058040e+00 3.904678537223030821e-01
3.997600060120240606e+00 3.669017958634021026e-01
4.001367855711422727e+00 3.423895065056111742e-01
4.005135651302604849e+00 3.173340642159369618e-01
4.008903446893787859e+00 2.920710072458537199e-01
4.012671242484969980e+00 2.672403189682786007e-01
4.016439038076152102e+00 2.431125125426198685e-01
4.020206833667334223e+00 2.202102091204548029e-01
4.023974629258517233e+00 1.982966588796753193e-01
4.027742424849699354e+00 1.776071232857427129e-01
4.031510220440881476e+00 1.584298657415057765e-01
4.035278016032064485e+00 1.407927478071522853e-01
4.039045811623246607e+00 1.246646451546755546e-01
4.042813607214428728e+00 1.100806494304439331e-01
4.046581402805610850e+00 9.698263712068082298e-02
4.050349198396793859e+00 8.521932903469996157e-02
4.054116993987975981e+00 7.467240558239322812e-02
4.057884789579158102e+00 6.526862420302523282e-02
4.061652585170341112e+00 5.699379287336327204e-02
4.065420380761523234e+00 4.964403228627582709e-02
4.069188176352705355e+00 4.316556098870676789e-02
4.072955971943887477e+00 3.752152131381685657e-02
4.076723767535069598e+00 3.251323853721543866e-02
4.080491563126252608e+00 2.813984029030628525e-02
4.084259358717434729e+00 2.432120846570100595e-02
4.088027154308617739e+00 2.099840160055288507e-02
4.091794949899799860e+00 1.811261600506344424e-02
4.095562745490981982e+00 1.559800751004365195e-02
4.099330541082164103e+00 1.343550865155730169e-02
4.103098336673346225e+00 1.155567269705762290e-02
4.106866132264529234e+00 9.944220943579315519e-03
4.110633927855711356e+00 8.551786703523836866e-03
4.114401723446893477e+00 7.359989380170060304e-03
4.118169519038076487e+00 6.314774857636158700e-03
4.121937314629258609e+00 5.422287806630989027e-03
4.125705110220440730e+00 4.663116693148097215e-03
4.129472905811622852e+00 4.025262076312281084e-03
4.133240701402805861e+00 3.461530149690757174e-03
4.137008496993987983e+00 2.973646428570360985e-03
4.140776292585170104e+00 2.550667433786112017e-03
4.144544088176353114e+00 2.195479023153801539e-03
4.148311883767535235e+00 1.904662323174674630e-03
4.152079679358717357e+00 1.647156299894681885e-03
4.155847474949899478e+00 1.409605713026862569e-03
4.159615270541081600e+00 1.210169374982683664e-03
4.163383066132264609e+00 1.059080601981874942e-03
4.167150861723446731e+00 9.171653827174533827e-04
4.170918657314629741e+00 7.863777570578769959e-04
4.174686452905811862e+00 6.686094237103670530e-04
4.178454248496993984e+00 5.758729349560184809e-04
4.182222044088176105e+00 5.060272622592502717e-04
4.185989839679358226e+00 4.481025983519221277e-04
4.189757635270541236e+00 3.676151498245978336e-04
4.193525430861723358e+00 3.060437497761038712e-04
4.197293226452905479e+00 2.728527828580333591e-04
4.201061022044088489e+00 2.326563446981940906e-04
4.204828817635270610e+00 1.864955446179333615e-04
4.208596613226452732e+00 1.450610796348440334e-04
4.212364408817634853e+00 1.206298112823071757e-04
4.216132204408817863e+00 1.142578840898769639e-04
4.219899999999999984e+00 9.207196884549067087e-05
