3.009189999999999809e+00 9.228872427391927619e-05
3.010744328657314561e+00 9.424848507991273009e-05
3.012298657314628869e+00 9.593290771444339376e-05
3.013852985971943621e+00 9.852334209749112799e-05
3.015407314629258373e+00 9.813117867700758303e-05
3.016961643286573125e+00 9.783925748623469542e-05
3.018515971943887433e+00 9.843598461484996817e-05
3.020070300601202185e+00 9.618715282775459419e-05
3.021624629258516936e+00 9.355780982614342605e-05
3.023178957915831688e+00 9.346519587313653133e-05
3.024733286573145996e+00 9.441491927324672498e-05
3.026287615230460748e+00 1.000272595596592574e-04
3.027841943887775500e+00 1.053500465429833881e-04
3.029396272545089808e+00 1.118957448511872241e-04
3.030950601202404560e+00 1.167011891464099667e-04
3.032504929859719311e+00 1.192804519959314699e-04
3.034059258517034063e+00 1.226422227438776324e-04
3.035613587174348371e+00 1.274626571202729162e-04
3.037167915831663123e+00 1.337938994947830175e-04
3.038722244488977875e+00 1.381304592261967633e-04
3.040276573146292627e+00 1.448938678785612500e-04
3.041830901803606935e+00 1.505862752319910047e-04
3.043385230460921687e+00 1.596612651207274703e-04
3.044939559118236438e+00 1.688907935998884048e-04
3.046493887775550746e+00 1.803783467370890733e-04
3.048048216432865498e+00 1.930938741701203267e-04
3.049602545090180250e+00 2.040085650176748074e-04
3.051156873747495002e+00 2.156290116175359315e-04
3.052711202404809310e+00 2.294703092916670223e-04
3.054265531062124062e+00 2.451337247736596258e-04
3.055819859719438814e+00 2.603951293073224075e-04
3.057374188376753565e+00 2.757618692409108765e-04
3.058928517034067873e+00 2.943165792267691204e-04
3.060482845691382625e+00 3.150919365638595428e-04
3.062037174348697377e+00 3.365930432016219073e-04
3.063591503006011685e+00 3.614463693363984551e-04
3.065145831663326437e+00 3.880351942618658783e-04
3.066700160320641189e+00 4.145568931071840261e-04
3.068254488977955940e+00 4.410958857554864447e-04
3.069808817635270248e+00 4.679801912742665012e-04
3.071363146292585000e+00 4.987895450198152197e-04
3.072917474949899752e+00 5.312461733598830647e-04
3.074471803607214060e+00 5.658746671121492235e-04
3.076026132264528812e+00 6.021779619404009961e-04
3.077580460921843564e+00 6.419830076501015226e-04
3.079134789579158316e+00 6.837277382853743177e-04
3.080689118236472623e+00 7.272545616969869776e-04
3.082243446893787375e+00 7.737704143747725725e-04
3.083797775551102127e+00 8.215520667553573428e-04
3.085352104208416879e+00 8.776314097438972592e-04
3.086906432865731187e+00 9.357258528291073456e-04
3.088460761523045939e+00 9.954312192426678207e-04
3.090015090180360691e+00 1.061002620986680172e-03
3.091569418837674998e+00 1.132626752990459340e-03
3.093123747494989750e+00 1.212762533171367991e-03
3.094678076152304502e+00 1.296328621032161264e-03
3.096232404809619254e+00 1.386691849289156371e-03
3.097786733466933562e+00 1.488085056566130354e-03
3.099341062124248314e+00 1.603926262200693975e-03
3.100895390781563066e+00 1.728860176632872423e-03
3.102449719438877818e+00 1.857797140508666992e-03
3.104004048096192125e+00 2.005573258952218253e-03
3.105558376753506877e+00 2.167137081102677929e-03
3.107112705410821629e+00 2.345730403378698797e-03
3.108667034068135937e+00 2.547505030493733228e-03
3.110221362725450689e+00 2.772755636149311191e-03
3.111775691382765441e+00 3.023200101081716541e-03
3.113330020040080193e+00 3.303752737221444559e-03
3.114884348697394501e+00 3.630628554452281723e-03
3.116438677354709252e+00 3.999348994427531431e-03
3.117993006012024004e+00 4.412442308354979498e-03
3.119547334669338756e+00 4.877032856030869348e-03
3.121101663326653064e+00 5.415011862335376673e-03
3.122655991983967816e+00 6.024296713511501783e-03
3.124210320641282568e+00 6.723715913216439001e-03
3.125764649298596876e+00 7.528574726397176467e-03
3.127318977955911627e+00 8.446839756499652241e-03
3.128873306613226379e+00 9.495397538531021031e-03
3.130427635270541131e+00 1.069419862242535803e-02
3.131981963927855439e+00 1.206822881831772637e-02
3.133536292585170191e+00 1.365130773304613389e-02
3.135090621242484943e+00 1.548984630803284558e-02
3.136644949899799251e+00 1.760677204165258733e-02
3.138199278557114003e+00 2.003940329814772603e-02
3.139753607214428754e+00 2.283254858171055238e-02
3.141307935871743506e+00 2.604511307168532255e-02
3.142862264529057814e+00 2.972457823629681348e-02
3.144416593186372566e+00 3.396587783087756662e-02
3.145970921843687318e+00 3.882319132789792404e-02
3.147525250501002070e+00 4.434996741720871605e-02
3.149079579158316378e+00 5.056944990201011486e-02
3.150633907815631130e+00 5.748159205105601854e-02
3.152188236472945881e+00 6.513053283199343735e-02
3.153742565130260189e+00 7.351171010848699117e-02
3.155296893787574941e+00 8.265204289178512687e-02
3.156851222444889693e+00 9.243721349513117636e-02
3.158405551102204445e+00 1.027244743868332977e-01
3.159959879759518753e+00 1.134315267434215929e-01
3.161514208416833505e+00 1.243832876625664691e-01
3.163068537074148256e+00 1.355359156351600147e-01
3.164622865731463008e+00 1.466417820467695865e-01
3.166177194388777316e+00 1.577269460495403786e-01
3.167731523046092068e+00 1.686453704980582224e-01
3.169285851703406820e+00 1.793991711116620924e-01
3.170840180360721128e+00 1.900271233093001610e-01
3.172394509018035880e+00 2.006363086798181594e-01
3.173948837675350632e+00 2.111669695316022166e-01
3.175503166332665383e+00 2.213795003013164231e-01
3.177057494989979691e+00 2.314986670119630607e-01
3.178611823647294443e+00 2.414521247210675847e-01
3.180166152304609195e+00 2.512931205961168590e-01
3.181720480961923947e+00 2.608810300989639064e-01
3.183274809619238255e+00 2.703125477491488682e-01
3.184829138276553007e+00 2.795223260324393721e-01
3.186383466933867759e+00 2.884735690259351837e-01
3.187937795591182066e+00 2.971756394752044783e-01
3.189492124248496818e+00 3.055425062759922761e-01
3.191046452905811570e+00 3.136195874363977842e-01
3.192600781563126322e+00 3.213467090896645617e-01
3.194155110220440630e+00 3.287395520099201662e-01
3.195709438877755382e+00 3.357452840074479639e-01
3.197263767535070134e+00 3.424720672968917246e-01
3.198818096192384886e+00 3.490560004006894590e-01
3.200372424849699193e+00 3.549523034313585845e-01
3.201926753507013945e+00 3.604869648036097551e-01
3.203481082164328697e+00 3.656641513864039572e-01
3.205035410821643005e+00 3.705261000608209287e-01
3.206589739478957757e+00 3.750529683166741735e-01
3.208144068136272509e+00 3.792659146756631738e-01
3.209698396793587261e+00 3.832027458921214436e-01
3.211252725450901568e+00 3.868454506685112815e-01
3.212807054108216320e+00 3.898988937956837653e-01
3.214361382765531072e+00 3.929670333415891670e-01
3.215915711422845824e+00 3.959092813557494317e-01
3.217470040080160132e+00 3.986149712078582152e-01
3.219024368737474884e+00 4.011139108565356381e-01
3.220578697394789636e+00 4.034981853706400279e-01
3.222133026052103943e+00 4.062929279291683238e-01
3.223687354709418695e+00 4.084657092177081394e-01
3.225241683366733447e+00 4.104956944992297907e-01
3.226796012024048199e+00 4.123751105793747596e-01
3.228350340681362507e+00 4.141407314050142285e-01
3.229904669338677259e+00 4.158064508283418337e-01
3.231458997995992011e+00 4.171228607831784507e-01
3.233013326653306763e+00 4.183374254725373831e-01
3.234567655310621070e+00 4.194715944344076242e-01
3.236121983967935822e+00 4.205484710806990933e-01
3.237676312625250574e+00 4.215426797213016608e-01
3.239230641282564882e+00 4.224771928098229878e-01
3.240784969939879634e+00 4.233154669974195095e-01
3.242339298597194386e+00 4.240705388912399121e-01
3.243893627254509138e+00 4.247861638312511734e-01
3.245447955911823446e+00 4.259672425518090666e-01
3.247002284569138197e+00 4.266029906926274151e-01
3.248556613226452949e+00 4.271924783484505883e-01
3.250110941883767257e+00 4.277406725519001252e-01
3.251665270541082009e+00 4.284015546360769866e-01
3.253219599198396761e+00 4.290549080832372075e-01
3.254773927855711513e+00 4.296914105051698463e-01
3.256328256513025821e+00 4.303109332141482612e-01
3.257882585170340572e+00 4.309081997610492709e-01
3.259436913827655324e+00 4.315105649550480260e-01
3.260991242484969632e+00 4.320467688783263260e-01
3.262545571142284384e+00 4.325401701568696300e-01
3.264099899799599136e+00 4.330239545941115820e-01
3.265654228456913888e+00 4.335098903655962843e-01
3.267208557114228640e+00 4.341085776119868456e-01
3.268762885771542948e+00 4.350150047987655921e-01
3.270317214428857699e+00 4.354932508159118365e-01
3.271871543086172451e+00 4.358756852890313116e-01
3.273425871743486759e+00 4.362546411290154080e-01
3.274980200400801511e+00 4.366430656454711734e-01
3.276534529058116263e+00 4.370499984339140664e-01
3.278088857715430571e+00 4.374781161855500478e-01
3.279643186372745323e+00 4.379176601612848607e-01
3.281197515030060075e+00 4.383669872295370418e-01
3.282751843687374826e+00 4.388193190484062089e-01
3.284306172344689134e+00 4.392797161199104017e-01
3.285860501002003886e+00 4.397578560448991980e-01
3.287414829659318638e+00 4.402465563247001112e-01
3.288969158316633390e+00 4.407452145138396893e-01
3.290523486973947698e+00 4.417752566582529572e-01
3.292077815631262450e+00 4.422952671209989806e-01
3.293632144288577202e+00 4.428165880712373603e-01
3.295186472945891509e+00 4.433363830423214802e-01
3.296740801603206261e+00 4.438511980056913941e-01
3.298295130260521013e+00 4.443825586382433857e-01
3.299849458917835765e+00 4.449012935295796889e-01
3.301403787575150073e+00 4.452667064013578480e-01
3.302958116232464825e+00 4.456208160255054063e-01
3.304512444889779577e+00 4.459812228912430898e-01
3.306066773547094328e+00 4.463313302499542501e-01
3.307621102204408636e+00 4.466791374176199425e-01
3.309175430861723388e+00 4.470140223449325378e-01
3.310729759519038140e+00 4.473215383722257132e-01
3.312284088176352448e+00 4.481237907435775547e-01
3.313838416833667200e+00 4.484075126671566713e-01
3.315392745490981952e+00 4.486866673626532798e-01
3.316947074148296704e+00 4.489659237943583459e-01
3.318501402805611011e+00 4.492426266396050138e-01
3.320055731462925763e+00 4.495187634388270181e-01
3.321610060120240515e+00 4.497274918931737364e-01
3.323164388777555267e+00 4.499519997732827625e-01
3.324718717434869575e+00 4.501940207019644036e-01
3.326273046092184327e+00 4.504556576443666804e-01
3.327827374749499079e+00 4.507260669494855265e-01
3.329381703406813386e+00 4.509990908247989427e-01
3.330936032064128138e+00 4.508744119869593781e-01
3.332490360721442890e+00 4.505146386082450327e-01
3.334044689378757642e+00 4.502022728098710180e-01
3.335599018036071950e+00 4.503938209668966741e-01
3.337153346693386702e+00 4.500875534075485795e-01
3.338707675350701454e+00 4.497994294190881814e-01
3.340262004008016206e+00 4.492902218733955122e-01
3.341816332665330513e+00 4.476532185908603245e-01
3.343370661322645265e+00 4.460112018953649171e-01
3.344924989979960017e+00 4.443896116517214168e-01
3.346479318637274325e+00 4.427852825889606048e-01
3.348033647294589077e+00 4.411907078144802763e-01
3.349587975951903829e+00 4.395964198583599547e-01
3.351142304609218581e+00 4.363019764586776872e-01
3.352696633266532888e+00 4.323824564447408259e-01
3.354250961923847640e+00 4.284579607200071916e-01
3.355805290581162392e+00 4.245163752319342509e-01
3.357359619238477144e+00 4.205647752020342800e-01
3.358913947895791452e+00 4.166048761706566683e-01
3.360468276553106204e+00 4.140266227023236545e-01
3.362022605210420956e+00 4.146371859803777982e-01
3.363576933867735264e+00 4.152275660571990712e-01
3.365131262525050015e+00 4.157986764743084040e-01
3.366685591182364767e+00 4.163556308508377102e-01
3.368239919839679519e+00 4.168998625417885129e-01
3.369794248496993827e+00 4.174328453640123726e-01
3.371348577154308579e+00 4.214515661614836595e-01
3.372902905811623331e+00 4.264245002880777125e-01
3.374457234468938083e+00 4.315007102002542116e-01
3.376011563126252391e+00 4.360138704289827083e-01
3.377565891783567142e+00 4.405115620325069647e-01
3.379120220440881894e+00 4.450033272597840872e-01
3.380674549098196202e+00 4.481147019088723149e-01
3.382228877755510954e+00 4.494334816856583315e-01
3.383783206412825706e+00 4.507527125016619340e-01
3.385337535070140458e+00 4.520718270163212593e-01
3.386891863727454766e+00 4.533789907296240096e-01
3.388446192384769518e+00 4.546811000219457832e-01
3.390000521042084269e+00 4.559791228488165316e-01
3.391554849699399021e+00 4.555834713217215004e-01
3.393109178356713329e+00 4.551926881373715705e-01
3.394663507014028081e+00 4.548049640469046806e-01
3.396217835671342833e+00 4.544163181109220351e-01
3.397772164328657141e+00 4.540248597401556618e-01
3.399326492985971893e+00 4.536404101124904553e-01
3.400880821643286644e+00 4.532396342527156285e-01
3.402435150300601396e+00 4.528250780074599136e-01
3.403989478957915704e+00 4.524205617519369005e-01
3.405543807615230456e+00 4.520326940630400303e-01
3.407098136272545208e+00 4.516604102012055644e-01
3.408652464929859960e+00 4.513076475959833522e-01
3.410206793587174268e+00 4.515223526186828429e-01
3.411761122244489020e+00 4.514091847656901413e-01
3.413315450901803771e+00 4.513044426343765236e-01
3.414869779559118079e+00 4.512035397661087743e-01
3.416424108216432831e+00 4.516065276134206830e-01
3.417978436873747583e+00 4.515052879887483384e-01
3.419532765531061891e+00 4.513979953879636020e-01
3.421087094188376643e+00 4.515867465900113009e-01
3.422641422845691395e+00 4.518941340230169801e-01
3.424195751503006147e+00 4.521816072979500944e-01
3.425750080160320898e+00 4.524435172506263148e-01
3.427304408817635206e+00 4.526889191190737738e-01
3.428858737474949958e+00 4.529247617758796474e-01
3.430413066132264710e+00 4.531017498845983371e-01
3.431967394789579018e+00 4.531486375774796405e-01
3.433521723446893770e+00 4.531882668930136138e-01
3.435076052104208522e+00 4.531391397909464436e-01
3.436630380761522829e+00 4.529731954266005278e-01
3.438184709418837581e+00 4.527375585127955127e-01
3.439739038076152333e+00 4.524781268272364265e-01
3.441293366733467085e+00 4.520088526826610553e-01
3.442847695390781837e+00 4.514814041299373137e-01
3.444402024048096145e+00 4.514609869374553996e-01
3.445956352705410897e+00 4.508931404102897722e-01
3.447510681362725649e+00 4.503038118988897942e-01
3.449065010020039956e+00 4.502134185014803891e-01
3.450619338677354708e+00 4.497409231376836014e-01
3.452173667334669460e+00 4.494590374671920685e-01
3.453727995991983768e+00 4.491881511927408588e-01
3.455282324649298520e+00 4.489497316193335474e-01
3.456836653306613272e+00 4.487553643637913758e-01
3.458390981963928024e+00 4.486073816880138398e-01
3.459945310621242331e+00 4.485064315356166453e-01
3.461499639278557083e+00 4.488876324449939115e-01
3.463053967935871835e+00 4.493562542440699970e-01
3.464608296593186587e+00 4.499026754452580823e-01
3.466162625250500895e+00 4.505414078394501809e-01
3.467716953907815647e+00 4.512636443967000255e-01
3.469271282565130399e+00 4.520752915304980801e-01
3.470825611222444707e+00 4.527817102624526191e-01
3.472379939879759458e+00 4.534084723065588962e-01
3.473934268537074210e+00 4.541108729883532313e-01
3.475488597194388962e+00 4.548882368604889037e-01
3.477042925851703270e+00 4.562566831281448243e-01
3.478597254509018022e+00 4.571387991209458490e-01
3.480151583166332774e+00 4.586001083579458459e-01
3.481705911823647526e+00 4.598900622927328263e-01
3.483260240480961833e+00 4.611502057240769448e-01
3.484814569138276585e+00 4.623406217696637843e-01
3.486368897795591337e+00 4.634129966391895561e-01
3.487923226452905645e+00 4.643179635206170497e-01
3.489477555110220397e+00 4.650075294526295755e-01
3.491031883767535149e+00 4.655152029986650009e-01
3.492586212424849901e+00 4.657579877878479380e-01
3.494140541082164209e+00 4.656285324138729198e-01
3.495694869739478960e+00 4.650597903215846762e-01
3.497249198396793712e+00 4.639378192180846350e-01
3.498803527054108464e+00 4.622297354240050282e-01
3.500357855711422772e+00 4.598430559984089117e-01
3.501912184368737524e+00 4.567121410107420898e-01
3.503466513026052276e+00 4.528683692885179246e-01
3.505020841683366584e+00 4.482678809259208474e-01
3.506575170340681336e+00 4.428506006478858947e-01
3.508129498997996087e+00 4.370933770975274357e-01
3.509683827655310839e+00 4.299630577726480385e-01
3.511238156312625147e+00 4.225712120667187710e-01
3.512792484969939899e+00 4.139738330987462467e-01
3.514346813627254651e+00 4.047126000762391040e-01
3.515901142284569403e+00 3.948849602552529925e-01
3.517455470941883711e+00 3.845331866423707945e-01
3.519009799599198463e+00 3.736706960811679856e-01
3.520564128256513214e+00 3.623478438600569729e-01
3.522118456913827522e+00 3.506424131889734896e-01
3.523672785571142274e+00 3.386934156566369647e-01
3.525227114228457026e+00 3.265810828617902728e-01
3.526781442885771334e+00 3.144098870026252879e-01
3.528335771543086086e+00 3.022491522703851241e-01
3.529890100200400838e+00 2.901572111971256196e-01
3.531444428857715589e+00 2.781944905039364646e-01
3.532998757515030341e+00 2.664435879509770566e-01
3.534553086172344649e+00 2.551252348426443217e-01
3.536107414829659401e+00 2.440637243590373651e-01
3.537661743486974153e+00 2.332461724648128842e-01
3.539216072144288461e+00 2.227893754590827002e-01
3.540770400801603213e+00 2.126734241678548964e-01
3.542324729458917965e+00 2.029848446312993160e-01
3.543879058116232272e+00 1.937636704967242718e-01
3.545433386773547024e+00 1.847865748191884760e-01
3.546987715430861776e+00 1.761980982514697036e-01
3.548542044088176528e+00 1.680397213682168489e-01
3.550096372745491280e+00 1.602385431561486884e-01
3.551650701402805588e+00 1.528988780633473710e-01
3.553205030060120340e+00 1.458319514921617710e-01
3.554759358717435092e+00 1.390303922534806558e-01
3.556313687374749399e+00 1.325348525342384398e-01
3.557868016032064151e+00 1.263455468685484306e-01
3.559422344689378903e+00 1.204569315321693951e-01
3.560976673346693211e+00 1.148328163602678198e-01
3.562531002004007963e+00 1.094579309827876934e-01
3.564085330661322715e+00 1.042996567782760592e-01
3.565639659318637467e+00 9.935698986591313953e-02
3.567193987975952219e+00 9.460802455306738246e-02
3.568748316633266526e+00 9.014544478955259510e-02
3.570302645290581278e+00 8.580290630133242946e-02
3.571856973947896030e+00 8.158431686785720671e-02
3.573411302605210338e+00 7.752388314648443746e-02
3.574965631262525090e+00 7.361287889064212220e-02
3.576519959919839842e+00 6.985267671260923794e-02
3.578074288577154149e+00 6.629442758503599487e-02
3.579628617234468901e+00 6.280790775135026982e-02
3.581182945891783653e+00 5.943841294472103354e-02
3.582737274549098405e+00 5.619624755199963129e-02
3.584291603206413157e+00 5.310043548954229004e-02
3.585845931863727465e+00 5.014531937879986023e-02
3.587400260521042217e+00 4.726823878345660229e-02
3.588954589178356969e+00 4.451045312165436557e-02
3.590508917835671276e+00 4.188282778555039998e-02
3.592063246492986028e+00 3.936518478492942452e-02
3.593617575150300780e+00 3.696525952422403255e-02
3.595171903807615088e+00 3.467841318443836557e-02
3.596726232464929840e+00 3.250382723205177266e-02
3.598280561122244592e+00 3.044460385040617667e-02
3.599834889779559344e+00 2.849780383007288753e-02
3.601389218436874096e+00 2.666341632431993430e-02
3.602943547094188403e+00 2.493066334277357909e-02
3.604497875751503155e+00 2.332752510260724735e-02
3.606052204408817907e+00 2.178969226724263714e-02
3.607606533066132215e+00 2.034742265434189359e-02
3.609160861723446967e+00 1.899927823949858555e-02
3.610715190380761719e+00 1.773557821699908027e-02
3.612269519038076027e+00 1.656006860135748188e-02
3.613823847695390779e+00 1.546147620089262376e-02
3.615378176352705530e+00 1.443863664092291318e-02
3.616932505010020282e+00 1.348352804377424795e-02
3.618486833667335034e+00 1.259502575314807790e-02
3.620041162324649342e+00 1.178572807015710287e-02
3.621595490981964094e+00 1.101694814357650001e-02
3.623149819639278846e+00 1.030535781027561333e-02
3.624704148296593154e+00 9.643376375594257463e-03
3.626258476953907905e+00 9.033227733125261463e-03
3.627812805611222657e+00 8.461547597955030794e-03
3.629367134268536965e+00 7.926905188589041668e-03
3.630921462925851717e+00 7.441793237346656584e-03
3.632475791583166469e+00 6.988809650498285786e-03
3.634030120240481221e+00 6.571085222000428404e-03
3.635584448897795973e+00 6.179241388848083320e-03
3.637138777555110281e+00 5.813612852217725328e-03
3.638693106212425032e+00 5.474195616803854796e-03
3.640247434869739784e+00 5.163848566945289723e-03
3.641801763527054092e+00 4.881016301657708535e-03
3.643356092184368844e+00 4.609191263907485604e-03
3.644910420841683596e+00 4.358558001148042822e-03
3.646464749498997904e+00 4.124908308493021106e-03
3.648019078156312656e+00 3.908198762104297085e-03
3.649573406813627408e+00 3.707867599596154952e-03
3.651127735470942159e+00 3.517975411966316971e-03
3.652682064128256911e+00 3.345667704590833246e-03
3.654236392785571219e+00 3.181009533536206368e-03
3.655790721442885971e+00 3.030307262554050429e-03
3.657345050100200723e+00 2.887479167007402786e-03
3.658899378757515031e+00 2.752884664807863854e-03
3.660453707414829783e+00 2.631653755907368674e-03
3.662008036072144535e+00 2.515539705338865669e-03
3.663562364729458842e+00 2.407678397325913391e-03
3.665116693386773594e+00 2.303046334958022689e-03
3.666671022044088346e+00 2.205949857627493779e-03
3.668225350701403098e+00 2.115382516922026737e-03
3.669779679358717406e+00 2.031040829998102381e-03
3.671334008016032158e+00 1.954756689022393162e-03
3.672888336673346910e+00 1.878198451943268810e-03
3.674442665330661661e+00 1.806560435081788329e-03
3.675996993987975969e+00 1.738005853480449441e-03
3.677551322645290721e+00 1.674200589006502680e-03
3.679105651302605473e+00 1.616863790556462592e-03
3.680659979959919781e+00 1.559508352856639772e-03
3.682214308617234533e+00 1.508941101169936766e-03
3.683768637274549285e+00 1.458873364076153844e-03
3.685322965931864037e+00 1.413121100473502820e-03
3.686877294589178344e+00 1.368256005585148432e-03
3.688431623246493096e+00 1.318481122816380366e-03
3.689985951903807848e+00 1.276098123345158122e-03
3.691540280561122600e+00 1.236843630683853073e-03
3.693094609218436908e+00 1.201908827681530531e-03
3.694648937875751660e+00 1.168554844692666107e-03
3.696203266533066412e+00 1.132744043448423226e-03
3.697757595190380719e+00 1.099985915997697987e-03
3.699311923847695471e+00 1.065331907017687610e-03
3.700866252505010223e+00 1.033228371533832530e-03
3.702420581162324531e+00 1.002266315276847952e-03
3.703974909819639283e+00 9.712344351248064847e-04
3.705529238476954035e+00 9.433207673615543864e-04
3.707083567134268787e+00 9.153476074226150850e-04
3.708637895791583539e+00 8.894078469420468131e-04
3.710192224448897846e+00 8.612854745759611482e-04
3.711746553106212598e+00 8.324093542386756025e-04
3.713300881763527350e+00 8.054096031984517854e-04
3.714855210420841658e+00 7.780365070958669953e-04
3.716409539078156410e+00 7.551418584898062338e-04
3.717963867735471162e+00 7.324336218542817174e-04
3.719518196392785470e+00 7.091510367091858084e-04
3.721072525050100221e+00 6.863497438482419515e-04
3.722626853707414973e+00 6.636092381886350569e-04
3.724181182364729725e+00 6.418768853789913595e-04
3.725735511022044477e+00 6.168414254232235843e-04
3.727289839679358785e+00 5.938162926849431707e-04
3.728844168336673537e+00 5.715949638064650061e-04
3.730398496993988289e+00 5.484819239964770646e-04
3.731952825651302597e+00 5.275067050134576215e-04
3.733507154308617348e+00 5.046607892989813000e-04
3.735061482965932100e+00 4.845148193770543415e-04
3.736615811623246408e+00 4.647194635627941014e-04
3.738170140280561160e+00 4.436904090539617123e-04
3.739724468937875912e+00 4.255266511023790619e-04
3.741278797595190664e+00 4.049226332605398689e-04
3.742833126252505416e+00 3.842933146046866098e-04
3.744387454909819724e+00 3.652077323136907958e-04
3.745941783567134475e+00 3.470883508486761831e-04
3.747496112224449227e+00 3.311710980059483049e-04
3.749050440881763535e+00 3.128108370567110629e-04
3.750604769539078287e+00 2.968159842390153454e-04
3.752159098196393039e+00 2.820512984679136468e-04
3.753713426853707347e+00 2.666093900059921364e-04
3.755267755511022099e+00 2.540127663366327894e-04
3.756822084168336850e+00 2.380623177223727019e-04
3.758376412825651602e+00 2.239997414530986062e-04
3.759930741482966354e+00 2.127511701122147705e-04
3.761485070140280662e+00 2.008058962409362013e-04
3.763039398797595414e+00 1.904591457553515279e-04
3.764593727454910166e+00 1.791411078817735402e-04
3.766148056112224474e+00 1.698653155696473185e-04
3.767702384769539226e+00 1.612018301774490868e-04
3.769256713426853977e+00 1.503774000992551187e-04
3.770811042084168285e+00 1.420568327722765358e-04
3.772365370741483037e+00 1.346329071102587147e-04
3.773919699398797789e+00 1.285149303747976123e-04
3.775474028056112541e+00 1.239560280643826765e-04
3.777028356713427293e+00 1.169602164768008862e-04
3.778582685370741601e+00 1.098572258480383254e-04
3.780137014028056353e+00 1.018337046251832731e-04
3.781691342685371104e+00 9.661315861981185666e-05
3.783245671342685412e+00 9.507831095729108513e-05
3.784800000000000164e+00 9.185132579259286682e-05
