1.608400000000000052e+00 9.819324832087597381e-05
1.608546312625250607e+00 1.035016618779977600e-04
1.608692625250501163e+00 1.088114523869520894e-04
1.608838937875751496e+00 1.141222816638730954e-04
1.608985250501002051e+00 1.194341497521563493e-04
1.609131563126252606e+00 1.247692784396083629e-04
1.609277875751503162e+00 1.301099322483380933e-04
1.609424188376753495e+00 1.357715552427758818e-04
1.609570501002004050e+00 1.430436066899186322e-04
1.609716813627254606e+00 1.503199368918592546e-04
1.609863126252505161e+00 1.576005459827096002e-04
1.610009438877755494e+00 1.648844255796173255e-04
1.610155751503006050e+00 1.721572292968212884e-04
1.610302064128256605e+00 1.794329391956512763e-04
1.610448376753507160e+00 1.893556523735811462e-04
1.610594689378757494e+00 2.046402628975849873e-04
1.610741002004008049e+00 2.199309898749543469e-04
1.610887314629258604e+00 2.352278334442434594e-04
1.611033627254509160e+00 2.505037093574091940e-04
1.611179939879759493e+00 2.656861154701787783e-04
1.611326252505010048e+00 2.808602842759720295e-04
1.611472565130260604e+00 2.965316185187625176e-04
1.611618877755511159e+00 3.127082839229018739e-04
1.611765190380761492e+00 3.288761605173449402e-04
1.611911503006012047e+00 3.450352480776324306e-04
1.612057815631262603e+00 3.612372453715929823e-04
1.612204128256513158e+00 3.775177980656819641e-04
1.612350440881763491e+00 3.938013312882000447e-04
1.612496753507014047e+00 4.232265790266094454e-04
1.612643066132264602e+00 4.593927766421601784e-04
1.612789378757515157e+00 4.955655997232418820e-04
1.612935691382765491e+00 5.317450483664463989e-04
1.613082004008016046e+00 5.679823366495902279e-04
1.613228316633266601e+00 6.042754880415753980e-04
1.613374629258517157e+00 6.405868963037463469e-04
1.613520941883767490e+00 6.965247774440695315e-04
1.613667254509018045e+00 7.566099810455490437e-04
1.613813567134268601e+00 8.167254186106937680e-04
1.613959879759519156e+00 8.768710909350313021e-04
1.614106192384769489e+00 9.369792911597465968e-04
1.614252505010020045e+00 9.970818338321182916e-04
1.614398817635270600e+00 1.057202659106259730e-03
1.614545130260521155e+00 1.173916111789492052e-03
1.614691442885771488e+00 1.291135669861356600e-03
1.614837755511022044e+00 1.408390898603640966e-03
1.614984068136272599e+00 1.525681794455737176e-03
1.615130380761523154e+00 1.642074652491087730e-03
1.615276693386773710e+00 1.758247852712446985e-03
1.615423006012024043e+00 1.883262245842553043e-03
1.615569318637274598e+00 2.056187409147137296e-03
1.615715631262525154e+00 2.228943425006651990e-03
1.615861943887775709e+00 2.401530285998368461e-03
1.616008256513026042e+00 2.573984319764078144e-03
1.616154569138276598e+00 2.746922622250960993e-03
1.616300881763527153e+00 2.919778616941408594e-03
1.616447194388777708e+00 3.128139276404074375e-03
1.616593507014028042e+00 3.411180304082934815e-03
1.616739819639278597e+00 3.694086643258496887e-03
1.616886132264529152e+00 3.976858287705651619e-03
1.617032444889779708e+00 4.259887814632027161e-03
1.617178757515030041e+00 4.544304467628300544e-03
1.617325070140280596e+00 4.828822195067951351e-03
1.617471382765531152e+00 5.214438686188169712e-03
1.617617695390781707e+00 5.706298328207243774e-03
1.617764008016032040e+00 6.198332810896007433e-03
1.617910320641282595e+00 6.690542139687026546e-03
1.618056633266533151e+00 7.183462339696632636e-03
1.618202945891783706e+00 7.677537547289047318e-03
1.618349258517034039e+00 8.171977021782501557e-03
1.618495571142284595e+00 8.594202828100944158e-03
1.618641883767535150e+00 8.978162758634210608e-03
1.618788196392785705e+00 9.362404657116863912e-03
1.618934509018036039e+00 9.746928528778000742e-03
1.619080821643286594e+00 1.013070318501255347e-02
1.619227134268537149e+00 1.051381515248449999e-02
1.619373446893787705e+00 1.089706857078479377e-02
1.619519759519038038e+00 1.124924860988420205e-02
1.619666072144288593e+00 1.159462849963519525e-02
1.619812384769539149e+00 1.194013568835616303e-02
1.619958697394789704e+00 1.228577017494478403e-02
1.620105010020040037e+00 1.262913603293988087e-02
1.620251322645290593e+00 1.297153090312050221e-02
1.620397635270541148e+00 1.331387152577408368e-02
1.620543947895791703e+00 1.363976598273529059e-02
1.620690260521042037e+00 1.396533669560765661e-02
1.620836573146292592e+00 1.429085579306925077e-02
1.620982885771543147e+00 1.461632327490069126e-02
1.621129198396793702e+00 1.493672557570253218e-02
1.621275511022044036e+00 1.525617869134622377e-02
1.621421823647294591e+00 1.560332902528816824e-02
1.621568136272545146e+00 1.610999323832242036e-02
1.621714448897795702e+00 1.661618523138695333e-02
1.621860761523046257e+00 1.712190502806374207e-02
1.622007074148296590e+00 1.762719771715226535e-02
1.622153386773547146e+00 1.813293377525982200e-02
1.622299699398797701e+00 1.863825210984636563e-02
1.622446012024048256e+00 1.908869185654790343e-02
1.622592324649298590e+00 1.941999677925426021e-02
1.622738637274549145e+00 1.975102541936737954e-02
1.622884949899799700e+00 2.008177779981308586e-02
1.623031262525050256e+00 2.041244090597067046e-02
1.623177575150300589e+00 2.074353352373103573e-02
1.623323887775551144e+00 2.107437908834794774e-02
1.623470200400801700e+00 2.120284817467972538e-02
1.623616513026052255e+00 2.111200037164117499e-02
1.623762825651302588e+00 2.102121396994858712e-02
1.623909138276553143e+00 2.093048896285610097e-02
1.624055450901803699e+00 2.084492230065487436e-02
1.624201763527054254e+00 2.076769397152836497e-02
1.624348076152304587e+00 2.069041838571751557e-02
1.624494388777555143e+00 2.110260235010152918e-02
1.624640701402805698e+00 2.178456383542688030e-02
1.624787014028056253e+00 2.246690080099115333e-02
1.624933326653306587e+00 2.314961315368498085e-02
1.625079639278557142e+00 2.383496174725860048e-02
1.625225951903807697e+00 2.452275981707872227e-02
1.625372264529058253e+00 2.521116789635224897e-02
1.625518577154308586e+00 2.579267759821711817e-02
1.625664889779559141e+00 2.634951481445113597e-02
1.625811202404809697e+00 2.690684178420485115e-02
1.625957515030060252e+00 2.746465837243823940e-02
1.626103827655310585e+00 2.802099744470590639e-02
1.626250140280561141e+00 2.857692879957290238e-02
1.626396452905811696e+00 2.913324152231357850e-02
1.626542765531062251e+00 3.015359590772084472e-02
1.626689078156312585e+00 3.118626193824292764e-02
1.626835390781563140e+00 3.221964225603595605e-02
1.626981703406813695e+00 3.325373662447456136e-02
1.627128016032064250e+00 3.427193942306028945e-02
1.627274328657314584e+00 3.528742372614026429e-02
1.627420641282565139e+00 3.619580097421813691e-02
1.627566953907815694e+00 3.645346895859519903e-02
1.627713266533066250e+00 3.671102956541740653e-02
1.627859579158316583e+00 3.696848280703687872e-02
1.628005891783567138e+00 3.722637497172173737e-02
1.628152204408817694e+00 3.749727860916992478e-02
1.628298517034068249e+00 3.776826567753568953e-02
1.628444829659318582e+00 3.842966257218945886e-02
1.628591142284569138e+00 3.997570408700470285e-02
1.628737454909819693e+00 4.152223787281407452e-02
1.628883767535070248e+00 4.306926372251090873e-02
1.629030080160320804e+00 4.461370329389031941e-02
1.629176392785571137e+00 4.614611858333263206e-02
1.629322705410821692e+00 4.767799407588794308e-02
1.629469018036072248e+00 4.938040324725893188e-02
1.629615330661322803e+00 5.127389572728925649e-02
1.629761643286573136e+00 5.316672128232038247e-02
1.629907955911823692e+00 5.505887997336401940e-02
1.630054268537074247e+00 5.693734809995967122e-02
1.630200581162324802e+00 5.879145544387102962e-02
1.630346893787575135e+00 6.064255536766365723e-02
1.630493206412825691e+00 6.238498662709802967e-02
1.630639519038076246e+00 6.406438055590853164e-02
1.630785831663326801e+00 6.574103161669604678e-02
1.630932144288577135e+00 6.741494016132522360e-02
1.631078456913827690e+00 6.909434713756906765e-02
1.631224769539078245e+00 7.077872574427297725e-02
1.631371082164328801e+00 7.246112597653880938e-02
1.631517394789579134e+00 7.522905707641851236e-02
1.631663707414829689e+00 7.826177384170840412e-02
1.631810020040080245e+00 8.129095441701666980e-02
1.631956332665330800e+00 8.431659890781337263e-02
1.632102645290581133e+00 8.737768630816963866e-02
1.632248957915831689e+00 9.045514335160145802e-02
1.632395270541082244e+00 9.353297055661163872e-02
1.632541583166332799e+00 9.763984069615462558e-02
1.632687895791583133e+00 1.017817522186102580e-01
1.632834208416833688e+00 1.059241620030455244e-01
1.632980521042084243e+00 1.100670700782836325e-01
1.633126833667334799e+00 1.142509718575157596e-01
1.633273146292585132e+00 1.184447567991631506e-01
1.633419458917835687e+00 1.229012747064589933e-01
1.633565771543086242e+00 1.290525717105076298e-01
1.633712084168336798e+00 1.352095881071438965e-01
1.633858396793587131e+00 1.413723250589928315e-01
1.634004709418837686e+00 1.475402025458996680e-01
1.634151022044088242e+00 1.536955566141198215e-01
1.634297334669338797e+00 1.598551402763044305e-01
1.634443647294589130e+00 1.665238054575202131e-01
1.634589959919839686e+00 1.743858981666514263e-01
1.634736272545090241e+00 1.822533943523697575e-01
1.634882585170340796e+00 1.901262953808006417e-01
1.635028897795591352e+00 1.980149349175323314e-01
1.635175210420841685e+00 2.059534460283688473e-01
1.635321523046092240e+00 2.139015141603001213e-01
1.635467835671342796e+00 2.222849382236793681e-01
1.635614148296593351e+00 2.311716649298924675e-01
1.635760460921843684e+00 2.400690781979753774e-01
1.635906773547094240e+00 2.489771818851606311e-01
1.636053086172344795e+00 2.578437418730780140e-01
1.636199398797595350e+00 2.666225585085502114e-01
1.636345711422845683e+00 2.754022340117093792e-01
1.636492024048096239e+00 2.846763752229411470e-01
1.636638336673346794e+00 2.942428432700023855e-01
1.636784649298597349e+00 3.038102445542913976e-01
1.636930961923847683e+00 3.133785778847729131e-01
1.637077274549098238e+00 3.229325581299323233e-01
1.637223587174348793e+00 3.324724941929985134e-01
1.637369899799599349e+00 3.420116314639208843e-01
1.637516212424849682e+00 3.480006016801517332e-01
1.637662525050100237e+00 3.530688327205743771e-01
1.637808837675350793e+00 3.581366214121065594e-01
1.637955150300601348e+00 3.632039664751951502e-01
1.638101462925851681e+00 3.682246333092536461e-01
1.638247775551102237e+00 3.732228365937115822e-01
1.638394088176352792e+00 3.782187244459255804e-01
1.638540400801603347e+00 3.821939664576596840e-01
1.638686713426853681e+00 3.861242882458690850e-01
1.638833026052104236e+00 3.900527605670822129e-01
1.638979338677354791e+00 3.939793815336390392e-01
1.639125651302605347e+00 3.980510390073045968e-01
1.639271963927855680e+00 4.021482644938162987e-01
1.639418276553106235e+00 4.061665377535433330e-01
1.639564589178356790e+00 4.096207134513908388e-01
1.639710901803607346e+00 4.130762854794121641e-01
1.639857214428857679e+00 4.165332539667252476e-01
1.640003527054108234e+00 4.199934656350051143e-01
1.640149839679358790e+00 4.235304813541646562e-01
1.640296152304609345e+00 4.270701527022509048e-01
1.640442464929859678e+00 4.295598350371617191e-01
1.640588777555110234e+00 4.294740321216212187e-01
1.640735090180360789e+00 4.293880667628312553e-01
1.640881402805611344e+00 4.293019389021814902e-01
1.641027715430861678e+00 4.292153390228607424e-01
1.641174028056112233e+00 4.291272526692077038e-01
1.641320340681362788e+00 4.290390042253360847e-01
1.641466653306613344e+00 4.289802138927542030e-01
1.641612965931863677e+00 4.289567215898099639e-01
1.641759278557114232e+00 4.289331170200265109e-01
1.641905591182364788e+00 4.289094001418298774e-01
1.642051903807615343e+00 4.288211272766808135e-01
1.642198216432865898e+00 4.286155960807197518e-01
1.642344529058116231e+00 4.284100585200234512e-01
1.642490841683366787e+00 4.280868224781984033e-01
1.642637154308617342e+00 4.276916747055524159e-01
1.642783466933867897e+00 4.272965358045240358e-01
1.642929779559118231e+00 4.269014058308105430e-01
1.643076092184368786e+00 4.265329726177169989e-01
1.643222404809619341e+00 4.261891207239268953e-01
1.643368717434869897e+00 4.258452040701103947e-01
1.643515030060120230e+00 4.262854321766337828e-01
1.643661342685370785e+00 4.269392169220179167e-01
1.643807655310621341e+00 4.275930969271188875e-01
1.643953967935871896e+00 4.282470721738726449e-01
1.644100280561122229e+00 4.288781124152087898e-01
1.644246593186372785e+00 4.294985895589816249e-01
1.644392905811623340e+00 4.301190590151364734e-01
1.644539218436873895e+00 4.314493065964612462e-01
1.644685531062124229e+00 4.328158484561973052e-01
1.644831843687374784e+00 4.341823849913944433e-01
1.644978156312625339e+00 4.355489161074736493e-01
1.645124468937875895e+00 4.369456798585643065e-01
1.645270781563126228e+00 4.383479591579699797e-01
1.645417094188376783e+00 4.394738037328052571e-01
1.645563406813627338e+00 4.385049319594241934e-01
1.645709719438877894e+00 4.375358928967686412e-01
1.645856032064128227e+00 4.365666865481460657e-01
1.646002344689378782e+00 4.355962035284158818e-01
1.646148657314629338e+00 4.345575917538270216e-01
1.646294969939879893e+00 4.335191215477186000e-01
1.646441282565130226e+00 4.324602444567985371e-01
1.646587595190380782e+00 4.313491940500668309e-01
1.646733907815631337e+00 4.302382965418306005e-01
1.646880220440881892e+00 4.291275520159703594e-01
1.647026533066132226e+00 4.280309289265180062e-01
1.647172845691382781e+00 4.269972960122744299e-01
1.647319158316633336e+00 4.259634419499017111e-01
1.647465470941883892e+00 4.254521462703348411e-01
1.647611783567134225e+00 4.255867542188891961e-01
1.647758096192384780e+00 4.257213834510515382e-01
1.647904408817635336e+00 4.258560339684704377e-01
1.648050721442885891e+00 4.259429617544568392e-01
1.648197034068136446e+00 4.259398802421007768e-01
1.648343346693386779e+00 4.259367446399625612e-01
1.648489659318637335e+00 4.227235625569689681e-01
1.648635971943887890e+00 4.174824499122335442e-01
1.648782284569138445e+00 4.122435878926941633e-01
1.648928597194388779e+00 4.070069770181380386e-01
1.649074909819639334e+00 4.018545690279229365e-01
1.649221222444889889e+00 3.967794429661756217e-01
1.649367535070140445e+00 3.917024885193037820e-01
1.649513847695390778e+00 3.881904332777415534e-01
1.649660160320641333e+00 3.851243886918404580e-01
1.649806472945891889e+00 3.820572326423878895e-01
1.649952785571142444e+00 3.789889649993613552e-01
1.650099098196392777e+00 3.759794841906206608e-01
1.650245410821643333e+00 3.729961973911175011e-01
1.650391723446893888e+00 3.700103291958475871e-01
1.650538036072144443e+00 3.635868977265873658e-01
1.650684348697394777e+00 3.569513593981576416e-01
1.650830661322645332e+00 3.503102316165287999e-01
1.650976973947895887e+00 3.436635137378319937e-01
1.651123286573146443e+00 3.370310511981714496e-01
1.651269599198396776e+00 3.303958283630980541e-01
1.651415911823647331e+00 3.237196839131512016e-01
1.651562224448897886e+00 3.167545958467421485e-01
1.651708537074148442e+00 3.097826592059716999e-01
1.651854849699398775e+00 3.028038733607933408e-01
1.652001162324649330e+00 2.958170748927032023e-01
1.652147474949899886e+00 2.886817698401418220e-01
1.652293787575150441e+00 2.815466623357423259e-01
1.652440100200400774e+00 2.738950343844012147e-01
1.652586412825651330e+00 2.648738704145096046e-01
1.652732725450901885e+00 2.558529565013691887e-01
1.652879038076152440e+00 2.468322926884347901e-01
1.653025350701402774e+00 2.377983986075451472e-01
1.653171663326653329e+00 2.287038923053318906e-01
1.653317975951903884e+00 2.196155343743491917e-01
1.653464288577154440e+00 2.116492004125245519e-01
1.653610601202404773e+00 2.051124466359440235e-01
1.653756913827655328e+00 1.985801070165781335e-01
1.653903226452905884e+00 1.920521817591903380e-01
1.654049539078156439e+00 1.855402192315024901e-01
1.654195851703406772e+00 1.790536423928219822e-01
1.654342164328657327e+00 1.725691074855731644e-01
1.654488476953907883e+00 1.669413142681215878e-01
1.654634789579158438e+00 1.618742949654763397e-01
1.654781102204408771e+00 1.568088703976581455e-01
1.654927414829659327e+00 1.517450405992919749e-01
1.655073727454909882e+00 1.466879510865593539e-01
1.655220040080160437e+00 1.416369949416107221e-01
1.655366352705410993e+00 1.365869324909812776e-01
1.655512665330661326e+00 1.317699870881320900e-01
1.655658977955911881e+00 1.270233064640153842e-01
1.655805290581162437e+00 1.222774660182025241e-01
1.655951603206412992e+00 1.175324657517107518e-01
1.656097915831663325e+00 1.127936409396034650e-01
1.656244228456913881e+00 1.080577347963147666e-01
1.656390541082164436e+00 1.033219995797025198e-01
1.656536853707414991e+00 1.004388392010177600e-01
1.656683166332665325e+00 9.768416649301400745e-02
1.656829478957915880e+00 9.492959317613611225e-02
1.656975791583166435e+00 9.217511925589877420e-02
1.657122104208416991e+00 8.942215497134425872e-02
1.657268416833667324e+00 8.666947414618302037e-02
1.657414729458917879e+00 8.395506999840758600e-02
1.657561042084168434e+00 8.158327342188810560e-02
1.657707354709418990e+00 7.921147277126032449e-02
1.657853667334669323e+00 7.683966806111493242e-02
1.657999979959919878e+00 7.446785930603243286e-02
1.658146292585170434e+00 7.211833261984527954e-02
1.658292605210420989e+00 6.976733701566822932e-02
1.658438917835671322e+00 6.764663107188639835e-02
1.658585230460921878e+00 6.616489415578219457e-02
1.658731543086172433e+00 6.468222550715403696e-02
1.658877855711422988e+00 6.319862523092396878e-02
1.659024168336673322e+00 6.171467466097776272e-02
1.659170480961923877e+00 6.023263250345878284e-02
1.659316793587174432e+00 5.874949122284389008e-02
1.659463106212424988e+00 5.751593331736126746e-02
1.659609418837675321e+00 5.661233392390237901e-02
1.659755731462925876e+00 5.570806041254517532e-02
1.659902044088176432e+00 5.480311266710588547e-02
1.660048356713426987e+00 5.388904342173614359e-02
1.660194669338677320e+00 5.295777063640726839e-02
1.660340981963927875e+00 5.202669921353640647e-02
1.660487294589178431e+00 5.102591831292171975e-02
1.660633607214428986e+00 4.997806108238957851e-02
1.660779919839679319e+00 4.893043068098658355e-02
1.660926232464929875e+00 4.788302710036067278e-02
1.661072545090180430e+00 4.683411801426973220e-02
1.661218857715430985e+00 4.578379077102433248e-02
1.661365170340681541e+00 4.473384613310754654e-02
1.661511482965931874e+00 4.349553331535444683e-02
1.661657795591182429e+00 4.219865908428366980e-02
1.661804108216432985e+00 4.090225825248690328e-02
1.661950420841683318e+00 3.960633077795445989e-02
1.662096733466933873e+00 3.831452660190264037e-02
1.662243046092184429e+00 3.702475746527605915e-02
1.662389358717434984e+00 3.573508962729271543e-02
1.662535671342685539e+00 3.491442586269907777e-02
1.662681983967935873e+00 3.413069405186353045e-02
1.662828296593186428e+00 3.334702370379277747e-02
1.662974609218436983e+00 3.256341483964858563e-02
1.663120921843687539e+00 3.177261799988306129e-02
1.663267234468937872e+00 3.098075606157620066e-02
1.663413547094188427e+00 3.026319641432019189e-02
1.663559859719438982e+00 3.027063195098516138e-02
1.663706172344689538e+00 3.027805780892840054e-02
1.663852484969939871e+00 3.028547399002127355e-02
1.663998797595190426e+00 3.029288049613541520e-02
1.664145110220440982e+00 3.030502376363772982e-02
1.664291422845691537e+00 3.031720115290958625e-02
1.664437735470941870e+00 3.014307041755749650e-02
1.664584048096192426e+00 2.943255678667824893e-02
1.664730360721442981e+00 2.872226653403425756e-02
1.664876673346693536e+00 2.801219964735261400e-02
1.665022985971943870e+00 2.730313598790445537e-02
1.665169298597194425e+00 2.659833084224234867e-02
1.665315611222444980e+00 2.589349140764930432e-02
1.665461923847695536e+00 2.528627375507986122e-02
1.665608236472945869e+00 2.481220463794761924e-02
1.665754549098196424e+00 2.433811229596664558e-02
1.665900861723446980e+00 2.386399678331905735e-02
1.666047174348697535e+00 2.339201851838416599e-02
1.666193486973947868e+00 2.292437625456396344e-02
1.666339799599198424e+00 2.245643731987391131e-02
1.666486112224448979e+00 2.194084456966753638e-02
1.666632424849699534e+00 2.139178600883447426e-02
1.666778737474949867e+00 2.084238153981481795e-02
1.666925050100200423e+00 2.029263135514935978e-02
1.667071362725450978e+00 1.973899275370986917e-02
1.667217675350701533e+00 1.918159366641708843e-02
1.667363987975951867e+00 1.862426044731131658e-02
1.667510300601202422e+00 1.794089949095318062e-02
1.667656613226452977e+00 1.721641668432935535e-02
1.667802925851703533e+00 1.649201986504643044e-02
1.667949238476953866e+00 1.576770908796236090e-02
1.668095551102204421e+00 1.504355072800478595e-02
1.668241863727454977e+00 1.431950568273068769e-02
1.668388176352705532e+00 1.359553708058379960e-02
1.668534488977956087e+00 1.317492360148731119e-02
1.668680801603206421e+00 1.278107576258649333e-02
1.668827114228456976e+00 1.238726941730342208e-02
1.668973426853707531e+00 1.199350459532707788e-02
1.669119739478958087e+00 1.159588669672564909e-02
1.669266052104208420e+00 1.119774030195899717e-02
1.669412364729458975e+00 1.078916828974960107e-02
1.669558677354709531e+00 1.026387622725445821e-02
1.669704989979960086e+00 9.739067805402986180e-03
1.669851302605210419e+00 9.214742911726586314e-03
1.669997615230460974e+00 8.690901433741120286e-03
1.670143927855711530e+00 8.167484745168741844e-03
1.670290240480962085e+00 7.644557643989493417e-03
1.670436553106212418e+00 7.173645918156889255e-03
1.670582865731462974e+00 6.857956436045270325e-03
1.670729178356713529e+00 6.542562425341307344e-03
1.670875490981964084e+00 6.227463833916321335e-03
1.671021803607214418e+00 5.912577817529757022e-03
1.671168116232464973e+00 5.597547939567132022e-03
1.671314428857715528e+00 5.282871832715012143e-03
1.671460741482966084e+00 4.973124902517328874e-03
1.671607054108216417e+00 4.670173018992163430e-03
1.671753366733466972e+00 4.367562287280412313e-03
1.671899679358717528e+00 4.065292675079212881e-03
1.672045991983968083e+00 3.763983751415628329e-03
1.672192304609218416e+00 3.464160954936402071e-03
1.672338617234468972e+00 3.164365099944029328e-03
1.672484929859719527e+00 2.939484555374565367e-03
1.672631242484970082e+00 2.768784168771899496e-03
1.672777555110220415e+00 2.598099129925554671e-03
1.672923867735470971e+00 2.427429461774896144e-03
1.673070180360721526e+00 2.257483447422238814e-03
1.673216492985972081e+00 2.088156239020822098e-03
1.673362805611222415e+00 1.918621483776111313e-03
1.673509118236472970e+00 1.795819673274758792e-03
1.673655430861723525e+00 1.688891419767303906e-03
1.673801743486974081e+00 1.581832051588355362e-03
1.673948056112224414e+00 1.474641547446252018e-03
1.674094368737474969e+00 1.367253527940424365e-03
1.674240681362725525e+00 1.259711222121262953e-03
1.674386993987976080e+00 1.152054023961229497e-03
1.674533306613226635e+00 1.076713931293682338e-03
1.674679619238476969e+00 1.004465738453972192e-03
1.674825931863727524e+00 9.321403693993632333e-04
1.674972244488978079e+00 8.597378048961179216e-04
1.675118557114228413e+00 7.871052895471855647e-04
1.675264869739478968e+00 7.143913695860578143e-04
1.675411182364729523e+00 6.449194297276494977e-04
1.675557494989980079e+00 6.152012001284563490e-04
1.675703807615230634e+00 5.854656277947318556e-04
1.675850120240480967e+00 5.557127085498765216e-04
1.675996432865731522e+00 5.259424382168082727e-04
1.676142745490982078e+00 4.959822855895517453e-04
1.676289058116232633e+00 4.660215023386977680e-04
1.676435370741482966e+00 4.378554405312038702e-04
1.676581683366733522e+00 4.153146842164911513e-04
1.676727995991984077e+00 3.927768963719549143e-04
1.676874308617234632e+00 3.702420800426398984e-04
1.677020621242484966e+00 3.477057263183596422e-04
1.677166933867735521e+00 3.251472094592365450e-04
1.677313246492986076e+00 3.025958123540104612e-04
1.677459559118236632e+00 2.850516078609284000e-04
1.677605871743486965e+00 2.747998965390293724e-04
1.677752184368737520e+00 2.645514116633176601e-04
1.677898496993988076e+00 2.543061552067836647e-04
1.678044809619238631e+00 2.440725737506769502e-04
1.678191122244488964e+00 2.338598535622838130e-04
1.678337434869739520e+00 2.236480704070753359e-04
1.678483747494990075e+00 2.136586270871317940e-04
1.678630060120240630e+00 2.038356095772502245e-04
1.678776372745490963e+00 1.940134957692817887e-04
1.678922685370741519e+00 1.841922864772032480e-04
1.679068997995992074e+00 1.744067679520586308e-04
1.679215310621242629e+00 1.646550353650339687e-04
1.679361623246492963e+00 1.548959194838736434e-04
1.679507935871743518e+00 1.485622220280109448e-04
1.679654248496994073e+00 1.434457723631989980e-04
1.679800561122244629e+00 1.383254384581326902e-04
1.679946873747494962e+00 1.332012195290310493e-04
1.680093186372745517e+00 1.280302157328242429e-04
1.680239498997996073e+00 1.228353197021755797e-04
1.680385811623246628e+00 1.176419756573237246e-04
1.680532124248496961e+00 1.135063943345642905e-04
1.680678436873747517e+00 1.094856701710217447e-04
1.680824749498998072e+00 1.054661472457879058e-04
1.680971062124248627e+00 1.014478257480693884e-04
1.681117374749498961e+00 9.740973592255256766e-05
1.681263687374749516e+00 9.336961356343671814e-05
1.681410000000000071e+00 8.942267008953300015e-05
