5.999999999999999778e-01 0.000000000000000000e+00
6.035070140280560658e-01 0.000000000000000000e+00
6.070140280561121537e-01 0.000000000000000000e+00
6.105210420841683527e-01 0.000000000000000000e+00
6.140280561122244407e-01 0.000000000000000000e+00
6.175350701402805287e-01 0.000000000000000000e+00
6.210420841683366167e-01 0.000000000000000000e+00
6.245490981963928157e-01 0.000000000000000000e+00
6.280561122244489036e-01 0.000000000000000000e+00
6.315631262525049916e-01 0.000000000000000000e+00
6.350701402805610796e-01 0.000000000000000000e+00
6.385771543086171675e-01 0.000000000000000000e+00
6.420841683366733665e-01 0.000000000000000000e+00
6.455911823647294545e-01 0.000000000000000000e+00
6.490981963927855425e-01 0.000000000000000000e+00
6.526052104208416305e-01 0.000000000000000000e+00
6.561122244488977184e-01 0.000000000000000000e+00
6.596192384769539174e-01 0.000000000000000000e+00
6.631262525050100054e-01 0.000000000000000000e+00
6.666332665330660934e-01 0.000000000000000000e+00
6.701402805611221813e-01 0.000000000000000000e+00
6.736472945891783803e-01 0.000000000000000000e+00
6.771543086172344683e-01 0.000000000000000000e+00
6.806613226452905563e-01 0.000000000000000000e+00
6.841683366733466443e-01 0.000000000000000000e+00
6.876753507014028433e-01 0.000000000000000000e+00
6.911823647294589312e-01 0.000000000000000000e+00
6.946893787575150192e-01 0.000000000000000000e+00
6.981963927855711072e-01 0.000000000000000000e+00
7.017034068136271951e-01 0.000000000000000000e+00
7.052104208416833941e-01 0.000000000000000000e+00
7.087174348697394821e-01 0.000000000000000000e+00
7.122244488977955701e-01 0.000000000000000000e+00
7.157314629258516581e-01 0.000000000000000000e+00
7.192384769539077460e-01 0.000000000000000000e+00
7.227454909819639450e-01 0.000000000000000000e+00
7.262525050100200330e-01 0.000000000000000000e+00
7.297595190380761210e-01 0.000000000000000000e+00
7.332665330661322090e-01 0.000000000000000000e+00
7.367735470941882969e-01 0.000000000000000000e+00
7.402805611222444959e-01 0.000000000000000000e+00
7.437875751503005839e-01 0.000000000000000000e+00
7.472945891783566719e-01 0.000000000000000000e+00
7.508016032064128709e-01 0.000000000000000000e+00
7.543086172344688478e-01 0.000000000000000000e+00
7.578156312625250468e-01 0.000000000000000000e+00
7.613226452905811348e-01 0.000000000000000000e+00
7.648296593186372228e-01 0.000000000000000000e+00
7.683366733466934217e-01 0.000000000000000000e+00
7.718436873747495097e-01 0.000000000000000000e+00
7.753507014028055977e-01 0.000000000000000000e+00
7.788577154308616857e-01 0.000000000000000000e+00
7.823647294589177736e-01 0.000000000000000000e+00
7.858717434869739726e-01 0.000000000000000000e+00
7.893787575150300606e-01 0.000000000000000000e+00
7.928857715430861486e-01 0.000000000000000000e+00
7.963927855711422366e-01 0.000000000000000000e+00
7.998997995991983245e-01 0.000000000000000000e+00
8.034068136272545235e-01 0.000000000000000000e+00
8.069138276553106115e-01 0.000000000000000000e+00
8.104208416833666995e-01 0.000000000000000000e+00
8.139278557114227874e-01 0.000000000000000000e+00
8.174348697394788754e-01 0.000000000000000000e+00
8.209418837675350744e-01 0.000000000000000000e+00
8.244488977955911624e-01 0.000000000000000000e+00
8.279559118236472504e-01 0.000000000000000000e+00
8.314629258517034494e-01 0.000000000000000000e+00
8.349699398797595373e-01 0.000000000000000000e+00
8.384769539078156253e-01 0.000000000000000000e+00
8.419839679358717133e-01 0.000000000000000000e+00
8.454909819639278012e-01 0.000000000000000000e+00
8.489979959919840002e-01 0.000000000000000000e+00
8.525050100200400882e-01 0.000000000000000000e+00
8.560120240480961762e-01 0.000000000000000000e+00
8.595190380761522642e-01 0.000000000000000000e+00
8.630260521042083521e-01 0.000000000000000000e+00
8.665330661322645511e-01 0.000000000000000000e+00
8.700400801603206391e-01 0.000000000000000000e+00
8.735470941883767271e-01 0.000000000000000000e+00
8.770541082164329261e-01 0.000000000000000000e+00
8.805611222444889030e-01 0.000000000000000000e+00
8.840681362725451020e-01 0.000000000000000000e+00
8.875751503006011900e-01 0.000000000000000000e+00
8.910821643286572780e-01 0.000000000000000000e+00
8.945891783567134770e-01 0.000000000000000000e+00
8.980961923847694539e-01 0.000000000000000000e+00
9.016032064128256529e-01 0.000000000000000000e+00
9.051102204408817409e-01 0.000000000000000000e+00
9.086172344689378289e-01 0.000000000000000000e+00
9.121242484969940278e-01 0.000000000000000000e+00
9.156312625250500048e-01 0.000000000000000000e+00
9.191382765531062038e-01 0.000000000000000000e+00
9.226452905811622918e-01 0.000000000000000000e+00
9.261523046092183797e-01 0.000000000000000000e+00
9.296593186372745787e-01 0.000000000000000000e+00
9.331663326653306667e-01 0.000000000000000000e+00
9.366733466933867547e-01 0.000000000000000000e+00
9.401803607214428427e-01 0.000000000000000000e+00
9.436873747494989306e-01 0.000000000000000000e+00
9.471943887775551296e-01 0.000000000000000000e+00
9.507014028056112176e-01 0.000000000000000000e+00
9.542084168336673056e-01 0.000000000000000000e+00
9.577154308617235046e-01 0.000000000000000000e+00
9.612224448897794815e-01 0.000000000000000000e+00
9.647294589178356805e-01 0.000000000000000000e+00
9.682364729458917685e-01 0.000000000000000000e+00
9.717434869739478565e-01 0.000000000000000000e+00
9.752505010020040555e-01 0.000000000000000000e+00
9.787575150300600324e-01 0.000000000000000000e+00
9.822645290581162314e-01 0.000000000000000000e+00
9.857715430861723194e-01 0.000000000000000000e+00
9.892785571142284073e-01 0.000000000000000000e+00
9.927855711422846063e-01 0.000000000000000000e+00
9.962925851703405833e-01 0.000000000000000000e+00
9.997995991983967823e-01 0.000000000000000000e+00
1.003306613226452981e+00 0.000000000000000000e+00
1.006813627254508958e+00 0.000000000000000000e+00
1.010320641282565157e+00 0.000000000000000000e+00
1.013827655310621356e+00 0.000000000000000000e+00
1.017334669338677333e+00 0.000000000000000000e+00
1.020841683366733310e+00 0.000000000000000000e+00
1.024348697394789509e+00 0.000000000000000000e+00
1.027855711422845708e+00 0.000000000000000000e+00
1.031362725450901685e+00 0.000000000000000000e+00
1.034869739478957884e+00 0.000000000000000000e+00
1.038376753507014083e+00 0.000000000000000000e+00
1.041883767535070060e+00 0.000000000000000000e+00
1.045390781563126259e+00 0.000000000000000000e+00
1.048897795591182458e+00 0.000000000000000000e+00
1.052404809619238435e+00 0.000000000000000000e+00
1.055911823647294634e+00 0.000000000000000000e+00
1.059418837675350611e+00 0.000000000000000000e+00
1.062925851703406810e+00 0.000000000000000000e+00
1.066432865731462787e+00 0.000000000000000000e+00
1.069939879759518986e+00 0.000000000000000000e+00
1.073446893787575185e+00 0.000000000000000000e+00
1.076953907815631162e+00 0.000000000000000000e+00
1.080460921843687361e+00 0.000000000000000000e+00
1.083967935871743560e+00 0.000000000000000000e+00
1.087474949899799537e+00 0.000000000000000000e+00
1.090981963927855736e+00 0.000000000000000000e+00
1.094488977955911935e+00 0.000000000000000000e+00
1.097995991983967912e+00 0.000000000000000000e+00
1.101503006012023889e+00 0.000000000000000000e+00
1.105010020040080310e+00 0.000000000000000000e+00
1.108517034068136287e+00 0.000000000000000000e+00
1.112024048096192264e+00 0.000000000000000000e+00
1.115531062124248463e+00 0.000000000000000000e+00
1.119038076152304662e+00 0.000000000000000000e+00
1.122545090180360638e+00 0.000000000000000000e+00
1.126052104208416837e+00 0.000000000000000000e+00
1.129559118236473036e+00 0.000000000000000000e+00
1.133066132264529013e+00 0.000000000000000000e+00
1.136573146292584990e+00 0.000000000000000000e+00
1.140080160320641411e+00 0.000000000000000000e+00
1.143587174348697388e+00 0.000000000000000000e+00
1.147094188376753365e+00 0.000000000000000000e+00
1.150601202404809564e+00 0.000000000000000000e+00
1.154108216432865763e+00 0.000000000000000000e+00
1.157615230460921740e+00 0.000000000000000000e+00
1.161122244488977939e+00 0.000000000000000000e+00
1.164629258517034138e+00 0.000000000000000000e+00
1.168136272545090115e+00 0.000000000000000000e+00
1.171643286573146314e+00 0.000000000000000000e+00
1.175150300601202513e+00 0.000000000000000000e+00
1.178657314629258490e+00 0.000000000000000000e+00
1.182164328657314467e+00 0.000000000000000000e+00
1.185671342685370888e+00 0.000000000000000000e+00
1.189178356713426865e+00 0.000000000000000000e+00
1.192685370741482842e+00 0.000000000000000000e+00
1.196192384769539041e+00 0.000000000000000000e+00
1.199699398797595240e+00 0.000000000000000000e+00
1.203206412825651217e+00 0.000000000000000000e+00
1.206713426853707416e+00 0.000000000000000000e+00
1.210220440881763615e+00 0.000000000000000000e+00
1.213727454909819592e+00 0.000000000000000000e+00
1.217234468937875569e+00 0.000000000000000000e+00
1.220741482965931990e+00 0.000000000000000000e+00
1.224248496993987967e+00 0.000000000000000000e+00
1.227755511022043944e+00 0.000000000000000000e+00
1.231262525050100143e+00 0.000000000000000000e+00
1.234769539078156342e+00 0.000000000000000000e+00
1.238276553106212319e+00 0.000000000000000000e+00
1.241783567134268518e+00 0.000000000000000000e+00
1.245290581162324717e+00 0.000000000000000000e+00
1.248797595190380694e+00 0.000000000000000000e+00
1.252304609218436893e+00 0.000000000000000000e+00
1.255811623246493092e+00 0.000000000000000000e+00
1.259318637274549069e+00 0.000000000000000000e+00
1.262825651302605046e+00 0.000000000000000000e+00
1.266332665330661467e+00 0.000000000000000000e+00
1.269839679358717444e+00 0.000000000000000000e+00
1.273346693386773421e+00 0.000000000000000000e+00
1.276853707414829620e+00 0.000000000000000000e+00
1.280360721442885819e+00 0.000000000000000000e+00
1.283867735470941795e+00 0.000000000000000000e+00
1.287374749498997994e+00 0.000000000000000000e+00
1.290881763527054193e+00 0.000000000000000000e+00
1.294388777555110170e+00 0.000000000000000000e+00
1.297895791583166369e+00 0.000000000000000000e+00
1.301402805611222568e+00 0.000000000000000000e+00
1.304909819639278545e+00 0.000000000000000000e+00
1.308416833667334522e+00 0.000000000000000000e+00
1.311923847695390721e+00 0.000000000000000000e+00
1.315430861723446920e+00 0.000000000000000000e+00
1.318937875751502897e+00 0.000000000000000000e+00
1.322444889779559096e+00 0.000000000000000000e+00
1.325951903807615295e+00 0.000000000000000000e+00
1.329458917835671272e+00 0.000000000000000000e+00
1.332965931863727471e+00 0.000000000000000000e+00
1.336472945891783670e+00 0.000000000000000000e+00
1.339979959919839647e+00 0.000000000000000000e+00
1.343486973947895624e+00 0.000000000000000000e+00
1.346993987975952045e+00 0.000000000000000000e+00
1.350501002004008022e+00 0.000000000000000000e+00
1.354008016032063999e+00 0.000000000000000000e+00
1.357515030060120198e+00 0.000000000000000000e+00
1.361022044088176397e+00 0.000000000000000000e+00
1.364529058116232374e+00 0.000000000000000000e+00
1.368036072144288573e+00 0.000000000000000000e+00
1.371543086172344772e+00 0.000000000000000000e+00
1.375050100200400749e+00 0.000000000000000000e+00
1.378557114228456948e+00 0.000000000000000000e+00
1.382064128256513147e+00 0.000000000000000000e+00
1.385571142284569124e+00 0.000000000000000000e+00
1.389078156312625101e+00 0.000000000000000000e+00
1.392585170340681300e+00 0.000000000000000000e+00
1.396092184368737499e+00 0.000000000000000000e+00
1.399599198396793476e+00 0.000000000000000000e+00
1.403106212424849675e+00 0.000000000000000000e+00
1.406613226452905874e+00 0.000000000000000000e+00
1.410120240480961851e+00 0.000000000000000000e+00
1.413627254509018050e+00 0.000000000000000000e+00
1.417134268537074249e+00 0.000000000000000000e+00
1.420641282565130226e+00 0.000000000000000000e+00
1.424148296593186203e+00 0.000000000000000000e+00
1.427655310621242624e+00 0.000000000000000000e+00
1.431162324649298601e+00 0.000000000000000000e+00
1.434669338677354578e+00 0.000000000000000000e+00
1.438176352705410777e+00 0.000000000000000000e+00
1.441683366733466976e+00 0.000000000000000000e+00
1.445190380761522952e+00 0.000000000000000000e+00
1.448697394789579151e+00 0.000000000000000000e+00
1.452204408817635350e+00 0.000000000000000000e+00
1.455711422845691327e+00 0.000000000000000000e+00
1.459218436873747526e+00 0.000000000000000000e+00
1.462725450901803725e+00 0.000000000000000000e+00
1.466232464929859702e+00 0.000000000000000000e+00
1.469739478957915679e+00 0.000000000000000000e+00
1.473246492985971878e+00 0.000000000000000000e+00
1.476753507014028077e+00 0.000000000000000000e+00
1.480260521042084054e+00 0.000000000000000000e+00
1.483767535070140253e+00 0.000000000000000000e+00
1.487274549098196452e+00 0.000000000000000000e+00
1.490781563126252429e+00 0.000000000000000000e+00
1.494288577154308628e+00 0.000000000000000000e+00
1.497795591182364827e+00 0.000000000000000000e+00
1.501302605210420804e+00 0.000000000000000000e+00
1.504809619238476781e+00 0.000000000000000000e+00
1.508316633266533202e+00 0.000000000000000000e+00
1.511823647294589179e+00 0.000000000000000000e+00
1.515330661322645156e+00 0.000000000000000000e+00
1.518837675350701355e+00 0.000000000000000000e+00
1.522344689378757554e+00 0.000000000000000000e+00
1.525851703406813531e+00 0.000000000000000000e+00
1.529358717434869730e+00 0.000000000000000000e+00
1.532865731462925929e+00 0.000000000000000000e+00
1.536372745490981906e+00 0.000000000000000000e+00
1.539879759519038105e+00 0.000000000000000000e+00
1.543386773547094304e+00 0.000000000000000000e+00
1.546893787575150281e+00 0.000000000000000000e+00
1.550400801603206258e+00 0.000000000000000000e+00
1.553907815631262679e+00 0.000000000000000000e+00
1.557414829659318656e+00 0.000000000000000000e+00
1.560921843687374633e+00 0.000000000000000000e+00
1.564428857715430832e+00 0.000000000000000000e+00
1.567935871743487031e+00 0.000000000000000000e+00
1.571442885771543008e+00 0.000000000000000000e+00
1.574949899799599207e+00 0.000000000000000000e+00
1.578456913827655406e+00 0.000000000000000000e+00
1.581963927855711383e+00 0.000000000000000000e+00
1.585470941883767360e+00 0.000000000000000000e+00
1.588977955911823781e+00 0.000000000000000000e+00
1.592484969939879758e+00 0.000000000000000000e+00
1.595991983967935735e+00 0.000000000000000000e+00
1.599498997995991934e+00 0.000000000000000000e+00
1.603006012024048133e+00 0.000000000000000000e+00
1.606513026052104109e+00 0.000000000000000000e+00
1.610020040080160530e+00 0.000000000000000000e+00
1.613527054108216507e+00 0.000000000000000000e+00
1.617034068136272484e+00 0.000000000000000000e+00
1.620541082164328461e+00 0.000000000000000000e+00
1.624048096192384882e+00 0.000000000000000000e+00
1.627555110220440859e+00 0.000000000000000000e+00
1.631062124248496836e+00 0.000000000000000000e+00
1.634569138276553257e+00 0.000000000000000000e+00
1.638076152304609234e+00 0.000000000000000000e+00
1.641583166332665211e+00 0.000000000000000000e+00
1.645090180360721632e+00 0.000000000000000000e+00
1.648597194388777609e+00 0.000000000000000000e+00
1.652104208416833586e+00 0.000000000000000000e+00
1.655611222444889563e+00 0.000000000000000000e+00
1.659118236472945984e+00 0.000000000000000000e+00
1.662625250501001961e+00 0.000000000000000000e+00
1.666132264529057938e+00 0.000000000000000000e+00
1.669639278557114359e+00 0.000000000000000000e+00
1.673146292585170336e+00 0.000000000000000000e+00
1.676653306613226313e+00 0.000000000000000000e+00
1.680160320641282734e+00 0.000000000000000000e+00
1.683667334669338711e+00 0.000000000000000000e+00
1.687174348697394688e+00 0.000000000000000000e+00
1.690681362725451109e+00 0.000000000000000000e+00
1.694188376753507086e+00 0.000000000000000000e+00
1.697695390781563063e+00 0.000000000000000000e+00
1.701202404809619040e+00 0.000000000000000000e+00
1.704709418837675461e+00 0.000000000000000000e+00
1.708216432865731438e+00 0.000000000000000000e+00
1.711723446893787415e+00 0.000000000000000000e+00
1.715230460921843836e+00 0.000000000000000000e+00
1.718737474949899813e+00 0.000000000000000000e+00
1.722244488977955790e+00 0.000000000000000000e+00
1.725751503006012211e+00 0.000000000000000000e+00
1.729258517034068188e+00 0.000000000000000000e+00
1.732765531062124165e+00 0.000000000000000000e+00
1.736272545090180142e+00 0.000000000000000000e+00
1.739779559118236563e+00 0.000000000000000000e+00
1.743286573146292540e+00 0.000000000000000000e+00
1.746793587174348517e+00 0.000000000000000000e+00
1.750300601202404938e+00 0.000000000000000000e+00
1.753807615230460915e+00 0.000000000000000000e+00
1.757314629258516891e+00 0.000000000000000000e+00
1.760821643286573313e+00 0.000000000000000000e+00
1.764328657314629289e+00 0.000000000000000000e+00
1.767835671342685266e+00 0.000000000000000000e+00
1.771342685370741687e+00 0.000000000000000000e+00
1.774849699398797664e+00 0.000000000000000000e+00
1.778356713426853641e+00 0.000000000000000000e+00
1.781863727454909618e+00 0.000000000000000000e+00
1.785370741482966039e+00 0.000000000000000000e+00
1.788877755511022016e+00 0.000000000000000000e+00
1.792384769539077993e+00 0.000000000000000000e+00
1.795891783567134414e+00 0.000000000000000000e+00
1.799398797595190391e+00 0.000000000000000000e+00
1.802905811623246368e+00 0.000000000000000000e+00
1.806412825651302789e+00 0.000000000000000000e+00
1.809919839679358766e+00 0.000000000000000000e+00
1.813426853707414743e+00 0.000000000000000000e+00
1.816933867735470720e+00 0.000000000000000000e+00
1.820440881763527141e+00 0.000000000000000000e+00
1.823947895791583118e+00 0.000000000000000000e+00
1.827454909819639095e+00 0.000000000000000000e+00
1.830961923847695516e+00 0.000000000000000000e+00
1.834468937875751493e+00 0.000000000000000000e+00
1.837975951903807470e+00 0.000000000000000000e+00
1.841482965931863891e+00 0.000000000000000000e+00
1.844989979959919868e+00 0.000000000000000000e+00
1.848496993987975845e+00 0.000000000000000000e+00
1.852004008016032266e+00 0.000000000000000000e+00
1.855511022044088243e+00 0.000000000000000000e+00
1.859018036072144220e+00 0.000000000000000000e+00
1.862525050100200197e+00 0.000000000000000000e+00
1.866032064128256618e+00 0.000000000000000000e+00
1.869539078156312595e+00 0.000000000000000000e+00
1.873046092184368572e+00 0.000000000000000000e+00
1.876553106212424993e+00 0.000000000000000000e+00
1.880060120240480970e+00 0.000000000000000000e+00
1.883567134268536947e+00 0.000000000000000000e+00
1.887074148296593368e+00 0.000000000000000000e+00
1.890581162324649345e+00 0.000000000000000000e+00
1.894088176352705322e+00 0.000000000000000000e+00
1.897595190380761299e+00 0.000000000000000000e+00
1.901102204408817720e+00 0.000000000000000000e+00
1.904609218436873697e+00 0.000000000000000000e+00
1.908116232464929674e+00 0.000000000000000000e+00
1.911623246492986095e+00 0.000000000000000000e+00
1.915130260521042072e+00 0.000000000000000000e+00
1.918637274549098048e+00 0.000000000000000000e+00
1.922144288577154470e+00 0.000000000000000000e+00
1.925651302605210446e+00 0.000000000000000000e+00
1.929158316633266423e+00 0.000000000000000000e+00
1.932665330661322844e+00 0.000000000000000000e+00
1.936172344689378821e+00 0.000000000000000000e+00
1.939679358717434798e+00 0.000000000000000000e+00
1.943186372745490775e+00 0.000000000000000000e+00
1.946693386773547196e+00 0.000000000000000000e+00
1.950200400801603173e+00 0.000000000000000000e+00
1.953707414829659150e+00 0.000000000000000000e+00
1.957214428857715571e+00 0.000000000000000000e+00
1.960721442885771548e+00 0.000000000000000000e+00
1.964228456913827525e+00 0.000000000000000000e+00
1.967735470941883946e+00 0.000000000000000000e+00
1.971242484969939923e+00 0.000000000000000000e+00
1.974749498997995900e+00 0.000000000000000000e+00
1.978256513026051877e+00 0.000000000000000000e+00
1.981763527054108298e+00 0.000000000000000000e+00
1.985270541082164275e+00 0.000000000000000000e+00
1.988777555110220252e+00 0.000000000000000000e+00
1.992284569138276673e+00 0.000000000000000000e+00
1.995791583166332650e+00 0.000000000000000000e+00
1.999298597194388627e+00 0.000000000000000000e+00
2.002805611222445048e+00 0.000000000000000000e+00
2.006312625250501025e+00 0.000000000000000000e+00
2.009819639278557002e+00 0.000000000000000000e+00
2.013326653306613423e+00 0.000000000000000000e+00
2.016833667334669400e+00 0.000000000000000000e+00
2.020340681362725377e+00 0.000000000000000000e+00
2.023847695390781354e+00 0.000000000000000000e+00
2.027354709418837775e+00 0.000000000000000000e+00
2.030861723446893752e+00 0.000000000000000000e+00
2.034368737474949729e+00 0.000000000000000000e+00
2.037875751503006150e+00 0.000000000000000000e+00
2.041382765531062127e+00 0.000000000000000000e+00
2.044889779559118104e+00 0.000000000000000000e+00
2.048396793587174525e+00 0.000000000000000000e+00
2.051903807615230502e+00 0.000000000000000000e+00
2.055410821643286479e+00 0.000000000000000000e+00
2.058917835671342900e+00 0.000000000000000000e+00
2.062424849699398877e+00 0.000000000000000000e+00
2.065931863727454854e+00 0.000000000000000000e+00
2.069438877755510831e+00 0.000000000000000000e+00
2.072945891783567252e+00 0.000000000000000000e+00
2.076452905811623229e+00 0.000000000000000000e+00
2.079959919839679205e+00 0.000000000000000000e+00
2.083466933867735627e+00 0.000000000000000000e+00
2.086973947895791603e+00 0.000000000000000000e+00
2.090480961923847580e+00 9.714339206406587138e-04
2.093987975951904001e+00 8.068078059733594168e-03
2.097494989979959978e+00 5.296662682211409484e-02
2.101002004008015955e+00 1.656332021651983344e-01
2.104509018036071932e+00 4.093483208359220415e-01
2.108016032064128353e+00 4.677135187203678712e-01
2.111523046092184330e+00 4.844218308647635363e-01
2.115030060120240307e+00 4.875784774314351200e-01
2.118537074148296728e+00 4.883830508781391577e-01
2.122044088176352705e+00 4.896370467128492998e-01
2.125551102204408682e+00 4.904300278934884960e-01
2.129058116232465103e+00 4.917011671844164211e-01
2.132565130260521080e+00 4.921858786122031981e-01
2.136072144288577057e+00 4.930834804893831080e-01
2.139579158316633478e+00 4.938427306943352080e-01
2.143086172344689455e+00 4.906800551840047597e-01
2.146593186372745432e+00 4.869838061227464987e-01
2.150100200400801409e+00 4.801587731105186885e-01
2.153607214428857830e+00 3.296150582346374924e-01
2.157114228456913807e+00 1.707278194353728795e-01
2.160621242484969784e+00 3.181252648423004564e-02
2.164128256513026205e+00 1.041110293826190934e-02
2.167635270541082182e+00 2.403102227238201188e-03
2.171142284569138159e+00 0.000000000000000000e+00
2.174649298597194580e+00 0.000000000000000000e+00
2.178156312625250557e+00 0.000000000000000000e+00
2.181663326653306534e+00 0.000000000000000000e+00
2.185170340681362511e+00 0.000000000000000000e+00
2.188677354709418932e+00 0.000000000000000000e+00
2.192184368737474909e+00 0.000000000000000000e+00
2.195691382765530886e+00 0.000000000000000000e+00
2.199198396793587307e+00 0.000000000000000000e+00
2.202705410821643284e+00 0.000000000000000000e+00
2.206212424849699261e+00 0.000000000000000000e+00
2.209719438877755682e+00 0.000000000000000000e+00
2.213226452905811659e+00 0.000000000000000000e+00
2.216733466933867636e+00 0.000000000000000000e+00
2.220240480961924057e+00 0.000000000000000000e+00
2.223747494989980034e+00 0.000000000000000000e+00
2.227254509018036011e+00 0.000000000000000000e+00
2.230761523046091988e+00 0.000000000000000000e+00
2.234268537074148409e+00 0.000000000000000000e+00
2.237775551102204386e+00 0.000000000000000000e+00
2.241282565130260362e+00 0.000000000000000000e+00
2.244789579158316783e+00 0.000000000000000000e+00
2.248296593186372760e+00 0.000000000000000000e+00
2.251803607214428737e+00 0.000000000000000000e+00
2.255310621242485158e+00 0.000000000000000000e+00
2.258817635270541135e+00 0.000000000000000000e+00
2.262324649298597112e+00 0.000000000000000000e+00
2.265831663326653089e+00 0.000000000000000000e+00
2.269338677354709510e+00 0.000000000000000000e+00
2.272845691382765487e+00 0.000000000000000000e+00
2.276352705410821464e+00 0.000000000000000000e+00
2.279859719438877885e+00 0.000000000000000000e+00
2.283366733466933862e+00 0.000000000000000000e+00
2.286873747494989839e+00 0.000000000000000000e+00
2.290380761523046260e+00 0.000000000000000000e+00
2.293887775551102237e+00 0.000000000000000000e+00
2.297394789579158214e+00 0.000000000000000000e+00
2.300901803607214635e+00 0.000000000000000000e+00
2.304408817635270612e+00 0.000000000000000000e+00
2.307915831663326589e+00 0.000000000000000000e+00
2.311422845691382566e+00 0.000000000000000000e+00
2.314929859719438987e+00 0.000000000000000000e+00
2.318436873747494964e+00 0.000000000000000000e+00
2.321943887775550941e+00 0.000000000000000000e+00
2.325450901803607362e+00 0.000000000000000000e+00
2.328957915831663339e+00 0.000000000000000000e+00
2.332464929859719316e+00 0.000000000000000000e+00
2.335971943887775737e+00 0.000000000000000000e+00
2.339478957915831714e+00 0.000000000000000000e+00
2.342985971943887691e+00 0.000000000000000000e+00
2.346492985971943668e+00 0.000000000000000000e+00
2.350000000000000089e+00 0.000000000000000000e+00
