2.339773699999999845e+00 1.238516867042213632e-04
2.343541479759518875e+00 8.158908699482698577e-05
2.347309259519037905e+00 1.520914266813478376e-04
2.351077039278556935e+00 1.628594903335491614e-04
2.354844819038075965e+00 2.212063817468145753e-04
2.358612598797594995e+00 3.493749167541120287e-04
2.362380378557114025e+00 5.059517050200772930e-04
2.366148158316633054e+00 7.739211546822389199e-04
2.369915938076152084e+00 1.332207182890845013e-03
2.373683717835671114e+00 2.002452263858119433e-03
2.377451497595190144e+00 3.354993054051994775e-03
2.381219277354709174e+00 5.302717244639195381e-03
2.384987057114228204e+00 8.397697639105068321e-03
2.388754836873747234e+00 1.322406800700592563e-02
2.392522616633266264e+00 2.000317100639290718e-02
2.396290396392785294e+00 2.938908763311274749e-02
2.400058176152304323e+00 4.157214648808368884e-02
2.403825955911823353e+00 5.686339544166690851e-02
2.407593735671342383e+00 7.630598774560790054e-02
2.411361515430861413e+00 1.005302733977268131e-01
2.415129295190380443e+00 1.295170341786877344e-01
2.418897074949899473e+00 1.629897764850933295e-01
2.422664854709418503e+00 1.978993808917786090e-01
2.426432634468937533e+00 2.320523630501807599e-01
2.430200414228456562e+00 2.637028131894226801e-01
2.433968193987975592e+00 2.939499915395791807e-01
2.437735973747494622e+00 3.224549455406870990e-01
2.441503753507013652e+00 3.482289265848065307e-01
2.445271533266533126e+00 3.674341930806209189e-01
2.449039313026052156e+00 3.800743188981626219e-01
2.452807092785571186e+00 3.873261229553461304e-01
2.456574872545090216e+00 3.914958806404084113e-01
2.460342652304609246e+00 3.939378381987747590e-01
2.464110432064128275e+00 3.954410907040324386e-01
2.467878211823647305e+00 3.967255367827080548e-01
2.471645991583166335e+00 3.981455505648931470e-01
2.475413771342685365e+00 3.999614415959598657e-01
2.479181551102204395e+00 4.011718739977492842e-01
2.482949330861723425e+00 4.017867248480580522e-01
2.486717110621242455e+00 4.026304790894028596e-01
2.490484890380761485e+00 4.033279823498718275e-01
2.494252670140280514e+00 4.038719255765164107e-01
2.498020449899799544e+00 4.042484800604959627e-01
2.501788229659318574e+00 3.962050895083535362e-01
2.505556009418837604e+00 3.960065049083607014e-01
2.509323789178356634e+00 3.953733977024397328e-01
2.513091568937875664e+00 3.948204691388087495e-01
2.516859348697394694e+00 3.941920973282681540e-01
2.520627128456913724e+00 3.938522024605227156e-01
2.524394908216432754e+00 3.937339556457303824e-01
2.528162687975951783e+00 3.938111454342027029e-01
2.531930467735470813e+00 3.943507590125546192e-01
2.535698247494989843e+00 3.949362053866559696e-01
2.539466027254508873e+00 3.954659726951123000e-01
2.543233807014027903e+00 3.954041127679984169e-01
2.547001586773546933e+00 3.952233177139104492e-01
2.550769366533065963e+00 3.942627495160753170e-01
2.554537146292584993e+00 3.930490341686463385e-01
2.558304926052104022e+00 3.914934100192167810e-01
2.562072705811623052e+00 3.891117366412187861e-01
2.565840485571142082e+00 3.881078936879026053e-01
2.569608265330661112e+00 3.867757923661604424e-01
2.573376045090180142e+00 3.868080582582771876e-01
2.577143824849699172e+00 3.873949406210882573e-01
2.580911604609218202e+00 3.885790405504263578e-01
2.584679384368737232e+00 3.910988068335554124e-01
2.588447164128256262e+00 3.943083371840476747e-01
2.592214943887775291e+00 3.979380995392361453e-01
2.595982723647294321e+00 4.003759406469295512e-01
2.599750503406813351e+00 4.052013093863886528e-01
2.603518283166332381e+00 4.066808949418179164e-01
2.607286062925851411e+00 4.076380248422050712e-01
2.611053842685370441e+00 4.082938769779417276e-01
2.614821622444889471e+00 4.074483277016925364e-01
2.618589402204408501e+00 4.076777786106994261e-01
2.622357181963927530e+00 4.068571464878596999e-01
2.626124961723446560e+00 4.055637837344172603e-01
2.629892741482965590e+00 4.040667305697391298e-01
2.633660521242484620e+00 4.038053416166893506e-01
2.637428301002003650e+00 4.040041196339840268e-01
2.641196080761522680e+00 4.038661844838935533e-01
2.644963860521041710e+00 4.038577258086504251e-01
2.648731640280560740e+00 4.047255285990162266e-01
2.652499420040079769e+00 4.044863261254647568e-01
2.656267199799598799e+00 4.057720601068248722e-01
2.660034979559117829e+00 4.059501378484852152e-01
2.663802759318636859e+00 4.048087020354116383e-01
2.667570539078155889e+00 4.029860547519033553e-01
2.671338318837674919e+00 4.017063662070098906e-01
2.675106098597194393e+00 4.002947910442398172e-01
2.678873878356713423e+00 3.986926495052115493e-01
2.682641658116232453e+00 3.966792042982935640e-01
2.686409437875751482e+00 3.939018260977796837e-01
2.690177217635270512e+00 3.912381851460495219e-01
2.693944997394789542e+00 3.866513415783349727e-01
2.697712777154308572e+00 3.836990008140296893e-01
2.701480556913827602e+00 3.807203281037879750e-01
2.705248336673346632e+00 3.782214527294040507e-01
2.709016116432865662e+00 3.754678283496361568e-01
2.712783896192384692e+00 3.738015365072459573e-01
2.716551675951903722e+00 3.717631737481780219e-01
2.720319455711422751e+00 3.691153608122124119e-01
2.724087235470941781e+00 3.679298380607737839e-01
2.727855015230460811e+00 3.672708141270182858e-01
2.731622794989979841e+00 3.659106037530205913e-01
2.735390574749498871e+00 3.634580164760184973e-01
2.739158354509017901e+00 3.613030697062544760e-01
2.742926134268536931e+00 3.608411710737018385e-01
2.746693914028055961e+00 3.591834612595622422e-01
2.750461693787574990e+00 3.576067765741907101e-01
2.754229473547094020e+00 3.546987210714742100e-01
2.757997253306613050e+00 3.530829324809426351e-01
2.761765033066132080e+00 3.514462428728840626e-01
2.765532812825651110e+00 3.513379388337936060e-01
2.769300592585170140e+00 3.509325882658200224e-01
2.773068372344689170e+00 3.514897627761340293e-01
2.776836152104208200e+00 3.518463579428574572e-01
2.780603931863727230e+00 3.532714832994655052e-01
2.784371711623246259e+00 3.545761987478037724e-01
2.788139491382765289e+00 3.554059951000119177e-01
2.791907271142284319e+00 3.568983530510008162e-01
2.795675050901803349e+00 3.581984850448626245e-01
2.799442830661322379e+00 3.598984998127250368e-01
2.803210610420841409e+00 3.604565386147330908e-01
2.806978390180360439e+00 3.614937488884664152e-01
2.810746169939879469e+00 3.619150984193221787e-01
2.814513949699398498e+00 3.624171414099069399e-01
2.818281729458917528e+00 3.628571698300442905e-01
2.822049509218436558e+00 3.633159229890008945e-01
2.825817288977955588e+00 3.636734932978789026e-01
2.829585068737474618e+00 3.640252153752681630e-01
2.833352848496993648e+00 3.641407474778137199e-01
2.837120628256512678e+00 3.642049914945366673e-01
2.840888408016031708e+00 3.650696788881480082e-01
2.844656187775550737e+00 3.656137540558659915e-01
2.848423967535069767e+00 3.661924907265589058e-01
2.852191747294589241e+00 3.663433073284251273e-01
2.855959527054108271e+00 3.663328095054478317e-01
2.859727306813627301e+00 3.662230990525001673e-01
2.863495086573146331e+00 3.660818365713943701e-01
2.867262866332665361e+00 3.665801371115394169e-01
2.871030646092184391e+00 3.666498107402069162e-01
2.874798425851703421e+00 3.668086228340432520e-01
2.878566205611222451e+00 3.667997304751463572e-01
2.882333985370741480e+00 3.668819414613239127e-01
2.886101765130260510e+00 3.661949247609896929e-01
2.889869544889779540e+00 3.660569187330252605e-01
2.893637324649298570e+00 3.665193501447405744e-01
2.897405104408817600e+00 3.666215946898666589e-01
2.901172884168336630e+00 3.664979527812398663e-01
2.904940663927855660e+00 3.661384900131765541e-01
2.908708443687374690e+00 3.660025095859238409e-01
2.912476223446893719e+00 3.654382795644564030e-01
2.916244003206412749e+00 3.652363975500780291e-01
2.920011782965931779e+00 3.651155469463517877e-01
2.923779562725450809e+00 3.644208821739520210e-01
2.927547342484969839e+00 3.642298726674895737e-01
2.931315122244488869e+00 3.632120848349808528e-01
2.935082902004007899e+00 3.621958008392694439e-01
2.938850681763526929e+00 3.604572849098513498e-01
2.942618461523045958e+00 3.593644808606655805e-01
2.946386241282564988e+00 3.587210319675801506e-01
2.950154021042084018e+00 3.575415963033523603e-01
2.953921800801603048e+00 3.563034294082119691e-01
2.957689580561122078e+00 3.548225643514092975e-01
2.961457360320641108e+00 3.534004435323556126e-01
2.965225140080160138e+00 3.520220410164625058e-01
2.968992919839679168e+00 3.507556279573272318e-01
2.972760699599198198e+00 3.498261840122237620e-01
2.976528479358717227e+00 3.497614292993182494e-01
2.980296259118236257e+00 3.490178579122692470e-01
2.984064038877755287e+00 3.480597589377532608e-01
2.987831818637274317e+00 3.469469934320679183e-01
2.991599598396793347e+00 3.467599674544760147e-01
2.995367378156312377e+00 3.463464126638319818e-01
2.999135157915831407e+00 3.459815358181742573e-01
3.002902937675350437e+00 3.454920192030274118e-01
3.006670717434869466e+00 3.445984308030879406e-01
3.010438497194388496e+00 3.435802658589114933e-01
3.014206276953907526e+00 3.429910503056499693e-01
3.017974056713426556e+00 3.421512682142940354e-01
3.021741836472945586e+00 3.410625915765371219e-01
3.025509616232464616e+00 3.393951301366430195e-01
3.029277395991983646e+00 3.376705047511187607e-01
3.033045175751502676e+00 3.363650088544662964e-01
3.036812955511021705e+00 3.356054466877984588e-01
3.040580735270540735e+00 3.344460796247670786e-01
3.044348515030059765e+00 3.337267930240210845e-01
3.048116294789578795e+00 3.329104695077961806e-01
3.051884074549097825e+00 3.322513250686529584e-01
3.055651854308616855e+00 3.310936174262212872e-01
3.059419634068135885e+00 3.301646275872937575e-01
3.063187413827654915e+00 3.300153036186661004e-01
3.066955193587173945e+00 3.307031852782660875e-01
3.070722973346692974e+00 3.313121078749365345e-01
3.074490753106212004e+00 3.311956071094326326e-01
3.078258532865731034e+00 3.312721581018365224e-01
3.082026312625250064e+00 3.317200461327583505e-01
3.085794092384769094e+00 3.328610344994162307e-01
3.089561872144288124e+00 3.341951276854445152e-01
3.093329651903807154e+00 3.357726978477538760e-01
3.097097431663326184e+00 3.377288499857827864e-01
3.100865211422845213e+00 3.393035173410982042e-01
3.104632991182364243e+00 3.404009356376626050e-01
3.108400770941883273e+00 3.416581676292855252e-01
3.112168550701402303e+00 3.429629256796902226e-01
3.115936330460921333e+00 3.442144183159894233e-01
3.119704110220440807e+00 3.455716474851796005e-01
3.123471889979959837e+00 3.480623209611721225e-01
3.127239669739478867e+00 3.499878547464779777e-01
3.131007449498997897e+00 3.520822638070156829e-01
3.134775229258516926e+00 3.534820447542983968e-01
3.138543009018035956e+00 3.550636490504974763e-01
3.142310788777554986e+00 3.568628188361852027e-01
3.146078568537074016e+00 3.586686436093204922e-01
3.149846348296593046e+00 3.610525884911180983e-01
3.153614128056112076e+00 3.628457896796789539e-01
3.157381907815631106e+00 3.646972460540267580e-01
3.161149687575150136e+00 3.667024023078016559e-01
3.164917467334669166e+00 3.684119043809854221e-01
3.168685247094188195e+00 3.702452415365989902e-01
3.172453026853707225e+00 3.727209417628178367e-01
3.176220806613226255e+00 3.754745391787359110e-01
3.179988586372745285e+00 3.779365531398808931e-01
3.183756366132264315e+00 3.801073528621606301e-01
3.187524145891783345e+00 3.821283755272560367e-01
3.191291925651302375e+00 3.843407463920924250e-01
3.195059705410821405e+00 3.863238558603543926e-01
3.198827485170340434e+00 3.887232102565050806e-01
3.202595264929859464e+00 3.906542819873875527e-01
3.206363044689378494e+00 3.925119037868802785e-01
3.210130824448897524e+00 3.942272504882029516e-01
3.213898604208416554e+00 3.953876143716291702e-01
3.217666383967935584e+00 3.969616825019420814e-01
3.221434163727454614e+00 3.988538667375307600e-01
3.225201943486973644e+00 4.010511594995958551e-01
3.228969723246492673e+00 4.029884152851977985e-01
3.232737503006011703e+00 4.044263178353778021e-01
3.236505282765530733e+00 4.058274461243684406e-01
3.240273062525049763e+00 4.070402818862530747e-01
3.244040842284568793e+00 4.081712088868039712e-01
3.247808622044087823e+00 4.099876524017644908e-01
3.251576401803606853e+00 4.114844776028788731e-01
3.255344181563125883e+00 4.129880337491650399e-01
3.259111961322644913e+00 4.147478920105375777e-01
3.262879741082163942e+00 4.164156997728426512e-01
3.266647520841682972e+00 4.179253636662607629e-01
3.270415300601202002e+00 4.200462211718705152e-01
3.274183080360721032e+00 4.214420951290028805e-01
3.277950860120240506e+00 4.226698270048442896e-01
3.281718639879759536e+00 4.241694254530858355e-01
3.285486419639278566e+00 4.256645787350761267e-01
3.289254199398797596e+00 4.270703842452711063e-01
3.293021979158316626e+00 4.288334518217498670e-01
3.296789758917835655e+00 4.302883463600632452e-01
3.300557538677354685e+00 4.315138170601726109e-01
3.304325318436873715e+00 4.325785602958663323e-01
3.308093098196392745e+00 4.336111606233169491e-01
3.311860877955911775e+00 4.349182977216329293e-01
3.315628657715430805e+00 4.359300001414542214e-01
3.319396437474949835e+00 4.367986796555372586e-01
3.323164217234468865e+00 4.376244348766375469e-01
3.326931996993987894e+00 4.384880465793959958e-01
3.330699776753506924e+00 4.392716406059049006e-01
3.334467556513025954e+00 4.388197877910273159e-01
3.338235336272544984e+00 4.385441239170331795e-01
3.342003116032064014e+00 4.364774484343268424e-01
3.345770895791583044e+00 4.327125391308306313e-01
3.349538675551102074e+00 4.289287082332636225e-01
3.353306455310621104e+00 4.206124365302180701e-01
3.357074235070140134e+00 4.112769081893872802e-01
3.360842014829659163e+00 4.044822185447247698e-01
3.364609794589178193e+00 4.061600962802463521e-01
3.368377574348697223e+00 4.076321242136871081e-01
3.372145354108216253e+00 4.147545250013864870e-01
3.375913133867735283e+00 4.268273077375754898e-01
3.379680913627254313e+00 4.380770009524020403e-01
3.383448693386773343e+00 4.423312584770282552e-01
3.387216473146292373e+00 4.458435455470528552e-01
3.390984252905811402e+00 4.483161192189791810e-01
3.394752032665330432e+00 4.476323176524965586e-01
3.398519812424849462e+00 4.469102760036244293e-01
3.402287592184368492e+00 4.459281678741469634e-01
3.406055371943887522e+00 4.446347224904127482e-01
3.409823151703406552e+00 4.439319641336715305e-01
3.413590931462925582e+00 4.434088066607744794e-01
3.417358711222444612e+00 4.429262158089670165e-01
3.421126490981963642e+00 4.423042551565888325e-01
3.424894270741482671e+00 4.426258522729207279e-01
3.428662050501001701e+00 4.429503239067253961e-01
3.432429830260520731e+00 4.428500765905357683e-01
3.436197610020039761e+00 4.430063999719528467e-01
3.439965389779558791e+00 4.431655759707159303e-01
3.443733169539077821e+00 4.428838413906397431e-01
3.447500949298596851e+00 4.424461112313489153e-01
3.451268729058115881e+00 4.429929236436351836e-01
3.455036508817634910e+00 4.432948085634448310e-01
3.458804288577153940e+00 4.435785625686161637e-01
3.462572068336672970e+00 4.449243255893325921e-01
3.466339848096192000e+00 4.466731382140946005e-01
3.470107627855711030e+00 4.480633084339044614e-01
3.473875407615230060e+00 4.489200003116542992e-01
3.477643187374749090e+00 4.503434043109169060e-01
3.481410967134268120e+00 4.519699264648823767e-01
3.485178746893787149e+00 4.535714568469822461e-01
3.488946526653306179e+00 4.553993004159151980e-01
3.492714306412825209e+00 4.573124529818399231e-01
3.496482086172344239e+00 4.591678469547105235e-01
3.500249865931863269e+00 4.610906707912073577e-01
3.504017645691382299e+00 4.628298801235974369e-01
3.507785425450901329e+00 4.648007366365914383e-01
3.511553205210420359e+00 4.670494690439034868e-01
3.515320984969939389e+00 4.687813952933037043e-01
3.519088764729458418e+00 4.707121729376125274e-01
3.522856544488977448e+00 4.719949481201990982e-01
3.526624324248496478e+00 4.734919512340271530e-01
3.530392104008015508e+00 4.748190779548026597e-01
3.534159883767534538e+00 4.758386418596931566e-01
3.537927663527053568e+00 4.771970551958901186e-01
3.541695443286572598e+00 4.781799511917521617e-01
3.545463223046091628e+00 4.793025340136728984e-01
3.549231002805610657e+00 4.797834595817720982e-01
3.552998782565129687e+00 4.808330380121030867e-01
3.556766562324648717e+00 4.813201282169428663e-01
3.560534342084167747e+00 4.816495045361672278e-01
3.564302121843686777e+00 4.823421531126445561e-01
3.568069901603205807e+00 4.832395869633477892e-01
3.571837681362724837e+00 4.844644251282411163e-01
3.575605461122244311e+00 4.849861283949610247e-01
3.579373240881763341e+00 4.863435624785404920e-01
3.583141020641282370e+00 4.869628325225434096e-01
3.586908800400801400e+00 4.880146756504158412e-01
3.590676580160320430e+00 4.885341177594375583e-01
3.594444359919839460e+00 4.889810584345984368e-01
3.598212139679358490e+00 4.895148274320506032e-01
3.601979919438877520e+00 4.898510763666506507e-01
3.605747699198396550e+00 4.910073004765401206e-01
3.609515478957915580e+00 4.913568017918427122e-01
3.613283258717434610e+00 4.917038468025168307e-01
3.617051038476953639e+00 4.919325907377674056e-01
3.620818818236472669e+00 4.927009804448942987e-01
3.624586597995991699e+00 4.929549350125534968e-01
3.628354377755510729e+00 4.932412354919458175e-01
3.632122157515029759e+00 4.933689081785934683e-01
3.635889937274548789e+00 4.938883698810048184e-01
3.639657717034067819e+00 4.942091687107738607e-01
3.643425496793586849e+00 4.946259152101629697e-01
3.647193276553105878e+00 4.951652541190769696e-01
3.650961056312624908e+00 4.963918803223120735e-01
3.654728836072143938e+00 4.970843774649381652e-01
3.658496615831662968e+00 4.975044671515531647e-01
3.662264395591181998e+00 4.979419959068494550e-01
3.666032175350701028e+00 4.985885990066791784e-01
3.669799955110220058e+00 4.993794381848408737e-01
3.673567734869739088e+00 4.999392964661903416e-01
3.677335514629258117e+00 5.005797529908204702e-01
3.681103294388777591e+00 5.011004838372863368e-01
3.684871074148296621e+00 5.016396702194687585e-01
3.688638853907815651e+00 5.019529177522612517e-01
3.692406633667334681e+00 5.022793080561079870e-01
3.696174413426853711e+00 5.031380281795080345e-01
3.699942193186372741e+00 5.032225921535369295e-01
3.703709972945891771e+00 5.033051652543499843e-01
3.707477752705410801e+00 5.034090835957547583e-01
3.711245532464929830e+00 5.036500206129294055e-01
3.715013312224448860e+00 5.037620710388415191e-01
3.718781091983967890e+00 5.040019159379809377e-01
3.722548871743486920e+00 5.043070248413421552e-01
3.726316651503005950e+00 5.047065512916037999e-01
3.730084431262524980e+00 5.049369117556579134e-01
3.733852211022044010e+00 5.051092310777998140e-01
3.737619990781563040e+00 5.060751015608594416e-01
3.741387770541082070e+00 5.069120130669192426e-01
3.745155550300601099e+00 5.070182727735510486e-01
3.748923330060120129e+00 5.071721291219327687e-01
3.752691109819639159e+00 5.075258371658459833e-01
3.756458889579158189e+00 5.077457267601105384e-01
3.760226669338677219e+00 5.078676146804766978e-01
3.763994449098196249e+00 5.080488639675019291e-01
3.767762228857715279e+00 5.084711579603924392e-01
3.771530008617234309e+00 5.087865235735862246e-01
3.775297788376753338e+00 5.089978282445826174e-01
3.779065568136272368e+00 5.097811111814252172e-01
3.782833347895791398e+00 5.101608458141512203e-01
3.786601127655310428e+00 5.107308695742887039e-01
3.790368907414829458e+00 5.110369952909731284e-01
3.794136687174348488e+00 5.110233602933768049e-01
3.797904466933867518e+00 5.112053296764129673e-01
3.801672246693386548e+00 5.114143715631278564e-01
3.805440026452905578e+00 5.117677222865948394e-01
3.809207806212424607e+00 5.117771033615475806e-01
3.812975585971943637e+00 5.120324601360960459e-01
3.816743365731462667e+00 5.121996425896767624e-01
3.820511145490981697e+00 5.127338058490430450e-01
3.824278925250500727e+00 5.126114991892994910e-01
3.828046705010019757e+00 5.125604521964710614e-01
3.831814484769538787e+00 5.124009477173844251e-01
3.835582264529057817e+00 5.121841150195142189e-01
3.839350044288576846e+00 5.124281070752192413e-01
3.843117824048095876e+00 5.122301691180219940e-01
3.846885603807614906e+00 5.121932192318142674e-01
3.850653383567133936e+00 5.118390380284836283e-01
3.854421163326652966e+00 5.111286207506327006e-01
3.858188943086171996e+00 5.114086981442725888e-01
3.861956722845691026e+00 5.110321812319985613e-01
3.865724502605210056e+00 5.105432309566594329e-01
3.869492282364729085e+00 5.100447228500283314e-01
3.873260062124248115e+00 5.096331293585829592e-01
3.877027841883767145e+00 5.093023587083472803e-01
3.880795621643286175e+00 5.087689872473221131e-01
3.884563401402805205e+00 5.084506328196028990e-01
3.888331181162324235e+00 5.079885990038478516e-01
3.892098960921843265e+00 5.077033130579564624e-01
3.895866740681362295e+00 5.074710218765676739e-01
3.899634520440881325e+00 5.078162638993637401e-01
3.903402300200400354e+00 5.075240863657817236e-01
3.907170079959919384e+00 5.077070401728951410e-01
3.910937859719438414e+00 5.079401031565886626e-01
3.914705639478957444e+00 5.084468070055662148e-01
3.918473419238476474e+00 5.086897243069823382e-01
3.922241198997995504e+00 5.090021736870582458e-01
3.926008978757514534e+00 5.094477672447740302e-01
3.929776758517033564e+00 5.095688595327837467e-01
3.933544538276552593e+00 5.096162878855209355e-01
3.937312318036071623e+00 5.094681905922375798e-01
3.941080097795590653e+00 5.096033196999891768e-01
3.944847877555109683e+00 5.090054482181733952e-01
3.948615657314628713e+00 5.075441844470570674e-01
3.952383437074147743e+00 5.051187336636419056e-01
3.956151216833666773e+00 5.017732507793914998e-01
3.959918996593185803e+00 4.972086659900212258e-01
3.963686776352704833e+00 4.912925945135070416e-01
3.967454556112223862e+00 4.834800232621667693e-01
3.971222335871742892e+00 4.745230947412871769e-01
3.974990115631261922e+00 4.630972791898624319e-01
3.978757895390780952e+00 4.500085550588291405e-01
3.982525675150299982e+00 4.342092041787593004e-01
3.986293454909819012e+00 4.163250630683131281e-01
3.990061234669338042e+00 3.967866141143964187e-01
3.993829014428857072e+00 3.755531347521025021e-01
3.997596794188376101e+00 3.528175911731778469e-01
4.001364573947896019e+00 3.291386741565651697e-01
4.005132353707415049e+00 3.049609766724257209e-01
4.008900133466934079e+00 2.808403440060257550e-01
4.012667913226453109e+00 2.570168901386999383e-01
4.016435692985972139e+00 2.337179911115267461e-01
4.020203472745491169e+00 2.116973628679245101e-01
4.023971252505010199e+00 1.906676244849903612e-01
4.027739032264529229e+00 1.707525771808562631e-01
4.031506812024048259e+00 1.522671242839735706e-01
4.035274591783567288e+00 1.353039453570015205e-01
4.039042371543086318e+00 1.198178670979149207e-01
4.042810151302605348e+00 1.058055608216672827e-01
4.046577931062124378e+00 9.319519344768181779e-02
4.050345710821643408e+00 8.189047854065427401e-02
4.054113490581162438e+00 7.172865674511855194e-02
4.057881270340681468e+00 6.271662690478473079e-02
4.061649050100200498e+00 5.476607558413721516e-02
4.065416829859719527e+00 4.770210511902836514e-02
4.069184609619238557e+00 4.145181941344407150e-02
4.072952389378757587e+00 3.603867505532729054e-02
4.076720169138276617e+00 3.124399842936117708e-02
4.080487948897795647e+00 2.702628125719565635e-02
4.084255728657314677e+00 2.335598864513143552e-02
4.088023508416833707e+00 2.015540183644415340e-02
4.091791288176352737e+00 1.739177380445507820e-02
4.095559067935871767e+00 1.497788489431580404e-02
4.099326847695390796e+00 1.289472345851727479e-02
4.103094627454909826e+00 1.108660254775893986e-02
4.106862407214428856e+00 9.542937894089019435e-03
4.110630186973947886e+00 8.206010160818379140e-03
4.114397966733466916e+00 7.059398120851125696e-03
4.118165746492985946e+00 6.057690217526777096e-03
4.121933526252504976e+00 5.201303869261888167e-03
4.125701306012024006e+00 4.471607831356254510e-03
4.129469085771543035e+00 3.859119401632612849e-03
4.133236865531062065e+00 3.318037861132676260e-03
4.137004645290581095e+00 2.849639578311886391e-03
4.140772425050100125e+00 2.443562444775811918e-03
4.144540204809619155e+00 2.103574612842079583e-03
4.148307984569138185e+00 1.824682348093937135e-03
4.152075764328657215e+00 1.577678396242600907e-03
4.155843544088176245e+00 1.350007262656790271e-03
4.159611323847695274e+00 1.158455683024436564e-03
4.163379103607214304e+00 1.014122634876559858e-03
4.167146883366733334e+00 8.779970275081772036e-04
4.170914663126252364e+00 7.524034194165516321e-04
4.174682442885771394e+00 6.395144794635264883e-04
4.178450222645290424e+00 5.507612996325762181e-04
4.182218002404809454e+00 4.838820871617915509e-04
4.185985782164328484e+00 4.283591675825261535e-04
4.189753561923847514e+00 3.514797942250127158e-04
4.193521341683366543e+00 2.924772396907836854e-04
4.197289121442885573e+00 2.608081908303247010e-04
4.201056901202404603e+00 2.223391285136276641e-04
4.204824680961923633e+00 1.781068881489921004e-04
4.208592460721442663e+00 1.385308227187509445e-04
4.212360240480961693e+00 1.152653150326115580e-04
4.216128020240480723e+00 1.091298939171102337e-04
4.219895799999999753e+00 8.787753938237795380e-05
