9.881999999999999673e-01 9.844168956714008454e-05
9.888853707414829719e-01 1.126607600691562365e-04
9.895707414829658655e-01 1.279304972757305521e-04
9.902561122244488701e-01 1.442424435079048999e-04
9.909414829659318746e-01 1.622350194721571166e-04
9.916268537074147682e-01 1.816623519079390106e-04
9.923122244488977728e-01 2.024328889706227843e-04
9.929975951903807774e-01 2.256014399503227246e-04
9.936829659318636709e-01 2.515169392021950967e-04
9.943683366733466755e-01 2.797149096011215005e-04
9.950537074148296801e-01 3.116482670341968737e-04
9.957390781563125737e-01 3.498784799752477793e-04
9.964244488977955783e-01 3.934016569535755069e-04
9.971098196392784718e-01 4.444060113864460398e-04
9.977951903807614764e-01 8.078079712921090380e-03
9.984805611222444810e-01 1.729457708741919536e-02
9.991659318637273746e-01 2.713338559652905824e-02
9.998513026052103791e-01 3.807691742967432569e-02
1.000536673346693384e+00 4.534524181565913192e-02
1.001222044088176277e+00 4.876633680321133812e-02
1.001907414829659393e+00 5.281080891987935400e-02
1.002592785571142286e+00 5.691085263039633718e-02
1.003278156312625180e+00 6.116860479398913281e-02
1.003963527054108296e+00 6.632908297776414497e-02
1.004648897795591189e+00 7.184756503508550607e-02
1.005334268537074083e+00 7.788835416264641709e-02
1.006019639278556976e+00 8.529838418517754484e-02
1.006705010020040092e+00 9.330726418198066752e-02
1.007390380761522986e+00 1.019070830227578744e-01
1.008075751503005879e+00 1.113529105127902680e-01
1.008761122244488995e+00 1.216864190797617290e-01
1.009446492985971888e+00 1.324747692675469768e-01
1.010131863727454782e+00 1.437216317312366431e-01
1.010817234468937897e+00 1.559384091588493504e-01
1.011502605210420791e+00 1.685098898328188377e-01
1.012187975951903685e+00 1.811581282010635008e-01
1.012873346693386800e+00 1.939294697940738554e-01
1.013558717434869694e+00 2.059770966372209411e-01
1.014244088176352587e+00 2.172621093839546824e-01
1.014929458917835703e+00 2.270657791119214952e-01
1.015614829659318596e+00 2.352256740203529095e-01
1.016300200400801490e+00 2.420214070857635569e-01
1.016985571142284606e+00 2.470824613106085144e-01
1.017670941883767499e+00 2.504353920838546799e-01
1.018356312625250393e+00 2.528478049512349335e-01
1.019041683366733508e+00 2.544066122070010039e-01
1.019727054108216402e+00 2.548054911230013264e-01
1.020412424849699295e+00 2.549713664741339314e-01
1.021097795591182411e+00 2.552829885345738736e-01
1.021783166332665305e+00 2.552874578141809958e-01
1.022468537074148198e+00 2.551589379973767113e-01
1.023153907815631314e+00 2.551869445726876462e-01
1.023839278557114207e+00 2.550669753570006248e-01
1.024524649298597101e+00 2.550609186599201994e-01
1.025210020040080217e+00 2.554071159744512598e-01
1.025895390781563110e+00 2.557524844049033352e-01
1.026580761523046004e+00 2.562173742775875063e-01
1.027266132264529119e+00 2.568838453391888432e-01
1.027951503006012013e+00 2.575579640201854925e-01
1.028636873747494906e+00 2.584145640148740597e-01
1.029322244488978022e+00 2.591915899100170617e-01
1.030007615230460916e+00 2.600365959590726916e-01
1.030692985971943809e+00 2.608455818208566535e-01
1.031378356713426925e+00 2.619310348758657758e-01
1.032063727454909818e+00 2.636065209139084042e-01
1.032749098196392712e+00 2.648028911005034791e-01
1.033434468937875828e+00 2.659840518498353679e-01
1.034119839679358721e+00 2.675736259939059947e-01
1.034805210420841615e+00 2.687410893283553315e-01
1.035490581162324730e+00 2.698430117558888730e-01
1.036175951903807624e+00 2.710012549424637984e-01
1.036861322645290517e+00 2.713193807386028999e-01
1.037546693386773633e+00 2.719566749253471971e-01
1.038232064128256527e+00 2.732213198102149132e-01
1.038917434869739420e+00 2.744132587492485453e-01
1.039602805611222536e+00 2.754172755362326863e-01
1.040288176352705429e+00 2.764675607317594319e-01
1.040973547094188323e+00 2.766919913277568477e-01
1.041658917835671216e+00 2.770195418965675227e-01
1.042344288577154332e+00 2.774124581079063789e-01
1.043029659318637226e+00 2.774455486197173193e-01
1.043715030060120119e+00 2.776246355905991892e-01
1.044400400801603235e+00 2.781192589241713309e-01
1.045085771543086128e+00 2.786973965113949681e-01
1.045771142284569022e+00 2.792588601099199042e-01
1.046456513026052138e+00 2.798635352402963905e-01
1.047141883767535031e+00 2.804464752831535290e-01
1.047827254509017925e+00 2.811775922226517066e-01
1.048512625250501040e+00 2.816935481529984076e-01
1.049197995991983934e+00 2.821117771974053778e-01
1.049883366733466827e+00 2.825985003886499203e-01
1.050568737474949943e+00 2.834569417114520262e-01
1.051254108216432837e+00 2.845541565299262721e-01
1.051939478957915730e+00 2.856000117855555520e-01
1.052624849699398846e+00 2.861641631744441527e-01
1.053310220440881739e+00 2.866717661720007970e-01
1.053995591182364633e+00 2.872888568557616651e-01
1.054680961923847748e+00 2.879602035573053942e-01
1.055366332665330642e+00 2.881798227487420427e-01
1.056051703406813536e+00 2.882037193912022621e-01
1.056737074148296651e+00 2.877983997161308594e-01
1.057422444889779545e+00 2.874322700258301055e-01
1.058107815631262438e+00 2.874285276181910431e-01
1.058793186372745554e+00 2.874064435334160450e-01
1.059478557114228447e+00 2.872167206123462102e-01
1.060163927855711341e+00 2.867299255676108438e-01
1.060849298597194457e+00 2.861390825117747228e-01
1.061534669338677350e+00 2.856695701492911743e-01
1.062220040080160244e+00 2.850417217111213541e-01
1.062905410821643359e+00 2.840596471064678608e-01
1.063590781563126253e+00 2.833982386552250654e-01
1.064276152304609147e+00 2.827160588183505463e-01
1.064961523046092262e+00 2.818891007386916114e-01
1.065646893787575156e+00 2.815821402417818531e-01
1.066332264529058049e+00 2.809625084616495516e-01
1.067017635270541165e+00 2.794726289994825530e-01
1.067703006012024058e+00 2.784119391520905595e-01
1.068388376753506952e+00 2.773409787821283223e-01
1.069073747494990068e+00 2.760233131648716642e-01
1.069759118236472961e+00 2.745430274809882998e-01
1.070444488977955855e+00 2.731687057870329505e-01
1.071129859719438748e+00 2.720395992228827331e-01
1.071815230460921864e+00 2.712110439585333488e-01
1.072500601202404757e+00 2.701840152370333370e-01
1.073185971943887651e+00 2.692234273185731830e-01
1.073871342685370767e+00 2.678193935954872318e-01
1.074556713426853660e+00 2.666395431244077963e-01
1.075242084168336554e+00 2.658257065257025875e-01
1.075927454909819669e+00 2.655459581255631973e-01
1.076612825651302563e+00 2.648582170770916733e-01
1.077298196392785457e+00 2.641936191674070233e-01
1.077983567134268572e+00 2.639482687812575445e-01
1.078668937875751466e+00 2.640557994213580395e-01
1.079354308617234359e+00 2.638596551869583084e-01
1.080039679358717475e+00 2.638525873129239918e-01
1.080725050100200368e+00 2.639758218790803634e-01
1.081410420841683262e+00 2.643537663875850652e-01
1.082095791583166378e+00 2.650304195745540325e-01
1.082781162324649271e+00 2.653878248198998091e-01
1.083466533066132165e+00 2.657224518733395935e-01
1.084151903807615280e+00 2.662972263635515757e-01
1.084837274549098174e+00 2.667683697144469512e-01
1.085522645290581067e+00 2.677050735737309672e-01
1.086208016032064183e+00 2.690346602661327635e-01
1.086893386773547077e+00 2.698873770020746021e-01
1.087578757515029970e+00 2.709431618520955487e-01
1.088264128256513086e+00 2.723571513147518552e-01
1.088949498997995979e+00 2.736904333787197330e-01
1.089634869739478873e+00 2.753821545782867419e-01
1.090320240480961989e+00 2.771261846345954849e-01
1.091005611222444882e+00 2.785874299475589178e-01
1.091690981963927776e+00 2.803575157754128466e-01
1.092376352705410891e+00 2.821440460136759865e-01
1.093061723446893785e+00 2.838061416755365274e-01
1.093747094188376678e+00 2.855158355509738732e-01
1.094432464929859794e+00 2.870822350169319748e-01
1.095117835671342688e+00 2.886059632343506154e-01
1.095803206412825581e+00 2.899526521216602704e-01
1.096488577154308697e+00 2.915254291565913536e-01
1.097173947895791590e+00 2.934183429088766948e-01
1.097859318637274484e+00 2.948569207793299007e-01
1.098544689378757599e+00 2.962588650986627270e-01
1.099230060120240493e+00 2.976775328845001067e-01
1.099915430861723387e+00 2.982355844508405851e-01
1.100600801603206502e+00 2.989343781129818467e-01
1.101286172344689396e+00 2.996288206720454927e-01
1.101971543086172289e+00 3.002624386319372451e-01
1.102656913827655405e+00 3.009486257926300978e-01
1.103342284569138299e+00 3.018064657573904519e-01
1.104027655310621192e+00 3.024594602367794982e-01
1.104713026052104308e+00 3.030667913755482612e-01
1.105398396793587201e+00 3.035030916449673044e-01
1.106083767535070095e+00 3.035410999939081034e-01
1.106769138276553210e+00 3.035136365739615760e-01
1.107454509018036104e+00 3.036350083788214582e-01
1.108139879759518998e+00 3.035033187708207625e-01
1.108825250501002113e+00 3.030827827990709156e-01
1.109510621242485007e+00 3.029335732009763027e-01
1.110195991983967900e+00 3.031526293471437095e-01
1.110881362725451016e+00 3.031901244380306726e-01
1.111566733466933909e+00 3.033617317165809291e-01
1.112252104208416803e+00 3.035146127541699101e-01
1.112937474949899697e+00 3.031174124149703664e-01
1.113622845691382812e+00 3.028876522568157426e-01
1.114308216432865706e+00 3.028356497365733979e-01
1.114993587174348599e+00 3.027209095243611481e-01
1.115678957915831715e+00 3.023740529009822930e-01
1.116364328657314609e+00 3.018178234955569139e-01
1.117049699398797502e+00 3.012655781588418069e-01
1.117735070140280618e+00 3.008404664915788618e-01
1.118420440881763511e+00 3.004178892305445214e-01
1.119105811623246405e+00 3.001287766439528215e-01
1.119791182364729520e+00 3.001207338561099891e-01
1.120476553106212414e+00 2.997814217521932445e-01
1.121161923847695308e+00 2.991705675893118199e-01
1.121847294589178423e+00 2.989223935654182207e-01
1.122532665330661317e+00 2.983315192930475201e-01
1.123218036072144210e+00 2.975173787847641416e-01
1.123903406813627326e+00 2.976574590506251283e-01
1.124588777555110219e+00 2.979227002881141284e-01
1.125274148296593113e+00 2.982014768376474723e-01
1.125959519038076229e+00 2.989793552137566812e-01
1.126644889779559122e+00 2.994080391035374156e-01
1.127330260521042016e+00 2.998472681298595677e-01
1.128015631262525131e+00 3.006849321416153464e-01
1.128701002004008025e+00 3.012612548668405221e-01
1.129386372745490918e+00 3.020503406015629388e-01
1.130071743486974034e+00 3.030789344320440892e-01
1.130757114228456928e+00 3.035622547806415827e-01
1.131442484969939821e+00 3.043588702039294325e-01
1.132127855711422937e+00 3.055189788558622666e-01
1.132813226452905830e+00 3.061927071460323613e-01
1.133498597194388724e+00 3.070741206227475262e-01
1.134183967935871840e+00 3.081078903359897869e-01
1.134869338677354733e+00 3.088399772528274134e-01
1.135554709418837627e+00 3.095566648964718226e-01
1.136240080160320520e+00 3.104323145767298175e-01
1.136925450901803636e+00 3.114489081114455438e-01
1.137610821643286529e+00 3.123923364319170504e-01
1.138296192384769423e+00 3.130975104646216978e-01
1.138981563126252539e+00 3.140582612112602923e-01
1.139666933867735432e+00 3.145982176337382974e-01
1.140352304609218326e+00 3.152522655707569177e-01
1.141037675350701441e+00 3.166775721304564972e-01
1.141723046092184335e+00 3.181945084307257199e-01
1.142408416833667228e+00 3.196364078431801481e-01
1.143093787575150344e+00 3.210947774843439517e-01
1.143779158316633238e+00 3.226641251756777740e-01
1.144464529058116131e+00 3.242986947062685976e-01
1.145149899799599247e+00 3.257854532754239085e-01
1.145835270541082140e+00 3.267676191092267479e-01
1.146520641282565034e+00 3.278983029220384204e-01
1.147206012024048150e+00 3.290625906757671526e-01
1.147891382765531043e+00 3.301814378181445186e-01
1.148576753507013937e+00 3.314139974762372320e-01
1.149262124248497052e+00 3.328690058360636583e-01
1.149947494989979946e+00 3.340417283842208596e-01
1.150632865731462839e+00 3.352326795053840458e-01
1.151318236472945955e+00 3.365694072154085115e-01
1.152003607214428849e+00 3.380239060921176319e-01
1.152688977955911742e+00 3.389342495741849426e-01
1.153374348697394858e+00 3.397841734026573191e-01
1.154059719438877751e+00 3.407796828012193968e-01
1.154745090180360645e+00 3.420913313959298985e-01
1.155430460921843761e+00 3.433102122759653652e-01
1.156115831663326654e+00 3.446277816064239885e-01
1.156801202404809548e+00 3.462312740774478037e-01
1.157486573146292663e+00 3.475171217773440069e-01
1.158171943887775557e+00 3.485621408403083987e-01
1.158857314629258450e+00 3.501976378147220736e-01
1.159542685370741566e+00 3.514825808321624390e-01
1.160228056112224460e+00 3.521842493131521201e-01
1.160913426853707353e+00 3.533005523404055825e-01
1.161598797595190469e+00 3.543412891745369442e-01
1.162284168336673362e+00 3.551360112997947183e-01
1.162969539078156256e+00 3.563666020710846150e-01
1.163654909819639371e+00 3.574446748720306877e-01
1.164340280561122265e+00 3.581790690476697736e-01
1.165025651302605159e+00 3.588406383741117311e-01
1.165711022044088274e+00 3.594059858430251331e-01
1.166396392785571168e+00 3.599776028119316407e-01
1.167081763527054061e+00 3.606935877646560429e-01
1.167767134268537177e+00 3.612420441735545995e-01
1.168452505010020070e+00 3.614991485463953103e-01
1.169137875751502964e+00 3.617080558764774190e-01
1.169823246492986080e+00 3.618979754774893642e-01
1.170508617234468973e+00 3.621316916309301193e-01
1.171193987975951867e+00 3.623332168537285458e-01
1.171879358717434982e+00 3.626460978741299357e-01
1.172564729458917876e+00 3.627628856082401598e-01
1.173250100200400770e+00 3.627415836112238834e-01
1.173935470941883885e+00 3.629159722504489705e-01
1.174620841683366779e+00 3.635732939637999483e-01
1.175306212424849672e+00 3.639050544783590246e-01
1.175991583166332788e+00 3.635617160264643655e-01
1.176676953907815681e+00 3.637723007020104427e-01
1.177362324649298575e+00 3.638614861300717984e-01
1.178047695390781691e+00 3.634568350697344741e-01
1.178733066132264584e+00 3.631436216457124000e-01
1.179418436873747478e+00 3.628341790908720110e-01
1.180103807615230593e+00 3.624672668051044933e-01
1.180789178356713487e+00 3.625996533246506059e-01
1.181474549098196380e+00 3.630969547257466568e-01
1.182159919839679496e+00 3.637098397772081659e-01
1.182845290581162390e+00 3.634765536299416899e-01
1.183530661322645283e+00 3.631757809176734408e-01
1.184216032064128177e+00 3.628334165176567150e-01
1.184901402805611292e+00 3.624311430822174662e-01
1.185586773547094186e+00 3.620787042218392426e-01
1.186272144288577080e+00 3.617009840766466922e-01
1.186957515030060195e+00 3.608215046389526837e-01
1.187642885771543089e+00 3.603386268485109789e-01
1.188328256513025982e+00 3.601915356975284865e-01
1.189013627254509098e+00 3.604062729596970160e-01
1.189698997995991991e+00 3.609690942994940310e-01
1.190384368737474885e+00 3.612695960032128450e-01
1.191069739478958001e+00 3.609052926503855674e-01
1.191755110220440894e+00 3.596524139818403354e-01
1.192440480961923788e+00 3.587428743444978085e-01
1.193125851703406903e+00 3.584659846502784575e-01
1.193811222444889797e+00 3.578802078423877764e-01
1.194496593186372690e+00 3.573207492822085274e-01
1.195181963927855806e+00 3.568012260360160504e-01
1.195867334669338700e+00 3.559927368684676630e-01
1.196552705410821593e+00 3.555257400679245339e-01
1.197238076152304709e+00 3.553688904599534015e-01
1.197923446893787602e+00 3.552697615731943426e-01
1.198608817635270496e+00 3.552106454677632086e-01
1.199294188376753612e+00 3.551388773822389266e-01
1.199979559118236505e+00 3.549418940423206825e-01
1.200664929859719399e+00 3.552807069599553391e-01
1.201350300601202514e+00 3.555841429171350265e-01
1.202035671342685408e+00 3.556847286941605679e-01
1.202721042084168301e+00 3.553705694225973155e-01
1.203406412825651417e+00 3.551220286622105426e-01
1.204091783567134311e+00 3.553411661252984244e-01
1.204777154308617204e+00 3.553110579597810181e-01
1.205462525050100098e+00 3.552532778657349066e-01
1.206147895791583213e+00 3.552342383238479284e-01
1.206833266533066107e+00 3.551459666736831444e-01
1.207518637274549000e+00 3.550699346284387770e-01
1.208204008016032116e+00 3.550974727066174563e-01
1.208889378757515010e+00 3.560638714725921639e-01
1.209574749498997903e+00 3.562696164618424088e-01
1.210260120240481019e+00 3.560383588096506791e-01
1.210945490981963912e+00 3.564550737330740571e-01
1.211630861723446806e+00 3.564235660192714428e-01
1.212316232464929922e+00 3.562887039430723823e-01
1.213001603206412815e+00 3.569901400370012468e-01
1.213686973947895709e+00 3.571870828087478911e-01
1.214372344689378824e+00 3.573010921132985795e-01
1.215057715430861718e+00 3.577927288549187512e-01
1.215743086172344611e+00 3.577530091697940784e-01
1.216428456913827727e+00 3.576799189576501115e-01
1.217113827655310621e+00 3.578260297073471707e-01
1.217799198396793514e+00 3.585206871445721366e-01
1.218484569138276630e+00 3.592384240594671541e-01
1.219169939879759523e+00 3.598839155560834002e-01
1.219855310621242417e+00 3.606207603090308966e-01
1.220540681362725532e+00 3.613652086381626272e-01
1.221226052104208426e+00 3.622309178095173832e-01
1.221911422845691320e+00 3.636852179098683524e-01
1.222596793587174435e+00 3.648755268226523962e-01
1.223282164328657329e+00 3.659860945340412952e-01
1.223967535070140222e+00 3.667546415429837059e-01
1.224652905811623338e+00 3.675962755319570063e-01
1.225338276553106232e+00 3.686521342129187029e-01
1.226023647294589125e+00 3.700021646530780584e-01
1.226709018036072241e+00 3.713217084841837212e-01
1.227394388777555134e+00 3.726340661028391121e-01
1.228079759519038028e+00 3.737255802047327324e-01
1.228765130260521143e+00 3.746360084764943643e-01
1.229450501002004037e+00 3.756396268819117146e-01
1.230135871743486931e+00 3.768759368282418865e-01
1.230821242484970046e+00 3.776761600435221133e-01
1.231506613226452940e+00 3.786454657254393341e-01
1.232191983967935833e+00 3.798818908757047863e-01
1.232877354709418949e+00 3.802864221764734598e-01
1.233562725450901842e+00 3.810623885757060125e-01
1.234248096192384736e+00 3.821422069150757217e-01
1.234933466933867852e+00 3.827424051351276391e-01
1.235618837675350745e+00 3.833279812261213282e-01
1.236304208416833639e+00 3.839970495605049550e-01
1.236989579158316754e+00 3.845487053157352619e-01
1.237674949899799648e+00 3.849173498294802265e-01
1.238360320641282541e+00 3.852772691389457771e-01
1.239045691382765657e+00 3.854187599200555869e-01
1.239731062124248551e+00 3.860684896415292888e-01
1.240416432865731444e+00 3.867482953173780325e-01
1.241101803607214560e+00 3.872205646532907442e-01
1.241787174348697453e+00 3.884731214387853737e-01
1.242472545090180347e+00 3.893921570418021894e-01
1.243157915831663463e+00 3.898774104979352839e-01
1.243843286573146356e+00 3.908361662467687014e-01
1.244528657314629250e+00 3.916604539053365475e-01
1.245214028056112365e+00 3.923039870013643182e-01
1.245899398797595259e+00 3.928693852037458689e-01
1.246584769539078152e+00 3.931755983659188658e-01
1.247270140280561268e+00 3.933152733473302409e-01
1.247955511022044162e+00 3.937672103342342855e-01
1.248640881763527055e+00 3.944117899182075782e-01
1.249326252505010171e+00 3.950978524529094038e-01
1.250011623246493064e+00 3.954933376988648552e-01
1.250696993987975958e+00 3.963513840426202695e-01
1.251382364729459074e+00 3.972836445874359246e-01
1.252067735470941967e+00 3.979225789969113025e-01
1.252753106212424861e+00 3.985494790576529223e-01
1.253438476953907976e+00 3.989180044224909238e-01
1.254123847695390870e+00 3.988086667178361577e-01
1.254809218436873763e+00 3.986369834850054250e-01
1.255494589178356879e+00 3.985927027678315415e-01
1.256179959919839773e+00 3.987288624224548661e-01
1.256865330661322666e+00 3.993169447294276364e-01
1.257550701402805782e+00 3.996058667619544202e-01
1.258236072144288675e+00 3.997023115606859189e-01
1.258921442885771569e+00 4.000636694085760170e-01
1.259606813627254462e+00 4.000100526790624778e-01
1.260292184368737578e+00 3.998670509509045790e-01
1.260977555110220472e+00 4.000949680388322660e-01
1.261662925851703365e+00 4.002039367523789748e-01
1.262348296593186481e+00 4.002103703567480575e-01
1.263033667334669374e+00 4.000516207558793558e-01
1.263719038076152268e+00 3.999213894146181891e-01
1.264404408817635383e+00 3.998650082739284017e-01
1.265089779559118277e+00 3.999632363080027897e-01
1.265775150300601171e+00 3.994258884842681323e-01
1.266460521042084064e+00 3.990244774881148704e-01
1.267145891783567180e+00 3.990471944633368073e-01
1.267831262525050073e+00 3.987025285480165770e-01
1.268516633266532967e+00 3.983873276836227273e-01
1.269202004008016083e+00 3.981432608425450326e-01
1.269887374749498976e+00 3.965390053247195845e-01
1.270572745490981870e+00 3.945621542923763991e-01
1.271258116232464985e+00 3.921462688890485770e-01
1.271943486973947879e+00 3.884107271899835956e-01
1.272628857715430772e+00 3.843713187982000234e-01
1.273314228456913888e+00 3.797789191396432340e-01
1.273999599198396782e+00 3.733156624951828317e-01
1.274684969939879675e+00 3.657172241739181096e-01
1.275370340681362791e+00 3.565357401432338591e-01
1.276055711422845684e+00 3.446574165408091139e-01
1.276741082164328578e+00 3.309581608049071422e-01
1.277426452905811693e+00 3.157724276333525038e-01
1.278111823647294587e+00 2.985531165336164361e-01
1.278797194388777481e+00 2.797081489477766247e-01
1.279482565130260596e+00 2.601053474784189579e-01
1.280167935871743490e+00 2.398147883103869116e-01
1.280853306613226383e+00 2.198685117830287139e-01
1.281538677354709499e+00 2.003556635539725794e-01
1.282224048096192393e+00 1.814817797259486998e-01
1.282909418837675286e+00 1.645318420295562023e-01
1.283594789579158402e+00 1.487264476904016919e-01
1.284280160320641295e+00 1.340089444902287652e-01
1.284965531062124189e+00 1.211177947057245768e-01
1.285650901803607304e+00 1.091390466625001693e-01
1.286336272545090198e+00 9.800916350484657757e-02
1.287021643286573092e+00 8.837535293041018369e-02
1.287707014028056207e+00 7.961131943921712084e-02
1.288392384769539101e+00 7.165777575227123830e-02
1.289077755511021994e+00 6.499013280749633970e-02
1.289763126252505110e+00 5.907063111059041027e-02
1.290448496993988003e+00 5.371147730051892971e-02
1.291133867735470897e+00 4.905016964882442237e-02
1.291819238476954013e+00 4.479219518205749401e-02
1.292504609218436906e+00 4.098691352114170600e-02
1.293189979959919800e+00 3.768203355363250462e-02
1.293875350701402915e+00 3.465803819877730924e-02
1.294560721442885809e+00 3.193239286890524331e-02
1.295246092184368703e+00 2.946177242934964677e-02
1.295931462925851818e+00 2.693256103684086092e-02
1.296616833667334712e+00 2.442982361078986295e-02
1.297302204408817605e+00 2.193087462911218893e-02
1.297987575150300721e+00 1.937418151845394718e-02
1.298672945891783614e+00 1.700956188273413175e-02
1.299358316633266508e+00 1.479896795077110042e-02
1.300043687374749624e+00 1.286715444189348925e-02
1.300729058116232517e+00 1.118040421808754077e-02
1.301414428857715411e+00 9.662313038040042101e-03
1.302099799599198526e+00 8.356264461981600944e-03
1.302785170340681420e+00 7.261074820326852627e-03
1.303470541082164313e+00 6.289513087606825488e-03
1.304155911823647429e+00 5.452818835499058728e-03
1.304841282565130323e+00 4.756964357896860396e-03
1.305526653306613216e+00 4.132741907009414295e-03
1.306212024048096332e+00 3.578647686737177445e-03
1.306897394789579225e+00 3.131221461444998102e-03
1.307582765531062119e+00 2.737203087896137536e-03
1.308268136272545235e+00 2.390437620146199180e-03
1.308953507014028128e+00 2.108675976154407265e-03
1.309638877755511022e+00 1.860227338074459374e-03
1.310324248496994137e+00 1.637748201214544444e-03
1.311009619238477031e+00 1.448813571376583167e-03
1.311694989979959924e+00 1.284611102754319332e-03
1.312380360721443040e+00 1.138218787082779029e-03
1.313065731462925934e+00 1.014003417560202210e-03
1.313751102204408827e+00 9.049425022605308514e-04
1.314436472945891943e+00 8.060546331668353185e-04
1.315121843687374836e+00 7.191631547626706547e-04
1.315807214428857730e+00 6.443533593655854279e-04
1.316492585170340845e+00 5.765345165675510699e-04
1.317177955911823739e+00 5.160543700278910888e-04
1.317863326653306633e+00 4.652159013212201302e-04
1.318548697394789748e+00 4.186349022329123267e-04
1.319234068136272642e+00 3.761825223204848484e-04
1.319919438877755535e+00 3.397086187883326743e-04
1.320604809619238651e+00 3.069905653360338322e-04
1.321290180360721545e+00 2.775100290042435236e-04
1.321975551102204438e+00 2.521818911452129372e-04
1.322660921843687554e+00 2.295878091708908645e-04
1.323346292585170447e+00 2.090216533044504579e-04
1.324031663326653341e+00 1.905230331746518059e-04
1.324717034068136456e+00 1.737285483737327355e-04
1.325402404809619350e+00 1.583020239764851343e-04
1.326087775551102244e+00 1.448771667110016002e-04
1.326773146292585137e+00 1.328333128724377900e-04
1.327458517034068253e+00 1.217203549627743228e-04
1.328143887775551146e+00 1.117003337290398097e-04
1.328829258517034040e+00 1.022784835345488390e-04
1.329514629258517155e+00 9.385537552025740172e-05
1.330200000000000049e+00 8.654765890018720209e-05
