1.929589999999999916e+00 8.959451974843193856e-05
1.930265390781563006e+00 9.402568467485062362e-05
1.930940781563126096e+00 1.001925611537524585e-04
1.931616172344689186e+00 1.081700374297574435e-04
1.932291563126252498e+00 1.175456116684057316e-04
1.932966953907815588e+00 1.271344733790803934e-04
1.933642344689378678e+00 1.371589880859449770e-04
1.934317735470941768e+00 1.510774936043288283e-04
1.934993126252504858e+00 1.630581295181332210e-04
1.935668517034067948e+00 1.741813417236411424e-04
1.936343907815631260e+00 1.899876065068552863e-04
1.937019298597194350e+00 2.066015989588042355e-04
1.937694689378757440e+00 2.238239844174142856e-04
1.938370080160320530e+00 2.417999901218264398e-04
1.939045470941883620e+00 2.610682782141026228e-04
1.939720861723446710e+00 2.818837071967970789e-04
1.940396252505010022e+00 3.068556271474112349e-04
1.941071643286573112e+00 3.386268946791862796e-04
1.941747034068136202e+00 3.710217944340865734e-04
1.942422424849699292e+00 3.939634455064419541e-04
1.943097815631262382e+00 4.306705145819098197e-04
1.943773206412825472e+00 4.715119655006864865e-04
1.944448597194388784e+00 5.098154857360020359e-04
1.945123987975951874e+00 5.572109132448723433e-04
1.945799378757514964e+00 6.072222139165140949e-04
1.946474769539078054e+00 6.561488957708223792e-04
1.947150160320641143e+00 7.215321630098216676e-04
1.947825551102204233e+00 7.916142488425358245e-04
1.948500941883767545e+00 8.636632088371873177e-04
1.949176332665330635e+00 9.242463687085542348e-04
1.949851723446893725e+00 9.994649686824682612e-04
1.950527114228456815e+00 1.102613290041810565e-03
1.951202505010019905e+00 1.202597459575534440e-03
1.951877895791582995e+00 1.313856391078097605e-03
1.952553286573146307e+00 1.441794671588961891e-03
1.953228677354709397e+00 1.566603832377304198e-03
1.953904068136272487e+00 1.706649485058059660e-03
1.954579458917835577e+00 1.865197396308297673e-03
1.955254849699398667e+00 2.085325870644904548e-03
1.955930240480961757e+00 2.288071250636103046e-03
1.956605631262525069e+00 2.469230943189253038e-03
1.957281022044088159e+00 2.694345701143364188e-03
1.957956412825651249e+00 2.974349586220933605e-03
1.958631803607214339e+00 3.300541006581805999e-03
1.959307194388777429e+00 3.587995983254790595e-03
1.959982585170340519e+00 3.949385670496577232e-03
1.960657975951903831e+00 4.374467406572517779e-03
1.961333366733466921e+00 4.773536455114501739e-03
1.962008757515030011e+00 5.223898461225611779e-03
1.962684148296593101e+00 5.734371215233137128e-03
1.963359539078156191e+00 6.421863992018564393e-03
1.964034929859719281e+00 7.114278643392690608e-03
1.964710320641282593e+00 7.835414700351924638e-03
1.965385711422845683e+00 8.693547859694526758e-03
1.966061102204408773e+00 9.598427166608455852e-03
1.966736492985971863e+00 1.057097042472881186e-02
1.967411883767534952e+00 1.173811284946638285e-02
1.968087274549098042e+00 1.286224670777960308e-02
1.968762665330661354e+00 1.407037249069363095e-02
1.969438056112224444e+00 1.562711683162432141e-02
1.970113446893787534e+00 1.778321762625983959e-02
1.970788837675350624e+00 1.995749698000813879e-02
1.971464228456913714e+00 2.169405026974288025e-02
1.972139619238476804e+00 2.377305270711020310e-02
1.972815010020040116e+00 2.594153103264269442e-02
1.973490400801603206e+00 2.811997766698671672e-02
1.974165791583166296e+00 3.102590661824059307e-02
1.974841182364729386e+00 3.372396378344684476e-02
1.975516573146292476e+00 3.579690963716371938e-02
1.976191963927855566e+00 3.875935167590737612e-02
1.976867354709418878e+00 4.209018210084489175e-02
1.977542745490981968e+00 4.578992444959231745e-02
1.978218136272545058e+00 4.840738518077240815e-02
1.978893527054108148e+00 5.210957540005165672e-02
1.979568917835671238e+00 5.728310398877590331e-02
1.980244308617234328e+00 6.129641139039988806e-02
1.980919699398797640e+00 6.591633407919243737e-02
1.981595090180360730e+00 7.118746743514814401e-02
1.982270480961923820e+00 7.638234692396667080e-02
1.982945871743486910e+00 8.216931414417703861e-02
1.983621262525050000e+00 8.858924726058954591e-02
1.984296653306613090e+00 9.673157481503592836e-02
1.984972044088176180e+00 1.042202179056072042e-01
1.985647434869739492e+00 1.115054592143172457e-01
1.986322825651302582e+00 1.231029309043537162e-01
1.986998216432865672e+00 1.347342107678596301e-01
1.987673607214428761e+00 1.465799549074505992e-01
1.988348997995991851e+00 1.601612098874043433e-01
1.989024388777554941e+00 1.758875404544153198e-01
1.989699779559118253e+00 1.918742046591420392e-01
1.990375170340681343e+00 2.029343213245148048e-01
1.991050561122244433e+00 2.186456891055587604e-01
1.991725951903807523e+00 2.363418755907348290e-01
1.992401342685370613e+00 2.528513206640529698e-01
1.993076733466933703e+00 2.696318468441243899e-01
1.993752124248497015e+00 2.865755260719003439e-01
1.994427515030060105e+00 3.037930664147311943e-01
1.995102905811623195e+00 3.201061745979696394e-01
1.995778296593186285e+00 3.356979659797879045e-01
1.996453687374749375e+00 3.507655574806004539e-01
1.997129078156312465e+00 3.622594251584410063e-01
1.997804468937875777e+00 3.729587618573005359e-01
1.998479859719438867e+00 3.831445356328621044e-01
1.999155250501001957e+00 3.952564366537576479e-01
1.999830641282565047e+00 4.075912747054049601e-01
2.000506032064128359e+00 4.193653292944529709e-01
2.001181422845691227e+00 4.263046357721806401e-01
2.001856813627254539e+00 4.327799897630534853e-01
2.002532204408817407e+00 4.398331510961492330e-01
2.003207595190380719e+00 4.409393555763163608e-01
2.003882985971944031e+00 4.435483919924799734e-01
2.004558376753506899e+00 4.484339744011300866e-01
2.005233767535070211e+00 4.547670695486980552e-01
2.005909158316633079e+00 4.591108249007522235e-01
2.006584549098196391e+00 4.609529076652528201e-01
2.007259939879759258e+00 4.622473351771330674e-01
2.007935330661322570e+00 4.632456977164593481e-01
2.008610721442885882e+00 4.643110968082075352e-01
2.009286112224448750e+00 4.652536150997055309e-01
2.009961503006012062e+00 4.640991821031532627e-01
2.010636893787574930e+00 4.616305017875049765e-01
2.011312284569138242e+00 4.658044746989304374e-01
2.011987675350701554e+00 4.664050172392955051e-01
2.012663066132264422e+00 4.647038116139148856e-01
2.013338456913827734e+00 4.663975092356616448e-01
2.014013847695390602e+00 4.677671806763520901e-01
2.014689238476953914e+00 4.683776113533810737e-01
2.015364629258516782e+00 4.656740254465930873e-01
2.016040020040080094e+00 4.668884739410155138e-01
2.016715410821643406e+00 4.686055043662120112e-01
2.017390801603206274e+00 4.646679265714795393e-01
2.018066192384769586e+00 4.638870547131906941e-01
2.018741583166332454e+00 4.647549688182503469e-01
2.019416973947895766e+00 4.666940045600394549e-01
2.020092364729459078e+00 4.654818736775079291e-01
2.020767755511021946e+00 4.640133709944240237e-01
2.021443146292585258e+00 4.653991795486095429e-01
2.022118537074148126e+00 4.629363892713661555e-01
2.022793927855711438e+00 4.617404721770390630e-01
2.023469318637274306e+00 4.667031477262800765e-01
2.024144709418837618e+00 4.642636553221498596e-01
2.024820100200400930e+00 4.629884688459414699e-01
2.025495490981963798e+00 4.683803909698203150e-01
2.026170881763527110e+00 4.659013875705501628e-01
2.026846272545089978e+00 4.643385797676446436e-01
2.027521663326653290e+00 4.661356081074204405e-01
2.028197054108216157e+00 4.640075471847724953e-01
2.028872444889779469e+00 4.630654111189676514e-01
2.029547835671342781e+00 4.646114726276731055e-01
2.030223226452905649e+00 4.659013988260701788e-01
2.030898617234468961e+00 4.651546391874131214e-01
2.031574008016031829e+00 4.618350839451218492e-01
2.032249398797595141e+00 4.654436231104421839e-01
2.032924789579158453e+00 4.675266022163693802e-01
2.033600180360721321e+00 4.676718287872396740e-01
2.034275571142284633e+00 4.639923948184426772e-01
2.034950961923847501e+00 4.609931901246304142e-01
2.035626352705410813e+00 4.590562174827734210e-01
2.036301743486974125e+00 4.675622478746886967e-01
2.036977134268536993e+00 4.682059921868016450e-01
2.037652525050100305e+00 4.632589613475677215e-01
2.038327915831663173e+00 4.659330003483883043e-01
2.039003306613226485e+00 4.659913629194290530e-01
2.039678697394789353e+00 4.631767052186462896e-01
2.040354088176352665e+00 4.591518562854845498e-01
2.041029478957915977e+00 4.617580950337092371e-01
2.041704869739478845e+00 4.665415741326780497e-01
2.042380260521042157e+00 4.625711720547633354e-01
2.043055651302605025e+00 4.615420215848454744e-01
2.043731042084168337e+00 4.616352280300098920e-01
2.044406432865731205e+00 4.606225487321193302e-01
2.045081823647294517e+00 4.608611338175818695e-01
2.045757214428857829e+00 4.613513613467623564e-01
2.046432605210420697e+00 4.609315618361538580e-01
2.047107995991984009e+00 4.615073954832386582e-01
2.047783386773546876e+00 4.609919590819557267e-01
2.048458777555110188e+00 4.567365203396193118e-01
2.049134168336673500e+00 4.533713676482271637e-01
2.049809559118236368e+00 4.549686261548955835e-01
2.050484949899799680e+00 4.662563535680638305e-01
2.051160340681362548e+00 4.621637498433796010e-01
2.051835731462925860e+00 4.579154698253661282e-01
2.052511122244488728e+00 4.594295028830416294e-01
2.053186513026052040e+00 4.606552015442682557e-01
2.053861903807615352e+00 4.601942364916660755e-01
2.054537294589178220e+00 4.575879151820616553e-01
2.055212685370741532e+00 4.561582171583740131e-01
2.055888076152304400e+00 4.568002298996952648e-01
2.056563466933867712e+00 4.598398304281506865e-01
2.057238857715431024e+00 4.590766913031881225e-01
2.057914248496993892e+00 4.590473792928779218e-01
2.058589639278557204e+00 4.604549591835649935e-01
2.059265030060120072e+00 4.577863384205714259e-01
2.059940420841683384e+00 4.594343396483661079e-01
2.060615811623246252e+00 4.654760306775536649e-01
2.061291202404809564e+00 4.619412718651277894e-01
2.061966593186372876e+00 4.631922409548474562e-01
2.062641983967935744e+00 4.678605079267805222e-01
2.063317374749499056e+00 4.611516724688782265e-01
2.063992765531061924e+00 4.591287067804829536e-01
2.064668156312625236e+00 4.606783376036576172e-01
2.065343547094188548e+00 4.629678867294646505e-01
2.066018937875751416e+00 4.632108219510697733e-01
2.066694328657314728e+00 4.627345223348310332e-01
2.067369719438877596e+00 4.634687736116839263e-01
2.068045110220440908e+00 4.664631659456592305e-01
2.068720501002003775e+00 4.695295794899392305e-01
2.069395891783567087e+00 4.672914103014632059e-01
2.070071282565130399e+00 4.678217083536495569e-01
2.070746673346693267e+00 4.693623229858787660e-01
2.071422064128256579e+00 4.703005358381280865e-01
2.072097454909819447e+00 4.693846319012991986e-01
2.072772845691382759e+00 4.684615031716182765e-01
2.073448236472946071e+00 4.703747561758522266e-01
2.074123627254508939e+00 4.688098902211556562e-01
2.074799018036072251e+00 4.674631791079738030e-01
2.075474408817635119e+00 4.692295321571979816e-01
2.076149799599198431e+00 4.686865819425484747e-01
2.076825190380761299e+00 4.684180222900757307e-01
2.077500581162324611e+00 4.698247123236423128e-01
2.078175971943887923e+00 4.696073327443106571e-01
2.078851362725450791e+00 4.694533495469542794e-01
2.079526753507014103e+00 4.698864896167090355e-01
2.080202144288576971e+00 4.673650164097574722e-01
2.080877535070140283e+00 4.681443296562033396e-01
2.081552925851703151e+00 4.734695959239378915e-01
2.082228316633266463e+00 4.672752740355941015e-01
2.082903707414829775e+00 4.676419876316222357e-01
2.083579098196392643e+00 4.764359847619443755e-01
2.084254488977955955e+00 4.718797255777191224e-01
2.084929879759518823e+00 4.695785350963555538e-01
2.085605270541082135e+00 4.700273386291642375e-01
2.086280661322645447e+00 4.706909697983911456e-01
2.086956052104208315e+00 4.700029292441576523e-01
2.087631442885771627e+00 4.684002765088249309e-01
2.088306833667334494e+00 4.738147698335009039e-01
2.088982224448897806e+00 4.736318741069792670e-01
2.089657615230461118e+00 4.694342961661853164e-01
2.090333006012023986e+00 4.686774404349667855e-01
2.091008396793587298e+00 4.659337196187024466e-01
2.091683787575150166e+00 4.627542238360006221e-01
2.092359178356713478e+00 4.658474801986833835e-01
2.093034569138276346e+00 4.678935977941676150e-01
2.093709959919839658e+00 4.706732283176252585e-01
2.094385350701402970e+00 4.759935319767928941e-01
2.095060741482965838e+00 4.710551739805676208e-01
2.095736132264529150e+00 4.646332917362042680e-01
2.096411523046092018e+00 4.706692740722996371e-01
2.097086913827655330e+00 4.679912761752323958e-01
2.097762304609218198e+00 4.634627648278610845e-01
2.098437695390781510e+00 4.637276511026062198e-01
2.099113086172344822e+00 4.691240451605623862e-01
2.099788476953907690e+00 4.721892838428748962e-01
2.100463867735471002e+00 4.648884735799155288e-01
2.101139258517033870e+00 4.619270685124122755e-01
2.101814649298597182e+00 4.607635178466965575e-01
2.102490040080160494e+00 4.612077868031878025e-01
2.103165430861723362e+00 4.637753103034062963e-01
2.103840821643286674e+00 4.635911128820745519e-01
2.104516212424849542e+00 4.580290551155882239e-01
2.105191603206412854e+00 4.606826701917853817e-01
2.105866993987976166e+00 4.629964946388100966e-01
2.106542384769539034e+00 4.633594990086047360e-01
2.107217775551102346e+00 4.552239417387650144e-01
2.107893166332665214e+00 4.555272155391444922e-01
2.108568557114228526e+00 4.671983098754542985e-01
2.109243947895791393e+00 4.628734872774386555e-01
2.109919338677354705e+00 4.588856705160331284e-01
2.110594729458918017e+00 4.560767141031441541e-01
2.111270120240480885e+00 4.570010111478078341e-01
2.111945511022044197e+00 4.565946886697966334e-01
2.112620901803607065e+00 4.551251010935924435e-01
2.113296292585170377e+00 4.614812425702153331e-01
2.113971683366733245e+00 4.610001862233130132e-01
2.114647074148296557e+00 4.555223249404234398e-01
2.115322464929859869e+00 4.572638131223146774e-01
2.115997855711422737e+00 4.560324484553988089e-01
2.116673246492986049e+00 4.533822055000406026e-01
2.117348637274548917e+00 4.604141260416865777e-01
2.118024028056112229e+00 4.609557037027978144e-01
2.118699418837675541e+00 4.583772205651149845e-01
2.119374809619238409e+00 4.597490650458341821e-01
2.120050200400801721e+00 4.586759145308317853e-01
2.120725591182364589e+00 4.567303166625004129e-01
2.121400981963927901e+00 4.563411946011513565e-01
2.122076372745490769e+00 4.566781844092376308e-01
2.122751763527054081e+00 4.568840911001297855e-01
2.123427154308617393e+00 4.569660698625490070e-01
2.124102545090180261e+00 4.563234983941362177e-01
2.124777935871743573e+00 4.567271376593996512e-01
2.125453326653306441e+00 4.607814281035909620e-01
2.126128717434869753e+00 4.613534118661289374e-01
2.126804108216433065e+00 4.604439209394994847e-01
2.127479498997995933e+00 4.574452463407686076e-01
2.128154889779559245e+00 4.627483347210273323e-01
2.128830280561122112e+00 4.659413414795989250e-01
2.129505671342685424e+00 4.615545364379256554e-01
2.130181062124248292e+00 4.637983715453479761e-01
2.130856452905811604e+00 4.640434400282646976e-01
2.131531843687374916e+00 4.592751394461996317e-01
2.132207234468937784e+00 4.586066583117080486e-01
2.132882625250501096e+00 4.599462424407992911e-01
2.133558016032063964e+00 4.633893292619788440e-01
2.134233406813627276e+00 4.612474313876609999e-01
2.134908797595190144e+00 4.619092892369840997e-01
2.135584188376753456e+00 4.657690594150727947e-01
2.136259579158316768e+00 4.613527784875969817e-01
2.136934969939879636e+00 4.601127672682713832e-01
2.137610360721442948e+00 4.625024720771422904e-01
2.138285751503005816e+00 4.611873241718473793e-01
2.138961142284569128e+00 4.627877845232194476e-01
2.139636533066132440e+00 4.666359195269131899e-01
2.140311923847695308e+00 4.622571466357449088e-01
2.140987314629258620e+00 4.597967816074863268e-01
2.141662705410821488e+00 4.591171961881938546e-01
2.142338096192384800e+00 4.613207946765114364e-01
2.143013486973948112e+00 4.620420859904301736e-01
2.143688877755510980e+00 4.613841475913804668e-01
2.144364268537074292e+00 4.577214677993060588e-01
2.145039659318637160e+00 4.589134172465598738e-01
2.145715050100200472e+00 4.620932219303561794e-01
2.146390440881763340e+00 4.621816698547296931e-01
2.147065831663326652e+00 4.612295319672125582e-01
2.147741222444889964e+00 4.595248002639523710e-01
2.148416613226452831e+00 4.573080201728245697e-01
2.149092004008016144e+00 4.587935207855138864e-01
2.149767394789579011e+00 4.598914466024484615e-01
2.150442785571142323e+00 4.578172253550432669e-01
2.151118176352705191e+00 4.563873607195195192e-01
2.151793567134268503e+00 4.554434830900316866e-01
2.152468957915831815e+00 4.550858419015474388e-01
2.153144348697394683e+00 4.555394706705461205e-01
2.153819739478957995e+00 4.561858200983023859e-01
2.154495130260520863e+00 4.567293331665303602e-01
2.155170521042084175e+00 4.566125958323462020e-01
2.155845911823647487e+00 4.572468343655663459e-01
2.156521302605210355e+00 4.594551154489149858e-01
2.157196693386773667e+00 4.544308589891285499e-01
2.157872084168336535e+00 4.522880049307735351e-01
2.158547474949899847e+00 4.558445319223735082e-01
2.159222865731463159e+00 4.528616885434579853e-01
2.159898256513026027e+00 4.509537634218599433e-01
2.160573647294589339e+00 4.513844537084734099e-01
2.161249038076152207e+00 4.509669239587979495e-01
2.161924428857715519e+00 4.515018150447102641e-01
2.162599819639278387e+00 4.532689478200886413e-01
2.163275210420841699e+00 4.510896427849480084e-01
2.163950601202405011e+00 4.478583096417223519e-01
2.164625991983967879e+00 4.435146864761675967e-01
2.165301382765531191e+00 4.501764926843289660e-01
2.165976773547094059e+00 4.505132596781727949e-01
2.166652164328657371e+00 4.463849409440144300e-01
2.167327555110220239e+00 4.488804605627331190e-01
2.168002945891783551e+00 4.472439538045807073e-01
2.168678336673346863e+00 4.438703860976306870e-01
2.169353727454909730e+00 4.487586641622908767e-01
2.170029118236473042e+00 4.477285445866732716e-01
2.170704509018035910e+00 4.438168493339812448e-01
2.171379899799599222e+00 4.430766296769684254e-01
2.172055290581162534e+00 4.461237905981202401e-01
2.172730681362725402e+00 4.481652848355303087e-01
2.173406072144288714e+00 4.404605380237682777e-01
2.174081462925851582e+00 4.403313960554894879e-01
2.174756853707414894e+00 4.436609567543050026e-01
2.175432244488977762e+00 4.481195918766542330e-01
2.176107635270541074e+00 4.460626905221050653e-01
2.176783026052104386e+00 4.429936732366211438e-01
2.177458416833667254e+00 4.431739025282993016e-01
2.178133807615230566e+00 4.406675271713305087e-01
2.178809198396793434e+00 4.378080700364239131e-01
2.179484589178356746e+00 4.361554989989985254e-01
2.180159979959920058e+00 4.412833309542231741e-01
2.180835370741482926e+00 4.444840811350899146e-01
2.181510761523046238e+00 4.415231913627934435e-01
2.182186152304609106e+00 4.393904142955560310e-01
2.182861543086172418e+00 4.379503004054047799e-01
2.183536933867735286e+00 4.380708548400377156e-01
2.184212324649298598e+00 4.326968054879928305e-01
2.184887715430861910e+00 4.302667325571578605e-01
2.185563106212424778e+00 4.329263216663470915e-01
2.186238496993988090e+00 4.277429254003541903e-01
2.186913887775550958e+00 4.236937047430027192e-01
2.187589278557114270e+00 4.217424783265398824e-01
2.188264669338677137e+00 4.172249732111374954e-01
2.188940060120240449e+00 4.135346935200792107e-01
2.189615450901803761e+00 4.106285886351047631e-01
2.190290841683366629e+00 4.030142964628298796e-01
2.190966232464929941e+00 3.953015049101608058e-01
2.191641623246492809e+00 3.873891050489563503e-01
2.192317014028056121e+00 3.797128276379720946e-01
2.192992404809619433e+00 3.692302193032294122e-01
2.193667795591182301e+00 3.568008334404302873e-01
2.194343186372745613e+00 3.484512961904558948e-01
2.195018577154308481e+00 3.366790273358256647e-01
2.195693967935871793e+00 3.229564570101289833e-01
2.196369358717435105e+00 3.097489627778393095e-01
2.197044749498997973e+00 2.966775833953628205e-01
2.197720140280561285e+00 2.829756386470468343e-01
2.198395531062124153e+00 2.674042876342161423e-01
2.199070921843687465e+00 2.532795132539260585e-01
2.199746312625250333e+00 2.397363435126340925e-01
2.200421703406813645e+00 2.257926435153738698e-01
2.201097094188376957e+00 2.163372467347353667e-01
2.201772484969939825e+00 2.071136509857431085e-01
2.202447875751503137e+00 1.939290076466389234e-01
2.203123266533066005e+00 1.825345091770747552e-01
2.203798657314629317e+00 1.725508506088707372e-01
2.204474048096192185e+00 1.646274738704358309e-01
2.205149438877755497e+00 1.556320193513983097e-01
2.205824829659318809e+00 1.472045392949684894e-01
2.206500220440881677e+00 1.403126912594759024e-01
2.207175611222444989e+00 1.318944142064726877e-01
2.207851002004007857e+00 1.239019625958872606e-01
2.208526392785571169e+00 1.168803907162997979e-01
2.209201783567134036e+00 1.096478189241649609e-01
2.209877174348697348e+00 1.027559445636467839e-01
2.210552565130260660e+00 9.620212316923509865e-02
2.211227955911823528e+00 8.957330638014766866e-02
2.211903346693386840e+00 8.283806525812059673e-02
2.212578737474950152e+00 7.596467423217671822e-02
2.213254128256513020e+00 7.136739170334407967e-02
2.213929519038076332e+00 6.640196504940601430e-02
2.214604909819639200e+00 6.098593889427152831e-02
2.215280300601202512e+00 5.588119761530067897e-02
2.215955691382765380e+00 5.102870275342414469e-02
2.216631082164328692e+00 4.639599086060817307e-02
2.217306472945892004e+00 4.197019274504402986e-02
2.217981863727454872e+00 3.806681433733732217e-02
2.218657254509018184e+00 3.462051317493738956e-02
2.219332645290581052e+00 3.174155317951279920e-02
2.220008036072144364e+00 2.904642677261092334e-02
2.220683426853707232e+00 2.645236111932841583e-02
2.221358817635270544e+00 2.366103130281806133e-02
2.222034208416833856e+00 2.136014742129807922e-02
2.222709599198396724e+00 1.938344034147446160e-02
2.223384989979960036e+00 1.750537923022390391e-02
2.224060380761522904e+00 1.586862367277372052e-02
2.224735771543086216e+00 1.439471986064979822e-02
2.225411162324649084e+00 1.308271438065535842e-02
2.226086553106212396e+00 1.184803643276508001e-02
2.226761943887775708e+00 1.068761311775495715e-02
2.227437334669338576e+00 9.663418799371450985e-03
2.228112725450901888e+00 8.879522485226708575e-03
2.228788116232465200e+00 8.158995865956187449e-03
2.229463507014028067e+00 7.407152924970281105e-03
2.230138897795591379e+00 6.752556206561226293e-03
2.230814288577154247e+00 6.148453305852567136e-03
2.231489679358717559e+00 5.601060347711608357e-03
2.232165070140280427e+00 5.107355302911754762e-03
2.232840460921843739e+00 4.648819307230512947e-03
2.233515851703407051e+00 4.235133073756700700e-03
2.234191242484969919e+00 3.879477006062869490e-03
2.234866633266533231e+00 3.550323081231352568e-03
2.235542024048096099e+00 3.251730610032191413e-03
2.236217414829659411e+00 2.973869326444347760e-03
2.236892805611222279e+00 2.720262175794385326e-03
2.237568196392785591e+00 2.498458865350900154e-03
2.238243587174348903e+00 2.289653614064995468e-03
2.238918977955911771e+00 2.092554430617182479e-03
2.239594368737475083e+00 1.909103052602245361e-03
2.240269759519037951e+00 1.762416939063056638e-03
2.240945150300601263e+00 1.608874504929118853e-03
2.241620541082164131e+00 1.451932441715995123e-03
2.242295931863727443e+00 1.366556815039076484e-03
2.242971322645290755e+00 1.262805243011902575e-03
2.243646713426853623e+00 1.146681381729376279e-03
2.244322104208416935e+00 1.066888840887610839e-03
2.244997494989979803e+00 9.812408665426828550e-04
2.245672885771543115e+00 8.932928890752089195e-04
2.246348276553106427e+00 8.211187627697941801e-04
2.247023667334669295e+00 7.573599333770442577e-04
2.247699058116232607e+00 6.987042228584588706e-04
2.248374448897795475e+00 6.407848895517897960e-04
2.249049839679358787e+00 5.970638398605899273e-04
2.249725230460922099e+00 5.582493797893903946e-04
2.250400621242484966e+00 5.103505145401325245e-04
2.251076012024048278e+00 4.674509105046009195e-04
2.251751402805611146e+00 4.291845733967328616e-04
2.252426793587174458e+00 4.011859023300114115e-04
2.253102184368737326e+00 3.720355199509652023e-04
2.253777575150300638e+00 3.428114411071719967e-04
2.254452965931863950e+00 3.147147340349815158e-04
2.255128356713426818e+00 2.905430997152143161e-04
2.255803747494990130e+00 2.691902922874880389e-04
2.256479138276552998e+00 2.520235726039515953e-04
2.257154529058116310e+00 2.363927274012984111e-04
2.257829919839679178e+00 2.207003447895074352e-04
2.258505310621242490e+00 2.044441558418906308e-04
2.259180701402805802e+00 1.903567971260349163e-04
2.259856092184368670e+00 1.762862580379472369e-04
2.260531482965931982e+00 1.616793726091812159e-04
2.261206873747494850e+00 1.524209547436263695e-04
2.261882264529058162e+00 1.426794067269718930e-04
2.262557655310621030e+00 1.313920388719660081e-04
2.263233046092184342e+00 1.237543166884240550e-04
2.263908436873747654e+00 1.159266585376495429e-04
2.264583827655310522e+00 1.075820869794902074e-04
2.265259218436873834e+00 1.029901351079641383e-04
2.265934609218437146e+00 9.472071434760181074e-05
2.266610000000000014e+00 8.261939297081612827e-05
