2.399999999999999911e+00 1.005000000000000034e-03
2.500000000000000000e+00 1.005000000000000034e-03
2.600000000000000089e+00 1.005000000000000034e-03
2.700000000000000178e+00 1.005000000000000034e-03
2.800000000000000266e+00 1.005000000000000034e-03
2.900000000000000355e+00 1.005000000000000034e-03
3.000000000000000444e+00 1.005000000000000034e-03
3.100000000000000533e+00 1.005000000000000034e-03
3.200000000000000622e+00 1.005000000000000034e-03
3.300000000000000711e+00 1.005000000000000034e-03
3.400000000000000799e+00 1.005000000000000034e-03
3.500000000000000888e+00 1.005000000000000034e-03
3.600000000000000977e+00 1.005000000000000034e-03
3.700000000000001066e+00 1.005000000000000034e-03
3.800000000000001155e+00 1.005000000000000034e-03
3.900000000000001243e+00 1.005000000000000034e-03
4.000000000000001776e+00 1.005000000000000034e-03
4.100000000000001421e+00 1.005000000000000034e-03
4.200000000000001066e+00 1.005000000000000034e-03
4.300000000000001599e+00 1.005000000000000034e-03
4.400000000000002132e+00 1.005000000000000034e-03
4.500000000000001776e+00 1.005000000000000034e-03
4.600000000000001421e+00 1.005000000000000034e-03
4.700000000000001954e+00 1.005000000000000034e-03
4.800000000000002487e+00 1.005000000000000034e-03
4.900000000000002132e+00 1.005000000000000034e-03
5.000000000000001776e+00 1.005000000000000034e-03
