2.479999999999999982e+00 1.500350022202907670e-05
2.485046943887775583e+00 1.557001206346694664e-05
2.490093887775551185e+00 1.568856762092376046e-05
2.495140831663326786e+00 2.987351218328794023e-04
2.500187775551102387e+00 3.476229001329786926e-04
2.505234719438877544e+00 1.114611298935891257e-04
2.510281663326653145e+00 9.989291566960288365e-05
2.515328607214428747e+00 8.684080861729665869e-05
2.520375551102204348e+00 7.342012834103464332e-05
2.525422494989979949e+00 6.006751680903274281e-05
2.530469438877755550e+00 4.697379003017182188e-05
2.535516382765531151e+00 3.531163778749575735e-05
2.540563326653306753e+00 2.535196713600858543e-05
2.545610270541081910e+00 1.734688802737788572e-05
2.550657214428857511e+00 1.159059391115302421e-05
2.555704158316633112e+00 7.451798500205118790e-06
2.560751102204408713e+00 4.504642225204290159e-06
2.565798046092184315e+00 2.856718238864287420e-06
2.570844989979959916e+00 1.934651965389264589e-06
2.575891933867735517e+00 1.368941748459275415e-06
2.580938877755511118e+00 1.076653417748660344e-06
2.585985821643286720e+00 9.793643160786739444e-07
2.591032765531061877e+00 9.241060839720685759e-07
2.596079709418837478e+00 7.482416141402780399e-07
2.601126653306613079e+00 6.487532753145661767e-07
2.606173597194388680e+00 8.649008130474545511e-07
2.611220541082164281e+00 1.061158860484964004e-06
2.616267484969939883e+00 6.863305441464737483e-07
2.621314428857715484e+00 5.856990891452940374e-07
2.626361372745491085e+00 5.752087000884815079e-07
2.631408316633266686e+00 6.673963476909266189e-07
2.636455260521041843e+00 7.436707729256980974e-07
2.641502204408817445e+00 7.023816526647350233e-07
2.646549148296593046e+00 6.498810307255654819e-07
2.651596092184368647e+00 6.841921529318511856e-07
2.656643036072144248e+00 8.316997926876055733e-07
2.661689979959919850e+00 1.105037067948557365e-06
2.666736923847695451e+00 1.239918028885225393e-06
2.671783867735471052e+00 8.658572036095454667e-07
2.676830811623246209e+00 4.711043155071716831e-07
2.681877755511021810e+00 7.095602720281488534e-07
2.686924699398797411e+00 4.936121861709219045e-07
2.691971643286573013e+00 3.273851302752544584e-07
2.697018587174348614e+00 3.985619153656738660e-07
2.702065531062124215e+00 4.546117235710699000e-07
2.707112474949899816e+00 6.714844112604320733e-07
2.712159418837675418e+00 7.419327853910122904e-07
2.717206362725450575e+00 4.412899776783751603e-07
2.722253306613226176e+00 4.105293368399982170e-07
2.727300250501001777e+00 6.155191286341456241e-07
2.732347194388777378e+00 5.515642180810651277e-07
2.737394138276552980e+00 5.770838446075314145e-07
2.742441082164328581e+00 5.952378358759767610e-07
2.747488026052104182e+00 6.279294470333782243e-07
2.752534969939879783e+00 5.717946881015683285e-07
2.757581913827655384e+00 3.869166066803310893e-07
2.762628857715430541e+00 3.553064892644643780e-07
2.767675801603206143e+00 5.032402084073283623e-07
2.772722745490981744e+00 7.533215370068028809e-07
2.777769689378757345e+00 5.656231081065606655e-07
2.782816633266532946e+00 5.414958842733516369e-07
2.787863577154308548e+00 7.612776619495031654e-07
2.792910521042084149e+00 5.635292291733836474e-07
2.797957464929859750e+00 3.395255162225137125e-07
2.803004408817635351e+00 5.398986966891770732e-07
2.808051352705410508e+00 6.984893976535175100e-07
2.813098296593186110e+00 7.342100060050911742e-07
2.818145240480961711e+00 7.877437530635455699e-07
2.823192184368737312e+00 5.825130805721065355e-07
2.828239128256512913e+00 4.110257883686230899e-07
2.833286072144288514e+00 3.881881481171342697e-07
2.838333016032064116e+00 2.879596192610874107e-07
2.843379959919839273e+00 3.667492763837939563e-07
2.848426903807615318e+00 4.978314088860149160e-07
2.853473847695390475e+00 4.440473762107309114e-07
2.858520791583166076e+00 2.916828726507320733e-07
2.863567735470941678e+00 1.958252304294983613e-07
2.868614679358717279e+00 3.917320369947391366e-07
2.873661623246492880e+00 5.526928942073118140e-07
2.878708567134268481e+00 4.250005971316624860e-07
2.883755511022044082e+00 3.937018458448271750e-07
2.888802454909819240e+00 3.472101477497671488e-07
2.893849398797594841e+00 1.894583384996590281e-07
2.898896342685370442e+00 1.641758866195098761e-07
2.903943286573146043e+00 1.012680227628926029e-07
2.908990230460921644e+00 4.525235844454529950e-07
2.914037174348697246e+00 4.396796878792854273e-07
2.919084118236472847e+00 4.954403960705388411e-07
2.924131062124248448e+00 7.697106626961958024e-07
2.929178006012024049e+00 7.312713559704334199e-07
2.934224949899799206e+00 7.482156018207567574e-07
2.939271893787574808e+00 8.131748875099081840e-07
2.944318837675350409e+00 7.235302962458583368e-07
2.949365781563126010e+00 7.782301909938854337e-07
2.954412725450901611e+00 7.415961925730395739e-07
2.959459669338677212e+00 7.567753944726419478e-07
2.964506613226452814e+00 7.428105894073202356e-07
2.969553557114228415e+00 5.850592575369634383e-07
2.974600501002004016e+00 8.167337504364359291e-07
2.979647444889779173e+00 8.177549955687060084e-07
2.984694388777554774e+00 5.831358839367529141e-07
2.989741332665330376e+00 5.882729288821633143e-07
2.994788276553105977e+00 7.519864316419520528e-07
2.999835220440881578e+00 5.996392519106030057e-07
3.004882164328657179e+00 5.982952663130590730e-07
3.009929108216432780e+00 5.451127750504877661e-07
3.014976052104207938e+00 5.155634470535539253e-07
3.020022995991983983e+00 5.800487436731502674e-07
3.025069939879759140e+00 5.346209679271312078e-07
3.030116883767534741e+00 7.855221993131589780e-07
3.035163827655310342e+00 7.104150852807836826e-07
3.040210771543085944e+00 6.899308078342943133e-07
3.045257715430861545e+00 1.073373176438341101e-06
3.050304659318637146e+00 1.243851218121413208e-06
3.055351603206412747e+00 1.311247823830519388e-06
3.060398547094187904e+00 1.171046558404981913e-06
3.065445490981963950e+00 1.095175914551041299e-06
3.070492434869739107e+00 9.948008045226294323e-07
3.075539378757514708e+00 7.826511347109714190e-07
3.080586322645290309e+00 8.780644035572601699e-07
3.085633266533065910e+00 7.088210810673322578e-07
3.090680210420841512e+00 8.911282806328056298e-07
3.095727154308617113e+00 1.399834511272556635e-06
3.100774098196392714e+00 1.341681762434551533e-06
3.105821042084167871e+00 9.099125563342285938e-07
3.110867985971943472e+00 9.154068225091875320e-07
3.115914929859719074e+00 8.928524472500518952e-07
3.120961873747494675e+00 1.020004682471850098e-06
3.126008817635270276e+00 1.708463741324303615e-06
3.131055761523045877e+00 2.316325788822445391e-06
3.136102705410821478e+00 2.517022563841758475e-06
3.141149649298597080e+00 2.824931352751199705e-06
3.146196593186372681e+00 3.144928022550140656e-06
3.151243537074147838e+00 2.954273442606481773e-06
3.156290480961923439e+00 2.899665145501990729e-06
3.161337424849699040e+00 2.678751845149825938e-06
3.166384368737474642e+00 1.774508027338719068e-06
3.171431312625250243e+00 1.110965928516646158e-06
3.176478256513025844e+00 5.527320214907471984e-07
3.181525200400801445e+00 2.666748621501907468e-07
3.186572144288576602e+00 1.958517230000338285e-07
3.191619088176352648e+00 6.791881221644581164e-07
3.196666032064127805e+00 1.135405593962764781e-06
3.201712975951903406e+00 1.398597021504144412e-06
3.206759919839679007e+00 1.814910402631397648e-06
3.211806863727454608e+00 1.666062645698089129e-06
3.216853807615230210e+00 1.516567739766664752e-06
3.221900751503005811e+00 1.498525349683151847e-06
3.226947695390781412e+00 1.268346696467648138e-06
3.231994639278556569e+00 1.139113636539951470e-06
3.237041583166332614e+00 1.166625356143998407e-06
3.242088527054107772e+00 1.529681893609868812e-06
3.247135470941883373e+00 2.166885406568108976e-06
3.252182414829658974e+00 2.426192993146058179e-06
3.257229358717434575e+00 2.073136461999766667e-06
3.262276302605210176e+00 2.481304766436272784e-06
3.267323246492985778e+00 2.794077353206356677e-06
3.272370190380761379e+00 2.819549142230453554e-06
3.277417134268536536e+00 2.687957225106612737e-06
3.282464078156312137e+00 2.822132225052974662e-06
3.287511022044087738e+00 2.783130029419460099e-06
3.292557965931863340e+00 2.481741896625124538e-06
3.297604909819638941e+00 1.928087071179293600e-06
3.302651853707414542e+00 1.827694366483740290e-06
3.307698797595190143e+00 2.008652074336831052e-06
3.312745741482965744e+00 2.319811722634525687e-06
3.317792685370741346e+00 2.260219379165635674e-06
3.322839629258516503e+00 1.617675975431988260e-06
3.327886573146292104e+00 1.440710049692293958e-06
3.332933517034067705e+00 1.841860279779105256e-06
3.337980460921843306e+00 2.455052993365824274e-06
3.343027404809618908e+00 2.643586489755740152e-06
3.348074348697394509e+00 2.351493337371997948e-06
3.353121292585170110e+00 2.549530582575084212e-06
3.358168236472945267e+00 3.198136169480577003e-06
3.363215180360721313e+00 3.655241710161735504e-06
3.368262124248496470e+00 3.728133213448556913e-06
3.373309068136272071e+00 4.395008421349839227e-06
3.378356012024047672e+00 4.557124518522017257e-06
3.383402955911823273e+00 4.612349525933164183e-06
3.388449899799598874e+00 5.250362204757710212e-06
3.393496843687374476e+00 5.422405912520921254e-06
3.398543787575150077e+00 5.575189964349618796e-06
3.403590731462925234e+00 5.786645483784739317e-06
3.408637675350701279e+00 5.948017158890718077e-06
3.413684619238476436e+00 5.661098170159370759e-06
3.418731563126252038e+00 5.134845469659226294e-06
3.423778507014027639e+00 4.580924964627386268e-06
3.428825450901803240e+00 4.820741870296612212e-06
3.433872394789578841e+00 5.033776685106537269e-06
3.438919338677354443e+00 5.360171379789821364e-06
3.443966282565130044e+00 5.176622211759857919e-06
3.449013226452905201e+00 4.017350755224408723e-06
3.454060170340681246e+00 3.608274530906928736e-06
3.459107114228456403e+00 4.349860578760515726e-06
3.464154058116232004e+00 4.868046999164679025e-06
3.469201002004007606e+00 4.401634934535004021e-06
3.474247945891783207e+00 3.922001593949075909e-06
3.479294889779558808e+00 4.121737542659106709e-06
3.484341833667333965e+00 4.435764710032197465e-06
3.489388777555110011e+00 4.813024202522685222e-06
3.494435721442885168e+00 5.084594237613347298e-06
3.499482665330661213e+00 3.826324005611743126e-06
3.504529609218436370e+00 3.441078810991230113e-06
3.509576553106211971e+00 4.158428625396074978e-06
3.514623496993987573e+00 3.640660226906691241e-06
3.519670440881763174e+00 3.515696105859279159e-06
3.524717384769538775e+00 4.182441326734049083e-06
3.529764328657313932e+00 4.463031795762441158e-06
3.534811272545089977e+00 4.507625379031598243e-06
3.539858216432865134e+00 4.774248420517343853e-06
3.544905160320641180e+00 4.959768910730201288e-06
3.549952104208416337e+00 5.417273694352011933e-06
3.554999048096191938e+00 5.477884910654714326e-06
3.560045991983967539e+00 5.939958819827485647e-06
3.565092935871743141e+00 6.403650901878275622e-06
3.570139879759518742e+00 7.342381828904361766e-06
3.575186823647293899e+00 8.337210508192240889e-06
3.580233767535069944e+00 8.621132362086241299e-06
3.585280711422845101e+00 8.703833081493215888e-06
3.590327655310620703e+00 8.951250076880843873e-06
3.595374599198396304e+00 9.478108837292060048e-06
3.600421543086171905e+00 9.978397768244005197e-06
3.605468486973947506e+00 9.798227568422524284e-06
3.610515430861723107e+00 1.013568361165635074e-05
3.615562374749498709e+00 1.130245663375732572e-05
3.620609318637273866e+00 1.185409376346465609e-05
3.625656262525049911e+00 1.222729344709112832e-05
3.630703206412825068e+00 1.309514532295983494e-05
3.635750150300600669e+00 1.362372312336429174e-05
3.640797094188376271e+00 1.492458259705779188e-05
3.645844038076151872e+00 1.671101439244721844e-05
3.650890981963927473e+00 1.745920515776235382e-05
3.655937925851702630e+00 1.770811936207063964e-05
3.660984869739478675e+00 1.834767050321903673e-05
3.666031813627253833e+00 1.986171818993002073e-05
3.671078757515029878e+00 2.176022054741593017e-05
3.676125701402805035e+00 2.427279123600435280e-05
3.681172645290580636e+00 2.753770088323270846e-05
3.686219589178356237e+00 2.994993665404253920e-05
3.691266533066131839e+00 3.334562089061744370e-05
3.696313476953907440e+00 4.004714247481228718e-05
3.701360420841682597e+00 4.857907487326326658e-05
3.706407364729458642e+00 5.828535853813136244e-05
3.711454308617233799e+00 7.044178571082319786e-05
3.716501252505009845e+00 8.737876876411919272e-05
3.721548196392785002e+00 1.106699937217809081e-04
3.726595140280560603e+00 1.412350269636221975e-04
3.731642084168336204e+00 1.790858698345746184e-04
3.736689028056111805e+00 2.287766142647991614e-04
3.741735971943887407e+00 2.916843109492230296e-04
3.746782915831662564e+00 3.676949797153301913e-04
3.751829859719438609e+00 4.632913934617573768e-04
3.756876803607213766e+00 5.822787360708918305e-04
3.761923747494989367e+00 7.281492423782251130e-04
3.766970691382764969e+00 9.058749095067940771e-04
3.772017635270540570e+00 1.121431261166736231e-03
3.777064579158316171e+00 1.382095666908716687e-03
3.782111523046091772e+00 1.695853828246246748e-03
3.787158466933867373e+00 2.079528789784095087e-03
3.792205410821642531e+00 2.549594539668943293e-03
3.797252354709418576e+00 3.131534448882895751e-03
3.802299298597193733e+00 3.865180729463476780e-03
3.807346242484969334e+00 4.806077191465016329e-03
3.812393186372744935e+00 6.019313216234866912e-03
3.817440130260520537e+00 7.605458362362830550e-03
3.822487074148296138e+00 9.710843289866544215e-03
3.827534018036071295e+00 1.252966968339881519e-02
3.832580961923847340e+00 1.632120240466093664e-02
3.837627905811622497e+00 2.144678313913511020e-02
3.842674849699398543e+00 2.843910498946915569e-02
3.847721793587173700e+00 3.782830594330675172e-02
3.852768737474949301e+00 5.028271751413882634e-02
3.857815681362724902e+00 6.651396669273947071e-02
3.862862625250500503e+00 8.695200627859071829e-02
3.867909569138276105e+00 1.115641787541591240e-01
3.872956513026051262e+00 1.397488692806649613e-01
3.878003456913827307e+00 1.702319634977118856e-01
3.883050400801602464e+00 2.011675691696115653e-01
3.888097344689378509e+00 2.305947061926299224e-01
3.893144288577153667e+00 2.569855831260178802e-01
3.898191232464929268e+00 2.797788924455871795e-01
3.903238176352704869e+00 2.980335201032989212e-01
3.908285120240480470e+00 3.125025601156974919e-01
3.913332064128256071e+00 3.238754910621435834e-01
3.918379008016031229e+00 3.330578587486774933e-01
3.923425951903807274e+00 3.398169052887349273e-01
3.928472895791582431e+00 3.449392870734374617e-01
3.933519839679358032e+00 3.487172628733710700e-01
3.938566783567133633e+00 3.518116101124301731e-01
3.943613727454909235e+00 3.538051559551963487e-01
3.948660671342684836e+00 3.552233110059182519e-01
3.953707615230460437e+00 3.560245913042542343e-01
3.958754559118236038e+00 3.564595317743979863e-01
3.963801503006011195e+00 3.567177183600945267e-01
3.968848446893787241e+00 3.568590746290707938e-01
3.973895390781562398e+00 3.573572400445161334e-01
3.978942334669337999e+00 3.578542920753305934e-01
3.983989278557113600e+00 3.578921231293575311e-01
3.989036222444889201e+00 3.579048465287459346e-01
3.994083166332664803e+00 3.579083399266877463e-01
3.999130110220439960e+00 3.579016687856925172e-01
4.004177054108216005e+00 3.578343278225595281e-01
4.009223997995991162e+00 3.577534531553623887e-01
4.014270941883767208e+00 3.578265498615048612e-01
4.019317885771542365e+00 3.583326491989980433e-01
4.024364829659317522e+00 3.586754956968328245e-01
4.029411773547093567e+00 3.586084639802865626e-01
4.034458717434869612e+00 3.585358590791908329e-01
4.039505661322644769e+00 3.584598404690125251e-01
4.044552605210419927e+00 3.585575754177760532e-01
4.049599549098195972e+00 3.586718240965705573e-01
4.054646492985971129e+00 3.585976203227558834e-01
4.059693436873747174e+00 3.585012885431261842e-01
4.064740380761522331e+00 3.588116416906591555e-01
4.069787324649297489e+00 3.586830223541275231e-01
4.074834268537073534e+00 3.591015542268216620e-01
4.079881212424849579e+00 3.591223941448594137e-01
4.084928156312624736e+00 3.589534249554470757e-01
4.089975100200399893e+00 3.587686281263564592e-01
4.095022044088175939e+00 3.585877155457680154e-01
4.100068987975951096e+00 3.584141785738002017e-01
4.105115931863727141e+00 3.584278081373363789e-01
4.110162875751502298e+00 3.580437380942290138e-01
4.115209819639277455e+00 3.578334578842731206e-01
4.120256763527053501e+00 3.580146887304986869e-01
4.125303707414829546e+00 3.577978554064594752e-01
4.130350651302604703e+00 3.575621669054647733e-01
4.135397595190379860e+00 3.571396502253615934e-01
4.140444539078155906e+00 3.567067309284891463e-01
4.145491482965931063e+00 3.565451895432277252e-01
4.150538426853707108e+00 3.567433034005134118e-01
4.155585370741482265e+00 3.563352574593435240e-01
4.160632314629257422e+00 3.561305865627442113e-01
4.165679258517033468e+00 3.558041490127937245e-01
4.170726202404808625e+00 3.552955136529192259e-01
4.175773146292584670e+00 3.547614071869474861e-01
4.180820090180359827e+00 3.542039307915743063e-01
4.185867034068135872e+00 3.536397046207481187e-01
4.190913977955911029e+00 3.530645103606143143e-01
4.195960921843687075e+00 3.528733902247692678e-01
4.201007865731462232e+00 3.522782425876688772e-01
4.206054809619237389e+00 3.520427447774157614e-01
4.211101753507013434e+00 3.514415849355578825e-01
4.216148697394788591e+00 3.508859962575240354e-01
4.221195641282564637e+00 3.503396494081865709e-01
4.226242585170339794e+00 3.497834313650203253e-01
4.231289529058115839e+00 3.492172565492507319e-01
4.236336472945890996e+00 3.486342662179645613e-01
4.241383416833667042e+00 3.480721356914688314e-01
4.246430360721442199e+00 3.479355135789727327e-01
4.251477304609217356e+00 3.477810357065542202e-01
4.256524248496993401e+00 3.472165124970668093e-01
4.261571192384768558e+00 3.459056469581193172e-01
4.266618136272544604e+00 3.429298140649891247e-01
4.271665080160319761e+00 3.395348920288784877e-01
4.276712024048095806e+00 3.353194456592568651e-01
4.281758967935870963e+00 3.344496498562007369e-01
4.286805911823647008e+00 3.397874832925010802e-01
4.291852855711422166e+00 3.429818314173657123e-01
4.296899799599197323e+00 3.433111554042679869e-01
4.301946743486973368e+00 3.428028106388573693e-01
4.306993687374748525e+00 3.421773723507946507e-01
4.312040631262524570e+00 3.415421166569000411e-01
4.317087575150299728e+00 3.409013243343358424e-01
4.322134519038074885e+00 3.402728864189122349e-01
4.327181462925850930e+00 3.396554045701800084e-01
4.332228406813626975e+00 3.390183749816918501e-01
4.337275350701402132e+00 3.383641542404404179e-01
4.342322294589177289e+00 3.376990284252253671e-01
4.347369238476953335e+00 3.373757709115947634e-01
4.352416182364728492e+00 3.369954045625692118e-01
4.357463126252504537e+00 3.361872153004337171e-01
4.362510070140279694e+00 3.353509494850615558e-01
4.367557014028054851e+00 3.344770323348139618e-01
4.372603957915830897e+00 3.335479910605387843e-01
4.377650901803606942e+00 3.325718706619738008e-01
4.382697845691382099e+00 3.315733673123593683e-01
4.387744789579157256e+00 3.305600108472885323e-01
4.392791733466933302e+00 3.295362201646610534e-01
4.397838677354708459e+00 3.285646822966692970e-01
4.402885621242484504e+00 3.276688955626432809e-01
4.407932565130259661e+00 3.271515499781235126e-01
4.412979509018034818e+00 3.263233992655153459e-01
4.418026452905810864e+00 3.259199550866351269e-01
4.423073396793586909e+00 3.251909450979299510e-01
4.428120340681362066e+00 3.245045900706903796e-01
4.433167284569137223e+00 3.238439749201199036e-01
4.438214228456913268e+00 3.232100625747073019e-01
4.443261172344688426e+00 3.226122553613523514e-01
4.448308116232464471e+00 3.219902902871104033e-01
4.453355060120239628e+00 3.213611454896368458e-01
4.458402004008014785e+00 3.207282045293737838e-01
4.463448947895790830e+00 3.200999306309397774e-01
4.468495891783566876e+00 3.194698239508678150e-01
4.473542835671342033e+00 3.188256651916353546e-01
4.478589779559117190e+00 3.185126664315729439e-01
4.483636723446892347e+00 3.178272419530837056e-01
4.488683667334668392e+00 3.174775278766702180e-01
4.493730611222444438e+00 3.167360018221699880e-01
4.498777555110219595e+00 3.159401742691856918e-01
4.503824498997994752e+00 3.150897745464328881e-01
4.508871442885770797e+00 3.141957900027687600e-01
4.513918386773546843e+00 3.132639157751426762e-01
4.518965330661322000e+00 3.123015020353155924e-01
4.524012274549097157e+00 3.113136236933257694e-01
4.529059218436872314e+00 3.102915819700969857e-01
4.534106162324648359e+00 3.092341147467451146e-01
4.539153106212424404e+00 3.081628300364547268e-01
4.544200050100199562e+00 3.070800070150425665e-01
4.549246993987974719e+00 3.059784616527191359e-01
4.554293937875750764e+00 3.048918163592510555e-01
4.559340881763526809e+00 3.038173977369159062e-01
4.564387825651301966e+00 3.030801395721818281e-01
4.569434769539077124e+00 3.020214615562496485e-01
4.574481713426852281e+00 3.013099177487426061e-01
4.579528657314628326e+00 3.002614287988998876e-01
4.584575601202404371e+00 2.992184606651144829e-01
4.589622545090179528e+00 2.981632733985262185e-01
4.594669488977954686e+00 2.970710110154769490e-01
4.599716432865730731e+00 2.959549056319272231e-01
4.604763376753506776e+00 2.948783810538164740e-01
4.609810320641281933e+00 2.937590026672003418e-01
4.614857264529057090e+00 2.927366144908464807e-01
4.619904208416832248e+00 2.916684589358501389e-01
4.624951152304608293e+00 2.903839404590300433e-01
4.629998096192384338e+00 2.890418604707275518e-01
4.635045040080159495e+00 2.876540873072102045e-01
4.640091983967934652e+00 2.862226093943529559e-01
4.645138927855710698e+00 2.847671123230719470e-01
4.650185871743486743e+00 2.832929462781276220e-01
4.655232815631261900e+00 2.821039831177566959e-01
4.660279759519037057e+00 2.806090424507997061e-01
4.665326703406812214e+00 2.791561755972711278e-01
4.670373647294588260e+00 2.777481458650495894e-01
4.675420591182364305e+00 2.763994572424844365e-01
4.680467535070139462e+00 2.751078287709431414e-01
4.685514478957914619e+00 2.738630270106415243e-01
4.690561422845690664e+00 2.727020799374988425e-01
4.695608366733466710e+00 2.716338902880434669e-01
4.700655310621241867e+00 2.709401166379356574e-01
4.705702254509017024e+00 2.699353216929194499e-01
4.710749198396792181e+00 2.690152354791729983e-01
4.715796142284568226e+00 2.682643557392578315e-01
4.720843086172344272e+00 2.675258528849824846e-01
4.725890030060119429e+00 2.666902184389919883e-01
4.730936973947894586e+00 2.658608940430010059e-01
4.735983917835670631e+00 2.653216144881048177e-01
4.741030861723446677e+00 2.644750581380699850e-01
4.746077805611221834e+00 2.636021273606760085e-01
4.751124749498996991e+00 2.626840569121673408e-01
4.756171693386772148e+00 2.617239091954025043e-01
4.761218637274548193e+00 2.607311473662388135e-01
4.766265581162324239e+00 2.596726232181619243e-01
4.771312525050099396e+00 2.585709966308337715e-01
4.776359468937874553e+00 2.574422182376567281e-01
4.781406412825650598e+00 2.563001585150223027e-01
4.786453356713425755e+00 2.551541484364024948e-01
4.791500300601201801e+00 2.540270941585375253e-01
4.796547244488976958e+00 2.529253205163019547e-01
4.801594188376752115e+00 2.518672282029520426e-01
4.806641132264528160e+00 2.508772935130065274e-01
4.811688076152304205e+00 2.501906922546299206e-01
4.816735020040079363e+00 2.492493832109569929e-01
4.821781963927854520e+00 2.483266673436211602e-01
4.826828907815630565e+00 2.474112546283906422e-01
4.831875851703405722e+00 2.464764637123564861e-01
4.836922795591181767e+00 2.455071073080864752e-01
4.841969739478956924e+00 2.444785557810680854e-01
4.847016683366732082e+00 2.433605163467108257e-01
4.852063627254508127e+00 2.421501114285579681e-01
4.857110571142284172e+00 2.408484739052796364e-01
4.862157515030059329e+00 2.394353318535057951e-01
4.867204458917834486e+00 2.379061803919267915e-01
4.872251402805609644e+00 2.362595188497403909e-01
4.877298346693385689e+00 2.347725772425847401e-01
4.882345290581161734e+00 2.326558018957432528e-01
4.887392234468936891e+00 2.304606422894471263e-01
4.892439178356712048e+00 2.282548997542499514e-01
4.897486122244488094e+00 2.260612857112722640e-01
4.902533066132264139e+00 2.239082998398145563e-01
4.907580010020039296e+00 2.218086492733141457e-01
4.912626953907814453e+00 2.197463882771717170e-01
4.917673897795589610e+00 2.176896427720542981e-01
4.922720841683365656e+00 2.155735119196025007e-01
4.927767785571141701e+00 2.133149620336403374e-01
4.932814729458916858e+00 2.108175101206239133e-01
4.937861673346692015e+00 2.079646003754005990e-01
4.942908617234468061e+00 2.048398267600188838e-01
4.947955561122244106e+00 2.008329652069717475e-01
4.953002505010019263e+00 1.960624047251165458e-01
4.958049448897794420e+00 1.904570500003980316e-01
4.963096392785569577e+00 1.839797745241558147e-01
4.968143336673345623e+00 1.766412892643657029e-01
4.973190280561121668e+00 1.685419012065834943e-01
4.978237224448896825e+00 1.598051624537240312e-01
4.983284168336671982e+00 1.505823587138745145e-01
4.988331112224448027e+00 1.410361295802687598e-01
4.993378056112224073e+00 1.313603546554000523e-01
4.998424999999999230e+00 1.217141869702815654e-01
