1.280340000000000034e+00 5.247222899820248241e-05
1.280857054108216486e+00 5.610318905409849514e-05
1.281374108216432939e+00 5.974959666154132788e-05
1.281891162324649391e+00 6.368276119424473916e-05
1.282408216432865844e+00 6.793806234176949532e-05
1.282925270541082297e+00 7.473263552747018358e-05
1.283442324649298527e+00 8.107925313649078699e-05
1.283959378757514980e+00 8.532278685946807946e-05
1.284476432865731432e+00 9.006963620111351366e-05
1.284993486973947885e+00 9.638062961930646169e-05
1.285510541082164337e+00 1.027693913283567276e-04
1.286027595190380790e+00 1.093564086754085247e-04
1.286544649298597243e+00 1.178256067222805884e-04
1.287061703406813695e+00 1.293993062056004388e-04
1.287578757515030148e+00 1.404068749217856932e-04
1.288095811623246600e+00 1.507144906361129082e-04
1.288612865731463053e+00 1.622605369433635051e-04
1.289129919839679506e+00 1.749964424621213474e-04
1.289646973947895736e+00 1.920473314051348473e-04
1.290164028056112189e+00 2.122993481667058554e-04
1.290681082164328641e+00 2.299016341791925518e-04
1.291198136272545094e+00 2.460889117733443721e-04
1.291715190380761547e+00 2.698465856408058337e-04
1.292232244488977999e+00 2.968035104698471625e-04
1.292749298597194452e+00 3.203181813092733049e-04
1.293266352705410904e+00 3.427783690696173868e-04
1.293783406813627357e+00 3.784232768666076214e-04
1.294300460921843809e+00 4.167628379749143850e-04
1.294817515030060262e+00 4.648566963209445715e-04
1.295334569138276493e+00 5.141704455900310104e-04
1.295851623246492945e+00 5.715381139899080231e-04
1.296368677354709398e+00 6.297614852867703533e-04
1.296885731462925850e+00 6.999445466586468219e-04
1.297402785571142303e+00 7.716811842735101607e-04
1.297919839679358756e+00 8.547349446484267619e-04
1.298436893787575208e+00 9.428017092824306960e-04
1.298953947895791661e+00 1.052393699213858896e-03
1.299471002004008113e+00 1.165624371977035849e-03
1.299988056112224566e+00 1.291565954618613269e-03
1.300505110220441018e+00 1.430839194638891315e-03
1.301022164328657249e+00 1.600330517386741591e-03
1.301539218436873702e+00 1.775932698142762599e-03
1.302056272545090154e+00 1.962602086204294927e-03
1.302573326653306607e+00 2.174751570780182608e-03
1.303090380761523059e+00 2.420627693236700097e-03
1.303607434869739512e+00 2.693626276017160696e-03
1.304124488977955965e+00 2.994834199114355684e-03
1.304641543086172417e+00 3.264455867003265930e-03
1.305158597194388870e+00 3.510087721695356097e-03
1.305675651302605322e+00 3.893444250062743327e-03
1.306192705410821775e+00 4.358545893254395925e-03
1.306709759519038005e+00 4.775491199124926381e-03
1.307226813627254458e+00 5.173193198001208720e-03
1.307743867735470911e+00 5.543737175877578097e-03
1.308260921843687363e+00 5.904544568092161272e-03
1.308777975951903816e+00 6.318317073836027947e-03
1.309295030060120268e+00 6.745782003500564936e-03
1.309812084168336721e+00 7.150897250506760977e-03
1.310329138276553174e+00 7.553331400130127750e-03
1.310846192384769626e+00 8.093869186571194321e-03
1.311363246492986079e+00 8.632886347832829585e-03
1.311880300601202531e+00 8.830240031421401556e-03
1.312397354709418984e+00 9.086312209001305013e-03
1.312914408817635215e+00 9.874674009420219764e-03
1.313431462925851667e+00 1.062975271483830933e-02
1.313948517034068120e+00 1.121971733811204415e-02
1.314465571142284572e+00 1.188950310993031056e-02
1.314982625250501025e+00 1.283616946904425453e-02
1.315499679358717477e+00 1.375560849593505941e-02
1.316016733466933930e+00 1.460562626780728332e-02
1.316533787575150383e+00 1.557865693595104559e-02
1.317050841683366835e+00 1.677526654554426649e-02
1.317567895791583288e+00 1.803216552212720536e-02
1.318084949899799740e+00 1.937426112392321223e-02
1.318602004008015971e+00 2.097073059158966260e-02
1.319119058116232424e+00 2.283532759473553761e-02
1.319636112224448876e+00 2.457398151894630428e-02
1.320153166332665329e+00 2.620781897951156292e-02
1.320670220440881781e+00 2.838275186000167524e-02
1.321187274549098234e+00 3.088966823971442746e-02
1.321704328657314687e+00 3.335432562735550499e-02
1.322221382765531139e+00 3.580159270188377346e-02
1.322738436873747592e+00 3.937575135131467924e-02
1.323255490981964044e+00 4.335676197436175855e-02
1.323772545090180497e+00 4.628573162210624509e-02
1.324289599198396949e+00 4.896893711855007658e-02
1.324806653306613180e+00 5.371968301800539997e-02
1.325323707414829633e+00 5.873686225102171810e-02
1.325840761523046085e+00 6.354670829131049692e-02
1.326357815631262538e+00 6.837552321884121653e-02
1.326874869739478990e+00 7.465382352456340076e-02
1.327391923847695443e+00 8.106008805310463416e-02
1.327908977955911896e+00 8.873835897649057225e-02
1.328426032064128348e+00 9.639419013573903572e-02
1.328943086172344801e+00 1.038625485701344803e-01
1.329460140280561253e+00 1.116861774268449736e-01
1.329977194388777484e+00 1.208037768617374469e-01
1.330494248496993936e+00 1.296997434448693698e-01
1.331011302605210389e+00 1.380000386677842084e-01
1.331528356713426842e+00 1.475556180341830448e-01
1.332045410821643294e+00 1.594553207804643435e-01
1.332562464929859747e+00 1.706164715651120323e-01
1.333079519038076199e+00 1.806722431549243613e-01
1.333596573146292652e+00 1.908461437790249515e-01
1.334113627254509105e+00 2.011564682590835651e-01
1.334630681362725557e+00 2.098799286703286748e-01
1.335147735470942010e+00 2.171531526227738762e-01
1.335664789579158462e+00 2.239422959694850612e-01
1.336181843687374693e+00 2.305125734430234496e-01
1.336698897795591146e+00 2.383376933154492949e-01
1.337215951903807598e+00 2.467831385136010636e-01
1.337733006012024051e+00 2.495349150743376987e-01
1.338250060120240503e+00 2.502872330910553833e-01
1.338767114228456956e+00 2.553521601890804127e-01
1.339284168336673408e+00 2.614959730178709196e-01
1.339801222444889861e+00 2.625649660591155010e-01
1.340318276553106314e+00 2.629806971252868775e-01
1.340835330661322766e+00 2.639072845054113992e-01
1.341352384769539219e+00 2.647957353874440534e-01
1.341869438877755449e+00 2.674566844460656290e-01
1.342386492985971902e+00 2.697794650686072826e-01
1.342903547094188355e+00 2.678180869033613409e-01
1.343420601202404807e+00 2.662727632621542662e-01
1.343937655310621260e+00 2.676129009843434825e-01
1.344454709418837712e+00 2.689235466219354054e-01
1.344971763527054165e+00 2.700033340134949111e-01
1.345488817635270618e+00 2.709944091148578371e-01
1.346005871743487070e+00 2.713188555244158140e-01
1.346522925851703523e+00 2.711007173278586757e-01
1.347039979959919975e+00 2.703438161956959740e-01
1.347557034068136428e+00 2.712310236241879946e-01
1.348074088176352658e+00 2.747210036926153731e-01
1.348591142284569111e+00 2.755211479046434375e-01
1.349108196392785564e+00 2.732789398520673596e-01
1.349625250501002016e+00 2.738647431307614788e-01
1.350142304609218469e+00 2.770887498328075127e-01
1.350659358717434921e+00 2.769602227075275702e-01
1.351176412825651374e+00 2.743921090570318189e-01
1.351693466933867827e+00 2.749567107875836025e-01
1.352210521042084279e+00 2.771559044510768510e-01
1.352727575150300732e+00 2.772157205695803817e-01
1.353244629258517184e+00 2.764588525594497415e-01
1.353761683366733415e+00 2.752528265170199329e-01
1.354278737474949867e+00 2.739164320149762855e-01
1.354795791583166320e+00 2.762657386510544155e-01
1.355312845691382773e+00 2.793144811357670676e-01
1.355829899799599225e+00 2.789401556460914255e-01
1.356346953907815678e+00 2.782878104400415276e-01
1.356864008016032130e+00 2.778430851584517969e-01
1.357381062124248583e+00 2.773646234172040259e-01
1.357898116232465036e+00 2.779741076657498700e-01
1.358415170340681488e+00 2.782829051145629951e-01
1.358932224448897941e+00 2.763695133085083411e-01
1.359449278557114393e+00 2.755553492517767711e-01
1.359966332665330624e+00 2.793539895339228751e-01
1.360483386773547076e+00 2.820501492494084106e-01
1.361000440881763529e+00 2.819654222821265099e-01
1.361517494989979982e+00 2.813705699799431970e-01
1.362034549098196434e+00 2.799857079750126543e-01
1.362551603206412887e+00 2.792308647391498200e-01
1.363068657314629339e+00 2.794666914416171766e-01
1.363585711422845792e+00 2.801826470269332958e-01
1.364102765531062245e+00 2.815493929216482116e-01
1.364619819639278697e+00 2.825102342981902770e-01
1.365136873747494928e+00 2.829083949924605657e-01
1.365653927855711380e+00 2.825783748506069393e-01
1.366170981963927833e+00 2.818412520825784306e-01
1.366688036072144286e+00 2.829663924866283042e-01
1.367205090180360738e+00 2.850782861770605470e-01
1.367722144288577191e+00 2.840277365480916583e-01
1.368239198396793643e+00 2.817412580439850323e-01
1.368756252505010096e+00 2.822195810730006582e-01
1.369273306613226548e+00 2.835451944854529560e-01
1.369790360721443001e+00 2.840999479385638571e-01
1.370307414829659454e+00 2.843683336071509693e-01
1.370824468937875906e+00 2.832587096294334472e-01
1.371341523046092137e+00 2.820619217453865235e-01
1.371858577154308589e+00 2.823488972162218058e-01
1.372375631262525042e+00 2.827101966072103068e-01
1.372892685370741495e+00 2.835707237833691163e-01
1.373409739478957947e+00 2.840611167945490956e-01
1.373926793587174400e+00 2.816629662850854698e-01
1.374443847695390852e+00 2.797276537847917521e-01
1.374960901803607305e+00 2.807320016924601536e-01
1.375477955911823758e+00 2.810061681130471278e-01
1.375995010020040210e+00 2.791100947144262712e-01
1.376512064128256663e+00 2.774282471224611135e-01
1.377029118236472893e+00 2.762110060594476502e-01
1.377546172344689346e+00 2.756693878102002837e-01
1.378063226452905798e+00 2.763403886804225440e-01
1.378580280561122251e+00 2.761605669706969080e-01
1.379097334669338704e+00 2.748609380865892349e-01
1.379614388777555156e+00 2.740790341753109316e-01
1.380131442885771609e+00 2.737633406327755203e-01
1.380648496993988061e+00 2.736128060441384569e-01
1.381165551102204514e+00 2.736539224475548204e-01
1.381682605210420967e+00 2.728062104946165634e-01
1.382199659318637419e+00 2.713594074723167382e-01
1.382716713426853872e+00 2.713221861825473868e-01
1.383233767535070102e+00 2.719289767734929808e-01
1.383750821643286555e+00 2.728488472629578832e-01
1.384267875751503007e+00 2.739792577888957581e-01
1.384784929859719460e+00 2.722483671629628565e-01
1.385301983967935913e+00 2.698195153116539902e-01
1.385819038076152365e+00 2.731924337557485316e-01
1.386336092184368818e+00 2.771777907526639106e-01
1.386853146292585270e+00 2.751108020133588572e-01
1.387370200400801723e+00 2.729822605746198838e-01
1.387887254509018176e+00 2.735406812603175530e-01
1.388404308617234406e+00 2.740625961145362055e-01
1.388921362725450859e+00 2.740509209893666198e-01
1.389438416833667311e+00 2.746524359931442616e-01
1.389955470941883764e+00 2.769093470278799485e-01
1.390472525050100217e+00 2.780081387575687457e-01
1.390989579158316669e+00 2.760965987715017778e-01
1.391506633266533122e+00 2.757564553978057442e-01
1.392023687374749574e+00 2.785611358009450478e-01
1.392540741482966027e+00 2.800538082231336934e-01
1.393057795591182479e+00 2.793063732491046225e-01
1.393574849699398932e+00 2.791975052744493646e-01
1.394091903807615385e+00 2.799904208617641777e-01
1.394608957915831615e+00 2.803613536756044966e-01
1.395126012024048068e+00 2.803962326886699774e-01
1.395643066132264520e+00 2.803052400805342570e-01
1.396160120240480973e+00 2.801157298466797618e-01
1.396677174348697426e+00 2.806181612592033026e-01
1.397194228456913878e+00 2.816354711811759892e-01
1.397711282565130331e+00 2.849867369503569225e-01
1.398228336673346783e+00 2.890888156071025339e-01
1.398745390781563236e+00 2.885820402585630995e-01
1.399262444889779688e+00 2.866990571062100202e-01
1.399779498997996141e+00 2.867227156401862542e-01
1.400296553106212372e+00 2.871178032311735295e-01
1.400813607214428824e+00 2.878950623708712020e-01
1.401330661322645277e+00 2.887221044448293750e-01
1.401847715430861729e+00 2.896426680507753204e-01
1.402364769539078182e+00 2.905913448705762514e-01
1.402881823647294635e+00 2.920261848445043218e-01
1.403398877755511087e+00 2.935286179643046833e-01
1.403915931863727540e+00 2.956676538927518472e-01
1.404432985971943992e+00 2.975120247199457002e-01
1.404950040080160445e+00 2.977141341861465063e-01
1.405467094188376898e+00 2.977351023027975940e-01
1.405984148296593350e+00 2.967363669878970156e-01
1.406501202404809581e+00 2.968407199356550841e-01
1.407018256513026033e+00 2.995598160213747696e-01
1.407535310621242486e+00 3.015990447284253029e-01
1.408052364729458938e+00 3.023079476503062746e-01
1.408569418837675391e+00 3.028257194268209052e-01
1.409086472945891844e+00 3.030565593073247799e-01
1.409603527054108296e+00 3.043855004142709264e-01
1.410120581162324749e+00 3.066242271010110043e-01
1.410637635270541201e+00 3.073765120541310236e-01
1.411154689378757654e+00 3.070706963327939909e-01
1.411671743486973885e+00 3.074622778956395130e-01
1.412188797595190337e+00 3.082914963526260377e-01
1.412705851703406790e+00 3.096990071981171044e-01
1.413222905811623242e+00 3.114676309087694439e-01
1.413739959919839695e+00 3.102088380800334666e-01
1.414257014028056147e+00 3.078327466043582761e-01
1.414774068136272600e+00 3.106374683776573775e-01
1.415291122244489053e+00 3.146128199367719258e-01
1.415808176352705505e+00 3.152807328292746014e-01
1.416325230460921958e+00 3.154823122015003589e-01
1.416842284569138410e+00 3.162330990735125469e-01
1.417359338677354863e+00 3.169998028457399197e-01
1.417876392785571316e+00 3.181039683499879422e-01
1.418393446893787546e+00 3.191377097705022647e-01
1.418910501002003999e+00 3.191364104860642259e-01
1.419427555110220451e+00 3.188925546912418918e-01
1.419944609218436904e+00 3.174951071514998113e-01
1.420461663326653357e+00 3.174402014856331222e-01
1.420978717434869809e+00 3.214649969351522363e-01
1.421495771543086262e+00 3.238781873498316477e-01
1.422012825651302714e+00 3.220939986699575819e-01
1.422529879759519167e+00 3.213591759866379349e-01
1.423046933867735619e+00 3.229299459911937897e-01
1.423563987975951850e+00 3.239975608226708381e-01
1.424081042084168303e+00 3.242736821397452784e-01
1.424598096192384755e+00 3.244070992442514845e-01
1.425115150300601208e+00 3.244181046217081144e-01
1.425632204408817660e+00 3.251881173190080965e-01
1.426149258517034113e+00 3.266120220111999872e-01
1.426666312625250566e+00 3.265961518728350832e-01
1.427183366733467018e+00 3.256587039877625878e-01
1.427700420841683471e+00 3.251906037728685139e-01
1.428217474949899923e+00 3.249693022253075658e-01
1.428734529058116376e+00 3.257300023723063709e-01
1.429251583166332829e+00 3.269321865650803849e-01
1.429768637274549281e+00 3.288798302060779721e-01
1.430285691382765512e+00 3.309838049818635275e-01
1.430802745490981964e+00 3.308522512968170570e-01
1.431319799599198417e+00 3.302392239825197029e-01
1.431836853707414869e+00 3.292620014831772468e-01
1.432353907815631322e+00 3.282347772996167534e-01
1.432870961923847775e+00 3.285309877990734706e-01
1.433388016032064227e+00 3.288498905008927498e-01
1.433905070140280680e+00 3.290281856685369766e-01
1.434422124248497132e+00 3.291882663819408195e-01
1.434939178356713585e+00 3.292705329250195656e-01
1.435456232464929816e+00 3.293686967928265430e-01
1.435973286573146268e+00 3.293715777256188693e-01
1.436490340681362721e+00 3.294634742384794368e-01
1.437007394789579173e+00 3.298032225448228050e-01
1.437524448897795626e+00 3.301153997899274883e-01
1.438041503006012078e+00 3.304339040190272248e-01
1.438558557114228531e+00 3.307425350434946010e-01
1.439075611222444984e+00 3.307324991739690190e-01
1.439592665330661436e+00 3.312660743902433036e-01
1.440109719438877889e+00 3.325844062390678757e-01
1.440626773547094341e+00 3.327780735990953365e-01
1.441143827655310794e+00 3.320703195764924676e-01
1.441660881763527025e+00 3.319615731146742243e-01
1.442177935871743477e+00 3.320408128416725280e-01
1.442694989979959930e+00 3.331150175520189993e-01
1.443212044088176382e+00 3.347529223998537140e-01
1.443729098196392835e+00 3.348710064746256987e-01
1.444246152304609287e+00 3.344446565216544487e-01
1.444763206412825740e+00 3.351475163882079999e-01
1.445280260521042193e+00 3.361426256513451727e-01
1.445797314629258645e+00 3.357867442497004529e-01
1.446314368737475098e+00 3.353426876917192656e-01
1.446831422845691328e+00 3.367416310656070055e-01
1.447348476953907781e+00 3.381788710112209051e-01
1.447865531062124234e+00 3.391013505573661213e-01
1.448382585170340686e+00 3.399842575672178957e-01
1.448899639278557139e+00 3.407163039850379938e-01
1.449416693386773591e+00 3.410635485990856086e-01
1.449933747494990044e+00 3.388996425985931205e-01
1.450450801603206497e+00 3.376205047094754663e-01
1.450967855711422949e+00 3.402149565108698592e-01
1.451484909819639402e+00 3.424737218105579628e-01
1.452001963927855854e+00 3.433056449551120104e-01
1.452519018036072307e+00 3.440443393278768691e-01
1.453036072144288759e+00 3.449227643569600099e-01
1.453553126252504990e+00 3.455212815195152776e-01
1.454070180360721443e+00 3.456970295495772616e-01
1.454587234468937895e+00 3.463558919886643994e-01
1.455104288577154348e+00 3.476262909399170931e-01
1.455621342685370800e+00 3.471423657038278376e-01
1.456138396793587253e+00 3.448366217850170612e-01
1.456655450901803706e+00 3.451040832377618717e-01
1.457172505010020158e+00 3.473155226004590035e-01
1.457689559118236611e+00 3.496682032176789967e-01
1.458206613226453063e+00 3.521029115373416896e-01
1.458723667334669294e+00 3.519573553944006505e-01
1.459240721442885746e+00 3.508251182177701821e-01
1.459757775551102199e+00 3.508050882535800885e-01
1.460274829659318652e+00 3.510761182222478238e-01
1.460791883767535104e+00 3.517049838469051837e-01
1.461308937875751557e+00 3.523735390455253191e-01
1.461825991983968009e+00 3.527180342143026448e-01
1.462343046092184462e+00 3.531974748560620658e-01
1.462860100200400915e+00 3.533931302844403599e-01
1.463377154308617367e+00 3.535004376854243846e-01
1.463894208416833820e+00 3.553009327563057540e-01
1.464411262525050272e+00 3.569030280282362022e-01
1.464928316633266725e+00 3.557056837293228746e-01
1.465445370741482956e+00 3.544269897851961004e-01
1.465962424849699408e+00 3.534644031650420737e-01
1.466479478957915861e+00 3.533409456807475313e-01
1.466996533066132313e+00 3.555966250776147475e-01
1.467513587174348766e+00 3.558046422952791388e-01
1.468030641282565218e+00 3.516260295992548190e-01
1.468547695390781671e+00 3.485952674776548466e-01
1.469064749498998124e+00 3.473643165929054533e-01
1.469581803607214576e+00 3.456002810111640788e-01
1.470098857715431029e+00 3.432540108407939883e-01
1.470615911823647259e+00 3.401192619204824741e-01
1.471132965931863712e+00 3.362940258420847872e-01
1.471650020040080165e+00 3.314612176941352795e-01
1.472167074148296617e+00 3.259485750417052685e-01
1.472684128256513070e+00 3.190312926659203963e-01
1.473201182364729522e+00 3.111930787148099453e-01
1.473718236472945975e+00 3.028592297574098646e-01
1.474235290581162428e+00 2.944530534164882529e-01
1.474752344689378880e+00 2.837479874146995873e-01
1.475269398797595333e+00 2.722263246981066476e-01
1.475786452905811785e+00 2.626504409061000689e-01
1.476303507014028238e+00 2.534439559658979157e-01
1.476820561122244468e+00 2.399503405851904081e-01
1.477337615230460921e+00 2.260395294274363254e-01
1.477854669338677374e+00 2.132404924597885998e-01
1.478371723446893826e+00 2.003942384352447315e-01
1.478888777555110279e+00 1.866260845801021306e-01
1.479405831663326731e+00 1.730698667427162663e-01
1.479922885771543184e+00 1.611881829753135653e-01
1.480439939879759637e+00 1.494778948125796980e-01
1.480956993987976089e+00 1.387076706371632995e-01
1.481474048096192542e+00 1.279615492437211066e-01
1.481991102204408772e+00 1.174487762495908666e-01
1.482508156312625225e+00 1.077195491724880216e-01
1.483025210420841677e+00 9.975888275538377647e-02
1.483542264529058130e+00 9.234351418890597574e-02
1.484059318637274583e+00 8.573294166134837191e-02
1.484576372745491035e+00 7.919833123789493667e-02
1.485093426853707488e+00 7.283779684307324642e-02
1.485610480961923940e+00 6.709238359327186763e-02
1.486127535070140393e+00 6.190229267875300978e-02
1.486644589178356846e+00 5.683396737682867850e-02
1.487161643286573298e+00 5.186968002838211744e-02
1.487678697394789751e+00 4.872512548183663417e-02
1.488195751503006203e+00 4.662339254526551985e-02
1.488712805611222434e+00 4.306388172535988157e-02
1.489229859719438887e+00 3.888309305420662582e-02
1.489746913827655339e+00 3.612440967686338100e-02
1.490263967935871792e+00 3.379229832460055316e-02
1.490781022044088244e+00 3.152397237006418496e-02
1.491298076152304697e+00 2.926599007568183447e-02
1.491815130260521149e+00 2.742779935582222162e-02
1.492332184368737602e+00 2.563191662492470685e-02
1.492849238476954055e+00 2.421291437193884635e-02
1.493366292585170507e+00 2.280239800218577736e-02
1.493883346693386738e+00 2.123355941487233695e-02
1.494400400801603190e+00 1.975601890615579295e-02
1.494917454909819643e+00 1.905763118135428771e-02
1.495434509018036096e+00 1.829977704449759629e-02
1.495951563126252548e+00 1.731091930941404053e-02
1.496468617234469001e+00 1.635921004064535417e-02
1.496985671342685453e+00 1.552723462026826297e-02
1.497502725450901906e+00 1.467590028059256001e-02
1.498019779559118358e+00 1.376574867666625554e-02
1.498536833667334811e+00 1.291398670451023370e-02
1.499053887775551264e+00 1.217844865529601507e-02
1.499570941883767716e+00 1.136375135199746249e-02
1.500087995991984169e+00 1.044376686215585034e-02
1.500605050100200399e+00 9.542045556577382140e-03
1.501122104208416852e+00 8.659262531546439712e-03
1.501639158316633305e+00 7.875284949075198396e-03
1.502156212424849757e+00 7.168570176302968729e-03
1.502673266533066210e+00 6.519483034550407202e-03
1.503190320641282662e+00 5.905027215147243963e-03
1.503707374749499115e+00 5.377524614488872826e-03
1.504224428857715568e+00 4.888355061191532354e-03
1.504741482965932020e+00 4.462263454147675362e-03
1.505258537074148251e+00 4.057608408496372020e-03
1.505775591182364703e+00 3.703379259303971223e-03
1.506292645290581156e+00 3.357237518988059020e-03
1.506809699398797608e+00 3.104537551268787225e-03
1.507326753507014061e+00 2.863404704532054174e-03
1.507843807615230514e+00 2.637153396563736429e-03
1.508360861723446966e+00 2.412164989080298628e-03
1.508877915831663419e+00 2.237169108507102398e-03
1.509394969939879871e+00 2.063218977532714840e-03
1.509912024048096324e+00 1.903369601463288704e-03
1.510429078156312777e+00 1.748672377708459938e-03
1.510946132264529229e+00 1.618923720590040088e-03
1.511463186372745682e+00 1.493461402951481824e-03
1.511980240480961912e+00 1.387672269570134828e-03
1.512497294589178365e+00 1.285483170173067286e-03
1.513014348697394817e+00 1.191819045850991401e-03
1.513531402805611270e+00 1.109546177938687105e-03
1.514048456913827723e+00 1.048094641321008517e-03
1.514565511022044175e+00 9.809421014695795388e-04
1.515082565130260628e+00 9.060702876498665220e-04
1.515599619238477080e+00 8.418755949957050077e-04
1.516116673346693533e+00 7.891708783827830215e-04
1.516633727454909986e+00 7.381349658635148097e-04
1.517150781563126216e+00 6.884099582599829351e-04
1.517667835671342669e+00 6.461520733068193715e-04
1.518184889779559121e+00 6.088235398031670992e-04
1.518701943887775574e+00 5.722460705793299199e-04
1.519218997995992027e+00 5.356332008157613581e-04
1.519736052104208479e+00 5.015831964510220065e-04
1.520253106212424932e+00 4.684749502700176504e-04
1.520770160320641384e+00 4.441441476611622096e-04
1.521287214428857837e+00 4.218015469236597583e-04
1.521804268537074289e+00 3.959364320364024744e-04
1.522321322645290742e+00 3.695776293195800655e-04
1.522838376753507195e+00 3.531537071242462408e-04
1.523355430861723647e+00 3.372236206595786295e-04
1.523872484969939878e+00 3.184006066702087397e-04
1.524389539078156330e+00 2.996539758746770052e-04
1.524906593186372783e+00 2.818311359904130688e-04
1.525423647294589236e+00 2.647732550118682242e-04
1.525940701402805688e+00 2.524137733814124022e-04
1.526457755511022141e+00 2.401250674319848775e-04
1.526974809619238593e+00 2.276872920744382202e-04
1.527491863727455046e+00 2.158759588766992628e-04
1.528008917835671499e+00 2.061823295049226813e-04
1.528525971943887951e+00 1.959293831172801835e-04
1.529043026052104182e+00 1.846010518497912553e-04
1.529560080160320634e+00 1.744415960588581471e-04
1.530077134268537087e+00 1.660130592489570160e-04
1.530594188376753539e+00 1.582852369014307436e-04
1.531111242484969992e+00 1.513577256961821775e-04
1.531628296593186445e+00 1.440615144974888447e-04
1.532145350701402897e+00 1.363583252860375785e-04
1.532662404809619350e+00 1.297085675304716457e-04
1.533179458917835802e+00 1.237840156696417648e-04
1.533696513026052255e+00 1.180955238385676161e-04
1.534213567134268708e+00 1.125350520704569880e-04
1.534730621242485160e+00 1.067300983265526051e-04
1.535247675350701613e+00 1.008336912020923494e-04
1.535764729458917843e+00 9.668711956603021757e-05
1.536281783567134296e+00 9.297842414782408462e-05
1.536798837675350748e+00 8.892384262376400584e-05
1.537315891783567201e+00 8.481456836956499992e-05
1.537832945891783654e+00 8.114005870267722612e-05
1.538350000000000106e+00 7.749140396926977245e-05
