3.968560000000000088e+00 9.512952095038846234e-05
3.968898517034068263e+00 9.865127961926501300e-05
3.969237034068136438e+00 1.021949543203852392e-04
3.969575551102204614e+00 1.057527730139879438e-04
3.969914068136272789e+00 1.093136309438988408e-04
3.970252585170340964e+00 1.128815300224147300e-04
3.970591102204408696e+00 1.164400316378600461e-04
3.970929619238476871e+00 1.199989554669804356e-04
3.971268136272545046e+00 1.235582792588271479e-04
3.971606653306613222e+00 1.267995963146266415e-04
3.971945170340681397e+00 1.300402908585613249e-04
3.972283687374749572e+00 1.332813383497815285e-04
3.972622204408817748e+00 1.365212782862518064e-04
3.972960721442885923e+00 1.394806417548869024e-04
3.973299238476954098e+00 1.424403183094773259e-04
3.973637755511022274e+00 1.454003331056813952e-04
3.973976272545090449e+00 1.483634353706084230e-04
3.974314789579158624e+00 1.515256269971828891e-04
3.974653306613226356e+00 1.546881665533244297e-04
3.974991823647294531e+00 1.578510566282919573e-04
3.975330340681362706e+00 1.610224460476794280e-04
3.975668857715430882e+00 1.645582158228838215e-04
3.976007374749499057e+00 1.680943739387060431e-04
3.976345891783567232e+00 1.716308778501414911e-04
3.976684408817635408e+00 1.751849738691044407e-04
3.977022925851703583e+00 1.792932944512244089e-04
3.977361442885771758e+00 1.834688487331232235e-04
3.977699959919839934e+00 1.876480590321232141e-04
3.978038476953908109e+00 1.918521534233342911e-04
3.978376993987975840e+00 1.967288657185264249e-04
3.978715511022044016e+00 2.016060896406816037e-04
3.979054028056112191e+00 2.064838162731144849e-04
3.979392545090180366e+00 2.113889027908015506e-04
3.979731062124248542e+00 2.168381883167916444e-04
3.980069579158316717e+00 2.222877434181193225e-04
3.980408096192384892e+00 2.277366833729081502e-04
3.980746613226453068e+00 2.331664875285804504e-04
3.981085130260521243e+00 2.382628467232611024e-04
3.981423647294589419e+00 2.433596224553399151e-04
3.981762164328657594e+00 2.484568628783661247e-04
3.982100681362725325e+00 2.535359817795428540e-04
3.982439198396793500e+00 2.583435216632719495e-04
3.982777715430861676e+00 2.631514806909252034e-04
3.983116232464929851e+00 2.679598332913826872e-04
3.983454749498998027e+00 2.728463582456636398e-04
3.983793266533066202e+00 2.787319409129269975e-04
3.984131783567134377e+00 2.846179891547399713e-04
3.984470300601202553e+00 2.905044831484851096e-04
3.984808817635270728e+00 2.964989085655093059e-04
3.985147334669338903e+00 3.037184155638619895e-04
3.985485851703407079e+00 3.109384888532953244e-04
3.985824368737475254e+00 3.181591751004412953e-04
3.986162885771542985e+00 3.255465300954183696e-04
3.986501402805611161e+00 3.346338645837304343e-04
3.986839919839679336e+00 3.437219620516406742e-04
3.987178436873747511e+00 3.528107710747388948e-04
3.987516953907815687e+00 3.621420410464336976e-04
3.987855470941883862e+00 3.737139391783785860e-04
3.988193987975952037e+00 3.852866882565852253e-04
3.988532505010020213e+00 3.968602987447655979e-04
3.988871022044088388e+00 4.087374219522929304e-04
3.989209539078156563e+00 4.231731125814799954e-04
3.989548056112224739e+00 4.376099331663776569e-04
3.989886573146292470e+00 4.520479260114087378e-04
3.990225090180360645e+00 4.668384131853802973e-04
3.990563607214428821e+00 4.843570063973243862e-04
3.990902124248496996e+00 5.018770193265355631e-04
3.991240641282565171e+00 5.193983540241565782e-04
3.991579158316633347e+00 5.373509347672763030e-04
3.991917675350701522e+00 5.583826578216454168e-04
3.992256192384769697e+00 5.794158895025617846e-04
3.992594709418837873e+00 6.004506979973129287e-04
3.992933226452906048e+00 6.219320407852774527e-04
3.993271743486974223e+00 6.463680219883720900e-04
3.993610260521041955e+00 6.708058837000801383e-04
3.993948777555110130e+00 6.952456573885187723e-04
3.994287294589178305e+00 7.199981929039768773e-04
3.994625811623246481e+00 7.466740428635923552e-04
3.994964328657314656e+00 7.733520040458557098e-04
3.995302845691382831e+00 8.000319003991522484e-04
3.995641362725451007e+00 8.271728263936302178e-04
3.995979879759519182e+00 8.569643297267394997e-04
3.996318396793587358e+00 8.867578931697408118e-04
3.996656913827655533e+00 9.165536902410364919e-04
3.996995430861723708e+00 9.469796993373240813e-04
3.997333947895791884e+00 9.808033159124324250e-04
3.997672464929859615e+00 1.014629376633815029e-03
3.998010981963927790e+00 1.048457876791902789e-03
3.998349498997995966e+00 1.083147049278213687e-03
3.998688016032064141e+00 1.122200399235862098e-03
3.999026533066132316e+00 1.161256634284708574e-03
3.999365050100200492e+00 1.200315531518561995e-03
3.999703567134268667e+00 1.240662581969215455e-03
4.000042084168336842e+00 1.287162879005303339e-03
4.000380601202405018e+00 1.333660732090183798e-03
4.000719118236473193e+00 1.380161403314634268e-03
4.001057635270541368e+00 1.428542967201006661e-03
4.001396152304609544e+00 1.485413120737450517e-03
4.001734669338677719e+00 1.542286470362867930e-03
4.002073186372745894e+00 1.599162954204543397e-03
4.002411703406814070e+00 1.658521097278460501e-03
4.002750220440882245e+00 1.728477695037148243e-03
4.003088737474950420e+00 1.798438367204751058e-03
4.003427254509017708e+00 1.868402954402145115e-03
4.003765771543085883e+00 1.941492129281886586e-03
4.004104288577154058e+00 2.027227124133630827e-03
4.004442805611222234e+00 2.112966874407450069e-03
4.004781322645290409e+00 2.198711594189478331e-03
4.005119839679358584e+00 2.289039285728293113e-03
4.005458356713426760e+00 2.396979581518320513e-03
4.005796873747494935e+00 2.504925893806943249e-03
4.006135390781563110e+00 2.612878077810984120e-03
4.006473907815631286e+00 2.726937801658757196e-03
4.006812424849699461e+00 2.863318011687169574e-03
4.007150941883767636e+00 2.999705836244240167e-03
4.007489458917835812e+00 3.136101208673101881e-03
4.007827975951903987e+00 3.280796146216737388e-03
4.008166492985972162e+00 3.454371952205550003e-03
4.008505010020040338e+00 3.627957929151718903e-03
4.008843527054108513e+00 3.801554269495671396e-03
4.009182044088176688e+00 3.986611696393836841e-03
4.009520561122244864e+00 4.209694889511892031e-03
4.009859078156313039e+00 4.432790720797820556e-03
4.010197595190381215e+00 4.655990980043080152e-03
4.010536112224449390e+00 4.895190657702695909e-03
4.010874629258516677e+00 5.184837080799230453e-03
4.011213146292584852e+00 5.474519237865395523e-03
4.011551663326653028e+00 5.764237206195949384e-03
4.011890180360721203e+00 6.076355578392513002e-03
4.012228697394789378e+00 6.456238961975948112e-03
4.012567214428857554e+00 6.836171101317775611e-03
4.012905731462925729e+00 7.216152131211290947e-03
4.013244248496993904e+00 7.628256781883690531e-03
4.013582765531062080e+00 8.133327001337755519e-03
4.013921282565130255e+00 8.638460482734391238e-03
4.014259799599198431e+00 9.143656936627497789e-03
4.014598316633266606e+00 9.696258754559821877e-03
4.014936833667334781e+00 1.038023378203385694e-02
4.015275350701402957e+00 1.106429312198047542e-02
4.015613867735471132e+00 1.174843693880016186e-02
4.015952384769539307e+00 1.250404654478819849e-02
4.016290901803607483e+00 1.344947279008077042e-02
4.016629418837675658e+00 1.439501686727066854e-02
4.016967935871743833e+00 1.534067880578313288e-02
4.017306452905812009e+00 1.639192075894979617e-02
4.017644969939880184e+00 1.771212444721316157e-02
4.017983486973948359e+00 1.903249146033818284e-02
4.018322004008016535e+00 2.036055561600016647e-02
4.018660521042083822e+00 2.185031323924705934e-02
4.018999038076151997e+00 2.373335537904201764e-02
4.019337555110220173e+00 2.560815586604622482e-02
4.019676072144288348e+00 2.748315460124719362e-02
4.020014589178356523e+00 2.960173220608731601e-02
4.020353106212424699e+00 3.230205987659680311e-02
4.020691623246492874e+00 3.500456045294670498e-02
4.021030140280561049e+00 3.770797567287022256e-02
4.021368657314629225e+00 4.076444651904222172e-02
4.021707174348697400e+00 4.464505363321513709e-02
4.022045691382765575e+00 4.852589984750570185e-02
4.022384208416833751e+00 5.240698790406244506e-02
4.022722725450901926e+00 5.682113270980303221e-02
4.023061242484970101e+00 6.239266315723956957e-02
4.023399759519038277e+00 6.796452415560187699e-02
4.023738276553106452e+00 7.353671184096878533e-02
4.024076793587174627e+00 7.984581072649463152e-02
4.024415310621242803e+00 8.769444539881107725e-02
4.024753827655310978e+00 9.554356001831683376e-02
4.025092344689379154e+00 1.033931577219896758e-01
4.025430861723447329e+00 1.120988753325904280e-01
4.025769378757515504e+00 1.225263536275834203e-01
4.026107895791583680e+00 1.329545043627351208e-01
4.026446412825650967e+00 1.433833352965851182e-01
4.026784929859719142e+00 1.545661068859336684e-01
4.027123446893787317e+00 1.672090497475925697e-01
4.027461963927855493e+00 1.798528116768476348e-01
4.027800480961923668e+00 1.924973789033070370e-01
4.028138997995991843e+00 2.055334469119783902e-01
4.028477515030060019e+00 2.192997279422084778e-01
4.028816032064128194e+00 2.330668673782779199e-01
4.029154549098196370e+00 2.468348841458561094e-01
4.029493066132264545e+00 2.603700990102938984e-01
4.029831583166332720e+00 2.734856377800652383e-01
4.030170100200400896e+00 2.866017771762320865e-01
4.030508617234469071e+00 2.997184825584165990e-01
4.030847134268537246e+00 3.119258186141460332e-01
4.031185651302605422e+00 3.225543190946291716e-01
4.031524168336673597e+00 3.331835070782515618e-01
4.031862685370741772e+00 3.438133548648035775e-01
4.032201202404809948e+00 3.530868139789733462e-01
4.032539719438878123e+00 3.600888312195869578e-01
4.032878236472946298e+00 3.670912500748664264e-01
4.033216753507014474e+00 3.740941240784483313e-01
4.033555270541082649e+00 3.797040299612412517e-01
4.033893787575150824e+00 3.830631369696532729e-01
4.034232304609218112e+00 3.864225068902836790e-01
4.034570821643286287e+00 3.897821069405780214e-01
4.034909338677354462e+00 3.920349052995565353e-01
4.035247855711422638e+00 3.925615643553139189e-01
4.035586372745490813e+00 3.930882805766047761e-01
4.035924889779558988e+00 3.936150276936158376e-01
4.036263406813627164e+00 3.936451779124360839e-01
4.036601923847695339e+00 3.929274460203894259e-01
4.036940440881763514e+00 3.922096714658930283e-01
4.037278957915831690e+00 3.914919433368857504e-01
4.037617474949899865e+00 3.907237532336872432e-01
4.037955991983968040e+00 3.898821703168717789e-01
4.038294509018036216e+00 3.890406352848236327e-01
4.038633026052104391e+00 3.881990644991120676e-01
4.038971543086172566e+00 3.875172804080513345e-01
4.039310060120240742e+00 3.870600904650272067e-01
4.039648577154308917e+00 3.866028803690325089e-01
4.039987094188377093e+00 3.861456403140374749e-01
4.040325611222445268e+00 3.859720664574823878e-01
4.040664128256513443e+00 3.861665832188197478e-01
4.041002645290581619e+00 3.863611237048716340e-01
4.041341162324649794e+00 3.865558115362366376e-01
4.041679679358717081e+00 3.870577093074117903e-01
4.042018196392785256e+00 3.879625913531250525e-01
4.042356713426853432e+00 3.888677113172131494e-01
4.042695230460921607e+00 3.897729460446833771e-01
4.043033747494989782e+00 3.909636504634629861e-01
4.043372264529057958e+00 3.925163634301254145e-01
4.043710781563126133e+00 3.940692815677485639e-01
4.044049298597194309e+00 3.956224255507784227e-01
4.044387815631262484e+00 3.973858037332312909e-01
4.044726332665330659e+00 3.994066376883694813e-01
4.045064849699398835e+00 4.014277656932846439e-01
4.045403366733467010e+00 4.034492798493260479e-01
4.045741883767535185e+00 4.055251584090376338e-01
4.046080400801603361e+00 4.076654297448765729e-01
4.046418917835671536e+00 4.098060951830881926e-01
4.046757434869739711e+00 4.119470375415446584e-01
4.047095951903807887e+00 4.139966519069482320e-01
4.047434468937876062e+00 4.159416688324181210e-01
4.047772985971944237e+00 4.178869356334061202e-01
4.048111503006012413e+00 4.198325073459425738e-01
4.048450020040080588e+00 4.215706947369920465e-01
4.048788537074148763e+00 4.230790253282778468e-01
4.049127054108216939e+00 4.245876150762875056e-01
4.049465571142284226e+00 4.260965078631402947e-01
4.049804088176352401e+00 4.273128731640858935e-01
4.050142605210420577e+00 4.282097691412489193e-01
4.050481122244488752e+00 4.290983058475771328e-01
4.050819639278556927e+00 4.299868917211965846e-01
4.051158156312625103e+00 4.305417532256610169e-01
4.051496673346693278e+00 4.307510082517834182e-01
4.051835190380761453e+00 4.309602739031062058e-01
4.052173707414829629e+00 4.311696454915791010e-01
4.052512224448897804e+00 4.310495103532757111e-01
4.052850741482965979e+00 4.305992865441251038e-01
4.053189258517034155e+00 4.301491421065761211e-01
4.053527775551102330e+00 4.296990544863780737e-01
4.053866292585170505e+00 4.289414914280597069e-01
4.054204809619238681e+00 4.278862640048099464e-01
4.054543326653306856e+00 4.268310549418229960e-01
4.054881843687375031e+00 4.257757888859795004e-01
4.055220360721443207e+00 4.245470203313495006e-01
4.055558877755511382e+00 4.231557117894623743e-01
4.055897394789579558e+00 4.217643316691258581e-01
4.056235911823647733e+00 4.203730136387866523e-01
4.056574428857715908e+00 4.189390979828321870e-01
4.056912945891783195e+00 4.174665455065926234e-01
4.057251462925851371e+00 4.159940578603937844e-01
4.057589979959919546e+00 4.145215406505232125e-01
4.057928496993987721e+00 4.130912231787474687e-01
4.058267014028055897e+00 4.116979991427616170e-01
4.058605531062124072e+00 4.103047391240027819e-01
4.058944048096192247e+00 4.089114024603590636e-01
4.059282565130260423e+00 4.076212872462136039e-01
4.059621082164328598e+00 4.064184525570119222e-01
4.059959599198396774e+00 4.052155583061128330e-01
4.060298116232464949e+00 4.041513110539292075e-01
4.060636633266533124e+00 4.032320835371039913e-01
4.060975150300601300e+00 4.024160795875352248e-01
4.061313667334669475e+00 4.014550394808652500e-01
4.061652184368737650e+00 4.004824933238689821e-01
4.061990701402805826e+00 3.996043074867533518e-01
4.062329218436874001e+00 3.988009553274756147e-01
4.062667735470942176e+00 3.979975653713869188e-01
4.063006252505010352e+00 3.971941359001107674e-01
4.063344769539078527e+00 3.963130837774116455e-01
4.063683286573146702e+00 3.953725225864644921e-01
4.064021803607214878e+00 3.944319280455882426e-01
4.064360320641283053e+00 3.934914655022333507e-01
4.064698837675350340e+00 3.921952178120225452e-01
4.065037354709418516e+00 3.906360612742204586e-01
4.065375871743486691e+00 3.890770039358931176e-01
4.065714388777554866e+00 3.875178768693777753e-01
4.066052905811623042e+00 3.853175268138654408e-01
4.066391422845691217e+00 3.826594549263823142e-01
4.066729939879759392e+00 3.800012665321479965e-01
4.067068456913827568e+00 3.773429986240448564e-01
4.067406973947895743e+00 3.737868562509348846e-01
4.067745490981963918e+00 3.696112906822092148e-01
4.068084008016032094e+00 3.654356003398186448e-01
4.068422525050100269e+00 3.612598716255135955e-01
4.068761042084168444e+00 3.560311435348300635e-01
4.069099559118236620e+00 3.501009935592415134e-01
4.069438076152304795e+00 3.441707642193473360e-01
4.069776593186372970e+00 3.382403343383860173e-01
4.070115110220441146e+00 3.312623133491597871e-01
4.070453627254509321e+00 3.236151156549190722e-01
4.070792144288577497e+00 3.159671345413468391e-01
4.071130661322645672e+00 3.083184268623101465e-01
4.071469178356713847e+00 2.996873602255941682e-01
4.071807695390782023e+00 2.904459417639960184e-01
4.072146212424850198e+00 2.812491893465076664e-01
4.072484729458917485e+00 2.721065025869498499e-01
4.072823246492985660e+00 2.622888404007003849e-01
4.073161763527053836e+00 2.520179006806694266e-01
4.073500280561122011e+00 2.416947273169964272e-01
4.073838797595190186e+00 2.313705452267292018e-01
4.074177314629258362e+00 2.211187122452764053e-01
4.074515831663326537e+00 2.109083092530486259e-01
4.074854348697394713e+00 2.006969238242926334e-01
4.075192865731462888e+00 1.904846061892770392e-01
4.075531382765531063e+00 1.807772376906301715e-01
4.075869899799599239e+00 1.713509010921507314e-01
4.076208416833667414e+00 1.619236753017294639e-01
4.076546933867735589e+00 1.524955361838348789e-01
4.076885450901803765e+00 1.438662049031855794e-01
4.077223967935871940e+00 1.356658146000441212e-01
4.077562484969940115e+00 1.274646523994253100e-01
4.077901002004008291e+00 1.192626962958380915e-01
4.078239519038076466e+00 1.119959578843743031e-01
4.078578036072144641e+00 1.052131855479208622e-01
4.078916553106212817e+00 9.842977969128482996e-02
4.079255070140280992e+00 9.164577064235616966e-02
4.079593587174349167e+00 8.579728450757893865e-02
4.079932104208417343e+00 8.041511859475837520e-02
4.080270621242484630e+00 7.503041968774788739e-02
4.080609138276552805e+00 6.964502498209149128e-02
4.080947655310620981e+00 6.510511170316490848e-02
4.081286172344689156e+00 6.097110326587498741e-02
4.081624689378757331e+00 5.683698566580092787e-02
4.081963206412825507e+00 5.270275465002811910e-02
4.082301723446893682e+00 4.927807695043567165e-02
4.082640240480961857e+00 4.618118094654907746e-02
4.082978757515030033e+00 4.308421694799966645e-02
4.083317274549098208e+00 3.998720019335794823e-02
4.083655791583166383e+00 3.743910000982401259e-02
4.083994308617234559e+00 3.513485741621843322e-02
4.084332825651302734e+00 3.283058204383691031e-02
4.084671342685370909e+00 3.052625947694941055e-02
4.085009859719439085e+00 2.863587518293439840e-02
4.085348376753507260e+00 2.692223906643853235e-02
4.085686893787575436e+00 2.520856410349994747e-02
4.086025410821643611e+00 2.349485096476023119e-02
4.086363927855711786e+00 2.208927963493081612e-02
4.086702444889779962e+00 2.081008109912635407e-02
4.087040961923848137e+00 1.953086039167582430e-02
4.087379478957916312e+00 1.825162240826671417e-02
4.087717995991983599e+00 1.720085208017630568e-02
4.088056513026051775e+00 1.624001797827918231e-02
4.088395030060119950e+00 1.527917146829070420e-02
4.088733547094188125e+00 1.431830747571908279e-02
4.089072064128256301e+00 1.353025558806838190e-02
4.089410581162324476e+00 1.280745072792082231e-02
4.089749098196392652e+00 1.208463091445899709e-02
4.090087615230460827e+00 1.136179625434900232e-02
4.090426132264529002e+00 1.076443305752998458e-02
4.090764649298597178e+00 1.021246804581004038e-02
4.091103166332665353e+00 9.660492592172421900e-03
4.091441683366733528e+00 9.108507666966556698e-03
4.091780200400801704e+00 8.649820241640061164e-03
4.092118717434869879e+00 8.223457390669076938e-03
4.092457234468938054e+00 7.797088169372448987e-03
4.092795751503006230e+00 7.370710871764100947e-03
4.093134268537074405e+00 7.015208867033701987e-03
4.093472785571142580e+00 6.683197251282710881e-03
4.093811302605210756e+00 6.351178490187892739e-03
4.094149819639278931e+00 6.019153322186920549e-03
4.094488336673347106e+00 5.741082194762540947e-03
4.094826853707415282e+00 5.480098336013346574e-03
4.095165370741483457e+00 5.219108434906624683e-03
4.095503887775550744e+00 4.958112422136147848e-03
4.095842404809618920e+00 4.738234627335249742e-03
4.096180921843687095e+00 4.530789471429287445e-03
4.096519438877755270e+00 4.323339983979989330e-03
4.096857955911823446e+00 4.115885620752663364e-03
4.097196472945891621e+00 3.940658068148110947e-03
4.097534989979959796e+00 3.774720847302255773e-03
4.097873507014027972e+00 3.608779579652059318e-03
4.098212024048096147e+00 3.442834732250964810e-03
4.098550541082164322e+00 3.302106492571368641e-03
4.098889058116232498e+00 3.168300014099049381e-03
4.099227575150300673e+00 3.034490380285446726e-03
4.099566092184368848e+00 2.900677337486494856e-03
4.099904609218437024e+00 2.786504838029388482e-03
4.100243126252505199e+00 2.677396593760809906e-03
4.100581643286573374e+00 2.568267035681348447e-03
4.100920160320641550e+00 2.459141636044526267e-03
4.101258677354709725e+00 2.365616978220590107e-03
4.101597194388777901e+00 2.275963154871404968e-03
4.101935711422846076e+00 2.186313146307961898e-03
4.102274228456914251e+00 2.096667207253666895e-03
4.102612745490982427e+00 2.019507020977862489e-03
4.102951262525049714e+00 1.945283415669400934e-03
4.103289779559117889e+00 1.871684716191296567e-03
4.103628296593186064e+00 1.798140129253853001e-03
4.103966813627254240e+00 1.734613144037631298e-03
4.104305330661322415e+00 1.672694554559953474e-03
4.104643847695390591e+00 1.610712412246480480e-03
4.104982364729458766e+00 1.548732646835909417e-03
4.105320881763526941e+00 1.494827630419724458e-03
4.105659398797595117e+00 1.442619747212093868e-03
4.105997915831663292e+00 1.390413958192167603e-03
4.106336432865731467e+00 1.338210368523133284e-03
4.106674949899799643e+00 1.292477585497430262e-03
4.107013466933867818e+00 1.248026299070544107e-03
4.107351983967935993e+00 1.203576822495355716e-03
4.107690501002004169e+00 1.159129080763666867e-03
4.108029018036072344e+00 1.120286828145152999e-03
4.108367535070140519e+00 1.082487869674660661e-03
4.108706052104208695e+00 1.044690214337122515e-03
4.109044569138276870e+00 1.006893865486794019e-03
4.109383086172345045e+00 9.739007186610435267e-04
4.109721603206413221e+00 9.417454285350671493e-04
4.110060120240481396e+00 9.095961155720855762e-04
4.110398637274549571e+00 8.774694605469448433e-04
4.110737154308617747e+00 8.494147209179751063e-04
4.111075671342685034e+00 8.220223542174054593e-04
4.111414188376753209e+00 7.946292473977867570e-04
4.111752705410821385e+00 7.672354106664253538e-04
4.112091222444889560e+00 7.432887770803462942e-04
4.112429739478957735e+00 7.198640792886075446e-04
4.112768256513025911e+00 6.964386385909895113e-04
4.113106773547094086e+00 6.730124437720370889e-04
4.113445290581162261e+00 6.526828710086958561e-04
4.113783807615230437e+00 6.327880993452551263e-04
4.114122324649298612e+00 6.128926612954299549e-04
4.114460841683366787e+00 5.929965464044881012e-04
4.114799358717434963e+00 5.757418356980545425e-04
4.115137875751503138e+00 5.588294972355656006e-04
4.115476392785571313e+00 5.419166137355904862e-04
4.115814909819639489e+00 5.250032171157316581e-04
4.116153426853707664e+00 5.104035632197750569e-04
4.116491943887775840e+00 4.960793185427395677e-04
4.116830460921844015e+00 4.817546713657734495e-04
4.117168977955912190e+00 4.674295907861179974e-04
4.117507494989980366e+00 4.550714803306507767e-04
4.117846012024048541e+00 4.429270419881244265e-04
4.118184529058116716e+00 4.308701256723596984e-04
4.118523046092184003e+00 4.188791594550890377e-04
4.118861563126252179e+00 4.084879622098874178e-04
4.119200080160320354e+00 3.981592318833644326e-04
4.119538597194388529e+00 3.877676991721619145e-04
4.119877114228456705e+00 3.773758884969114044e-04
4.120215631262524880e+00 3.682409892675026983e-04
4.120554148296593056e+00 3.592174855400154200e-04
4.120892665330661231e+00 3.501937208106247292e-04
4.121231182364729406e+00 3.411696455520745776e-04
4.121569699398797582e+00 3.332189556693907709e-04
4.121908216432865757e+00 3.253525624834276175e-04
4.122246733466933932e+00 3.174858857032387786e-04
4.122585250501002108e+00 3.096189625470050486e-04
4.122923767535070283e+00 3.025123185490957993e-04
4.123262284569138458e+00 2.954579308412066865e-04
4.123600801603206634e+00 2.884033220847871822e-04
4.123939318637274809e+00 2.813485095742621306e-04
4.124277835671342984e+00 2.748532788349380279e-04
4.124616352705411160e+00 2.683912210510721805e-04
4.124954869739479335e+00 2.619289998356253476e-04
4.125293386773547510e+00 2.554665501824430443e-04
4.125631903807615686e+00 2.494592476031814998e-04
4.125970420841683861e+00 2.434746728744985040e-04
4.126308937875751148e+00 2.374898807677064785e-04
4.126647454909819324e+00 2.315049362733935024e-04
4.126985971943887499e+00 2.259098649681031594e-04
4.127324488977955674e+00 2.203305866717893819e-04
4.127663006012023850e+00 2.147511483413617952e-04
4.128001523046092025e+00 2.091715528012519246e-04
4.128340040080160200e+00 2.039228394215893841e-04
4.128678557114228376e+00 1.986846129646398717e-04
4.129017074148296551e+00 1.934462482077060474e-04
4.129355591182364726e+00 1.882076823651061468e-04
4.129694108216432902e+00 1.835441689447019271e-04
4.130032625250501077e+00 1.788933188119149202e-04
4.130371142284569252e+00 1.742370077019866914e-04
4.130709659318637428e+00 1.695809048867668483e-04
4.131048176352705603e+00 1.656067714439432039e-04
4.131386693386773779e+00 1.616426654246471686e-04
4.131725210420841954e+00 1.576787393425227684e-04
4.132063727454910129e+00 1.537149807571780522e-04
4.132402244488978305e+00 1.501761621302010494e-04
4.132740761523046480e+00 1.466400458299335359e-04
4.133079278557114655e+00 1.431040773248275482e-04
4.133417795591182831e+00 1.395687021501113988e-04
4.133756312625250118e+00 1.362291606681034415e-04
4.134094829659318293e+00 1.328897793060044880e-04
4.134433346693386468e+00 1.295505327088300961e-04
4.134771863727454644e+00 1.262123343855941961e-04
4.135110380761522819e+00 1.229536309498087301e-04
4.135448897795590995e+00 1.196950709818821271e-04
4.135787414829659170e+00 1.164366959203463279e-04
4.136125931863727345e+00 1.131814277604209561e-04
4.136464448897795521e+00 1.100766994552414692e-04
4.136802965931863696e+00 1.069721539756441161e-04
4.137141482965931871e+00 1.038677686033366565e-04
4.137480000000000047e+00 1.007725645461699611e-04
