1.662500000000000089e+00 2.468766777764118983e-05
1.663269539078156445e+00 2.734669369667903016e-05
1.664039078156312801e+00 3.016014281656321144e-05
1.664808617234468935e+00 3.342703320339160508e-05
1.665578156312625291e+00 3.726771669273710650e-05
1.666347695390781647e+00 4.104975303807775560e-05
1.667117234468938003e+00 4.653000444152247740e-05
1.667886773547094359e+00 5.221428982647199739e-05
1.668656312625250493e+00 5.788676026443722163e-05
1.669425851703406849e+00 6.431060858317720608e-05
1.670195390781563205e+00 7.189201811244217842e-05
1.670964929859719561e+00 7.981391784235180762e-05
1.671734468937875917e+00 8.824603108412853872e-05
1.672504008016032051e+00 9.741171332057931411e-05
1.673273547094188407e+00 1.073394800451546520e-04
1.674043086172344763e+00 1.191660478132202788e-04
1.674812625250501119e+00 1.323890120888621743e-04
1.675582164328657475e+00 1.465387556356855458e-04
1.676351703406813609e+00 1.611480823506882356e-04
1.677121242484969965e+00 1.763108118650565982e-04
1.677890781563126321e+00 1.906638718223365868e-04
1.678660320641282677e+00 2.056732338643611118e-04
1.679429859719439033e+00 2.267394149873171053e-04
1.680199398797595167e+00 2.474900878093918687e-04
1.680968937875751523e+00 2.696466597387463943e-04
1.681738476953907879e+00 2.932295157554714736e-04
1.682508016032064235e+00 3.179926558410656060e-04
1.683277555110220591e+00 3.428528541077966851e-04
1.684047094188376725e+00 3.709035301846190904e-04
1.684816633266533081e+00 3.995848697700773869e-04
1.685586172344689437e+00 4.284450292352550674e-04
1.686355711422845793e+00 4.663591144192255709e-04
1.687125250501002149e+00 5.017438223100825724e-04
1.687894789579158505e+00 5.395749487928056280e-04
1.688664328657314639e+00 5.842060299394534603e-04
1.689433867735470995e+00 6.436278293012625586e-04
1.690203406813627351e+00 6.938609889792756715e-04
1.690972945891783707e+00 7.563596628567389665e-04
1.691742484969940064e+00 8.275176913177100533e-04
1.692512024048096198e+00 8.995151635329781030e-04
1.693281563126252554e+00 9.954310816690211186e-04
1.694051102204408910e+00 1.107758111257265039e-03
1.694820641282565266e+00 1.223255979212369525e-03
1.695590180360721622e+00 1.341409206597978746e-03
1.696359719438877756e+00 1.512031732802747138e-03
1.697129258517034112e+00 1.735587669375660610e-03
1.697898797595190468e+00 1.984842464352899565e-03
1.698668336673346824e+00 2.268618988725342941e-03
1.699437875751503180e+00 2.629360654476376596e-03
1.700207414829659314e+00 2.974670824070332377e-03
1.700976953907815670e+00 3.426103251680654403e-03
1.701746492985972026e+00 3.981281002098448728e-03
1.702516032064128382e+00 4.616503034219137172e-03
1.703285571142284738e+00 5.286406711108802489e-03
1.704055110220440872e+00 5.860467916484108503e-03
1.704824649298597228e+00 6.371595635793358796e-03
1.705594188376753584e+00 6.866839414749287447e-03
1.706363727454909940e+00 7.471415833587896106e-03
1.707133266533066296e+00 8.066260112681997857e-03
1.707902805611222430e+00 8.785742820759010266e-03
1.708672344689378786e+00 9.678121418950571750e-03
1.709441883767535142e+00 1.076431078128469408e-02
1.710211422845691498e+00 1.145835256952321135e-02
1.710980961923847854e+00 1.271289309517308064e-02
1.711750501002003988e+00 1.421506389685093900e-02
1.712520040080160344e+00 1.551467143501371153e-02
1.713289579158316700e+00 1.771706876231218114e-02
1.714059118236473056e+00 1.968890408942607431e-02
1.714828657314629412e+00 2.221314264333510910e-02
1.715598196392785546e+00 2.560047894056722770e-02
1.716367735470941902e+00 2.903250804388864820e-02
1.717137274549098258e+00 3.319722839662506142e-02
1.717906813627254614e+00 3.810890179280589790e-02
1.718676352705410970e+00 4.320591834899161626e-02
1.719445891783567104e+00 4.711794891021742898e-02
1.720215430861723460e+00 5.326871845580063991e-02
1.720984969939879816e+00 5.946201774208544066e-02
1.721754509018036172e+00 6.574910693904456593e-02
1.722524048096192528e+00 7.232475264705556794e-02
1.723293587174348662e+00 7.761576417469985556e-02
1.724063126252505018e+00 8.170412129437736037e-02
1.724832665330661374e+00 8.604113148373136732e-02
1.725602204408817730e+00 9.085841270305801409e-02
1.726371743486974086e+00 9.280119633325570327e-02
1.727141282565130442e+00 9.429633375787491167e-02
1.727910821643286576e+00 9.610013492197487517e-02
1.728680360721442932e+00 9.809501832018863166e-02
1.729449899799599288e+00 9.957028348861943212e-02
1.730219438877755644e+00 9.984290573563248117e-02
1.730988977955911778e+00 1.021194235472995815e-01
1.731758517034068134e+00 1.047333449406312039e-01
1.732528056112224490e+00 1.056569914602473875e-01
1.733297595190380846e+00 1.072386940721021115e-01
1.734067134268537203e+00 1.090927002413509400e-01
1.734836673346693559e+00 1.110360712859185389e-01
1.735606212424849693e+00 1.130086131589519149e-01
1.736375751503006049e+00 1.151253674903905816e-01
1.737145290581162405e+00 1.180162662519602668e-01
1.737914829659318761e+00 1.197033326329015046e-01
1.738684368737475117e+00 1.205357321879980403e-01
1.739453907815631251e+00 1.225561474666886641e-01
1.740223446893787607e+00 1.246929222697655687e-01
1.740992985971943963e+00 1.257088697697226476e-01
1.741762525050100319e+00 1.269378138025193115e-01
1.742532064128256675e+00 1.298153295185612011e-01
1.743301603206412809e+00 1.311728414004010024e-01
1.744071142284569165e+00 1.306957004183663118e-01
1.744840681362725521e+00 1.311996156859159546e-01
1.745610220440881877e+00 1.333944993038444771e-01
1.746379759519038233e+00 1.334154603649733983e-01
1.747149298597194367e+00 1.334329630739015671e-01
1.747918837675350723e+00 1.336489414324212033e-01
1.748688376753507079e+00 1.337148760246560375e-01
1.749457915831663435e+00 1.326840480223472063e-01
1.750227454909819791e+00 1.373470307773799470e-01
1.750996993987975925e+00 1.377728742528709360e-01
1.751766533066132281e+00 1.368437254223498767e-01
1.752536072144288637e+00 1.378139636861915318e-01
1.753305611222444993e+00 1.379049151543201290e-01
1.754075150300601349e+00 1.386319479712558311e-01
1.754844689378757483e+00 1.394161532230441258e-01
1.755614228456913839e+00 1.403224765852063016e-01
1.756383767535070195e+00 1.429665206309956027e-01
1.757153306613226551e+00 1.433322988181878199e-01
1.757922845691382907e+00 1.439119944626764402e-01
1.758692384769539041e+00 1.446900625097086723e-01
1.759461923847695397e+00 1.444634786969428986e-01
1.760231462925851753e+00 1.458805896450318107e-01
1.761001002004008109e+00 1.475207552317102655e-01
1.761770541082164465e+00 1.487971160912444357e-01
1.762540080160320599e+00 1.492518927714112653e-01
1.763309619238476955e+00 1.497366716577041568e-01
1.764079158316633311e+00 1.489988325621503240e-01
1.764848697394789667e+00 1.493064304618655913e-01
1.765618236472946023e+00 1.514193107087388468e-01
1.766387775551102379e+00 1.539106716249408480e-01
1.767157314629258513e+00 1.543852890502704911e-01
1.767926853707414869e+00 1.547495129641594525e-01
1.768696392785571225e+00 1.548505920913728073e-01
1.769465931863727581e+00 1.537080633974931831e-01
1.770235470941883715e+00 1.553803946687943582e-01
1.771005010020040071e+00 1.574728657557340761e-01
1.771774549098196427e+00 1.585863738105438292e-01
1.772544088176352783e+00 1.576596993071300301e-01
1.773313627254509139e+00 1.567766375455602323e-01
1.774083166332665495e+00 1.580749480700274490e-01
1.774852705410821629e+00 1.594068710407287592e-01
1.775622244488977985e+00 1.597514760338538675e-01
1.776391783567134341e+00 1.591120168792484746e-01
1.777161322645290698e+00 1.624228543569921357e-01
1.777930861723447054e+00 1.624090663427437131e-01
1.778700400801603188e+00 1.609612804574307998e-01
1.779469939879759544e+00 1.644694896297758946e-01
1.780239478957915900e+00 1.649991564725919180e-01
1.781009018036072256e+00 1.648940253899900954e-01
1.781778557114228612e+00 1.646283263249160855e-01
1.782548096192384746e+00 1.646953167798430318e-01
1.783317635270541102e+00 1.667232331446529547e-01
1.784087174348697458e+00 1.682611252405389890e-01
1.784856713426853814e+00 1.688547772959275717e-01
1.785626252505010170e+00 1.684078924476047900e-01
1.786395791583166304e+00 1.673197932073762217e-01
1.787165330661322660e+00 1.683401647284567815e-01
1.787934869739479016e+00 1.704099501419907847e-01
1.788704408817635372e+00 1.719057891480302580e-01
1.789473947895791728e+00 1.701591273170019458e-01
1.790243486973947862e+00 1.710328401652291830e-01
1.791013026052104218e+00 1.716653604682098766e-01
1.791782565130260574e+00 1.725132608912656462e-01
1.792552104208416930e+00 1.739610606844001761e-01
1.793321643286573286e+00 1.749029507676345685e-01
1.794091182364729420e+00 1.737576609923945914e-01
1.794860721442885776e+00 1.746666261148565602e-01
1.795630260521042132e+00 1.779697194794319093e-01
1.796399799599198488e+00 1.780787941089782833e-01
1.797169338677354844e+00 1.778628544423636604e-01
1.797938877755511200e+00 1.780066920952519394e-01
1.798708416833667334e+00 1.792211844022164324e-01
1.799477955911823690e+00 1.821338402045777904e-01
1.800247494989980046e+00 1.831664429684642659e-01
1.801017034068136402e+00 1.840552122647641786e-01
1.801786573146292536e+00 1.857059832175644021e-01
1.802556112224448892e+00 1.884604814806869200e-01
1.803325651302605248e+00 1.884627765875053484e-01
1.804095190380761604e+00 1.873576036116546550e-01
1.804864729458917960e+00 1.879277133379409770e-01
1.805634268537074316e+00 1.908814169876426603e-01
1.806403807615230450e+00 1.945191197306687381e-01
1.807173346693386806e+00 1.987321627950309755e-01
1.807942885771543162e+00 1.997197089825507865e-01
1.808712424849699518e+00 1.992949184161935949e-01
1.809481963927855652e+00 2.013846032510495099e-01
1.810251503006012008e+00 2.035798805803755440e-01
1.811021042084168364e+00 2.053169992473729832e-01
1.811790581162324720e+00 2.060367533340612678e-01
1.812560120240481076e+00 2.057872312236712353e-01
1.813329659318637432e+00 2.101780600109272312e-01
1.814099198396793566e+00 2.098855053393934855e-01
1.814868737474949922e+00 2.108309232995731475e-01
1.815638276553106278e+00 2.144421613355762257e-01
1.816407815631262634e+00 2.162951486676772117e-01
1.817177354709418768e+00 2.180089538398142790e-01
1.817946893787575124e+00 2.185390801483959589e-01
1.818716432865731480e+00 2.199126908274537107e-01
1.819485971943887836e+00 2.256933268067602416e-01
1.820255511022044193e+00 2.240650223125384422e-01
1.821025050100200549e+00 2.242533706123572834e-01
1.821794589178356683e+00 2.256017424523319992e-01
1.822564128256513039e+00 2.274004650332147048e-01
1.823333667334669395e+00 2.295719419194975908e-01
1.824103206412825751e+00 2.302431131324471358e-01
1.824872745490982107e+00 2.308856110932127059e-01
1.825642284569138241e+00 2.324179953281869382e-01
1.826411823647294597e+00 2.360260025062497491e-01
1.827181362725450953e+00 2.354172982428788530e-01
1.827950901803607309e+00 2.356719449977124070e-01
1.828720440881763665e+00 2.367348111724411619e-01
1.829489979959919799e+00 2.373017201579036006e-01
1.830259519038076155e+00 2.380704015488502856e-01
1.831029058116232511e+00 2.433533899170732817e-01
1.831798597194388867e+00 2.462205712477407160e-01
1.832568136272545223e+00 2.423467246996289792e-01
1.833337675350701357e+00 2.424922710320590036e-01
1.834107214428857713e+00 2.463759575935985102e-01
1.834876753507014069e+00 2.477367150052756373e-01
1.835646292585170425e+00 2.463807003071525614e-01
1.836415831663326781e+00 2.494723994099015130e-01
1.837185370741483137e+00 2.506208184465849587e-01
1.837954909819639271e+00 2.502775399200597439e-01
1.838724448897795627e+00 2.500907541943981904e-01
1.839493987975951983e+00 2.523637236412129559e-01
1.840263527054108339e+00 2.544008450000713184e-01
1.841033066132264473e+00 2.542610910615665798e-01
1.841802605210420829e+00 2.542371995125199402e-01
1.842572144288577185e+00 2.560461063635211532e-01
1.843341683366733541e+00 2.595561597413413857e-01
1.844111222444889897e+00 2.580524991440565907e-01
1.844880761523046253e+00 2.582067807355922784e-01
1.845650300601202387e+00 2.601585870988658566e-01
1.846419839679358743e+00 2.566927694301155416e-01
1.847189378757515099e+00 2.615543909521152455e-01
1.847958917835671455e+00 2.626978719759539005e-01
1.848728456913827589e+00 2.620561582881463791e-01
1.849497995991983945e+00 2.640246548780697533e-01
1.850267535070140301e+00 2.647725646217491402e-01
1.851037074148296657e+00 2.651872255750411522e-01
1.851806613226453013e+00 2.654239444737602205e-01
1.852576152304609369e+00 2.657658975789227718e-01
1.853345691382765503e+00 2.674915224688929061e-01
1.854115230460921859e+00 2.669518366134588372e-01
1.854884769539078215e+00 2.674772274876012768e-01
1.855654308617234571e+00 2.695281479128025515e-01
1.856423847695390705e+00 2.726170647181329065e-01
1.857193386773547061e+00 2.731772038147899373e-01
1.857962925851703417e+00 2.745153981056678849e-01
1.858732464929859773e+00 2.765404008941954594e-01
1.859502004008016129e+00 2.784289799720516267e-01
1.860271543086172485e+00 2.782542808650237398e-01
1.861041082164328619e+00 2.791027369916936895e-01
1.861810621242484975e+00 2.803877814127498369e-01
1.862580160320641331e+00 2.816844311392797673e-01
1.863349699398797688e+00 2.825366936975071130e-01
1.864119238476954044e+00 2.856162172668608723e-01
1.864888777555110178e+00 2.879508907253228167e-01
1.865658316633266534e+00 2.894356396582627999e-01
1.866427855711422890e+00 2.926705080283957261e-01
1.867197394789579246e+00 2.944752405375310467e-01
1.867966933867735602e+00 2.964314719366977213e-01
1.868736472945891736e+00 2.986988987226172343e-01
1.869506012024048092e+00 3.012881376803960287e-01
1.870275551102204448e+00 3.034882324025549583e-01
1.871045090180360804e+00 3.032757382051308737e-01
1.871814629258517160e+00 3.043186104957789628e-01
1.872584168336673294e+00 3.083618780748536015e-01
1.873353707414829650e+00 3.107777048756442118e-01
1.874123246492986006e+00 3.146842913480810133e-01
1.874892785571142362e+00 3.177127643467318463e-01
1.875662324649298718e+00 3.185044246783824695e-01
1.876431863727454852e+00 3.144521381971256413e-01
1.877201402805611208e+00 3.210902292956494541e-01
1.877970941883767564e+00 3.225296991928021106e-01
1.878740480961923920e+00 3.217653885708698924e-01
1.879510020040080276e+00 3.249202570190143358e-01
1.880279559118236410e+00 3.245174057734656059e-01
1.881049098196392766e+00 3.262348806227820530e-01
1.881818637274549122e+00 3.280881432185255298e-01
1.882588176352705478e+00 3.288440221799020513e-01
1.883357715430861834e+00 3.297391024816505034e-01
1.884127254509018190e+00 3.322173778302540681e-01
1.884896793587174324e+00 3.328933251870752619e-01
1.885666332665330680e+00 3.322658775245161400e-01
1.886435871743487036e+00 3.332336734785706356e-01
1.887205410821643392e+00 3.372296237279763242e-01
1.887974949899799526e+00 3.371424368391012782e-01
1.888744488977955882e+00 3.359593777323374164e-01
1.889514028056112238e+00 3.383234149494387388e-01
1.890283567134268594e+00 3.372499086298649806e-01
1.891053106212424950e+00 3.372834954024748200e-01
1.891822645290581306e+00 3.398262527559254287e-01
1.892592184368737440e+00 3.436317771991953540e-01
1.893361723446893796e+00 3.392744777960084446e-01
1.894131262525050152e+00 3.394676488089043431e-01
1.894900801603206508e+00 3.410884844200949284e-01
1.895670340681362642e+00 3.421677890178588810e-01
1.896439879759518998e+00 3.414723121810668283e-01
1.897209418837675354e+00 3.443573347636485482e-01
1.897978957915831710e+00 3.441488619301596441e-01
1.898748496993988066e+00 3.420057275184673617e-01
1.899518036072144422e+00 3.401822283100027766e-01
1.900287575150300556e+00 3.427571245932740651e-01
1.901057114228456912e+00 3.443144831236100711e-01
1.901826653306613268e+00 3.444433734819448700e-01
1.902596192384769624e+00 3.429071928354263665e-01
1.903365731462925758e+00 3.395827017619958976e-01
1.904135270541082114e+00 3.440074877409651788e-01
1.904904809619238470e+00 3.448722429178636140e-01
1.905674348697394827e+00 3.424863990465027985e-01
1.906443887775551183e+00 3.451148530552581306e-01
1.907213426853707539e+00 3.428816287510033645e-01
1.907982965931863673e+00 3.455481711311888526e-01
1.908752505010020029e+00 3.494567593214170098e-01
1.909522044088176385e+00 3.490856867670666941e-01
1.910291583166332741e+00 3.464065931834932055e-01
1.911061122244489097e+00 3.486399583509218192e-01
1.911830661322645231e+00 3.498135260019751280e-01
1.912600200400801587e+00 3.471039120935175415e-01
1.913369739478957943e+00 3.484817767061166305e-01
1.914139278557114299e+00 3.484615499000965344e-01
1.914908817635270655e+00 3.500275464679085125e-01
1.915678356713427011e+00 3.530863922234426799e-01
1.916447895791583145e+00 3.555223830397987728e-01
1.917217434869739501e+00 3.544110885230597474e-01
1.917986973947895857e+00 3.535915154656252835e-01
1.918756513026052213e+00 3.544099834246282610e-01
1.919526052104208347e+00 3.577434303252559067e-01
1.920295591182364703e+00 3.546097428099454496e-01
1.921065130260521059e+00 3.591566987069718109e-01
1.921834669338677415e+00 3.621915506339181134e-01
1.922604208416833771e+00 3.600392477008759751e-01
1.923373747494990127e+00 3.612932746115233296e-01
1.924143286573146261e+00 3.622133595129468087e-01
1.924912825651302617e+00 3.644509454053155295e-01
1.925682364729458973e+00 3.669851516167313421e-01
1.926451903807615329e+00 3.659635852053175764e-01
1.927221442885771463e+00 3.687747537336062420e-01
1.927990981963927819e+00 3.708342063005816147e-01
1.928760521042084175e+00 3.727351354604224731e-01
1.929530060120240531e+00 3.759749003380655763e-01
1.930299599198396887e+00 3.724737929751670840e-01
1.931069138276553243e+00 3.754780741122286658e-01
1.931838677354709377e+00 3.749868718422691982e-01
1.932608216432865733e+00 3.695122561722283261e-01
1.933377755511022089e+00 3.789032120571018680e-01
1.934147294589178445e+00 3.812707125467421077e-01
1.934916833667334579e+00 3.785339842672970079e-01
1.935686372745490935e+00 3.751179796562862934e-01
1.936455911823647291e+00 3.798004102810277893e-01
1.937225450901803647e+00 3.765082730034858827e-01
1.937994989979960003e+00 3.791554609066136727e-01
1.938764529058116359e+00 3.826738679442908686e-01
1.939534068136272493e+00 3.810958930553090540e-01
1.940303607214428849e+00 3.788740610987296198e-01
1.941073146292585205e+00 3.800555539331331723e-01
1.941842685370741561e+00 3.799489098751959171e-01
1.942612224448897695e+00 3.777306289243053672e-01
1.943381763527054051e+00 3.851696439887613566e-01
1.944151302605210407e+00 3.842552539784865329e-01
1.944920841683366763e+00 3.851953169085770012e-01
1.945690380761523119e+00 3.876985978468884264e-01
1.946459919839679475e+00 3.852952477846914303e-01
1.947229458917835609e+00 3.833231007840717797e-01
1.947998997995991965e+00 3.847896998360290644e-01
1.948768537074148322e+00 3.863817531141311434e-01
1.949538076152304678e+00 3.847899009069994936e-01
1.950307615230460812e+00 3.821864818167105549e-01
1.951077154308617168e+00 3.859519189253491911e-01
1.951846693386773524e+00 3.873147580347652830e-01
1.952616232464929880e+00 3.829330795631885609e-01
1.953385771543086236e+00 3.769638299473402898e-01
1.954155310621242592e+00 3.791703476222246794e-01
1.954924849699398948e+00 3.769579390539010699e-01
1.955694388777555082e+00 3.709722180313782536e-01
1.956463927855711438e+00 3.671001264005531728e-01
1.957233466933867794e+00 3.591348442765389115e-01
1.958003006012023928e+00 3.487011668070740811e-01
1.958772545090180284e+00 3.387036557771540557e-01
1.959542084168336640e+00 3.316248760220532610e-01
1.960311623246492996e+00 3.176498777122680472e-01
1.961081162324649352e+00 3.077655895472616865e-01
1.961850701402805708e+00 2.992073369712397457e-01
1.962620240480962064e+00 2.893943036901303612e-01
1.963389779559118198e+00 2.745095528852421474e-01
1.964159318637274554e+00 2.595646931374470667e-01
1.964928857715430910e+00 2.448465888428471571e-01
1.965698396793587266e+00 2.308514004336554848e-01
1.966467935871743400e+00 2.185214536384390283e-01
1.967237474949899756e+00 2.020560743302632634e-01
1.968007014028056112e+00 1.890502469698100985e-01
1.968776553106212468e+00 1.765947178585352828e-01
1.969546092184368824e+00 1.622754850672250559e-01
1.970315631262525180e+00 1.501867145153026328e-01
1.971085170340681314e+00 1.388478399538759234e-01
1.971854709418837670e+00 1.281107037551582895e-01
1.972624248496994026e+00 1.181203438262374283e-01
1.973393787575150382e+00 1.099280638167524499e-01
1.974163326653306516e+00 1.007364546073894473e-01
1.974932865731462872e+00 9.248936173562222196e-02
1.975702404809619228e+00 8.593412687638987690e-02
1.976471943887775584e+00 8.170137329390289582e-02
1.977241482965931940e+00 7.415644861157760781e-02
1.978011022044088296e+00 6.891813843594842004e-02
1.978780561122244430e+00 6.460020283377744532e-02
1.979550100200400786e+00 5.961522692276831348e-02
1.980319639278557142e+00 5.524154828661075739e-02
1.981089178356713498e+00 5.102007543263328143e-02
1.981858717434869632e+00 4.703206981037780926e-02
1.982628256513025988e+00 4.322608647196290316e-02
1.983397795591182344e+00 3.894329928300120647e-02
1.984167334669338700e+00 3.606453791870737474e-02
1.984936873747495056e+00 3.304256411041569391e-02
1.985706412825651412e+00 2.979958635779348178e-02
1.986475951903807546e+00 2.668896093762864949e-02
1.987245490981963902e+00 2.369586860628796268e-02
1.988015030060120258e+00 2.166711360456683930e-02
1.988784569138276614e+00 1.978253253419464883e-02
1.989554108216432748e+00 1.738252012584981868e-02
1.990323647294589104e+00 1.613328913966124642e-02
1.991093186372745460e+00 1.451111525543008485e-02
1.991862725450901817e+00 1.298347260816290309e-02
1.992632264529058173e+00 1.171347133139984467e-02
1.993401803607214529e+00 1.052192601807215057e-02
1.994171342685370885e+00 9.463968454056437968e-03
1.994940881763527019e+00 8.527094751928450747e-03
1.995710420841683375e+00 7.649679424852641289e-03
1.996479959919839731e+00 6.721467366637297845e-03
1.997249498997995865e+00 6.297791809667736135e-03
1.998019038076152221e+00 5.652600692101136630e-03
1.998788577154308577e+00 5.022382007546328728e-03
1.999558116232464933e+00 4.603978042743102350e-03
2.000327655310621289e+00 4.167237200304737058e-03
2.001097194388777645e+00 3.822395516236217969e-03
2.001866733466934001e+00 3.470444122728822377e-03
2.002636272545090357e+00 3.103169636625085787e-03
2.003405811623246713e+00 2.836690805903588006e-03
2.004175350701402625e+00 2.604297457227896379e-03
2.004944889779558981e+00 2.379821687203377382e-03
2.005714428857715337e+00 2.163467666933436943e-03
2.006483967935871693e+00 1.958177635719623826e-03
2.007253507014028049e+00 1.799850618651383351e-03
2.008023046092184405e+00 1.639681458620373270e-03
2.008792585170340761e+00 1.504292446331084894e-03
2.009562124248497117e+00 1.405353955043524544e-03
2.010331663326653473e+00 1.272922501265189629e-03
2.011101202404809385e+00 1.178278156950432302e-03
2.011870741482965741e+00 1.092208685405470989e-03
2.012640280561122097e+00 1.004697447432945871e-03
2.013409819639278453e+00 9.203212489511708623e-04
2.014179358717434809e+00 8.528583017421982430e-04
2.014948897795591165e+00 7.824501049130213768e-04
2.015718436873747521e+00 7.216004748788337145e-04
2.016487975951903877e+00 6.923396217027486758e-04
2.017257515030060233e+00 6.445004523317104982e-04
2.018027054108216589e+00 5.933469339858024562e-04
2.018796593186372945e+00 5.445780356160435237e-04
2.019566132264529301e+00 5.032623649958511232e-04
2.020335671342685213e+00 4.784425895081650861e-04
2.021105210420841569e+00 4.446883830419815376e-04
2.021874749498997925e+00 4.142614569572156341e-04
2.022644288577154281e+00 3.899310141675904314e-04
2.023413827655310637e+00 3.661523479296373176e-04
2.024183366733466993e+00 3.446001876395247683e-04
2.024952905811623349e+00 3.198311037216478286e-04
2.025722444889779705e+00 2.967923477005875469e-04
2.026491983967936061e+00 2.838657278121841710e-04
2.027261523046091973e+00 2.656716038969406850e-04
2.028031062124248329e+00 2.516802328790176675e-04
2.028800601202404685e+00 2.393864333525835418e-04
2.029570140280561041e+00 2.267644864971190785e-04
2.030339679358717397e+00 2.160173722869999902e-04
2.031109218436873753e+00 2.014385338368997799e-04
2.031878757515030109e+00 1.916042643928568144e-04
2.032648296593186465e+00 1.859478029388067792e-04
2.033417835671342822e+00 1.728557419809439142e-04
2.034187374749499178e+00 1.641684878190482490e-04
2.034956913827655534e+00 1.545760829379494417e-04
2.035726452905811446e+00 1.460369778710148708e-04
2.036495991983967802e+00 1.423603993320242205e-04
2.037265531062124158e+00 1.321580898747718542e-04
2.038035070140280514e+00 1.240664396983313619e-04
2.038804609218436870e+00 1.179928119725296500e-04
2.039574148296593226e+00 1.134476199668906095e-04
2.040343687374749582e+00 1.122876854739928115e-04
2.041113226452905938e+00 1.084534927374707525e-04
2.041882765531062294e+00 1.031220125220831083e-04
2.042652304609218206e+00 9.722489643167325237e-05
2.043421843687374562e+00 9.243859623607358672e-05
2.044191382765530918e+00 8.974768585003860667e-05
2.044960921843687274e+00 8.371647141197726706e-05
2.045730460921843630e+00 7.654832841731055819e-05
2.046499999999999986e+00 7.231842778690447291e-05
