2.479999999999999982e+00 4.938113731205357354e-05
2.485249594188376765e+00 5.070067824090214052e-05
2.490499188376753548e+00 5.042110705981392606e-05
2.495748782565130330e+00 9.666251758324061801e-04
2.500998376753507113e+00 1.116132161292532647e-03
2.506247970941883896e+00 3.392841450452379454e-04
2.511497565130260679e+00 2.972630961821226808e-04
2.516747159318637461e+00 2.527010577777870901e-04
2.521996753507013800e+00 2.077050092328400557e-04
2.527246347695390583e+00 1.635080509812218827e-04
2.532495941883767365e+00 1.237736400656515041e-04
2.537745536072144148e+00 8.924349068595783445e-05
2.542995130260520931e+00 6.120605044216500840e-05
2.548244724448897713e+00 4.018580942328266067e-05
2.553494318637274496e+00 2.503704244379322186e-05
2.558743912825651279e+00 1.522560206226343956e-05
2.563993507014028062e+00 9.498178768119063212e-06
2.569243101202404844e+00 5.965023061976663895e-06
2.574492695390781627e+00 4.036527644437844173e-06
2.579742289579158410e+00 2.963204552006135754e-06
2.584991883767535192e+00 2.690070057406161611e-06
2.590241477955911975e+00 2.346414960697647832e-06
2.595491072144288758e+00 2.039464888850309081e-06
2.600740666332665096e+00 1.622116409089491591e-06
2.605990260521041879e+00 2.169088495091781098e-06
2.611239854709418662e+00 2.673893617388930386e-06
2.616489448897795445e+00 1.699891038835006473e-06
2.621739043086172227e+00 1.414725394225745276e-06
2.626988637274549010e+00 1.495377245271445948e-06
2.632238231462925793e+00 1.633714071741876381e-06
2.637487825651302575e+00 1.643156547016781019e-06
2.642737419839679358e+00 1.629275583718562037e-06
2.647987014028056141e+00 1.675071360617329405e-06
2.653236608216432924e+00 1.633123131864752907e-06
2.658486202404809706e+00 2.142588044312547821e-06
2.663735796593186489e+00 3.241331314895604016e-06
2.668985390781563272e+00 2.331725962885461560e-06
2.674234984969940054e+00 1.401260042865626097e-06
2.679484579158316393e+00 1.334892335754013652e-06
2.684734173346693176e+00 9.795544915655076693e-07
2.689983767535069958e+00 9.935247704973139649e-07
2.695233361723446741e+00 6.698115332480766168e-07
2.700482955911823524e+00 7.634242614499734299e-07
2.705732550100200307e+00 1.405259388456710400e-06
2.710982144288577089e+00 1.499583568638286665e-06
2.716231738476953872e+00 8.821341553092926078e-07
2.721481332665330655e+00 8.510593199178165427e-07
2.726730926853707437e+00 1.140796459539583827e-06
2.731980521042084220e+00 1.064013093650239936e-06
2.737230115230461003e+00 1.080890994285735175e-06
2.742479709418837786e+00 1.103850404854361699e-06
2.747729303607214568e+00 1.136377078688118241e-06
2.752978897795591351e+00 9.917046146367538165e-07
2.758228491983968134e+00 6.774323136594550374e-07
2.763478086172344472e+00 6.523848804489943674e-07
2.768727680360721255e+00 8.716654953311380406e-07
2.773977274549098038e+00 1.359801676079330808e-06
2.779226868737474820e+00 1.119654081972675069e-06
2.784476462925851603e+00 8.801645117028565775e-07
2.789726057114228386e+00 1.149710803029421786e-06
2.794975651302605169e+00 8.537795553516433323e-07
2.800225245490981951e+00 7.679750237099939454e-07
2.805474839679358734e+00 1.022881491273167775e-06
2.810724433867735517e+00 1.103145712473439204e-06
2.815974028056112299e+00 1.303299856634524435e-06
2.821223622244489082e+00 1.102461585237871117e-06
2.826473216432865865e+00 8.264818647670486964e-07
2.831722810621242203e+00 6.369817454278027323e-07
2.836972404809618986e+00 5.615681130183588065e-07
2.842221998997995769e+00 5.661595784822681478e-07
2.847471593186372552e+00 6.928065037391665190e-07
2.852721187374749334e+00 8.226746630926852781e-07
2.857970781563126117e+00 5.480853841391698597e-07
2.863220375751502900e+00 3.052342217483882311e-07
2.868469969939879682e+00 6.282754491484003513e-07
2.873719564128256465e+00 9.047552902555644753e-07
2.878969158316633248e+00 6.727500659029961591e-07
2.884218752505010031e+00 6.453706999517025116e-07
2.889468346693386813e+00 5.352047073656688909e-07
2.894717940881763596e+00 2.666474381853988290e-07
2.899967535070140379e+00 2.699977458911721864e-07
2.905217129258517161e+00 2.794529407270016041e-07
2.910466723446893944e+00 7.217438255245690473e-07
2.915716317635270727e+00 7.448230413136093843e-07
2.920965911823647065e+00 8.612364249911955192e-07
2.926215506012023848e+00 1.325230703530470396e-06
2.931465100200400631e+00 1.223870605759355334e-06
2.936714694388777414e+00 1.386703786587019633e-06
2.941964288577154196e+00 1.221576588723665214e-06
2.947213882765530979e+00 1.109364465243909569e-06
2.952463476953907762e+00 1.147881786159402547e-06
2.957713071142284544e+00 1.221705458913721744e-06
2.962962665330661327e+00 1.183925751688387838e-06
2.968212259519038110e+00 9.673599841666439347e-07
2.973461853707414893e+00 1.177361427476834330e-06
2.978711447895791675e+00 1.312818713951404521e-06
2.983961042084168014e+00 1.019407823941704799e-06
2.989210636272544797e+00 9.428362796365131710e-07
2.994460230460921579e+00 1.140495380045974723e-06
2.999709824649298362e+00 9.189472834461376505e-07
3.004959418837675145e+00 9.101535879564418331e-07
3.010209013026051927e+00 8.555914501808277891e-07
3.015458607214428710e+00 8.137316566557946062e-07
3.020708201402805493e+00 8.862423240728256560e-07
3.025957795591182276e+00 8.202739685860007062e-07
3.031207389779559058e+00 1.225348452597648177e-06
3.036456983967935841e+00 1.156492117519947950e-06
3.041706578156312624e+00 1.045727974772127326e-06
3.046956172344689406e+00 1.761624767821413961e-06
3.052205766533066189e+00 2.041348028010675572e-06
3.057455360721442972e+00 1.739434308110395249e-06
3.062704954909819755e+00 1.846586559435870957e-06
3.067954549098196537e+00 1.550236351272615901e-06
3.073204143286573320e+00 1.225238468128946717e-06
3.078453737474950103e+00 1.390088521618168467e-06
3.083703331663326441e+00 1.209844802999323266e-06
3.088952925851703224e+00 9.418789893182421891e-07
3.094202520040080007e+00 1.965189178835268261e-06
3.099452114228456789e+00 2.191200044442736956e-06
3.104701708416833572e+00 1.354166518835525135e-06
3.109951302605210355e+00 1.350501424205725357e-06
3.115200896793587138e+00 1.348737346780298239e-06
3.120450490981963920e+00 1.455375351630779212e-06
3.125700085170340703e+00 2.418707762497465221e-06
3.130949679358717486e+00 3.388058307594481463e-06
3.136199273547094268e+00 3.686815502948079019e-06
3.141448867735471051e+00 4.155091623827059947e-06
3.146698461923847390e+00 4.642775084357503465e-06
3.151948056112224172e+00 4.423838090071325891e-06
3.157197650300600955e+00 4.064762495555373703e-06
3.162447244488977738e+00 3.695043265038208297e-06
3.167696838677354521e+00 2.361604988662063675e-06
3.172946432865731303e+00 1.237512760899237627e-06
3.178196027054108086e+00 6.230416189245715001e-07
3.183445621242484869e+00 2.613581177025178547e-07
3.188695215430861651e+00 5.927918588921329713e-07
3.193944809619238434e+00 1.324754244960846267e-06
3.199194403807615217e+00 1.874752918263864871e-06
3.204443997995992000e+00 2.263018205216092132e-06
3.209693592184368782e+00 2.515620771531584498e-06
3.214943186372745565e+00 2.315976199819781031e-06
3.220192780561122348e+00 2.117497227023693048e-06
3.225442374749499130e+00 1.858836494492173075e-06
3.230691968937875913e+00 1.599152545868456730e-06
3.235941563126252696e+00 1.683403150356695994e-06
3.241191157314629034e+00 2.029960647505392496e-06
3.246440751503005817e+00 3.000443039392343178e-06
3.251690345691382600e+00 3.401112279717744487e-06
3.256939939879759383e+00 2.962258943013593431e-06
3.262189534068136165e+00 3.472145458121377823e-06
3.267439128256512948e+00 3.945813035700440705e-06
3.272688722444889731e+00 3.892973479470204796e-06
3.277938316633266513e+00 3.895960583415961262e-06
3.283187910821643296e+00 3.994940838787363479e-06
3.288437505010020079e+00 3.738889143087798782e-06
3.293687099198396862e+00 3.320359101194887229e-06
3.298936693386773644e+00 2.602767532725804162e-06
3.304186287575149983e+00 2.358994027781446577e-06
3.309435881763526766e+00 3.093147469310648285e-06
3.314685475951903548e+00 3.335139664179758964e-06
3.319935070140280331e+00 2.872122707804127226e-06
3.325184664328657114e+00 2.220018709817224930e-06
3.330434258517033896e+00 2.072853973804929370e-06
3.335683852705410679e+00 3.151554624567127699e-06
3.340933446893787462e+00 3.610841302004713649e-06
3.346183041082164245e+00 3.167637401989841011e-06
3.351432635270541027e+00 3.574750232037276596e-06
3.356682229458917810e+00 4.090212310521869921e-06
3.361931823647294593e+00 4.851588895162003849e-06
3.367181417835671375e+00 5.233948739370810554e-06
3.372431012024048158e+00 5.810047680286874407e-06
3.377680606212424941e+00 6.181402218253566951e-06
3.382930200400801724e+00 6.370152806656263892e-06
3.388179794589178506e+00 7.125081968386953024e-06
3.393429388777555289e+00 7.422958023975982490e-06
3.398678982965932072e+00 7.619801529282378146e-06
3.403928577154308410e+00 7.951400025375599179e-06
3.409178171342685193e+00 8.145211534441946298e-06
3.414427765531061976e+00 7.575554905921465274e-06
3.419677359719438758e+00 6.969605551618189698e-06
3.424926953907815541e+00 6.153144924520639304e-06
3.430176548096192324e+00 6.427244750562733933e-06
3.435426142284569107e+00 7.262528707054342647e-06
3.440675736472945889e+00 7.373809538594933181e-06
3.445925330661322672e+00 6.443770544249863619e-06
3.451174924849699455e+00 5.030908621275611196e-06
3.456424519038076237e+00 5.313634322146346994e-06
3.461674113226452576e+00 6.380172957574273484e-06
3.466923707414829359e+00 6.258511149805264041e-06
3.472173301603206141e+00 5.389820614735110323e-06
3.477422895791582924e+00 5.730074831218836321e-06
3.482672489979959707e+00 5.951596390419522439e-06
3.487922084168336490e+00 6.362487802781045771e-06
3.493171678356713272e+00 6.884679031867009561e-06
3.498421272545090055e+00 5.327369845812666920e-06
3.503670866733466838e+00 4.690035586327716316e-06
3.508920460921843620e+00 5.557133753465085099e-06
3.514170055110220403e+00 5.031132732195649084e-06
3.519419649298597186e+00 4.746167223571942672e-06
3.524669243486973969e+00 5.662750301558333884e-06
3.529918837675350751e+00 6.033501386100094380e-06
3.535168431863727534e+00 6.123397996783989591e-06
3.540418026052104317e+00 6.545812650921755665e-06
3.545667620240481099e+00 6.762491376707442026e-06
3.550917214428857882e+00 7.367459451653480576e-06
3.556166808617234665e+00 7.612539986451007306e-06
3.561416402805611447e+00 8.233560809359528071e-06
3.566665996993988230e+00 8.886775687793142789e-06
3.571915591182364569e+00 1.039160954186420691e-05
3.577165185370741352e+00 1.160892569265295097e-05
3.582414779559118134e+00 1.161882527837592597e-05
3.587664373747494917e+00 1.190590883296333446e-05
3.592913967935871700e+00 1.256411190748100524e-05
3.598163562124248482e+00 1.317343176825713293e-05
3.603413156312625265e+00 1.335193396881837570e-05
3.608662750501001604e+00 1.362580462652196171e-05
3.613912344689378386e+00 1.483499679638188149e-05
3.619161938877755169e+00 1.580599348599877544e-05
3.624411533066131952e+00 1.647413988964786471e-05
3.629661127254508735e+00 1.757909388316633600e-05
3.634910721442885517e+00 1.819221195691752370e-05
3.640160315631262300e+00 1.998690568487806473e-05
3.645409909819639083e+00 2.248892564642699271e-05
3.650659504008015865e+00 2.360710449267497629e-05
3.655909098196392648e+00 2.400074263467288370e-05
3.661158692384769431e+00 2.491113648801412050e-05
3.666408286573146214e+00 2.716519120331009699e-05
3.671657880761522996e+00 2.978799172645717240e-05
3.676907474949899779e+00 3.352222777134411888e-05
3.682157069138276562e+00 3.820952089570873441e-05
3.687406663326653344e+00 4.141541623168272892e-05
3.692656257515030127e+00 4.715559957518980852e-05
3.697905851703406910e+00 5.802758573626559376e-05
3.703155445891783693e+00 7.026535522584859269e-05
3.708405040080160475e+00 8.471979728795698194e-05
3.713654634268537258e+00 1.046633589779377862e-04
3.718904228456914041e+00 1.329883321334851651e-04
3.724153822645290823e+00 1.708256668153907104e-04
3.729403416833667162e+00 2.181438769295825672e-04
3.734653011022043945e+00 2.814531087185213583e-04
3.739902605210420727e+00 3.635753730610497589e-04
3.745152199398797510e+00 4.641363852939238573e-04
3.750401793587174293e+00 5.901503085049329776e-04
3.755651387775551076e+00 7.502023769989406895e-04
3.760900981963927858e+00 9.480075078840886861e-04
3.766150576152304197e+00 1.191138212172088932e-03
3.771400170340680980e+00 1.488831206263352891e-03
3.776649764529057762e+00 1.850779689211145933e-03
3.781899358717434545e+00 2.292085683853393747e-03
3.787148952905811328e+00 2.834730361398686300e-03
3.792398547094188110e+00 3.504616581249296852e-03
3.797648141282564893e+00 4.343838201622985708e-03
3.802897735470941676e+00 5.413609855415227150e-03
3.808147329659318459e+00 6.793845664080450965e-03
3.813396923847695241e+00 8.600258994516489508e-03
3.818646518036072024e+00 1.100528452263161913e-02
3.823896112224448807e+00 1.422300982192313372e-02
3.829145706412825589e+00 1.860061042097709699e-02
3.834395300601202372e+00 2.457688020092002254e-02
3.839644894789579155e+00 3.281209210255615211e-02
3.844894488977955938e+00 4.407568706643583134e-02
3.850144083166332720e+00 5.933476429067287283e-02
3.855393677354709503e+00 7.956611754683856619e-02
3.860643271543086286e+00 1.059311773788418898e-01
3.865892865731463068e+00 1.384535285036753161e-01
3.871142459919839851e+00 1.768229026088538880e-01
3.876392054108216634e+00 2.194577032083959156e-01
3.881641648296593416e+00 2.635815766357506584e-01
3.886891242484969755e+00 3.062954520791907331e-01
3.892140836673346538e+00 3.449548687666912916e-01
3.897390430861723321e+00 3.781802568812346332e-01
3.902640025050100103e+00 4.053504828213845834e-01
3.907889619238476886e+00 4.269399907387682602e-01
3.913139213426853669e+00 4.437613102914182983e-01
3.918388807615230451e+00 4.570402250709338365e-01
3.923638401803606790e+00 4.670958451658804855e-01
3.928887995991983573e+00 4.746341339946912874e-01
3.934137590180360355e+00 4.800460155119566363e-01
3.939387184368737138e+00 4.844978498532777622e-01
3.944636778557113921e+00 4.876990056949548902e-01
3.949886372745490704e+00 4.896392824051510329e-01
3.955135966933867486e+00 4.908288051610301128e-01
3.960385561122244269e+00 4.917151806458654462e-01
3.965635155310621052e+00 4.924152453788511186e-01
3.970884749498997834e+00 4.932750559528609191e-01
3.976134343687374617e+00 4.939089069308875701e-01
3.981383937875751400e+00 4.947423206290269548e-01
3.986633532064128183e+00 4.949647763680778967e-01
3.991883126252504965e+00 4.955193106725510055e-01
3.997132720440881748e+00 4.957426831034950077e-01
4.002382314629258531e+00 4.957562543451524695e-01
4.007631908817635313e+00 4.960607334875342667e-01
4.012881503006012096e+00 4.966191322209400627e-01
4.018131097194388879e+00 4.969767937727326279e-01
4.023380691382765662e+00 4.984115894819725057e-01
4.028630285571142444e+00 4.985618188403256879e-01
4.033879879759519227e+00 4.986274508862893473e-01
4.039129473947896010e+00 4.989164816845188533e-01
4.044379068136272792e+00 4.993679805193719234e-01
4.049628662324648687e+00 4.998003870364209345e-01
4.054878256513026358e+00 4.998342884931242236e-01
4.060127850701402252e+00 5.003398999331114538e-01
4.065377444889779923e+00 5.009566357699367645e-01
4.070627039078155818e+00 5.007933952080028117e-01
4.075876633266533489e+00 5.021082774604822552e-01
4.081126227454909383e+00 5.021510989943260839e-01
4.086375821643286166e+00 5.019748130312914336e-01
4.091625415831662949e+00 5.021910598629305555e-01
4.096875010020039731e+00 5.022088504965318556e-01
4.102124604208416514e+00 5.018919049593867365e-01
4.107374198396793297e+00 5.024258907458887258e-01
4.112623792585170079e+00 5.022141533091633026e-01
4.117873386773546862e+00 5.023227218850028208e-01
4.123122980961923645e+00 5.029237548020439874e-01
4.128372575150300428e+00 5.028134525017263767e-01
4.133622169338677210e+00 5.026043986950102793e-01
4.138871763527053993e+00 5.021694492218810035e-01
4.144121357715430776e+00 5.022475202565467312e-01
4.149370951903807558e+00 5.028842558375933303e-01
4.154620546092184341e+00 5.027081847679010229e-01
4.159870140280561124e+00 5.021893429864188185e-01
4.165119734468937907e+00 5.026105307763101271e-01
4.170369328657314689e+00 5.019742759391080389e-01
4.175618922845691472e+00 5.013747803501061862e-01
4.180868517034068255e+00 5.008727317742998064e-01
4.186118111222445037e+00 5.004144103149078537e-01
4.191367705410821820e+00 4.999407965890625416e-01
4.196617299599198603e+00 4.998534518513672031e-01
4.201866893787574497e+00 4.993020995014323393e-01
4.207116487975952168e+00 4.993034089964187294e-01
4.212366082164328063e+00 4.987548838810684781e-01
4.217615676352705734e+00 4.983351852364735213e-01
4.222865270541081628e+00 4.978027483634699935e-01
4.228114864729459299e+00 4.973521764471821593e-01
4.233364458917835194e+00 4.967248009435195621e-01
4.238614053106212864e+00 4.960220712787126174e-01
4.243863647294588759e+00 4.959232573231215357e-01
4.249113241482965542e+00 4.956912604082642781e-01
4.254362835671342324e+00 4.943332850798996536e-01
4.259612429859719107e+00 4.927916081802424797e-01
4.264862024048095890e+00 4.873191757401199031e-01
4.270111618236472673e+00 4.807669331077189523e-01
4.275361212424849455e+00 4.738596249616019440e-01
4.280610806613226238e+00 4.742564171732152611e-01
4.285860400801603021e+00 4.841641161991732667e-01
4.291109994989979803e+00 4.907234925264483683e-01
4.296359589178356586e+00 4.918430988851090757e-01
4.301609183366733369e+00 4.915966964579455145e-01
4.306858777555110152e+00 4.908951562846611827e-01
4.312108371743486934e+00 4.900895228705144380e-01
4.317357965931863717e+00 4.893156929557649915e-01
4.322607560120240500e+00 4.886814716188407903e-01
4.327857154308617282e+00 4.878326819273744452e-01
4.333106748496994065e+00 4.869618684946702136e-01
4.338356342685370848e+00 4.860320418915716756e-01
4.343605936873747631e+00 4.852617910769660980e-01
4.348855531062124413e+00 4.846502679497941557e-01
4.354105125250501196e+00 4.841595481566830506e-01
4.359354719438877979e+00 4.827626623494679636e-01
4.364604313627253873e+00 4.815305025617117041e-01
4.369853907815631544e+00 4.803026320646277547e-01
4.375103502004007439e+00 4.787419685547543158e-01
4.380353096192385109e+00 4.773164984094240837e-01
4.385602690380761004e+00 4.757919380247487284e-01
4.390852284569138675e+00 4.742713558800270013e-01
4.396101878757514569e+00 4.727123519064499457e-01
4.401351472945891352e+00 4.717241657395906396e-01
4.406601067134268135e+00 4.711221445976169764e-01
4.411850661322644918e+00 4.700360264678566380e-01
4.417100255511021700e+00 4.696798007645203721e-01
4.422349849699398483e+00 4.690096963645290495e-01
4.427599443887775266e+00 4.684914048492531125e-01
4.432849038076152048e+00 4.678435008528697980e-01
4.438098632264528831e+00 4.671687143821443566e-01
4.443348226452905614e+00 4.667766920297390376e-01
4.448597820641282397e+00 4.664709907329228633e-01
4.453847414829659179e+00 4.659008386348537090e-01
4.459097009018035962e+00 4.651804034187161374e-01
4.464346603206412745e+00 4.649787198667403865e-01
4.469596197394789527e+00 4.642840832912997207e-01
4.474845791583166310e+00 4.637393390454581654e-01
4.480095385771543093e+00 4.634741628358401422e-01
4.485344979959919876e+00 4.633494673911927597e-01
4.490594574148296658e+00 4.625914680445796789e-01
4.495844168336672553e+00 4.615249110721856285e-01
4.501093762525050224e+00 4.604452570318973148e-01
4.506343356713426118e+00 4.594351745003925069e-01
4.511592950901803789e+00 4.582907643727026081e-01
4.516842545090179684e+00 4.568848832533691784e-01
4.522092139278557354e+00 4.556930560256631790e-01
4.527341733466933249e+00 4.543653431603127402e-01
4.532591327655310920e+00 4.532714622201469701e-01
4.537840921843686814e+00 4.517504568347883720e-01
4.543090516032064485e+00 4.499418085951704116e-01
4.548340110220440380e+00 4.483167036072978617e-01
4.553589704408818051e+00 4.470316305434713366e-01
4.558839298597193945e+00 4.454310872696839452e-01
4.564088892785571616e+00 4.443688149381532781e-01
4.569338486973947511e+00 4.427042409546723678e-01
4.574588081162325182e+00 4.419010016471621172e-01
4.579837675350701076e+00 4.404154809974022422e-01
4.585087269539077859e+00 4.387724820800721903e-01
4.590336863727454642e+00 4.371630833909984082e-01
4.595586457915831424e+00 4.358071289184909380e-01
4.600836052104208207e+00 4.341058544132214703e-01
4.606085646292584990e+00 4.323130055885811007e-01
4.611335240480961772e+00 4.303713215477266152e-01
4.616584834669338555e+00 4.288320928864783332e-01
4.621834428857715338e+00 4.270847934188717887e-01
4.627084023046092121e+00 4.250824673185455427e-01
4.632333617234468903e+00 4.226034066401084810e-01
4.637583211422845686e+00 4.203688817687464274e-01
4.642832805611222469e+00 4.182849974713819252e-01
4.648082399799599251e+00 4.158133790150390086e-01
4.653331993987976034e+00 4.136759042213827287e-01
4.658581588176351929e+00 4.111265271842788338e-01
4.663831182364729599e+00 4.088266672495270426e-01
4.669080776553105494e+00 4.063088042155386659e-01
4.674330370741483165e+00 4.037750694357740144e-01
4.679579964929859059e+00 4.013997507297621392e-01
4.684829559118236730e+00 3.992314834134897406e-01
4.690079153306612625e+00 3.971975345314955885e-01
4.695328747494990296e+00 3.952728623375436623e-01
4.700578341683366190e+00 3.937443692995362676e-01
4.705827935871743861e+00 3.919213523457527604e-01
4.711077530060119756e+00 3.904674228821168325e-01
4.716327124248497427e+00 3.890915665101584153e-01
4.721576718436873321e+00 3.877100424413418844e-01
4.726826312625250992e+00 3.860401766877089580e-01
4.732075906813626887e+00 3.845865030239957738e-01
4.737325501002003669e+00 3.834008847653900820e-01
4.742575095190380452e+00 3.818713940008859331e-01
4.747824689378757235e+00 3.800045743743220572e-01
4.753074283567134017e+00 3.783496654936375214e-01
4.758323877755510800e+00 3.765719340363480883e-01
4.763573471943887583e+00 3.747860580259705365e-01
4.768823066132264366e+00 3.726749953894718526e-01
4.774072660320641148e+00 3.703120040491645337e-01
4.779322254509017931e+00 3.683393760776662584e-01
4.784571848697394714e+00 3.663735199683611499e-01
4.789821442885771496e+00 3.642345565829366860e-01
4.795071037074148279e+00 3.620321520484308109e-01
4.800320631262525062e+00 3.599118241469790869e-01
4.805570225450901845e+00 3.578713940442209140e-01
4.810819819639278627e+00 3.562830231401481473e-01
4.816069413827655410e+00 3.543091013511090459e-01
4.821319008016031304e+00 3.522166073117614093e-01
4.826568602204408975e+00 3.502555231644682299e-01
4.831818196392784870e+00 3.483931798104282218e-01
4.837067790581162541e+00 3.463280501368586894e-01
4.842317384769538435e+00 3.442382522950672152e-01
4.847566978957916106e+00 3.418796376953459060e-01
4.852816573146292001e+00 3.393283817285522308e-01
4.858066167334669672e+00 3.368928647917422414e-01
4.863315761523045566e+00 3.341125249086275839e-01
4.868565355711423237e+00 3.312636410834283174e-01
4.873814949899799132e+00 3.281139088418391081e-01
4.879064544088176802e+00 3.251571914850475697e-01
4.884314138276552697e+00 3.214095604638370074e-01
4.889563732464930368e+00 3.175712267273028133e-01
4.894813326653306262e+00 3.136287219025656881e-01
4.900062920841683045e+00 3.098233822901062529e-01
4.905312515030059828e+00 3.062683761709845687e-01
4.910562109218436611e+00 3.025506436330844262e-01
4.915811703406813393e+00 2.990358326897756269e-01
4.921061297595190176e+00 2.954101458689797899e-01
4.926310891783566959e+00 2.915561638056475835e-01
4.931560485971943741e+00 2.874711978264564705e-01
4.936810080160320524e+00 2.830138450555230167e-01
4.942059674348697307e+00 2.781753595150793790e-01
4.947309268537074090e+00 2.719388558587728655e-01
4.952558862725450872e+00 2.647493295514495304e-01
4.957808456913827655e+00 2.563785718003865899e-01
4.963058051102204438e+00 2.466847120368706181e-01
4.968307645290581220e+00 2.358470647655874219e-01
4.973557239478957115e+00 2.239617885874789216e-01
4.978806833667334786e+00 2.113242034884899867e-01
4.984056427855710680e+00 1.979697022685094621e-01
4.989306022044088351e+00 1.842352565705892564e-01
4.994555616232464246e+00 1.704643176607302246e-01
4.999805210420841917e+00 1.568238685873015736e-01
5.005054804609217811e+00 1.440427739206387447e-01
5.010304398797595482e+00 1.319367199422080417e-01
5.015553992985971377e+00 1.201647694261483990e-01
5.020803587174349047e+00 1.089525598732849349e-01
5.026053181362724942e+00 9.833696654351854749e-02
5.031302775551102613e+00 8.831491638442912073e-02
5.036552369739478507e+00 7.886143543106322040e-02
5.041801963927856178e+00 6.995915493136478647e-02
5.047051558116232073e+00 6.159955227332291477e-02
5.052301152304608856e+00 5.377809754079201227e-02
5.057550746492985638e+00 4.650185467965652769e-02
5.062800340681362421e+00 3.978501199994310955e-02
5.068049934869739204e+00 3.368638226795300089e-02
5.073299529058115986e+00 2.818650177234260576e-02
5.078549123246492769e+00 2.333742438539075301e-02
5.083798717434869552e+00 1.908805439128887990e-02
5.089048311623246335e+00 1.545320686325654669e-02
5.094297905811623117e+00 1.240133311453317858e-02
5.099547499999999900e+00 9.883649292089832783e-03
