4.609049999999999869e+00 9.167328640367112559e-05
4.609426412825651020e+00 9.254962891579021210e-05
4.609802825651302172e+00 9.342430442617765827e-05
4.610179238476954211e+00 9.430037012089668785e-05
4.610555651302605362e+00 9.493321335019911430e-05
4.610932064128256513e+00 9.521220889019537943e-05
4.611308476953907665e+00 9.549099331246087112e-05
4.611684889779558816e+00 9.576964773880330625e-05
4.612061302605209967e+00 9.595954846448463802e-05
4.612437715430862006e+00 9.612972509906435607e-05
4.612814128256513158e+00 9.629983278646403694e-05
4.613190541082164309e+00 9.642586478992844169e-05
4.613566953907815460e+00 9.640433305419347104e-05
4.613943366733466611e+00 9.638280339059844537e-05
4.614319779559117762e+00 9.636116607284715967e-05
4.614696192384769802e+00 9.622753315605467707e-05
4.615072605210420953e+00 9.603089108186928962e-05
4.615449018036072104e+00 9.583421558775456197e-05
4.615825430861723255e+00 9.565645075005411015e-05
4.616201843687374406e+00 9.583626887659567957e-05
4.616578256513025558e+00 9.601595043128214636e-05
4.616954669338677597e+00 9.619555470604273281e-05
4.617331082164328748e+00 9.671805460381862306e-05
4.617707494989979899e+00 9.764253894276038557e-05
4.618083907815631051e+00 9.856661773059164548e-05
4.618460320641282202e+00 9.949021676281059315e-05
4.618836733466933353e+00 1.010236243167028392e-04
4.619213146292585392e+00 1.026470608941861727e-04
4.619589559118236544e+00 1.042697674347845178e-04
4.619965971943887695e+00 1.059860575974170681e-04
4.620342384769538846e+00 1.079387007495807670e-04
4.620718797595189997e+00 1.098899266717958615e-04
4.621095210420841148e+00 1.118401211196501708e-04
4.621471623246493188e+00 1.139506359936717675e-04
4.621848036072144339e+00 1.161322348207295983e-04
4.622224448897795490e+00 1.183126212961425460e-04
4.622600861723446641e+00 1.205489470451095958e-04
4.622977274549097793e+00 1.232910944905235963e-04
4.623353687374748944e+00 1.260316611487109740e-04
4.623730100200400983e+00 1.287707853155942129e-04
4.624106513026052134e+00 1.317044795448311023e-04
4.624482925851703286e+00 1.348236962501997535e-04
4.624859338677354437e+00 1.379412575069739277e-04
4.625235751503005588e+00 1.410570492857866757e-04
4.625612164328656739e+00 1.445100139407029050e-04
4.625988577154308778e+00 1.479898890331157431e-04
4.626364989979959930e+00 1.514676972088334101e-04
4.626741402805611081e+00 1.551120581509635925e-04
4.627117815631262232e+00 1.590932446995848844e-04
4.627494228456913383e+00 1.630721085328397520e-04
4.627870641282565423e+00 1.670487865496973800e-04
4.628247054108216574e+00 1.714537095788723714e-04
4.628623466933867725e+00 1.760056328834958201e-04
4.628999879759518876e+00 1.805550378743549331e-04
4.629376292585170027e+00 1.852482695349959654e-04
4.629752705410821179e+00 1.907535579443038714e-04
4.630129118236473218e+00 1.962557968780293807e-04
4.630505531062124369e+00 2.017550367862283285e-04
4.630881943887775520e+00 2.075264489916547330e-04
4.631258356713426672e+00 2.135082779577204012e-04
4.631634769539077823e+00 2.194866180031941844e-04
4.632011182364728974e+00 2.254615426853841134e-04
4.632387595190381013e+00 2.320438620132999610e-04
4.632764008016032165e+00 2.386393760006836760e-04
4.633140420841683316e+00 2.452309660897834570e-04
4.633516833667334467e+00 2.521656560836946378e-04
4.633893246492985618e+00 2.596549306201089737e-04
4.634269659318636769e+00 2.671396188635062358e-04
4.634646072144288809e+00 2.746198463964768664e-04
4.635022484969939960e+00 2.832303584607596481e-04
4.635398897795591111e+00 2.921308556096175900e-04
4.635775310621242262e+00 3.010261125515800089e-04
4.636151723446893413e+00 3.102388247664103938e-04
4.636528136272544565e+00 3.207078802090861103e-04
4.636904549098196604e+00 3.311706769498926691e-04
4.637280961923847755e+00 3.416269171314831017e-04
4.637657374749498906e+00 3.536940344415358240e-04
4.638033787575150058e+00 3.667707131898600200e-04
4.638410200400801209e+00 3.798391035197975856e-04
4.638786613226452360e+00 3.929774196954022671e-04
4.639163026052104399e+00 4.092540644754662617e-04
4.639539438877755551e+00 4.255205231530241887e-04
4.639915851703406702e+00 4.417770540842923515e-04
4.640292264529057853e+00 4.597159599655301077e-04
4.640668677354709004e+00 4.798467785286807314e-04
4.641045090180360155e+00 4.999653009716838832e-04
4.641421503006012195e+00 5.200710799512739966e-04
4.641797915831663346e+00 5.448517311951404105e-04
4.642174328657314497e+00 5.704789340246317489e-04
4.642550741482965648e+00 5.960900346184595409e-04
4.642927154308616799e+00 6.229589868871540908e-04
4.643303567134267951e+00 6.535334079626175510e-04
4.643679979959919990e+00 6.840887033897207229e-04
4.644056392785571141e+00 7.146248948372792200e-04
4.644432805611222292e+00 7.492087346907625595e-04
4.644809218436873444e+00 7.858184390846560891e-04
4.645185631262524595e+00 8.224048799343361112e-04
4.645562044088176634e+00 8.596171039134057864e-04
4.645938456913827785e+00 9.047704599593180824e-04
4.646314869739478937e+00 9.498947801079429343e-04
4.646691282565130088e+00 9.949906504541422211e-04
4.647067695390781239e+00 1.044504285182090101e-03
4.647444108216432390e+00 1.098694919245937719e-03
4.647820521042084430e+00 1.152851576223592155e-03
4.648196933867735581e+00 1.206973631232250571e-03
4.648573346693386732e+00 1.270996396118852061e-03
4.648949759519037883e+00 1.336133712602797499e-03
4.649326172344689034e+00 1.401228566799106586e-03
4.649702585170340186e+00 1.469844880342646536e-03
4.650078997995992225e+00 1.546492619698552895e-03
4.650455410821643376e+00 1.623087956756012360e-03
4.650831823647294527e+00 1.699634148094054161e-03
4.651208236472945678e+00 1.786779491536691182e-03
4.651584649298596830e+00 1.878309657309730398e-03
4.651961062124247981e+00 1.969855958495889386e-03
4.652337474949900020e+00 2.062771122141687525e-03
4.652713887775551171e+00 2.170138731473374334e-03
4.653090300601202323e+00 2.277436531761134995e-03
4.653466713426853474e+00 2.384663342435931147e-03
4.653843126252504625e+00 2.501871729886317314e-03
4.654219539078155776e+00 2.627673734817332057e-03
4.654595951903807816e+00 2.753393203557507902e-03
4.654972364729458967e+00 2.879031089436382990e-03
4.655348777555110118e+00 3.025770101378325548e-03
4.655725190380761269e+00 3.173597939707714644e-03
4.656101603206412420e+00 3.321328553774351589e-03
4.656478016032063572e+00 3.477859806016616543e-03
4.656854428857715611e+00 3.650294437472142821e-03
4.657230841683366762e+00 3.822615201519677808e-03
4.657607254509017913e+00 3.994822619863099521e-03
4.657983667334669065e+00 4.190902167241984839e-03
4.658360080160320216e+00 4.394114594003120308e-03
4.658736492985971367e+00 4.597195197165036135e-03
4.659112905811623406e+00 4.806691441108248974e-03
4.659489318637274557e+00 5.046333547035986890e-03
4.659865731462925709e+00 5.285821251207693111e-03
4.660242144288576860e+00 5.525165222489718773e-03
4.660618557114228011e+00 5.789508157166692488e-03
4.660994969939880050e+00 6.071297932878374180e-03
4.661371382765531202e+00 6.352903952557046284e-03
4.661747795591182353e+00 6.634330468025828945e-03
4.662124208416833504e+00 6.966832493450594681e-03
4.662500621242484655e+00 7.299211654499424169e-03
4.662877034068135806e+00 7.631380165094702774e-03
4.663253446893787846e+00 7.988222585845724047e-03
4.663629859719438997e+00 8.380870782446115178e-03
4.664006272545090148e+00 8.773273506948288739e-03
4.664382685370741299e+00 9.165424774851951839e-03
4.664759098196392451e+00 9.623369325696459059e-03
4.665135511022043602e+00 1.009564668393741170e-02
4.665511923847695641e+00 1.056762692955112368e-02
4.665888336673346792e+00 1.106151391768636812e-02
4.666264749498997944e+00 1.162983319363181112e-02
4.666641162324649095e+00 1.219780115651411534e-02
4.667017575150300246e+00 1.276541962510572073e-02
4.667393987975951397e+00 1.341014340549906252e-02
4.667770400801603436e+00 1.409818498792342681e-02
4.668146813627254588e+00 1.478580214589898627e-02
4.668523226452905739e+00 1.548140635722504606e-02
4.668899639278556890e+00 1.633834850394444080e-02
4.669276052104208041e+00 1.719476672159602273e-02
4.669652464929859192e+00 1.805066486227054762e-02
4.670028877755511232e+00 1.900040727649362354e-02
4.670405290581162383e+00 2.006047963123992403e-02
4.670781703406813534e+00 2.111992505206531159e-02
4.671158116232464685e+00 2.217873883405153956e-02
4.671534529058115837e+00 2.348185531967775241e-02
4.671910941883766988e+00 2.482082722025559518e-02
4.672287354709419027e+00 2.615900642324671399e-02
4.672663767535070178e+00 2.760523497718385399e-02
4.673040180360721330e+00 2.933019657069547634e-02
4.673416593186372481e+00 3.105414843590716470e-02
4.673793006012023632e+00 3.277710254335540474e-02
4.674169418837674783e+00 3.482352136920793817e-02
4.674545831663326823e+00 3.701422385697450412e-02
4.674922244488977974e+00 3.920367035285827334e-02
4.675298657314629125e+00 4.145862854734827518e-02
4.675675070140280276e+00 4.430897299042598630e-02
4.676051482965931427e+00 4.715771296115676275e-02
4.676427895791583467e+00 5.000483359133986450e-02
4.676804308617234618e+00 5.326369371097998406e-02
4.677180721442885769e+00 5.691637141051198584e-02
4.677557134268536920e+00 6.056701562909034414e-02
4.677933547094188071e+00 6.421563740467998993e-02
4.678309959919839223e+00 6.878384253945314664e-02
4.678686372745491262e+00 7.342844679401103192e-02
4.679062785571142413e+00 7.807049937149129759e-02
4.679439198396793564e+00 8.307865279059395425e-02
4.679815611222444716e+00 8.882782909315264930e-02
4.680192024048095867e+00 9.457359022918394864e-02
4.680568436873747018e+00 1.003158944258815966e-01
4.680944849699399057e+00 1.068753753573116611e-01
4.681321262525050209e+00 1.137170250121828652e-01
4.681697675350701360e+00 1.205549436100142729e-01
4.682074088176352511e+00 1.275799100397151387e-01
4.682450501002003662e+00 1.356665013151099053e-01
4.682826913827654813e+00 1.437487988912780901e-01
4.683203326653306853e+00 1.518267837574693579e-01
4.683579739478958004e+00 1.599230282639600431e-01
4.683956152304609155e+00 1.680326106500086014e-01
4.684332565130260306e+00 1.761379252252820160e-01
4.684708977955911458e+00 1.842389989068956846e-01
4.685085390781562609e+00 1.926632623407501244e-01
4.685461803607214648e+00 2.010924914972890554e-01
4.685838216432865799e+00 2.095173913649713560e-01
4.686214629258516950e+00 2.177393681699644479e-01
4.686591042084168102e+00 2.256367557519403932e-01
4.686967454909819253e+00 2.335301731816988857e-01
4.687343867735470404e+00 2.414195883015731181e-01
4.687720280561122443e+00 2.478214240223006737e-01
4.688096693386773595e+00 2.538324536191851055e-01
4.688473106212424746e+00 2.598405140347488373e-01
4.688849519038075897e+00 2.656683967980497663e-01
4.689225931863727048e+00 2.707979658491542763e-01
4.689602344689378199e+00 2.759250874749344384e-01
4.689978757515030239e+00 2.810497728710257270e-01
4.690355170340681390e+00 2.849711651751384300e-01
4.690731583166332541e+00 2.881332059429800307e-01
4.691107995991983692e+00 2.912937747279987777e-01
4.691484408817634844e+00 2.944220346676758027e-01
4.691860821643285995e+00 2.962692772064728919e-01
4.692237234468938034e+00 2.981156645497866631e-01
4.692613647294589185e+00 2.999611993414808553e-01
4.692990060120240337e+00 3.014918114139462091e-01
4.693366472945891488e+00 3.026118147911682210e-01
4.693742885771542639e+00 3.037313064325691814e-01
4.694119298597193790e+00 3.048502873305116712e-01
4.694495711422845829e+00 3.052237154317696821e-01
4.694872124248496981e+00 3.054592827639641128e-01
4.695248537074148132e+00 3.056947325896782197e-01
4.695624949899799283e+00 3.058952823951716082e-01
4.696001362725450434e+00 3.059937299100531360e-01
4.696377775551102474e+00 3.060921291059343075e-01
4.696754188376753625e+00 3.061904637720492817e-01
4.697130601202404776e+00 3.062581522739052931e-01
4.697507014028055927e+00 3.063728927154877324e-01
4.697883426853707078e+00 3.064876018117208556e-01
4.698259839679358230e+00 3.065193924175790841e-01
4.698636252505010269e+00 3.066021696961407361e-01
4.699012665330661420e+00 3.066848921205729828e-01
4.699389078156312571e+00 3.067675932423503116e-01
4.699765490981963723e+00 3.068830698704972382e-01
4.700141903807614874e+00 3.070336425951805670e-01
4.700518316633266025e+00 3.071846350638379741e-01
4.700894729458918064e+00 3.073355478115383788e-01
4.701271142284569216e+00 3.075744715849033639e-01
4.701647555110220367e+00 3.078236051801450657e-01
4.702023967935871518e+00 3.080726288583712780e-01
4.702400380761522669e+00 3.083335795321840433e-01
4.702776793587173820e+00 3.086216710188126600e-01
4.703153206412825860e+00 3.089096622623105914e-01
4.703529619238477011e+00 3.091975647280888473e-01
4.703906032064128162e+00 3.094675707804673825e-01
4.704282444889779313e+00 3.097304513553885141e-01
4.704658857715430464e+00 3.099932340156912880e-01
4.705035270541081616e+00 3.102420833562059554e-01
4.705411683366733655e+00 3.103949458390742877e-01
4.705788096192384806e+00 3.105477343489334574e-01
4.706164509018035957e+00 3.107004836626517941e-01
4.706540921843687109e+00 3.107555553721432773e-01
4.706917334669338260e+00 3.107261265698580410e-01
4.707293747494989411e+00 3.106967525610189185e-01
4.707670160320641450e+00 3.106673852944830672e-01
4.708046573146292602e+00 3.105288431938582616e-01
4.708422985971943753e+00 3.103842228184089391e-01
4.708799398797594904e+00 3.102396270771772269e-01
4.709175811623246055e+00 3.100008874097121558e-01
4.709552224448897206e+00 3.095923303138464755e-01
4.709928637274549246e+00 3.091838800243099650e-01
4.710305050100200397e+00 3.087848343799822204e-01
4.710681462925851548e+00 3.083198763330660674e-01
4.711057875751502699e+00 3.078343073510687034e-01
4.711434288577153850e+00 3.073489237891221526e-01
4.711810701402805890e+00 3.068478585959338312e-01
4.712187114228457041e+00 3.062736622698140621e-01
4.712563527054108192e+00 3.056996315878574011e-01
4.712939939879759343e+00 3.051257104354061500e-01
4.713316352705410495e+00 3.045660475932747135e-01
4.713692765531061646e+00 3.040163758925198967e-01
4.714069178356713685e+00 3.034668261590022786e-01
4.714445591182364836e+00 3.029174744641475736e-01
4.714822004008015988e+00 3.024463979167378302e-01
4.715198416833667139e+00 3.019756541162602059e-01
4.715574829659318290e+00 3.015050488942656037e-01
4.715951242484969441e+00 3.010968441644332194e-01
4.716327655310621481e+00 3.007792901004167629e-01
4.716704068136272632e+00 3.004618003236927959e-01
4.717080480961923783e+00 3.001443866149132722e-01
4.717456893787574934e+00 2.999791467995677752e-01
4.717833306613226085e+00 2.998477213461809843e-01
4.718209719438877237e+00 2.997163812711086672e-01
4.718586132264529276e+00 2.995991095964695705e-01
4.718962545090180427e+00 2.995291481789471577e-01
4.719338957915831578e+00 2.994593101587756379e-01
4.719715370741482729e+00 2.993894820207141927e-01
4.720091783567133881e+00 2.992939829376994321e-01
4.720468196392785032e+00 2.991769842498165355e-01
4.720844609218437071e+00 2.990599970688911924e-01
4.721221022044088222e+00 2.989220576771760007e-01
4.721597434869739374e+00 2.983740606966407416e-01
4.721973847695390525e+00 2.978261911211882995e-01
4.722350260521041676e+00 2.972785911192597497e-01
4.722726673346692827e+00 2.965768685219453138e-01
4.723103086172344867e+00 2.956936064326803892e-01
4.723479498997996018e+00 2.948106756289382568e-01
4.723855911823647169e+00 2.939279628594565485e-01
4.724232324649298320e+00 2.915721517430310827e-01
4.724608737474949471e+00 2.889955043677628899e-01
4.724985150300600623e+00 2.864195239954651639e-01
4.725361563126252662e+00 2.835794081898779240e-01
4.725737975951903813e+00 2.800572518921006226e-01
4.726114388777554964e+00 2.765360509876662598e-01
4.726490801603206116e+00 2.730158642138998948e-01
4.726867214428857267e+00 2.685382665662714441e-01
4.727243627254508418e+00 2.636310033255690466e-01
4.727620040080160457e+00 2.587250730583520730e-01
4.727996452905811609e+00 2.536348096852228395e-01
4.728372865731462760e+00 2.468761146141205953e-01
4.728749278557113911e+00 2.401192031465284316e-01
4.729125691382765062e+00 2.333641207929193773e-01
4.729502104208417101e+00 2.264185306868987391e-01
4.729878517034068253e+00 2.192901676215432416e-01
4.730254929859719404e+00 2.121638708982587496e-01
4.730631342685370555e+00 2.050395386871205206e-01
4.731007755511021706e+00 1.969128642736537871e-01
4.731384168336672857e+00 1.887017189697299258e-01
4.731760581162324897e+00 1.804927209912835506e-01
4.732136993987976048e+00 1.723380233417501906e-01
4.732513406813627199e+00 1.642909639740555428e-01
4.732889819639278350e+00 1.562460101407609214e-01
4.733266232464929502e+00 1.482032285800592430e-01
4.733642645290580653e+00 1.407003944385621652e-01
4.734019058116232692e+00 1.333903181712571551e-01
4.734395470941883843e+00 1.261312595288646698e-01
4.734771883767534995e+00 1.189305613948232199e-01
4.735148296593186146e+00 1.120582439192611135e-01
4.735524709418837297e+00 1.051581810758475677e-01
4.735901122244488448e+00 9.825998470041488742e-02
4.736277535070140488e+00 9.206465483779303904e-02
4.736653947895791639e+00 8.641844427539949192e-02
4.737030360721442790e+00 8.077378432052208235e-02
4.737406773547093941e+00 7.513071599246175236e-02
4.737783186372745092e+00 7.045283445904648723e-02
4.738159599198396243e+00 6.580430855849797589e-02
4.738536012024048283e+00 6.115707721432275118e-02
4.738912424849699434e+00 5.688171023940302717e-02
4.739288837675350585e+00 5.320715574009756560e-02
4.739665250501001736e+00 4.953363035294132410e-02
4.740041663326652888e+00 4.586114122282889533e-02
4.740418076152304039e+00 4.284212407535289285e-02
4.740794488977956078e+00 3.999505645697360584e-02
4.741170901803607229e+00 3.714880230721225723e-02
4.741547314629258381e+00 3.443907847582457910e-02
4.741923727454909532e+00 3.226477753557340650e-02
4.742300140280560683e+00 3.009111917426409571e-02
4.742676553106211834e+00 2.791808869336558779e-02
4.743052965931863874e+00 2.606422296150552945e-02
4.743429378757515025e+00 2.441226492891293912e-02
4.743805791583166176e+00 2.276078922356385495e-02
4.744182204408817327e+00 2.111853889267820833e-02
4.744558617234468478e+00 1.984930960444188791e-02
4.744935030060119630e+00 1.858045545872671900e-02
4.745311442885771669e+00 1.731198645035419287e-02
4.745687855711422820e+00 1.618211682409651658e-02
4.746064268537073971e+00 1.523345243284616145e-02
4.746440681362725122e+00 1.428508581465134410e-02
4.746817094188376274e+00 1.333700773522348768e-02
4.747193507014028313e+00 1.256611682409098860e-02
4.747569919839679464e+00 1.182831476324610123e-02
4.747946332665330615e+00 1.109074527497203207e-02
4.748322745490981767e+00 1.039617946593269365e-02
4.748699158316632918e+00 9.827662477150188314e-03
4.749075571142284069e+00 9.259329808890038455e-03
4.749451983967936108e+00 8.691184876797234879e-03
4.749828396793587260e+00 8.208306551664507761e-03
4.750204809619238411e+00 7.768660920416152298e-03
4.750581222444889562e+00 7.329161188202282587e-03
4.750957635270540713e+00 6.896413836481879965e-03
4.751334048096191864e+00 6.546363243401891879e-03
4.751710460921843904e+00 6.196429126250627833e-03
4.752086873747495055e+00 5.846611902035363760e-03
4.752463286573146206e+00 5.534445603375322612e-03
4.752839699398797357e+00 5.262335242509815110e-03
4.753216112224448509e+00 4.990319910030797251e-03
4.753592525050099660e+00 4.718398806875997824e-03
4.753968937875751699e+00 4.494254468388555850e-03
4.754345350701402850e+00 4.275808694845780605e-03
4.754721763527054001e+00 4.057439520515836520e-03
4.755098176352705153e+00 3.851779418166214383e-03
4.755474589178356304e+00 3.674995641215096556e-03
4.755851002004007455e+00 3.498274374081540052e-03
4.756227414829659494e+00 3.321617003465577450e-03
4.756603827655310646e+00 3.170236234812516540e-03
4.756980240480961797e+00 3.028954026796029739e-03
4.757356653306612948e+00 2.887724231834392762e-03
4.757733066132264099e+00 2.749579685577144359e-03
4.758109478957915250e+00 2.632664063078989786e-03
4.758485891783567290e+00 2.515792024828884810e-03
4.758862304609218441e+00 2.398962246127282327e-03
4.759238717434869592e+00 2.293663714632532009e-03
4.759615130260520743e+00 2.198365354104661260e-03
4.759991543086171895e+00 2.103102450730739547e-03
4.760367955911823046e+00 2.007882346505037233e-03
4.760744368737475085e+00 1.928263666560992105e-03
4.761120781563126236e+00 1.849566958176292837e-03
4.761497194388777388e+00 1.770900373434628437e-03
4.761873607214428539e+00 1.696617123229138355e-03
4.762250020040079690e+00 1.630221700964485081e-03
4.762626432865731729e+00 1.563845717257748109e-03
4.763002845691382880e+00 1.497496392525424344e-03
4.763379258517034032e+00 1.439202358422948325e-03
4.763755671342685183e+00 1.383379971569243796e-03
4.764132084168336334e+00 1.327580584909469896e-03
4.764508496993987485e+00 1.273223570050996617e-03
4.764884909819639525e+00 1.225508026559646345e-03
4.765261322645290676e+00 1.177812746630440719e-03
4.765637735470941827e+00 1.130137381809958024e-03
4.766014148296592978e+00 1.086548233284961341e-03
4.766390561122244129e+00 1.045841426763815954e-03
4.766766973947895281e+00 1.005151836067981908e-03
4.767143386773547320e+00 9.644796940308791736e-04
4.767519799599198471e+00 9.296395122036582928e-04
4.767896212424849622e+00 8.948317393143290612e-04
4.768272625250500774e+00 8.600392657009273481e-04
4.768649038076151925e+00 8.271419335238059875e-04
4.769025450901803076e+00 7.969947704363739656e-04
4.769401863727455115e+00 7.668610264152207886e-04
4.769778276553106267e+00 7.367402251455465716e-04
4.770154689378757418e+00 7.099012791204025504e-04
4.770531102204408569e+00 6.838034620348681274e-04
4.770907515030059720e+00 6.577170491547286186e-04
4.771283927855710871e+00 6.325701017048920632e-04
4.771660340681362911e+00 6.105799901730775197e-04
4.772036753507014062e+00 5.885996562545956759e-04
4.772413166332665213e+00 5.666293647500983150e-04
4.772789579158316364e+00 5.467216821792053897e-04
4.773165991983967515e+00 5.279877880318146598e-04
4.773542404809618667e+00 5.092624869619951592e-04
4.773918817635270706e+00 4.907128815619473837e-04
4.774295230460921857e+00 4.754740570840659169e-04
4.774671643286573008e+00 4.602421499383491468e-04
4.775048056112224160e+00 4.450171314645555757e-04
4.775424468937875311e+00 4.307626454665864366e-04
4.775800881763526462e+00 4.176524357653558389e-04
4.776177294589178501e+00 4.045482216268945336e-04
4.776553707414829653e+00 3.914500051729069715e-04
4.776930120240480804e+00 3.801392359169140835e-04
4.777306533066131955e+00 3.691029945057871338e-04
4.777682945891783106e+00 3.580717767979982747e-04
4.778059358717435146e+00 3.476487145659446529e-04
4.778435771543086297e+00 3.387894017731656656e-04
4.778812184368737448e+00 3.299341201736757413e-04
4.779188597194388599e+00 3.210829520595394814e-04
4.779565010020039750e+00 3.131243526143924027e-04
4.779941422845690902e+00 3.055700223237056722e-04
4.780317835671342053e+00 2.980179518059501665e-04
4.780694248496994092e+00 2.906024438021159815e-04
4.781070661322645243e+00 2.843973980966135978e-04
4.781447074148296394e+00 2.781953415688472779e-04
4.781823486973947546e+00 2.719961593099826211e-04
4.782199899799598697e+00 2.660380112526331735e-04
4.782576312625250736e+00 2.603116926629280947e-04
4.782952725450901887e+00 2.545880091345119225e-04
4.783329138276553039e+00 2.488670607788058173e-04
4.783705551102204190e+00 2.435392348840981474e-04
4.784081963927855341e+00 2.382478889502212928e-04
4.784458376753506492e+00 2.329590668557386679e-04
4.784834789579158532e+00 2.278061481909291126e-04
4.785211202404809683e+00 2.229264150579317631e-04
4.785587615230460834e+00 2.180489784357699694e-04
4.785964028056111985e+00 2.131737949722014441e-04
4.786340440881763136e+00 2.085043486037716171e-04
4.786716853707414288e+00 2.039083772033302975e-04
4.787093266533066327e+00 1.993145462693022500e-04
4.787469679358717478e+00 1.947009008764392999e-04
4.787846092184368629e+00 1.899653643148620794e-04
4.788222505010019781e+00 1.852320284244235048e-04
4.788598917835670932e+00 1.805008770931852951e-04
4.788975330661322083e+00 1.758501136862397488e-04
4.789351743486974122e+00 1.712627595703757684e-04
4.789728156312625273e+00 1.666774810846539153e-04
4.790104569138276425e+00 1.620943651694848708e-04
4.790480981963927576e+00 1.577059061016278740e-04
4.790857394789578727e+00 1.533251433382798847e-04
4.791233807615229878e+00 1.489463813859451030e-04
4.791610220440881918e+00 1.447230648496485765e-04
4.791986633266533069e+00 1.407505577655883064e-04
4.792363046092184220e+00 1.367798764501795621e-04
4.792739458917835371e+00 1.328109768609566244e-04
4.793115871743486522e+00 1.290700950866239139e-04
4.793492284569137674e+00 1.253904609916105706e-04
4.793868697394789713e+00 1.217124651447128701e-04
4.794245110220440864e+00 1.180558930503779994e-04
4.794621523046092015e+00 1.144790912827156116e-04
4.794997935871743167e+00 1.109038581743532133e-04
4.795374348697394318e+00 1.073302234119537089e-04
4.795750761523045469e+00 1.040763807241323668e-04
4.796127174348697508e+00 1.010256231613818197e-04
4.796503587174348660e+00 9.797620806536918572e-05
4.796879999999999811e+00 9.493708188524298719e-05
