5.819900000000000073e-01 4.844472879768753565e-05
5.856834068136272942e-01 3.376325839292003850e-04
5.893768136272544700e-01 2.450176910885351828e-04
5.930702204408817568e-01 4.247965778432832628e-05
5.967636272545090437e-01 3.138642798684646414e-05
6.004570340681363305e-01 3.942251011540491676e-05
6.041504408817635063e-01 7.455681005088885666e-05
6.078438476953907932e-01 1.123001023770826742e-04
6.115372545090180800e-01 8.227126639593566448e-05
6.152306613226452559e-01 4.870416970990279444e-05
6.189240681362725427e-01 3.990797770832282690e-05
6.226174749498998295e-01 4.154031643040917692e-05
6.263108817635270054e-01 7.669063233032975238e-05
6.300042885771542922e-01 2.833054233110092641e-04
6.336976953907815791e-01 4.413434832090372016e-04
6.373911022044088659e-01 2.030754704420514607e-04
6.410845090180360417e-01 2.179916476784877534e-04
6.447779158316633286e-01 3.045618372012399880e-04
6.484713226452906154e-01 1.648235271904361125e-04
6.521647294589177912e-01 8.353064926867678091e-05
6.558581362725450781e-01 8.850909724480052567e-05
6.595515430861723649e-01 1.668314769675925810e-04
6.632449498997996518e-01 2.082807405398256193e-04
6.669383567134268276e-01 1.259995002564242412e-04
6.706317635270541144e-01 1.099062576969723505e-04
6.743251703406814013e-01 1.764033645280346275e-04
6.780185771543085771e-01 2.376982259917406748e-04
6.817119839679358639e-01 1.502749050264185176e-04
6.854053907815631508e-01 1.219164481405118038e-04
6.890987975951903266e-01 1.357390887547558871e-04
6.927922044088176134e-01 1.495729818324804407e-04
6.964856112224449003e-01 9.978421701248291328e-05
7.001790180360721871e-01 7.235354011884792514e-05
7.038724248496993630e-01 7.599092428625801355e-05
7.075658316633266498e-01 1.385165170722264122e-04
7.112592384769539366e-01 4.305569024378014774e-04
7.149526452905812235e-01 1.481787431614574845e-03
7.186460521042083993e-01 1.064118523397620999e-03
7.223394589178356862e-01 2.877852795183435128e-04
7.260328657314629730e-01 1.034176928699712388e-04
7.297262725450901488e-01 5.123949628441692495e-05
7.334196793587174357e-01 4.275705577893590409e-05
7.371130861723447225e-01 4.562038496278558047e-05
7.408064929859718983e-01 9.066427677834760764e-05
7.444998997995991852e-01 3.364376204271824259e-04
7.481933066132264720e-01 1.180129696914341804e-03
7.518867134268536478e-01 1.697898219757155817e-03
7.555801202404809347e-01 2.491990656999839866e-03
7.592735270541082215e-01 1.862344113784798305e-04
7.629669338677355084e-01 3.321734213632111609e-05
7.666603406813626842e-01 1.294874673602270591e-05
7.703537474949899710e-01 8.688469232897002914e-06
7.740471543086172579e-01 4.293917913418513637e-06
7.777405611222445447e-01 7.988792210044145636e-06
7.814339679358717206e-01 1.107065599711093515e-05
7.851273747494990074e-01 1.136552139722040588e-05
7.888207815631262942e-01 4.100032503262211482e-05
7.925141883767534701e-01 1.400407976647672942e-04
7.962075951903807569e-01 1.820458943670572366e-05
7.999010020040080438e-01 1.746576112119194906e-03
8.035944088176352196e-01 1.836607266579102192e-03
8.072878156312625064e-01 9.254988827153309188e-04
8.109812224448897933e-01 1.052477985131797114e-03
8.146746292585169691e-01 1.472041097152640421e-03
8.183680360721442559e-01 1.033523709867016464e-03
8.220614428857715428e-01 1.614651297309043637e-03
8.257548496993988296e-01 1.061703569907741004e-03
8.294482565130260054e-01 2.169069980028357002e-04
8.331416633266532923e-01 1.037746302687458629e-03
8.368350701402805791e-01 9.254614755922525729e-04
8.405284769539078660e-01 8.584624211167030811e-04
8.442218837675350418e-01 6.884395091145389381e-04
8.479152905811623286e-01 1.200935363728135264e-03
8.516086973947896155e-01 1.098565533806628372e-03
8.553021042084167913e-01 7.987988685504451934e-04
8.589955110220440782e-01 1.038901296769508551e-03
8.626889178356713650e-01 5.834359925081797956e-04
8.663823246492985408e-01 9.318448449101657347e-04
8.700757314629258277e-01 1.226418568337772413e-03
8.737691382765531145e-01 1.002079217191335350e-03
8.774625450901802903e-01 1.060598305623607638e-03
8.811559519038076882e-01 7.672711689442375397e-04
8.848493587174348640e-01 5.976563380240676243e-04
8.885427655310620398e-01 6.317870000026797961e-04
8.922361723446894377e-01 8.414639734623366495e-04
8.959295791583166135e-01 9.895735877902362906e-04
8.996229859719439004e-01 9.522343036519584402e-04
9.033163927855711872e-01 1.059790221897232484e-03
9.070097995991983630e-01 7.812603092932907242e-04
9.107032064128256499e-01 7.024741829800981111e-04
9.143966132264529367e-01 7.472455124745659358e-04
9.180900200400801126e-01 4.640814649381554981e-04
9.217834268537073994e-01 5.901600669344620430e-04
9.254768336673346862e-01 8.747980806986874061e-04
9.291702404809618621e-01 1.274306813208327289e-03
9.328636472945891489e-01 1.717423564699734496e-03
9.365570541082164358e-01 2.044611963452228152e-03
9.402504609218436116e-01 2.314356391037602524e-03
9.439438677354710094e-01 2.323555728073192599e-03
9.476372745490981853e-01 2.092909123890153347e-03
9.513306813627253611e-01 1.785564972988589339e-03
9.550240881763527589e-01 1.513636873413220065e-03
9.587174949899799348e-01 1.372103221458996708e-03
9.624109018036072216e-01 1.529119228748735456e-03
9.661043086172345085e-01 1.973049667054519851e-03
9.697977154308616843e-01 3.030446419405754491e-03
9.734911222444889711e-01 5.313326934246805078e-03
9.771845290581162580e-01 9.884291692954258121e-03
9.808779358717434338e-01 1.857833766750651566e-02
9.845713426853707206e-01 3.353635075057547626e-02
9.882647494989980075e-01 5.544550947684062647e-02
9.919581563126251833e-01 8.606200348212578177e-02
9.956515631262524701e-01 1.213057826395525507e-01
9.993449699398797570e-01 1.614888790463376578e-01
1.003038376753506933e+00 1.979305171603029656e-01
1.006731783567134331e+00 2.295291611254989539e-01
1.010425190380761507e+00 2.539344547958349851e-01
1.014118597194388682e+00 2.743987446360989235e-01
1.017812004008016080e+00 2.872116317978254951e-01
1.021505410821643256e+00 2.997186303021945331e-01
1.025198817635270654e+00 3.052089178171363271e-01
1.028892224448897830e+00 3.101591560195346431e-01
1.032585631262525006e+00 3.130445008084615233e-01
1.036279038076152403e+00 3.155981523521667054e-01
1.039972444889779579e+00 3.163212255139721263e-01
1.043665851703406755e+00 3.180046583504412272e-01
1.047359258517034153e+00 3.192693706145143251e-01
1.051052665330661329e+00 3.198137613903863086e-01
1.054746072144288505e+00 3.224259317168391981e-01
1.058439478957915902e+00 3.203607718555082084e-01
1.062132885771543078e+00 3.228830112751299164e-01
1.065826292585170254e+00 3.248434639977886285e-01
1.069519699398797652e+00 3.280370418835135693e-01
1.073213106212424828e+00 3.291118248484002917e-01
1.076906513026052004e+00 3.331675633699920924e-01
1.080599919839679401e+00 3.363025395491195391e-01
1.084293326653306577e+00 3.380475171923408850e-01
1.087986733466933753e+00 3.414805290595762655e-01
1.091680140280561151e+00 3.431940056911167991e-01
1.095373547094188327e+00 3.450791663295814105e-01
1.099066953907815503e+00 3.460396833539434724e-01
1.102760360721442900e+00 3.473677980544269683e-01
1.106453767535070076e+00 3.473904909675481489e-01
1.110147174348697252e+00 3.484016481020515421e-01
1.113840581162324650e+00 3.487350689268380322e-01
1.117533987975952048e+00 3.510768043205417799e-01
1.121227394789579002e+00 3.500646737119404994e-01
1.124920801603206399e+00 3.514250462609136427e-01
1.128614208416833797e+00 3.522147715963791503e-01
1.132307615230460751e+00 3.562615666932653635e-01
1.136001022044088149e+00 3.572963774669938308e-01
1.139694428857715547e+00 3.590520558998009926e-01
1.143387835671342501e+00 3.628597266900499552e-01
1.147081242484969898e+00 3.641208756168061167e-01
1.150774649298597296e+00 3.657694925815386244e-01
1.154468056112224472e+00 3.676341952127895052e-01
1.158161462925851648e+00 3.704222520432008392e-01
1.161854869739479046e+00 3.707072584776637258e-01
1.165548276553106222e+00 3.727809435083316303e-01
1.169241683366733398e+00 3.715430261541745049e-01
1.172935090180360795e+00 3.697977734755765744e-01
1.176628496993987971e+00 3.652304255525256615e-01
1.180321903807615147e+00 3.549920048310688525e-01
1.184015310621242545e+00 3.344568444853451838e-01
1.187708717434869721e+00 3.009213259801444273e-01
1.191402124248496897e+00 2.624039617574135397e-01
1.195095531062124294e+00 2.273197111519162372e-01
1.198788937875751470e+00 2.161180210009965297e-01
1.202482344689378646e+00 2.292941241611185788e-01
1.206175751503006044e+00 2.630018330906425672e-01
1.209869158316633220e+00 3.055848319700222859e-01
1.213562565130260396e+00 3.439769688617383414e-01
1.217255971943887793e+00 3.687569492453907083e-01
1.220949378757514969e+00 3.810423513839423793e-01
1.224642785571142145e+00 3.848901665035988073e-01
1.228336192384769543e+00 3.865981904714865802e-01
1.232029599198396719e+00 3.855543985596194267e-01
1.235723006012023895e+00 3.865840614001452846e-01
1.239416412825651292e+00 3.869772220244892535e-01
1.243109819639278690e+00 3.890761870846460857e-01
1.246803226452905644e+00 3.884463778369292575e-01
1.250496633266533042e+00 3.897245688453502277e-01
1.254190040080160440e+00 3.896235200726184122e-01
1.257883446893787394e+00 3.894147238557536528e-01
1.261576853707414791e+00 3.907796025366302439e-01
1.265270260521042189e+00 3.907847629984111393e-01
1.268963667334669365e+00 3.901888199134495583e-01
1.272657074148296541e+00 3.891718333416684383e-01
1.276350480961923939e+00 3.896162297404569541e-01
1.280043887775551115e+00 3.889398701354903620e-01
1.283737294589178290e+00 3.915250443468604180e-01
1.287430701402805688e+00 3.908928777028898849e-01
1.291124108216432864e+00 3.900353135344556410e-01
1.294817515030060040e+00 3.908335755655522048e-01
1.298510921843687438e+00 3.951534924567741691e-01
1.302204328657314614e+00 3.959119643997517923e-01
1.305897735470941790e+00 3.965584142496534348e-01
1.309591142284569187e+00 3.982326510432231403e-01
1.313284549098196363e+00 3.995276371267121318e-01
1.316977955911823539e+00 4.009162307026561400e-01
1.320671362725450937e+00 4.012435031724682633e-01
1.324364769539078113e+00 4.029235191261924531e-01
1.328058176352705289e+00 4.022047026482933885e-01
1.331751583166332686e+00 4.039298035596112779e-01
1.335444989979959862e+00 4.028008594433909462e-01
1.339138396793587038e+00 4.043996398191523900e-01
1.342831803607214436e+00 4.060660657995313616e-01
1.346525210420841612e+00 4.063677044423095741e-01
1.350218617234468788e+00 4.077710533498182244e-01
1.353912024048096185e+00 4.081737736141100581e-01
1.357605430861723361e+00 4.095754596242296430e-01
1.361298837675350537e+00 4.074829283040286021e-01
1.364992244488977935e+00 4.089653439762964693e-01
1.368685651302605333e+00 4.041692234594265187e-01
1.372379058116232287e+00 4.033168369411570531e-01
1.376072464929859684e+00 3.990558481740585361e-01
1.379765871743487082e+00 3.952262582976999172e-01
1.383459278557114036e+00 3.918208424060737882e-01
1.387152685370741434e+00 3.922300191015617443e-01
1.390846092184368832e+00 3.927563959373422398e-01
1.394539498997996008e+00 3.958320049692974352e-01
1.398232905811623183e+00 3.989269126652043584e-01
1.401926312625250581e+00 4.021565362678189981e-01
1.405619719438877757e+00 4.039480585288448555e-01
1.409313126252504933e+00 4.065987463135631308e-01
1.413006533066132331e+00 4.101405903115494800e-01
1.416699939879759507e+00 4.114547424909414941e-01
1.420393346693386682e+00 4.113679149062258733e-01
1.424086753507014080e+00 4.072777094296213263e-01
1.427780160320641256e+00 3.984555583692921954e-01
1.431473567134268432e+00 3.834064287166811247e-01
1.435166973947895830e+00 3.622412222969024764e-01
1.438860380761523006e+00 3.364292961879322141e-01
1.442553787575150182e+00 3.064976551551974460e-01
1.446247194388777579e+00 2.750059649993991107e-01
1.449940601202404755e+00 2.521617333668115801e-01
1.453634008016031931e+00 2.386061406354473557e-01
1.457327414829659329e+00 2.409363800342905482e-01
1.461020821643286505e+00 2.596765348947163154e-01
1.464714228456913681e+00 2.925384903011282178e-01
1.468407635270541078e+00 3.323532782099360983e-01
1.472101042084168254e+00 3.712169015718300713e-01
1.475794448897795430e+00 4.037241523708952617e-01
1.479487855711422828e+00 4.209936433937791489e-01
1.483181262525050226e+00 4.313841888303252547e-01
1.486874669338677180e+00 4.334387761010293771e-01
1.490568076152304577e+00 4.364264139090365813e-01
1.494261482965931975e+00 4.351838644701429004e-01
1.497954889779558929e+00 4.368242683516584401e-01
1.501648296593186327e+00 4.369531554389297634e-01
1.505341703406813725e+00 4.383247478791771345e-01
1.509035110220440679e+00 4.404422536245693465e-01
1.512728517034068076e+00 4.414858195118956941e-01
1.516421923847695474e+00 4.434178038279095735e-01
1.520115330661322650e+00 4.417337044374423094e-01
1.523808737474949826e+00 4.440893058804050164e-01
1.527502144288577224e+00 4.446732343317031932e-01
1.531195551102204400e+00 4.460522969377830882e-01
1.534888957915831575e+00 4.460797707470648965e-01
1.538582364729458973e+00 4.473534951230052070e-01
1.542275771543086149e+00 4.461760329609333331e-01
1.545969178356713325e+00 4.449693270643731435e-01
1.549662585170340723e+00 4.458962855675487891e-01
1.553355991983967899e+00 4.451269993611294273e-01
1.557049398797595074e+00 4.458430690166285681e-01
1.560742805611222472e+00 4.431945297627829516e-01
1.564436212424849648e+00 4.457678199862610824e-01
1.568129619238476824e+00 4.429124550431354224e-01
1.571823026052104222e+00 4.449587150002420888e-01
1.575516432865731398e+00 4.443452433079771446e-01
1.579209839679358574e+00 4.464690560581769940e-01
1.582903246492985971e+00 4.451689453395242246e-01
1.586596653306613147e+00 4.461246250417740811e-01
1.590290060120240545e+00 4.448687453848630957e-01
1.593983466933867721e+00 4.449338406061771889e-01
1.597676873747494897e+00 4.457794830848572087e-01
1.601370280561122295e+00 4.459258144525490297e-01
1.605063687374749470e+00 4.497921407917421233e-01
1.608757094188376646e+00 4.480321879976540411e-01
1.612450501002004044e+00 4.489250815784511239e-01
1.616143907815631220e+00 4.487251585123395170e-01
1.619837314629258396e+00 4.502630657013151905e-01
1.623530721442885794e+00 4.468583874450945403e-01
1.627224128256512969e+00 4.495032394842191636e-01
1.630917535070140145e+00 4.467427619515148551e-01
1.634610941883767543e+00 4.470477103784935569e-01
1.638304348697394719e+00 4.491444790067719572e-01
1.641997755511021895e+00 4.516785716171770049e-01
1.645691162324649293e+00 4.519881664393041731e-01
1.649384569138276468e+00 4.516851703174746824e-01
1.653077975951903866e+00 4.546697481399062934e-01
1.656771382765531042e+00 4.528841492703707949e-01
1.660464789579158218e+00 4.548123345502185222e-01
1.664158196392785616e+00 4.528833724621621482e-01
1.667851603206412792e+00 4.533438007482881171e-01
1.671545010020039967e+00 4.493102317973978743e-01
1.675238416833667365e+00 4.520944354684710564e-01
1.678931823647294541e+00 4.519487821470168920e-01
1.682625230460921717e+00 4.514464197435099635e-01
1.686318637274549115e+00 4.524232229066114663e-01
1.690012044088176291e+00 4.512021262778201369e-01
1.693705450901803466e+00 4.546503284206999673e-01
1.697398857715430864e+00 4.541610837265058209e-01
1.701092264529058040e+00 4.568042163379529286e-01
1.704785671342685216e+00 4.530955112365129822e-01
1.708479078156312614e+00 4.545579953389893291e-01
1.712172484969939790e+00 4.531800028388511814e-01
1.715865891783567188e+00 4.537183284080392176e-01
1.719559298597194363e+00 4.551506561042761856e-01
1.723252705410821539e+00 4.550699532948759285e-01
1.726946112224448937e+00 4.591968697993724091e-01
1.730639519038076113e+00 4.553660964354509511e-01
1.734332925851703289e+00 4.565043369975340104e-01
1.738026332665330687e+00 4.557868699899934595e-01
1.741719739478957862e+00 4.570740221039391038e-01
1.745413146292585038e+00 4.567475664061431684e-01
1.749106553106212436e+00 4.574231807820763329e-01
1.752799959919839612e+00 4.578756600931465637e-01
1.756493366733466788e+00 4.589056156509991324e-01
1.760186773547094186e+00 4.595196725648921787e-01
1.763880180360721361e+00 4.585111111695965302e-01
1.767573587174348537e+00 4.602134554987903359e-01
1.771266993987975935e+00 4.586441986550108818e-01
1.774960400801603111e+00 4.615710619473339937e-01
1.778653807615230509e+00 4.591741578316702599e-01
1.782347214428857685e+00 4.629411251059343813e-01
1.786040621242484860e+00 4.612790791357808118e-01
1.789734028056112258e+00 4.631953995990636952e-01
1.793427434869739434e+00 4.609619440529591494e-01
1.797120841683366610e+00 4.602824664737735216e-01
1.800814248496994008e+00 4.626936464017263329e-01
1.804507655310621184e+00 4.624065699132972607e-01
1.808201062124248359e+00 4.650441024603431672e-01
1.811894468937875757e+00 4.644972642522990913e-01
1.815587875751502933e+00 4.681368359014541070e-01
1.819281282565130109e+00 4.645791293090485996e-01
1.822974689378757507e+00 4.648732185515423443e-01
1.826668096192384683e+00 4.634192906771247289e-01
1.830361503006011858e+00 4.634575148770984088e-01
1.834054909819639256e+00 4.641781169699614185e-01
1.837748316633266432e+00 4.645518817328888050e-01
1.841441723446893830e+00 4.653237783640572500e-01
1.845135130260521006e+00 4.643628335929105844e-01
1.848828537074148182e+00 4.659098418710562184e-01
1.852521943887775580e+00 4.637008652811676623e-01
1.856215350701402755e+00 4.654923978428002207e-01
1.859908757515029931e+00 4.630321376588574789e-01
1.863602164328657329e+00 4.652872304624897093e-01
1.867295571142284505e+00 4.626148964058436897e-01
1.870988977955911681e+00 4.649114682080504046e-01
1.874682384769539079e+00 4.662957715992929186e-01
1.878375791583166254e+00 4.667582653572945883e-01
1.882069198396793430e+00 4.648210454060660024e-01
1.885762605210420828e+00 4.647923568686900264e-01
1.889456012024048004e+00 4.647876904645195095e-01
1.893149418837675180e+00 4.633664884003839690e-01
1.896842825651302578e+00 4.659513616266524605e-01
1.900536232464929753e+00 4.634766812059937235e-01
1.904229639278557151e+00 4.651752905343538025e-01
1.907923046092184327e+00 4.644460541594643277e-01
1.911616452905811503e+00 4.684699359154705922e-01
1.915309859719438901e+00 4.669283906704657650e-01
1.919003266533066077e+00 4.675590328701259568e-01
1.922696673346693252e+00 4.665256900392344974e-01
1.926390080160320650e+00 4.651467028917524726e-01
1.930083486973947826e+00 4.661727766715498267e-01
1.933776893787575002e+00 4.632427009655204486e-01
1.937470300601202400e+00 4.659966700955284202e-01
1.941163707414829576e+00 4.653313098500536649e-01
1.944857114228456751e+00 4.695531408141080387e-01
1.948550521042084149e+00 4.680738406379438277e-01
1.952243927855711325e+00 4.696894767742506582e-01
1.955937334669338723e+00 4.684980294983862592e-01
1.959630741482965899e+00 4.645945585186228022e-01
1.963324148296593075e+00 4.685557095293642060e-01
1.967017555110220473e+00 4.705233673803000394e-01
1.970710961923847648e+00 4.700434732600463072e-01
1.974404368737474824e+00 4.695129232508677974e-01
1.978097775551102222e+00 4.710994870640370924e-01
1.981791182364729398e+00 4.712872424576503017e-01
1.985484589178356574e+00 4.728194558729229557e-01
1.989177995991983972e+00 4.735889502423770714e-01
1.992871402805611147e+00 4.737563472992272207e-01
1.996564809619238323e+00 4.680821987394342965e-01
2.000258216432865943e+00 4.714603293607700918e-01
2.003951623246492897e+00 4.698154580460415786e-01
2.007645030060119851e+00 4.714214617463769463e-01
2.011338436873747249e+00 4.697956011633273588e-01
2.015031843687374646e+00 4.695587886372324937e-01
2.018725250501002044e+00 4.691796517562108471e-01
2.022418657314629442e+00 4.696710536980546746e-01
2.026112064128256396e+00 4.686634114372038029e-01
2.029805470941883794e+00 4.689093382348978323e-01
2.033498877755510748e+00 4.700018930416455798e-01
2.037192284569138145e+00 4.697752773368357726e-01
2.040885691382765543e+00 4.689752800479769501e-01
2.044579098196392941e+00 4.686050804441103668e-01
2.048272505010019895e+00 4.682999658832417977e-01
2.051965911823647293e+00 4.671404031936972623e-01
2.055659318637274247e+00 4.683147696270665294e-01
2.059352725450901644e+00 4.697894137021579319e-01
2.063046132264529042e+00 4.702546947474616768e-01
2.066739539078156440e+00 4.689573759176808299e-01
2.070432945891783394e+00 4.695260457957557976e-01
2.074126352705410792e+00 4.727519510789818247e-01
2.077819759519037746e+00 4.708880140726101060e-01
2.081513166332665143e+00 4.742102307744976430e-01
2.085206573146292541e+00 4.745349151413137401e-01
2.088899979959919939e+00 4.746129558927369985e-01
2.092593386773547337e+00 4.724825053283220888e-01
2.096286793587174291e+00 4.716519635383856213e-01
2.099980200400801245e+00 4.720835128326777985e-01
2.103673607214428642e+00 4.698086360618568547e-01
2.107367014028056040e+00 4.707080905349493860e-01
2.111060420841683438e+00 4.702316802120443118e-01
2.114753827655310836e+00 4.699603504208586524e-01
2.118447234468937790e+00 4.711226760008628278e-01
2.122140641282564744e+00 4.739528237612878336e-01
2.125834048096192141e+00 4.758632949715031479e-01
2.129527454909819539e+00 4.753524792055171533e-01
2.133220861723446937e+00 4.758706411566513972e-01
2.136914268537074335e+00 4.748809471381468250e-01
2.140607675350701289e+00 4.714583168286330395e-01
2.144301082164328687e+00 4.709291176022729619e-01
2.147994488977955641e+00 4.708030926435004537e-01
2.151687895791583038e+00 4.698903971254950740e-01
2.155381302605210436e+00 4.687744166082975505e-01
2.159074709418837834e+00 4.677809926804202822e-01
2.162768116232464788e+00 4.676690826740264040e-01
2.166461523046092186e+00 4.645153916939008254e-01
2.170154929859719140e+00 4.632468601259890906e-01
2.173848336673346537e+00 4.635204939503656529e-01
2.177541743486973935e+00 4.573270951198555312e-01
2.181235150300601333e+00 4.514446105115192953e-01
2.184928557114228287e+00 4.444154457946561387e-01
2.188621963927855685e+00 4.350194003065617765e-01
2.192315370741482639e+00 4.257410611969267844e-01
2.196008777555110036e+00 4.147580762066023219e-01
2.199702184368737434e+00 4.024446162859102172e-01
2.203395591182364832e+00 3.877386171549798144e-01
2.207088997995992230e+00 3.786065805169098186e-01
2.210782404809619184e+00 3.699714681319884457e-01
2.214475811623246138e+00 3.674776562908743660e-01
2.218169218436873535e+00 3.675281290347174878e-01
2.221862625250500933e+00 3.684659980703424154e-01
2.225556032064128331e+00 3.717052407177706130e-01
2.229249438877755729e+00 3.743349246237585581e-01
2.232942845691382683e+00 3.788339830342868919e-01
2.236636252505009637e+00 3.833906694073420662e-01
2.240329659318637034e+00 3.870834182128916057e-01
2.244023066132264432e+00 3.865327661692056771e-01
2.247716472945891830e+00 3.887359324057149124e-01
2.251409879759519228e+00 3.900575817525676614e-01
2.255103286573146182e+00 3.900454277254608026e-01
2.258796693386773136e+00 3.918796401398416673e-01
2.262490100200400533e+00 3.948026911587776966e-01
2.266183507014027931e+00 3.967223768123403493e-01
2.269876913827655329e+00 4.009138176942995679e-01
2.273570320641282727e+00 4.067234415937208136e-01
2.277263727454909681e+00 4.100492464548265437e-01
2.280957134268537079e+00 4.117881525922971186e-01
2.284650541082164033e+00 4.180080480825649758e-01
2.288343947895791430e+00 4.209745482303334785e-01
2.292037354709418828e+00 4.224159768129071013e-01
2.295730761523046226e+00 4.269593636950360094e-01
2.299424168336673180e+00 4.287574616013795636e-01
2.303117575150300578e+00 4.273070947962747668e-01
2.306810981963927532e+00 4.268977742272391240e-01
2.310504388777554929e+00 4.241504948505972483e-01
2.314197795591182327e+00 4.111132916746836341e-01
2.317891202404809725e+00 3.934370549605651357e-01
2.321584609218437123e+00 3.635170854445310962e-01
2.325278016032064077e+00 3.259070422652039500e-01
2.328971422845691031e+00 2.868624065952306013e-01
2.332664829659318428e+00 2.473707854678775797e-01
2.336358236472945826e+00 2.080903047606217082e-01
2.340051643286573224e+00 1.781745010986984235e-01
2.343745050100200622e+00 1.629358914997310059e-01
2.347438456913827576e+00 1.583293499619249090e-01
2.351131863727454530e+00 1.564504078218289795e-01
2.354825270541081927e+00 1.490551810360016272e-01
2.358518677354709325e+00 1.328734088976372130e-01
2.362212084168336723e+00 1.076024780665708336e-01
2.365905490981964121e+00 7.683926689284860390e-02
2.369598897795591075e+00 4.744115984172129347e-02
2.373292304609218029e+00 2.615269778823803987e-02
2.376985711422845426e+00 1.840594519267171880e-02
2.380679118236472824e+00 1.511496655087448890e-02
2.384372525050100222e+00 1.058164062008249730e-02
2.388065931863727620e+00 7.881158330967941508e-03
2.391759338677354574e+00 5.756272537553898741e-03
2.395452745490981972e+00 4.062910910444042512e-03
2.399146152304608925e+00 2.774780262318486939e-03
2.402839559118236323e+00 1.811717462500518584e-03
2.406532965931863721e+00 1.135533802113749104e-03
2.410226372745491119e+00 6.925178129043049833e-04
2.413919779559118073e+00 4.104807984619864838e-04
2.417613186372745471e+00 2.444008051172489432e-04
2.421306593186372424e+00 1.469022540266384531e-04
2.424999999999999822e+00 9.138791429309286584e-05
