1.688399999999999901e+00 2.212807112753937356e-05
1.689626452905811593e+00 2.449134230077723082e-05
1.690852905811623064e+00 2.716297163964291828e-05
1.692079358717434756e+00 3.029105773916336352e-05
1.693305811623246449e+00 3.390139626531600412e-05
1.694532264529057919e+00 3.823777522326731392e-05
1.695758717434869611e+00 4.315126945492501424e-05
1.696985170340681304e+00 4.912056307115294688e-05
1.698211623246492774e+00 5.600550480256505446e-05
1.699438076152304467e+00 6.420344872022061631e-05
1.700664529058116159e+00 7.413450999058908495e-05
1.701890981963927851e+00 8.560659387626654330e-05
1.703117434869739322e+00 9.934546449867992187e-05
1.704343887775551014e+00 1.154862678749629055e-04
1.705570340681362707e+00 1.345287619533261955e-04
1.706796793587174177e+00 1.570300505316170640e-04
1.708023246492985869e+00 1.832797429562929006e-04
1.709249699398797562e+00 2.137631412479949961e-04
1.710476152304609032e+00 2.500352060527119081e-04
1.711702605210420725e+00 2.918426596665038781e-04
1.712929058116232417e+00 3.404893131959416466e-04
1.714155511022043887e+00 3.971510145132938797e-04
1.715381963927855580e+00 4.629702828738699381e-04
1.716608416833667272e+00 5.439701029356109468e-04
1.717834869739478965e+00 6.374228737645086735e-04
1.719061322645290435e+00 7.469759069629901532e-04
1.720287775551102127e+00 8.773714557883577391e-04
1.721514228456913820e+00 1.035532617896474687e-03
1.722740681362725290e+00 1.231118897954236804e-03
1.723967134268536983e+00 1.466171914143409027e-03
1.725193587174348675e+00 1.749329693798323902e-03
1.726420040080160145e+00 2.101017686779958153e-03
1.727646492985971838e+00 2.547886283281790027e-03
1.728872945891783530e+00 3.107620715302054307e-03
1.730099398797595001e+00 3.797842719837185143e-03
1.731325851703406693e+00 4.629779639215352190e-03
1.732552304609218385e+00 5.673790976775674837e-03
1.733778757515029856e+00 6.866326730864686333e-03
1.735005210420841548e+00 8.125755177925729836e-03
1.736231663326653241e+00 9.428964962948463771e-03
1.737458116232464711e+00 1.076119897827495890e-02
1.738684569138276403e+00 1.226860716635063547e-02
1.739911022044088096e+00 1.391186217532629048e-02
1.741137474949899788e+00 1.583528597473927643e-02
1.742363927855711259e+00 1.810809594448845733e-02
1.743590380761522951e+00 2.082600814307132911e-02
1.744816833667334643e+00 2.400847304096299928e-02
1.746043286573146114e+00 2.780777120883081571e-02
1.747269739478957806e+00 3.237795498683745249e-02
1.748496192384769499e+00 3.795352091531890848e-02
1.749722645290580969e+00 4.444834432933304075e-02
1.750949098196392661e+00 5.175035136415478271e-02
1.752175551102204354e+00 5.965825645228722135e-02
1.753402004008015824e+00 6.791703823156285125e-02
1.754628456913827517e+00 7.635560519834692916e-02
1.755854909819639209e+00 8.453710276301362736e-02
1.757081362725450902e+00 9.221411446594793282e-02
1.758307815631262372e+00 9.927466418781510926e-02
1.759534268537074064e+00 1.056001001398154948e-01
1.760760721442885757e+00 1.113646804841913890e-01
1.761987174348697227e+00 1.167918198114237388e-01
1.763213627254508920e+00 1.219303651840762392e-01
1.764440080160320612e+00 1.268520751378779676e-01
1.765666533066132082e+00 1.317056156775505416e-01
1.766892985971943775e+00 1.364462031571409273e-01
1.768119438877755467e+00 1.408173723266574751e-01
1.769345891783566938e+00 1.448171030586426766e-01
1.770572344689378630e+00 1.485317123627146185e-01
1.771798797595190322e+00 1.518710598966933056e-01
1.773025250501001793e+00 1.547577770043178369e-01
1.774251703406813485e+00 1.571138685667185508e-01
1.775478156312625178e+00 1.591063401857218118e-01
1.776704609218436648e+00 1.608613862493282753e-01
1.777931062124248340e+00 1.624509917803797776e-01
1.779157515030060033e+00 1.639405177055487106e-01
1.780383967935871725e+00 1.654211321004478707e-01
1.781610420841683196e+00 1.667676506303376327e-01
1.782836873747494888e+00 1.681990090463073295e-01
1.784063326653306580e+00 1.697274592089863809e-01
1.785289779559118051e+00 1.713690194156983482e-01
1.786516232464929743e+00 1.729483141809669278e-01
1.787742685370741436e+00 1.746178484827666522e-01
1.788969138276552906e+00 1.764118901694297636e-01
1.790195591182364598e+00 1.781237849176363353e-01
1.791422044088176291e+00 1.797233615600333512e-01
1.792648496993987761e+00 1.811588054983215290e-01
1.793874949899799454e+00 1.823304149243253069e-01
1.795101402805611146e+00 1.834643695973702249e-01
1.796327855711422838e+00 1.845654250138522023e-01
1.797554308617234309e+00 1.856727394125051722e-01
1.798780761523046001e+00 1.866064748035995979e-01
1.800007214428857694e+00 1.874247422931101525e-01
1.801233667334669164e+00 1.883583162802247579e-01
1.802460120240480856e+00 1.893198595260751904e-01
1.803686573146292549e+00 1.903190655549732435e-01
1.804913026052104019e+00 1.913489139930785454e-01
1.806139478957915712e+00 1.926513109681757818e-01
1.807365931863727404e+00 1.944191814981388877e-01
1.808592384769538874e+00 1.959130120344118875e-01
1.809818837675350567e+00 1.974122664705721397e-01
1.811045290581162259e+00 1.990886394728226816e-01
1.812271743486973730e+00 2.012570362052701067e-01
1.813498196392785422e+00 2.034653123707636513e-01
1.814724649298597114e+00 2.056866788871563323e-01
1.815951102204408585e+00 2.080075788449318452e-01
1.817177555110220277e+00 2.104339337128957044e-01
1.818404008016031970e+00 2.128981185982444235e-01
1.819630460921843440e+00 2.152845483529220727e-01
1.820856913827655132e+00 2.176909431205993894e-01
1.822083366733466825e+00 2.205018880973857731e-01
1.823309819639278517e+00 2.229851337111787013e-01
1.824536272545089988e+00 2.254252583004091870e-01
1.825762725450901680e+00 2.279792949332249130e-01
1.826989178356713373e+00 2.305499034106245904e-01
1.828215631262524843e+00 2.329488927833824885e-01
1.829442084168336535e+00 2.353025078066574849e-01
1.830668537074148228e+00 2.378920327961661085e-01
1.831894989979959920e+00 2.403372037886074564e-01
1.833121442885771391e+00 2.427437455582697190e-01
1.834347895791583083e+00 2.449751783050855281e-01
1.835574348697394775e+00 2.470407463860382902e-01
1.836800801603206246e+00 2.494234259582145119e-01
1.838027254509017938e+00 2.516188682700004620e-01
1.839253707414829631e+00 2.536844313214395852e-01
1.840480160320641101e+00 2.559234299945341573e-01
1.841706613226452793e+00 2.577671114185949297e-01
1.842933066132264486e+00 2.597532882954239897e-01
1.844159519038075956e+00 2.615991835044556568e-01
1.845385971943887649e+00 2.634255225348883789e-01
1.846612424849699341e+00 2.650275566304459152e-01
1.847838877755510811e+00 2.665458951922174413e-01
1.849065330661322504e+00 2.684858265108471254e-01
1.850291783567134196e+00 2.701980060488434754e-01
1.851518236472945667e+00 2.716793094252502039e-01
1.852744689378757359e+00 2.733405609420753168e-01
1.853971142284569051e+00 2.748782268246973137e-01
1.855197595190380522e+00 2.766667998280648022e-01
1.856424048096192214e+00 2.782467434699528730e-01
1.857650501002003907e+00 2.802109992516617076e-01
1.858876953907815377e+00 2.818122157578112907e-01
1.860103406813627069e+00 2.833677010806640029e-01
1.861329859719438762e+00 2.849042904940173315e-01
1.862556312625250454e+00 2.864191852668899196e-01
1.863782765531061925e+00 2.882383065302409619e-01
1.865009218436873617e+00 2.901237646183292829e-01
1.866235671342685309e+00 2.920184003791512217e-01
1.867462124248496780e+00 2.939154748774785442e-01
1.868688577154308472e+00 2.961210103909096558e-01
1.869915030060120165e+00 2.983647836876688331e-01
1.871141482965931857e+00 3.008370926980524218e-01
1.872367935871743327e+00 3.032290950212033764e-01
1.873594388777555020e+00 3.060364504172448652e-01
1.874820841683366712e+00 3.085982728768125738e-01
1.876047294589178183e+00 3.108210863793475776e-01
1.877273747494989875e+00 3.128426540361841646e-01
1.878500200400801567e+00 3.150665050274592538e-01
1.879726653306613038e+00 3.172793150010124186e-01
1.880953106212424730e+00 3.196537711298967355e-01
1.882179559118236423e+00 3.220047333355899322e-01
1.883406012024047893e+00 3.245459938503026942e-01
1.884632464929859585e+00 3.267871079651193389e-01
1.885858917835671278e+00 3.288134712123162440e-01
1.887085370741482748e+00 3.310302479982572543e-01
1.888311823647294441e+00 3.331129216935095894e-01
1.889538276553106133e+00 3.349597539143446823e-01
1.890764729458917603e+00 3.365684944268089729e-01
1.891991182364729296e+00 3.385002004179445967e-01
1.893217635270540988e+00 3.402022878500402525e-01
1.894444088176352459e+00 3.420892580055570065e-01
1.895670541082164151e+00 3.440166750363611858e-01
1.896896993987975844e+00 3.456730716886680654e-01
1.898123446893787314e+00 3.470821048787544050e-01
1.899349899799599006e+00 3.487698428342896340e-01
1.900576352705410699e+00 3.501800330490288937e-01
1.901802805611222391e+00 3.516477110807276207e-01
1.903029258517033862e+00 3.535076740424672459e-01
1.904255711422845554e+00 3.550567467298839652e-01
1.905482164328657246e+00 3.565239290183206400e-01
1.906708617234468717e+00 3.583725053093599899e-01
1.907935070140280409e+00 3.602753570990909204e-01
1.909161523046092102e+00 3.615120049349954123e-01
1.910387975951903794e+00 3.625746015591702065e-01
1.911614428857715264e+00 3.642508273475589808e-01
1.912840881763526957e+00 3.659393428714667329e-01
1.914067334669338649e+00 3.670611497329746009e-01
1.915293787575150120e+00 3.679738873419450274e-01
1.916520240480961812e+00 3.686923830052844520e-01
1.917746693386773504e+00 3.697831901694008105e-01
1.918973146292584975e+00 3.706343438532896384e-01
1.920199599198396667e+00 3.712552469247604181e-01
1.921426052104208360e+00 3.717623879014249066e-01
1.922652505010019830e+00 3.724009948578156926e-01
1.923878957915831522e+00 3.730364861963121337e-01
1.925105410821643215e+00 3.731461754705937550e-01
1.926331863727454685e+00 3.734461391479194092e-01
1.927558316633266378e+00 3.743554184362890003e-01
1.928784769539078070e+00 3.748879695534064194e-01
1.930011222444889540e+00 3.751465667905412027e-01
1.931237675350701233e+00 3.752021684712535388e-01
1.932464128256512925e+00 3.755444509478115811e-01
1.933690581162324396e+00 3.757021239895420583e-01
1.934917034068136088e+00 3.757904091042713057e-01
1.936143486973947780e+00 3.759346457315345114e-01
1.937369939879759251e+00 3.759305550151437192e-01
1.938596392785570943e+00 3.761324019102130767e-01
1.939822845691382636e+00 3.765428025784746668e-01
1.941049298597194106e+00 3.771492998863119617e-01
1.942275751503005798e+00 3.780303101336972005e-01
1.943502204408817491e+00 3.787802757533039189e-01
1.944728657314629183e+00 3.795539210357680715e-01
1.945955110220440876e+00 3.807802311015083818e-01
1.947181563126252346e+00 3.815265092981143802e-01
1.948408016032064038e+00 3.822924276307255731e-01
1.949634468937875731e+00 3.826009265873553944e-01
1.950860921843687201e+00 3.831879248772886437e-01
1.952087374749498894e+00 3.837588310616505405e-01
1.953313827655310586e+00 3.842527214826768067e-01
1.954540280561122056e+00 3.845643820458899409e-01
1.955766733466933749e+00 3.850354822145699574e-01
1.956993186372745441e+00 3.853639984386041939e-01
1.958219639278556912e+00 3.847960502967007201e-01
1.959446092184368604e+00 3.831347068956625357e-01
1.960672545090180297e+00 3.828789637963455617e-01
1.961898997995991767e+00 3.847042694891908421e-01
1.963125450901803459e+00 3.866668706794993415e-01
1.964351903807615152e+00 3.874728345294632392e-01
1.965578356713426622e+00 3.876790269933312882e-01
1.966804809619238315e+00 3.875662456703892755e-01
1.968031262525050007e+00 3.880129064308334152e-01
1.969257715430861477e+00 3.885411180360850980e-01
1.970484168336673170e+00 3.881443333283776664e-01
1.971710621242484862e+00 3.880504559911374662e-01
1.972937074148296333e+00 3.879968400287698294e-01
1.974163527054108025e+00 3.875794006151417892e-01
1.975389979959919717e+00 3.874813921169282804e-01
1.976616432865731188e+00 3.877113306757674627e-01
1.977842885771542880e+00 3.877297368674718081e-01
1.979069338677354573e+00 3.879542076066018197e-01
1.980295791583166043e+00 3.882347489095721582e-01
1.981522244488977735e+00 3.889055256588893061e-01
1.982748697394789428e+00 3.887904818260762840e-01
1.983975150300601120e+00 3.888478810089388005e-01
1.985201603206412813e+00 3.890225514982109112e-01
1.986428056112224283e+00 3.890472686434075511e-01
1.987654509018035975e+00 3.893644993676646515e-01
1.988880961923847668e+00 3.899259550089611559e-01
1.990107414829659138e+00 3.900638120609473125e-01
1.991333867735470831e+00 3.903598379148344732e-01
1.992560320641282523e+00 3.905846271235014489e-01
1.993786773547093993e+00 3.908603173754152671e-01
1.995013226452905686e+00 3.901533306096073295e-01
1.996239679358717378e+00 3.888840389735820913e-01
1.997466132264528849e+00 3.887567140119115305e-01
1.998692585170340541e+00 3.894684384788963394e-01
1.999919038076152233e+00 3.900889763073856487e-01
2.001145490981963704e+00 3.903472369663644193e-01
2.002371943887775174e+00 3.904414103432576333e-01
2.003598396793587089e+00 3.909437875458196543e-01
2.004824849699398559e+00 3.907497385446119798e-01
2.006051302605210473e+00 3.901911560268059298e-01
2.007277755511021944e+00 3.897325975702177758e-01
2.008504208416833414e+00 3.893113520778885839e-01
2.009730661322644885e+00 3.895276435580075636e-01
2.010957114228456799e+00 3.893588281421958563e-01
2.012183567134268269e+00 3.891599438958184276e-01
2.013410020040080184e+00 3.891576412123117223e-01
2.014636472945891654e+00 3.893711961218657147e-01
2.015862925851703125e+00 3.899564884914886731e-01
2.017089378757515039e+00 3.903023913788722932e-01
2.018315831663326509e+00 3.906052151540990169e-01
2.019542284569137980e+00 3.903154155898175270e-01
2.020768737474949894e+00 3.903592755006465298e-01
2.021995190380761365e+00 3.904833629228943725e-01
2.023221643286572835e+00 3.914192114997228633e-01
2.024448096192384750e+00 3.925396115467092439e-01
2.025674549098196220e+00 3.934165200996176948e-01
2.026901002004007690e+00 3.940343114572317229e-01
2.028127454909819605e+00 3.941467242193529841e-01
2.029353907815631075e+00 3.945615900686597066e-01
2.030580360721442545e+00 3.948378749797391007e-01
2.031806813627254460e+00 3.949437501223622138e-01
2.033033266533065930e+00 3.951754245845400804e-01
2.034259719438877845e+00 3.951167992716422273e-01
2.035486172344689315e+00 3.948391410720110684e-01
2.036712625250500786e+00 3.948093026881479561e-01
2.037939078156312256e+00 3.948107089701528571e-01
2.039165531062124170e+00 3.954419287480906986e-01
2.040391983967935641e+00 3.951446357256695463e-01
2.041618436873747555e+00 3.941634547443927938e-01
2.042844889779559026e+00 3.933714859266615460e-01
2.044071342685370496e+00 3.922107044045892721e-01
2.045297795591181966e+00 3.912787221233083312e-01
2.046524248496993881e+00 3.905481261911211699e-01
2.047750701402805351e+00 3.898534198921645433e-01
2.048977154308617266e+00 3.889411027485362715e-01
2.050203607214428736e+00 3.886553779688076693e-01
2.051430060120240206e+00 3.884200966203016914e-01
2.052656513026052121e+00 3.883139232511528260e-01
2.053882965931863591e+00 3.878515471238487833e-01
2.055109418837675062e+00 3.876981725954587454e-01
2.056335871743486976e+00 3.874832606281082281e-01
2.057562324649298446e+00 3.870928271240538510e-01
2.058788777555109917e+00 3.869661542871253301e-01
2.060015230460921831e+00 3.872696421277207479e-01
2.061241683366733302e+00 3.881932749268840466e-01
2.062468136272544772e+00 3.885156283671583610e-01
2.063694589178356686e+00 3.890399869290871449e-01
2.064921042084168157e+00 3.896453501203472891e-01
2.066147494989979627e+00 3.900430377629666712e-01
2.067373947895791542e+00 3.908884210312805751e-01
2.068600400801603012e+00 3.917590938477431006e-01
2.069826853707414482e+00 3.923042981804807372e-01
2.071053306613226397e+00 3.932186336082969524e-01
2.072279759519037867e+00 3.943031033871102209e-01
2.073506212424849338e+00 3.949885383731699395e-01
2.074732665330661252e+00 3.956139037164424499e-01
2.075959118236472722e+00 3.959223580332942305e-01
2.077185571142284637e+00 3.958674247027144100e-01
2.078412024048096107e+00 3.956157959800269963e-01
2.079638476953907578e+00 3.958665778280653913e-01
2.080864929859719048e+00 3.961625892470668209e-01
2.082091382765530962e+00 3.959963889578248519e-01
2.083317835671342433e+00 3.961155861329187511e-01
2.084544288577154347e+00 3.963875676389458369e-01
2.085770741482965818e+00 3.960496295234631203e-01
2.086997194388777288e+00 3.952930178766182467e-01
2.088223647294588758e+00 3.945789193622313284e-01
2.089450100200400673e+00 3.938001957707921719e-01
2.090676553106212143e+00 3.933063520844494731e-01
2.091903006012024058e+00 3.921721494301754207e-01
2.093129458917835528e+00 3.914419658264342017e-01
2.094355911823646998e+00 3.918452194686247725e-01
2.095582364729458913e+00 3.915675861452374562e-01
2.096808817635270383e+00 3.908183492088984634e-01
2.098035270541081854e+00 3.898047495036450760e-01
2.099261723446893768e+00 3.891733784436517407e-01
2.100488176352705239e+00 3.885792370329569367e-01
2.101714629258516709e+00 3.880353055290228226e-01
2.102941082164328623e+00 3.872377059035951863e-01
2.104167535070140094e+00 3.870098171469422699e-01
2.105393987975951564e+00 3.869746856380271161e-01
2.106620440881763479e+00 3.859359166018623277e-01
2.107846893787574949e+00 3.853964495777887356e-01
2.109073346693386419e+00 3.846998182064090832e-01
2.110299799599198334e+00 3.840793189504093652e-01
2.111526252505009804e+00 3.832791626846289157e-01
2.112752705410821719e+00 3.830049872367018993e-01
2.113979158316633189e+00 3.822463155338916563e-01
2.115205611222444659e+00 3.813595639274482418e-01
2.116432064128256130e+00 3.810858027098443790e-01
2.117658517034068044e+00 3.810642144351665261e-01
2.118884969939879515e+00 3.806656502798804742e-01
2.120111422845691429e+00 3.798923655301598146e-01
2.121337875751502899e+00 3.796104037013361965e-01
2.122564328657314370e+00 3.794052929456990242e-01
2.123790781563125840e+00 3.788537525572414078e-01
2.125017234468937755e+00 3.782648085906006874e-01
2.126243687374749225e+00 3.778934660879957885e-01
2.127470140280561139e+00 3.777812302312043014e-01
2.128696593186372610e+00 3.769054068619664966e-01
2.129923046092184080e+00 3.766246155293858089e-01
2.131149498997995995e+00 3.763530006432484476e-01
2.132375951903807465e+00 3.762887411785024172e-01
2.133602404809618935e+00 3.762076751036695366e-01
2.134828857715430850e+00 3.763130692109264430e-01
2.136055310621242320e+00 3.757747294279555339e-01
2.137281763527053791e+00 3.756847648394813777e-01
2.138508216432865705e+00 3.756952934174207503e-01
2.139734669338677175e+00 3.762325246769752107e-01
2.140961122244488646e+00 3.763962704788592073e-01
2.142187575150300560e+00 3.763074180022506487e-01
2.143414028056112031e+00 3.763017940990254773e-01
2.144640480961923501e+00 3.768177808686075658e-01
2.145866933867735415e+00 3.770674121098275822e-01
2.147093386773546886e+00 3.766413747970725479e-01
2.148319839679358356e+00 3.767645247110752438e-01
2.149546292585170271e+00 3.772967370147224941e-01
2.150772745490981741e+00 3.768054627043062599e-01
2.151999198396793211e+00 3.760485204728570285e-01
2.153225651302605126e+00 3.754167998082644786e-01
2.154452104208416596e+00 3.744356272940626007e-01
2.155678557114228511e+00 3.730903031750638088e-01
2.156905010020039981e+00 3.721418717202202853e-01
2.158131462925851451e+00 3.709254980774498445e-01
2.159357915831662922e+00 3.693067759192661392e-01
2.160584368737474836e+00 3.675145017096979605e-01
2.161810821643286307e+00 3.656817515315741174e-01
2.163037274549098221e+00 3.635998349822729958e-01
2.164263727454909692e+00 3.622558190538316958e-01
2.165490180360721162e+00 3.605975132083698576e-01
2.166716633266532632e+00 3.590055164565891799e-01
2.167943086172344547e+00 3.574580437412870348e-01
2.169169539078156017e+00 3.561374485599806961e-01
2.170395991983967932e+00 3.550439128393326760e-01
2.171622444889779402e+00 3.541855443586970908e-01
2.172848897795590872e+00 3.539270445662104914e-01
2.174075350701402787e+00 3.539764733835037980e-01
2.175301803607214257e+00 3.541823325442117198e-01
2.176528256513025728e+00 3.551053110010666813e-01
2.177754709418837642e+00 3.567811592731235937e-01
2.178981162324649112e+00 3.584033493705636730e-01
2.180207615230460583e+00 3.599974574505139246e-01
2.181434068136272497e+00 3.616957685658487853e-01
2.182660521042083968e+00 3.638308097073885139e-01
2.183886973947895438e+00 3.663827921388647102e-01
2.185113426853707352e+00 3.683904892624109695e-01
2.186339879759518823e+00 3.697541607169563815e-01
2.187566332665330293e+00 3.697553665615836427e-01
2.188792785571142208e+00 3.692922829230959603e-01
2.190019238476953678e+00 3.679250206654333111e-01
2.191245691382765592e+00 3.657150249681334064e-01
2.192472144288577063e+00 3.627087020174332155e-01
2.193698597194388533e+00 3.592517273165369285e-01
2.194925050100200004e+00 3.555473809598908574e-01
2.196151503006011918e+00 3.516183548952525051e-01
2.197377955911823388e+00 3.481790905094934163e-01
2.198604408817635303e+00 3.447601534470853823e-01
2.199830861723446773e+00 3.413598195520379797e-01
2.201057314629258244e+00 3.383185916874902888e-01
2.202283767535069714e+00 3.364476678242417917e-01
2.203510220440881628e+00 3.350867389709074051e-01
2.204736673346693099e+00 3.344504538015269923e-01
2.205963126252505013e+00 3.341510484290407534e-01
2.207189579158316484e+00 3.343643747253255416e-01
2.208416032064127954e+00 3.347496204027419764e-01
2.209642484969939424e+00 3.346587150210460493e-01
2.210868937875751339e+00 3.336297138561542530e-01
2.212095390781562809e+00 3.314818371315088052e-01
2.213321843687374724e+00 3.276889739834490944e-01
2.214548296593186194e+00 3.216295400612834698e-01
2.215774749498997664e+00 3.136161543701690979e-01
2.217001202404809579e+00 3.032308262810312627e-01
2.218227655310621049e+00 2.907864182312990819e-01
2.219454108216432520e+00 2.764812610286865868e-01
2.220680561122244434e+00 2.603948925364976685e-01
2.221907014028055904e+00 2.428589475839653955e-01
2.223133466933867375e+00 2.247607088873515291e-01
2.224359919839679289e+00 2.057825348568353974e-01
2.225586372745490760e+00 1.870949454240316556e-01
2.226812825651302674e+00 1.693033668414751780e-01
2.228039278557114145e+00 1.526542996980085609e-01
2.229265731462925615e+00 1.372646940333718257e-01
2.230492184368737085e+00 1.234279935388335747e-01
2.231718637274549000e+00 1.110081791427757480e-01
2.232945090180360470e+00 9.948426942620239299e-02
2.234171543086172385e+00 8.872174048581996098e-02
2.235397995991983855e+00 7.852088321643144186e-02
2.236624448897795325e+00 6.929293259208794964e-02
2.237850901803606796e+00 6.070074295377237555e-02
2.239077354709418710e+00 5.278749241194225644e-02
2.240303807615230181e+00 4.567355058852456268e-02
2.241530260521042095e+00 3.923397240205219599e-02
2.242756713426853565e+00 3.364526295626293906e-02
2.243983166332665036e+00 2.875641453303568254e-02
2.245209619238476506e+00 2.442740334135992675e-02
2.246436072144288421e+00 2.068435981707608326e-02
2.247662525050099891e+00 1.750653329924680562e-02
2.248888977955911805e+00 1.480622135857314128e-02
2.250115430861723276e+00 1.254107883149443992e-02
2.251341883767534746e+00 1.060610324445631324e-02
2.252568336673346217e+00 8.982227949794785102e-03
2.253794789579158131e+00 7.602999493432031387e-03
2.255021242484969601e+00 6.429433426043008187e-03
2.256247695390781516e+00 5.446484196157021750e-03
2.257474148296592986e+00 4.621880228064552572e-03
2.258700601202404457e+00 3.927860990028621616e-03
2.259927054108216371e+00 3.332826613070927462e-03
2.261153507014027841e+00 2.827383386586529868e-03
2.262379959919839756e+00 2.408578369115154435e-03
2.263606412825651226e+00 2.061477191737047174e-03
2.264832865731462697e+00 1.765821674599886253e-03
2.266059318637274167e+00 1.514448508991535604e-03
2.267285771543086081e+00 1.300232796311104203e-03
2.268512224448897552e+00 1.122822341395987317e-03
2.269738677354709466e+00 9.746828584021293698e-04
2.270965130260520937e+00 8.497590096891032051e-04
2.272191583166332407e+00 7.413617890014217657e-04
2.273418036072143877e+00 6.487986897343492971e-04
2.274644488977955792e+00 5.716469690538468051e-04
2.275870941883767262e+00 5.051348736343554699e-04
2.277097394789579177e+00 4.477737124523144805e-04
2.278323847695390647e+00 3.988692132471391774e-04
2.279550300601202117e+00 3.549202685679453862e-04
2.280776753507013588e+00 3.176335836823510951e-04
2.282003206412825502e+00 2.860790016655820160e-04
2.283229659318636973e+00 2.578284734410038882e-04
2.284456112224448887e+00 2.320936559513980184e-04
2.285682565130260357e+00 2.105391590133339787e-04
2.286909018036071828e+00 1.899836618322013615e-04
2.288135470941883298e+00 1.725640555678274355e-04
2.289361923847695213e+00 1.568890929439173008e-04
2.290588376753506683e+00 1.419239273559672076e-04
2.291814829659318598e+00 1.291286949904944087e-04
2.293041282565130068e+00 1.172569834373754158e-04
2.294267735470941538e+00 1.070451549892494374e-04
2.295494188376753453e+00 9.803432541081026717e-05
2.296720641282564923e+00 8.992789553755826189e-05
2.297947094188376393e+00 8.270597781371790921e-05
2.299173547094188308e+00 7.583919393345310805e-05
2.300399999999999778e+00 6.938514391410819727e-05
