1.485400000000000054e+00 9.284481653607931856e-05
1.485995210420841817e+00 9.980028929576606716e-05
1.486590420841683358e+00 1.070887367920506040e-04
1.487185631262525121e+00 1.154535921001964083e-04
1.487780841683366884e+00 1.232338503711371853e-04
1.488376052104208425e+00 1.306393709126017061e-04
1.488971262525050188e+00 1.422368420427898902e-04
1.489566472945891729e+00 1.543461612569826773e-04
1.490161683366733492e+00 1.669000395314083028e-04
1.490756893787575255e+00 1.802955320608352170e-04
1.491352104208416796e+00 1.942598361682471486e-04
1.491947314629258559e+00 2.109862489818300016e-04
1.492542525050100322e+00 2.281003049130898006e-04
1.493137735470941863e+00 2.461052318627065952e-04
1.493732945891783626e+00 2.691196516284602934e-04
1.494328156312625389e+00 2.963836716232219875e-04
1.494923366733466930e+00 3.164498685267523679e-04
1.495518577154308693e+00 3.383055663364559294e-04
1.496113787575150456e+00 3.719124660402562039e-04
1.496708997995991997e+00 4.080842084290610839e-04
1.497304208416833760e+00 4.461231649010327541e-04
1.497899418837675301e+00 4.929444127851576605e-04
1.498494629258517064e+00 5.413810961117598939e-04
1.499089839679358827e+00 5.902506631752477443e-04
1.499685050100200367e+00 6.479002568244619526e-04
1.500280260521042131e+00 7.160611499186029637e-04
1.500875470941883894e+00 7.865505961639652089e-04
1.501470681362725434e+00 8.590036471557256029e-04
1.502065891783567197e+00 9.426741694691639700e-04
1.502661102204408961e+00 1.035424528576352459e-03
1.503256312625250501e+00 1.140150911353463763e-03
1.503851523046092264e+00 1.250857143764199948e-03
1.504446733466934027e+00 1.367817258292982610e-03
1.505041943887775568e+00 1.521666115075013181e-03
1.505637154308617331e+00 1.682848886861711048e-03
1.506232364729458872e+00 1.850700793610296447e-03
1.506827575150300635e+00 2.045237312329660929e-03
1.507422785571142398e+00 2.251883716038522842e-03
1.508017995991983939e+00 2.459657539352989430e-03
1.508613206412825702e+00 2.686740524520800019e-03
1.509208416833667465e+00 2.947696629005699606e-03
1.509803627254509006e+00 3.235044802918262980e-03
1.510398837675350769e+00 3.537449335130113566e-03
1.510994048096192532e+00 3.948049277769176066e-03
1.511589258517034073e+00 4.336654361024237098e-03
1.512184468937875836e+00 4.682093161285650652e-03
1.512779679358717377e+00 5.155289162459008451e-03
1.513374889779559140e+00 5.700422541891374782e-03
1.513970100200400903e+00 6.114258857975425100e-03
1.514565310621242444e+00 6.623845693404911347e-03
1.515160521042084207e+00 7.397104704160719149e-03
1.515755731462925970e+00 8.163565738626747670e-03
1.516350941883767511e+00 8.923671829524647964e-03
1.516946152304609274e+00 9.783421851783092454e-03
1.517541362725451037e+00 1.066660146757139604e-02
1.518136573146292578e+00 1.161141903575168589e-02
1.518731783567134341e+00 1.247853116695496478e-02
1.519326993987976104e+00 1.328967833957446151e-02
1.519922204408817645e+00 1.413072873060155187e-02
1.520517414829659408e+00 1.497467248461834509e-02
1.521112625250500949e+00 1.579058382434543953e-02
1.521707835671342712e+00 1.678542525528965712e-02
1.522303046092184475e+00 1.794916901714004379e-02
1.522898256513026016e+00 1.912332746577436252e-02
1.523493466933867779e+00 2.025773325858995846e-02
1.524088677354709542e+00 2.120783350301748069e-02
1.524683887775551083e+00 2.263084643561682346e-02
1.525279098196392846e+00 2.460805150474985881e-02
1.525874308617234609e+00 2.620978210999757446e-02
1.526469519038076150e+00 2.779151150482691429e-02
1.527064729458917913e+00 2.979978739831166609e-02
1.527659939879759676e+00 3.208387228941596975e-02
1.528255150300601217e+00 3.468065303251737647e-02
1.528850360721442980e+00 3.743447533925717968e-02
1.529445571142284521e+00 4.031658470031745239e-02
1.530040781563126284e+00 4.380975759361060984e-02
1.530635991983968047e+00 4.737975608379561138e-02
1.531231202404809588e+00 5.115633762511540006e-02
1.531826412825651351e+00 5.560124510735620779e-02
1.532421623246493114e+00 6.027216078404518812e-02
1.533016833667334655e+00 6.604101859771153993e-02
1.533612044088176418e+00 7.167066915482551981e-02
1.534207254509018181e+00 7.713342652232724195e-02
1.534802464929859722e+00 8.480261053323595588e-02
1.535397675350701485e+00 9.352880761680565369e-02
1.535992885771543026e+00 1.009568287459234465e-01
1.536588096192384789e+00 1.087339238056079377e-01
1.537183306613226552e+00 1.171317944042727377e-01
1.537778517034068093e+00 1.297962930614383892e-01
1.538373727454909856e+00 1.448927130963671150e-01
1.538968937875751619e+00 1.566003081172449851e-01
1.539564148296593160e+00 1.689668645942481728e-01
1.540159358717434923e+00 1.838110944085697696e-01
1.540754569138276686e+00 1.992225851787731428e-01
1.541349779559118227e+00 2.150341028444333336e-01
1.541944989979959990e+00 2.317751781743850326e-01
1.542540200400801753e+00 2.479470882322265257e-01
1.543135410821643294e+00 2.629259914357455208e-01
1.543730621242485057e+00 2.786698770688892379e-01
1.544325831663326598e+00 2.950178949963708219e-01
1.544921042084168361e+00 3.109038990868866481e-01
1.545516252505010124e+00 3.262746217691423478e-01
1.546111462925851665e+00 3.375013651527392078e-01
1.546706673346693428e+00 3.488122809998907559e-01
1.547301883767535191e+00 3.603095607473041917e-01
1.547897094188376732e+00 3.697888202226889409e-01
1.548492304609218495e+00 3.783162928683928006e-01
1.549087515030060258e+00 3.841243722725283249e-01
1.549682725450901799e+00 3.890096632510481323e-01
1.550277935871743562e+00 3.930677820450187432e-01
1.550873146292585325e+00 3.954660251258479975e-01
1.551468356713426866e+00 3.979188777636514240e-01
1.552063567134268629e+00 4.015177794587553306e-01
1.552658777555110170e+00 4.038826918311360648e-01
1.553253987975951933e+00 4.041504199578481171e-01
1.553849198396793696e+00 4.058808397671995749e-01
1.554444408817635237e+00 4.083823121355624197e-01
1.555039619238477000e+00 4.108880825905708578e-01
1.555634829659318763e+00 4.126493278783715524e-01
1.556230040080160304e+00 4.131771357985128401e-01
1.556825250501002067e+00 4.132006261330060104e-01
1.557420460921843830e+00 4.126816520143378741e-01
1.558015671342685371e+00 4.102457370019391703e-01
1.558610881763527134e+00 4.111196728245968268e-01
1.559206092184368675e+00 4.180112451466082568e-01
1.559801302605210438e+00 4.182856933725345727e-01
1.560396513026052201e+00 4.153445538419514582e-01
1.560991723446893742e+00 4.163208552466917678e-01
1.561586933867735505e+00 4.183813670825418107e-01
1.562182144288577268e+00 4.227062087156164272e-01
1.562777354709418809e+00 4.249072411900753909e-01
1.563372565130260572e+00 4.262017154453439094e-01
1.563967775551102335e+00 4.227683856853343136e-01
1.564562985971943876e+00 4.204698335430047118e-01
1.565158196392785639e+00 4.237292084031161199e-01
1.565753406813627402e+00 4.236144838704576920e-01
1.566348617234468943e+00 4.218297985959546526e-01
1.566943827655310706e+00 4.231565907728100373e-01
1.567539038076152469e+00 4.246016679081132672e-01
1.568134248496994010e+00 4.242680333355443589e-01
1.568729458917835773e+00 4.249860147177756398e-01
1.569324669338677314e+00 4.263020529113544232e-01
1.569919879759519077e+00 4.252363198373253494e-01
1.570515090180360840e+00 4.242739493661686345e-01
1.571110300601202381e+00 4.249501059547564075e-01
1.571705511022044144e+00 4.264878392779546945e-01
1.572300721442885907e+00 4.284840381341576410e-01
1.572895931863727448e+00 4.248166630095126517e-01
1.573491142284569211e+00 4.213668263385785262e-01
1.574086352705410974e+00 4.264701324907243518e-01
1.574681563126252515e+00 4.310142624005533496e-01
1.575276773547094278e+00 4.353912052695720347e-01
1.575871983967935819e+00 4.338013018382541053e-01
1.576467194388777582e+00 4.309550599839063745e-01
1.577062404809619345e+00 4.299086481988306230e-01
1.577657615230460886e+00 4.285929535767740162e-01
1.578252825651302649e+00 4.268215689858956274e-01
1.578848036072144412e+00 4.270564548599332655e-01
1.579443246492985953e+00 4.285995055082427174e-01
1.580038456913827716e+00 4.390762055146608112e-01
1.580633667334669479e+00 4.420797048330141754e-01
1.581228877755511020e+00 4.331453407693773849e-01
1.581824088176352783e+00 4.358423909662760831e-01
1.582419298597194324e+00 4.433278172459948485e-01
1.583014509018036087e+00 4.377630264013654959e-01
1.583609719438877850e+00 4.341934533759410075e-01
1.584204929859719391e+00 4.329744852306818270e-01
1.584800140280561154e+00 4.359416914249544805e-01
1.585395350701402917e+00 4.402374589491509504e-01
1.585990561122244458e+00 4.370678436028567759e-01
1.586585771543086221e+00 4.355273107078885264e-01
1.587180981963927984e+00 4.383963262338612665e-01
1.587776192384769525e+00 4.373202980888903357e-01
1.588371402805611288e+00 4.335578664253372239e-01
1.588966613226453051e+00 4.348939197289530267e-01
1.589561823647294592e+00 4.361130789371464034e-01
1.590157034068136355e+00 4.362316735114977750e-01
1.590752244488978118e+00 4.360298109201894423e-01
1.591347454909819659e+00 4.361762421056259442e-01
1.591942665330661422e+00 4.339038732048215441e-01
1.592537875751502963e+00 4.325207238818104538e-01
1.593133086172344726e+00 4.348606424655761526e-01
1.593728296593186489e+00 4.347018767381725657e-01
1.594323507014028030e+00 4.323680648327974940e-01
1.594918717434869793e+00 4.319081458744281066e-01
1.595513927855711556e+00 4.316931322294519924e-01
1.596109138276553097e+00 4.311781536410412285e-01
1.596704348697394860e+00 4.322685020261149424e-01
1.597299559118236623e+00 4.341434244541903520e-01
1.597894769539078164e+00 4.317774894729132229e-01
1.598489979959919927e+00 4.292720957185463537e-01
1.599085190380761468e+00 4.299981736707089164e-01
1.599680400801603231e+00 4.304104552370275338e-01
1.600275611222444994e+00 4.306311028830705490e-01
1.600870821643286535e+00 4.313400257803317039e-01
1.601466032064128298e+00 4.323862648449349755e-01
1.602061242484970061e+00 4.328096910589560586e-01
1.602656452905811602e+00 4.328930109357979616e-01
1.603251663326653365e+00 4.320946420020441159e-01
1.603846873747495128e+00 4.333745300656407506e-01
1.604442084168336669e+00 4.342831786778670322e-01
1.605037294589178432e+00 4.354503057027392376e-01
1.605632505010019973e+00 4.343461672973641940e-01
1.606227715430861736e+00 4.298647009356154070e-01
1.606822925851703499e+00 4.282961789990278323e-01
1.607418136272545039e+00 4.282672148919707822e-01
1.608013346693386802e+00 4.296649381490525443e-01
1.608608557114228566e+00 4.310392847108624470e-01
1.609203767535070106e+00 4.319921593261770165e-01
1.609798977955911869e+00 4.310760246627199921e-01
1.610394188376753632e+00 4.290130608479814645e-01
1.610989398797595173e+00 4.307928520262694350e-01
1.611584609218436936e+00 4.304804780376804696e-01
1.612179819639278477e+00 4.274085004423661682e-01
1.612775030060120240e+00 4.267057655132494576e-01
1.613370240480962003e+00 4.273094131926842842e-01
1.613965450901803766e+00 4.241805320657457412e-01
1.614560661322645307e+00 4.239357704562217721e-01
1.615155871743487070e+00 4.321958067399642167e-01
1.615751082164328611e+00 4.305101519706882596e-01
1.616346292585170374e+00 4.227614313667008572e-01
1.616941503006012137e+00 4.261842219305982948e-01
1.617536713426853678e+00 4.291375392657523213e-01
1.618131923847695441e+00 4.248299890921055644e-01
1.618727134268537204e+00 4.239196762474262137e-01
1.619322344689378745e+00 4.254170698275629992e-01
1.619917555110220508e+00 4.286027961855606305e-01
1.620512765531062271e+00 4.307173955207533877e-01
1.621107975951903812e+00 4.285792065143164686e-01
1.621703186372745575e+00 4.261596470318948504e-01
1.622298396793587116e+00 4.240385598486853258e-01
1.622893607214428879e+00 4.251440290668365707e-01
1.623488817635270642e+00 4.267055027448646842e-01
1.624084028056112183e+00 4.269954926204854173e-01
1.624679238476953946e+00 4.252477347130798613e-01
1.625274448897795709e+00 4.202327122475900678e-01
1.625869659318637250e+00 4.294460518980264818e-01
1.626464869739479013e+00 4.401734246525144112e-01
1.627060080160320776e+00 4.331740994096258124e-01
1.627655290581162317e+00 4.292818918115824944e-01
1.628250501002004080e+00 4.309701215082350489e-01
1.628845711422845621e+00 4.313895639071476107e-01
1.629440921843687384e+00 4.309675948285586200e-01
1.630036132264529147e+00 4.322895878220150978e-01
1.630631342685370688e+00 4.306732220415945278e-01
1.631226553106212451e+00 4.262057623700756248e-01
1.631821763527054214e+00 4.282118025544117690e-01
1.632416973947895755e+00 4.333309483783601146e-01
1.633012184368737518e+00 4.316370339984428872e-01
1.633607394789579281e+00 4.302563967710527071e-01
1.634202605210420822e+00 4.280711068098416172e-01
1.634797815631262585e+00 4.316039299466434831e-01
1.635393026052104126e+00 4.383721860709055007e-01
1.635988236472945889e+00 4.391899909691829862e-01
1.636583446893787652e+00 4.380722497600206267e-01
1.637178657314629415e+00 4.349008298524032479e-01
1.637773867735470956e+00 4.347037903709579654e-01
1.638369078156312719e+00 4.361336537158559956e-01
1.638964288577154260e+00 4.371054842066081636e-01
1.639559498997996023e+00 4.383962429997764754e-01
1.640154709418837786e+00 4.387794173141782439e-01
1.640749919839679327e+00 4.393938888353343120e-01
1.641345130260521090e+00 4.399978296265194544e-01
1.641940340681362853e+00 4.406431519073558123e-01
1.642535551102204394e+00 4.401624828323799643e-01
1.643130761523046157e+00 4.381358895568965850e-01
1.643725971943887920e+00 4.394332307282266536e-01
1.644321182364729461e+00 4.432641056078194808e-01
1.644916392785571224e+00 4.432131338888860572e-01
1.645511603206412765e+00 4.423825154603373555e-01
1.646106813627254528e+00 4.401221116381432430e-01
1.646702024048096291e+00 4.390892025591745518e-01
1.647297234468937832e+00 4.396353352813644477e-01
1.647892444889779595e+00 4.418007560087590102e-01
1.648487655310621358e+00 4.435335552039552653e-01
1.649082865731462899e+00 4.437521936491926611e-01
1.649678076152304662e+00 4.440280173666961150e-01
1.650273286573146425e+00 4.438575918737577286e-01
1.650868496993987966e+00 4.468771749857729514e-01
1.651463707414829729e+00 4.498849314757361606e-01
1.652058917835671270e+00 4.451291618728789312e-01
1.652654128256513033e+00 4.411342782448508526e-01
1.653249338677354796e+00 4.390124873897603419e-01
1.653844549098196337e+00 4.413010320462319447e-01
1.654439759519038100e+00 4.450089260315883144e-01
1.655034969939879863e+00 4.428613153975997641e-01
1.655630180360721404e+00 4.412338550691194961e-01
1.656225390781563167e+00 4.402900419775260810e-01
1.656820601202404930e+00 4.407459239396819828e-01
1.657415811623246471e+00 4.416746774337006465e-01
1.658011022044088234e+00 4.389848500757773109e-01
1.658606232464929997e+00 4.392273207722439121e-01
1.659201442885771538e+00 4.440255356615987470e-01
1.659796653306613301e+00 4.451350073529371509e-01
1.660391863727455064e+00 4.437923723668570353e-01
1.660987074148296605e+00 4.413162507612777286e-01
1.661582284569138368e+00 4.394768742498346703e-01
1.662177494989979909e+00 4.394722157421622755e-01
1.662772705410821672e+00 4.386855544227965531e-01
1.663367915831663435e+00 4.370208735120801880e-01
1.663963126252504976e+00 4.386944692108821764e-01
1.664558336673346739e+00 4.397194690851728982e-01
1.665153547094188502e+00 4.377840417494108793e-01
1.665748757515030043e+00 4.366488933285576635e-01
1.666343967935871806e+00 4.362022528694188828e-01
1.666939178356713569e+00 4.382731284649086789e-01
1.667534388777555110e+00 4.392731337516475043e-01
1.668129599198396873e+00 4.377302488875881581e-01
1.668724809619238414e+00 4.371954608791036589e-01
1.669320020040080177e+00 4.370991070564483882e-01
1.669915230460921940e+00 4.358783728027833537e-01
1.670510440881763481e+00 4.345221909060606458e-01
1.671105651302605244e+00 4.331172305260827526e-01
1.671700861723447007e+00 4.318675919697721466e-01
1.672296072144288548e+00 4.313584978277431037e-01
1.672891282565130311e+00 4.333249949612623664e-01
1.673486492985972074e+00 4.361835698567968489e-01
1.674081703406813615e+00 4.364066119570337299e-01
1.674676913827655378e+00 4.367693554982400306e-01
1.675272124248496919e+00 4.372330442756192648e-01
1.675867334669338682e+00 4.397051480300211979e-01
1.676462545090180445e+00 4.416330990869046236e-01
1.677057755511022208e+00 4.377444074770505122e-01
1.677652965931863749e+00 4.363336422333230491e-01
1.678248176352705512e+00 4.385547064024204467e-01
1.678843386773547053e+00 4.405193729617383758e-01
1.679438597194388816e+00 4.426855049854641622e-01
1.680033807615230579e+00 4.416601850813106078e-01
1.680629018036072120e+00 4.398348295038013722e-01
1.681224228456913883e+00 4.379791394934479110e-01
1.681819438877755646e+00 4.371663032007142013e-01
1.682414649298597187e+00 4.376385379404797438e-01
1.683009859719438950e+00 4.438663287953992231e-01
1.683605070140280713e+00 4.474202664452140987e-01
1.684200280561122254e+00 4.452212137854572038e-01
1.684795490981964017e+00 4.447546580342794376e-01
1.685390701402805558e+00 4.444921953537634973e-01
1.685985911823647321e+00 4.411899969094172924e-01
1.686581122244489084e+00 4.395344038013072052e-01
1.687176332665330625e+00 4.426338869303502177e-01
1.687771543086172388e+00 4.424662834956578084e-01
1.688366753507014151e+00 4.409321360488087094e-01
1.688961963927855692e+00 4.385935633325058203e-01
1.689557174348697455e+00 4.366081719433337338e-01
1.690152384769539218e+00 4.361477056305080868e-01
1.690747595190380759e+00 4.390507218258571931e-01
1.691342805611222522e+00 4.443114411344837866e-01
1.691938016032064063e+00 4.439611495747025627e-01
1.692533226452905826e+00 4.431770304298739971e-01
1.693128436873747589e+00 4.415613357614197598e-01
1.693723647294589130e+00 4.388106924584483370e-01
1.694318857715430893e+00 4.357854305863975708e-01
1.694914068136272656e+00 4.414181364171476107e-01
1.695509278557114197e+00 4.452269542397721547e-01
1.696104488977955960e+00 4.378028828394241456e-01
1.696699699398797723e+00 4.345670019632685843e-01
1.697294909819639264e+00 4.346157234721862439e-01
1.697890120240481027e+00 4.344338031140614897e-01
1.698485330661322568e+00 4.338391431030831913e-01
1.699080541082164331e+00 4.293802169506029665e-01
1.699675751503006094e+00 4.258664276507878044e-01
1.700270961923847857e+00 4.236542805522826027e-01
1.700866172344689398e+00 4.218504220407865435e-01
1.701461382765531161e+00 4.192686342770862717e-01
1.702056593186372702e+00 4.145837185487797893e-01
1.702651803607214465e+00 4.088896367277642385e-01
1.703247014028056228e+00 4.026842822478377548e-01
1.703842224448897769e+00 3.955975062390660324e-01
1.704437434869739532e+00 3.885071355443092678e-01
1.705032645290581295e+00 3.811966862044426363e-01
1.705627855711422836e+00 3.736989718375856584e-01
1.706223066132264599e+00 3.645254670940706876e-01
1.706818276553106362e+00 3.559663637062524533e-01
1.707413486973947903e+00 3.475630164755528773e-01
1.708008697394789666e+00 3.347986458144409649e-01
1.708603907815631207e+00 3.218988645576809082e-01
1.709199118236472970e+00 3.087344348168738484e-01
1.709794328657314733e+00 2.953394864583893109e-01
1.710389539078156274e+00 2.819974467796025897e-01
1.710984749498998037e+00 2.690594469072055128e-01
1.711579959919839800e+00 2.546424231848475328e-01
1.712175170340681341e+00 2.371290336283574662e-01
1.712770380761523104e+00 2.274760499939607328e-01
1.713365591182364867e+00 2.226816261514687756e-01
1.713960801603206408e+00 2.059957202405955645e-01
1.714556012024048171e+00 1.902575648768292660e-01
1.715151222444889711e+00 1.785578484593212667e-01
1.715746432865731474e+00 1.672470760068507645e-01
1.716341643286573238e+00 1.560854599843747859e-01
1.716936853707414778e+00 1.452001106364440575e-01
1.717532064128256541e+00 1.345935526633133539e-01
1.718127274549098304e+00 1.242673367112783617e-01
1.718722484969939845e+00 1.157160739158920593e-01
1.719317695390781608e+00 1.087983687711943093e-01
1.719912905811623371e+00 1.012699951562740647e-01
1.720508116232464912e+00 9.374174219049827284e-02
1.721103326653306675e+00 8.707860614557060008e-02
1.721698537074148216e+00 8.073684918735363203e-02
1.722293747494989979e+00 7.448965280124471289e-02
1.722888957915831742e+00 6.956313408467824921e-02
1.723484168336673505e+00 6.495124039028718488e-02
1.724079378757515046e+00 6.057765313847274929e-02
1.724674589178356809e+00 5.612146012334043310e-02
1.725269799599198350e+00 5.154748290378730752e-02
1.725865010020040113e+00 4.915407872733237177e-02
1.726460220440881876e+00 4.722157862975275705e-02
1.727055430861723417e+00 4.419555958061612000e-02
1.727650641282565180e+00 4.128122398964655104e-02
1.728245851703406943e+00 3.872544389400687376e-02
1.728841062124248484e+00 3.627324573502628546e-02
1.729436272545090247e+00 3.392545233693183837e-02
1.730031482965932010e+00 3.251742633183170306e-02
1.730626693386773551e+00 3.085714106860659375e-02
1.731221903807615314e+00 2.866783823600967465e-02
1.731817114228456855e+00 2.676210530428402637e-02
1.732412324649298618e+00 2.497615462057729482e-02
1.733007535070140381e+00 2.304839725590028879e-02
1.733602745490981922e+00 2.112569851297243367e-02
1.734197955911823685e+00 1.924308204088425595e-02
1.734793166332665448e+00 1.753075085527581317e-02
1.735388376753506989e+00 1.591534268968327129e-02
1.735983587174348752e+00 1.457526962855509867e-02
1.736578797595190515e+00 1.321902800103698025e-02
1.737174008016032056e+00 1.182663664446225588e-02
1.737769218436873819e+00 1.087686389298284616e-02
1.738364428857715360e+00 1.018780735805010877e-02
1.738959639278557123e+00 9.258265952861463241e-03
1.739554849699398886e+00 8.398374855524842059e-03
1.740150060120240649e+00 7.779303119777400237e-03
1.740745270541082190e+00 7.102583540321368363e-03
1.741340480961923953e+00 6.387905714350115664e-03
1.741935691382765494e+00 5.884268004514570799e-03
1.742530901803607257e+00 5.410975739276529910e-03
1.743126112224449020e+00 4.949334491857456352e-03
1.743721322645290561e+00 4.490925133721517144e-03
1.744316533066132324e+00 4.039747588594842787e-03
1.744911743486973865e+00 3.730299382179208707e-03
1.745506953907815628e+00 3.453357227564275798e-03
1.746102164328657391e+00 3.216819832093133213e-03
1.746697374749499154e+00 2.994433828453230834e-03
1.747292585170340695e+00 2.784008519231978736e-03
1.747887795591182458e+00 2.559406609292313832e-03
1.748483006012023999e+00 2.341766440015084598e-03
1.749078216432865762e+00 2.172415435290834217e-03
1.749673426853707525e+00 2.010439778431919768e-03
1.750268637274549066e+00 1.853336095847979209e-03
1.750863847695390829e+00 1.723558023259293614e-03
1.751459058116232370e+00 1.601328080881498066e-03
1.752054268537074133e+00 1.486294787760831376e-03
1.752649478957915896e+00 1.376515571881384726e-03
1.753244689378757659e+00 1.274485435809469356e-03
1.753839899799599200e+00 1.199487749055793686e-03
1.754435110220440963e+00 1.133449181944306758e-03
1.755030320641282504e+00 1.041257707892262680e-03
1.755625531062124267e+00 9.601324573865366741e-04
1.756220741482966030e+00 8.976574486261771702e-04
1.756815951903807571e+00 8.502972856091520724e-04
1.757411162324649334e+00 8.079953500894996449e-04
1.758006372745491097e+00 7.568646233110814560e-04
1.758601583166332638e+00 7.095202801094817758e-04
1.759196793587174401e+00 6.679789701595545328e-04
1.759792004008016164e+00 6.231329060293321629e-04
1.760387214428857705e+00 5.763134088653142821e-04
1.760982424849699468e+00 5.464831247156962720e-04
1.761577635270541009e+00 5.158505615172235496e-04
1.762172845691382772e+00 4.834208469911478213e-04
1.762768056112224535e+00 4.530656032639295331e-04
1.763363266533066298e+00 4.239963863355543654e-04
1.763958476953907839e+00 4.010378699570514680e-04
1.764553687374749602e+00 3.803223469049706192e-04
1.765148897795591143e+00 3.647471330458470812e-04
1.765744108216432906e+00 3.479449867940326508e-04
1.766339318637274669e+00 3.302099642397325293e-04
1.766934529058116210e+00 3.121300867248163829e-04
1.767529739478957973e+00 2.942462513278422333e-04
1.768124949899799514e+00 2.791360229071512518e-04
1.768720160320641277e+00 2.647932990757571447e-04
1.769315370741483040e+00 2.510130957458889364e-04
1.769910581162324803e+00 2.358576407696838018e-04
1.770505791583166344e+00 2.218646976947185700e-04
1.771101002004008107e+00 2.123387373054431927e-04
1.771696212424849648e+00 2.037373525562398218e-04
1.772291422845691411e+00 1.960901658308200244e-04
1.772886633266533174e+00 1.859555308979293146e-04
1.773481843687374715e+00 1.760468333035570588e-04
1.774077054108216478e+00 1.697822236839041307e-04
1.774672264529058019e+00 1.610051309044721927e-04
1.775267474949899782e+00 1.490118602845153645e-04
1.775862685370741545e+00 1.453363561443392316e-04
1.776457895791583308e+00 1.422948761257052455e-04
1.777053106212424849e+00 1.318414967377136524e-04
1.777648316633266612e+00 1.238905155937421339e-04
1.778243527054108153e+00 1.198285233252208100e-04
1.778838737474949916e+00 1.152450120461113943e-04
1.779433947895791679e+00 1.109279398273692525e-04
1.780029158316633220e+00 1.052294865951918521e-04
1.780624368737474983e+00 1.006843372978290582e-04
1.781219579158316746e+00 9.830736617725765688e-05
1.781814789579158287e+00 9.363161057157752163e-05
1.782410000000000050e+00 8.795206693556863382e-05
