4.565809999999999924e+00 1.076775840859730345e-04
4.566178276553106485e+00 1.164878944370326157e-04
4.566546553106212158e+00 1.252998339828871382e-04
4.566914829659318720e+00 1.341088194032276674e-04
4.567283106212424393e+00 1.436465593286507375e-04
4.567651382765530954e+00 1.546792230526371117e-04
4.568019659318637515e+00 1.657081784830947383e-04
4.568387935871743188e+00 1.767332878725587342e-04
4.568756212424849750e+00 1.893978690829052538e-04
4.569124488977955423e+00 2.029080790500225663e-04
4.569492765531061984e+00 2.164136959871850287e-04
4.569861042084168545e+00 2.299148309004864438e-04
4.570229318637274218e+00 2.460926844302049497e-04
4.570597595190380780e+00 2.622920094671641017e-04
4.570965871743487341e+00 2.784859201142358617e-04
4.571334148296593014e+00 2.958903353714838268e-04
4.571702424849699575e+00 3.156513859508943624e-04
4.572070701402805248e+00 3.353953523586288704e-04
4.572438977955911810e+00 3.550258597829316146e-04
4.572807254509018371e+00 3.772293156851112199e-04
4.573175531062124044e+00 4.008025516909192012e-04
4.573543807615230605e+00 4.243676707449672023e-04
4.573912084168336278e+00 4.479248614532936709e-04
4.574280360721442840e+00 4.732914494937864088e-04
4.574648637274549401e+00 4.986812882159327330e-04
4.575016913827655074e+00 5.240626351521053333e-04
4.575385190380761635e+00 5.500958024919098488e-04
4.575753466933867308e+00 5.775655689723885626e-04
4.576121743486973870e+00 6.050260569010312405e-04
4.576490020040080431e+00 6.324770250340718165e-04
4.576858296593186104e+00 6.607971226812591088e-04
4.577226573146292665e+00 6.895914217865204560e-04
4.577594849699398338e+00 7.183758649848582005e-04
4.577963126252504900e+00 7.471507116900232394e-04
4.578331402805611461e+00 7.708406311933207675e-04
4.578699679358717134e+00 7.943956582132959739e-04
4.579067955911823695e+00 8.179426776792877909e-04
4.579436232464929368e+00 8.406448864413440308e-04
4.579804509018035930e+00 8.614479428909838175e-04
4.580172785571142491e+00 8.822442054154870476e-04
4.580541062124248164e+00 9.030337091553402706e-04
4.580909338677354725e+00 9.215248956341152205e-04
4.581277615230461286e+00 9.387062784550273542e-04
4.581645891783566960e+00 9.558817342415172006e-04
4.582014168336673521e+00 9.730514668587187353e-04
4.582382444889779194e+00 9.821744596016873750e-04
4.582750721442885755e+00 9.910320109692487105e-04
4.583118997995992316e+00 9.998862354597634096e-04
4.583487274549097990e+00 1.008239077070274608e-03
4.583855551102204551e+00 1.015424367985745405e-03
4.584223827655310224e+00 1.022606537971625269e-03
4.584592104208416785e+00 1.029785820848585793e-03
4.584960380761523346e+00 1.036117263791944045e-03
4.585328657314629019e+00 1.041949626694716651e-03
4.585696933867735581e+00 1.047779857183202224e-03
4.586065210420841254e+00 1.053607868145740650e-03
4.586433486973947815e+00 1.061926831284584934e-03
4.586801763527054376e+00 1.070343625810101082e-03
4.587170040080160049e+00 1.078756962436561813e-03
4.587538316633266611e+00 1.088384907217653831e-03
4.587906593186372284e+00 1.100960930458205929e-03
4.588274869739478845e+00 1.113531688632258708e-03
4.588643146292585406e+00 1.126097797586804276e-03
4.589011422845691079e+00 1.141444597052302485e-03
4.589379699398797641e+00 1.158469405358404040e-03
4.589747975951903314e+00 1.175488272032578461e-03
4.590116252505009875e+00 1.192499002832008792e-03
4.590484529058116436e+00 1.217219642730782946e-03
4.590852805611222109e+00 1.242303723059391381e-03
4.591221082164328671e+00 1.267377899493106605e-03
4.591589358717435232e+00 1.294344667253449765e-03
4.591957635270540905e+00 1.326074987415380799e-03
4.592325911823647466e+00 1.357792423884077388e-03
4.592694188376753139e+00 1.389498171659155285e-03
4.593062464929859701e+00 1.425960295863352035e-03
4.593430741482966262e+00 1.465381479700897469e-03
4.593799018036071935e+00 1.504788432247963510e-03
4.594167294589178496e+00 1.544180292366131770e-03
4.594535571142284169e+00 1.595549315858170924e-03
4.594903847695390731e+00 1.647573442730916214e-03
4.595272124248497292e+00 1.699576995143292808e-03
4.595640400801602965e+00 1.754508941581571502e-03
4.596008677354709526e+00 1.817086320463138756e-03
4.596376953907815199e+00 1.879638254531966132e-03
4.596745230460921761e+00 1.942166882387623850e-03
4.597113507014028322e+00 2.012580424564460336e-03
4.597481783567133995e+00 2.088050229761970449e-03
4.597850060120240556e+00 2.163491813345285678e-03
4.598218336673346229e+00 2.238903503569081386e-03
4.598586613226452791e+00 2.333151939577674232e-03
4.598954889779559352e+00 2.428577846236475331e-03
4.599323166332665025e+00 2.523965102606787192e-03
4.599691442885771586e+00 2.624834292035467791e-03
4.600059719438877259e+00 2.740542845962974042e-03
4.600427995991983821e+00 2.856204233619589160e-03
4.600796272545090382e+00 2.971821722547904679e-03
4.601164549098196055e+00 3.102784564051078338e-03
4.601532825651302616e+00 3.243891559155772947e-03
4.601901102204409177e+00 3.384943923070714115e-03
4.602269378757514851e+00 3.525938346488908040e-03
4.602637655310621412e+00 3.701066323286620816e-03
4.603005931863727085e+00 3.878604766361426048e-03
4.603374208416833646e+00 4.056068713751865250e-03
4.603742484969940207e+00 4.244141486932670286e-03
4.604110761523045880e+00 4.462008222578221425e-03
4.604479038076152442e+00 4.679784440147062227e-03
4.604847314629258115e+00 4.897473995475216425e-03
4.605215591182364676e+00 5.145855224425757886e-03
4.605583867735471237e+00 5.415147734056066295e-03
4.605952144288576910e+00 5.684331966842508764e-03
4.606320420841683472e+00 5.953401188577033855e-03
4.606688697394789145e+00 6.287574072140876373e-03
4.607056973947895706e+00 6.626881058253123076e-03
4.607425250501002267e+00 6.966040942458754867e-03
4.607793527054107940e+00 7.325489757030861741e-03
4.608161803607214502e+00 7.744107882203334764e-03
4.608530080160320175e+00 8.162543835878806678e-03
4.608898356713426736e+00 8.580803017203635780e-03
4.609266633266533297e+00 9.058388229880863160e-03
4.609634909819638970e+00 9.577620179446235879e-03
4.610003186372745532e+00 1.009663391682410691e-02
4.610371462925851205e+00 1.061583401390107061e-02
4.610739739478957766e+00 1.125601538316995005e-02
4.611108016032064327e+00 1.190678954002742131e-02
4.611476292585170000e+00 1.255732123388284514e-02
4.611844569138276562e+00 1.324629743453097606e-02
4.612212845691383123e+00 1.405169890154387216e-02
4.612581122244488796e+00 1.485680014509354815e-02
4.612949398797595357e+00 1.566160851848361762e-02
4.613317675350701030e+00 1.657990075200618807e-02
4.613685951903807592e+00 1.758028804245802268e-02
4.614054228456914153e+00 1.858029692852705000e-02
4.614422505010019826e+00 1.957990874152510524e-02
4.614790781563126387e+00 2.080231675940305558e-02
4.615159058116232060e+00 2.204610547457410558e-02
4.615527334669338622e+00 2.328940202750489491e-02
4.615895611222445183e+00 2.460441039163658097e-02
4.616263887775550856e+00 2.614531449963182139e-02
4.616632164328657417e+00 2.768561341543792839e-02
4.617000440881763090e+00 2.922531626016760045e-02
4.617368717434869652e+00 3.097961612227651332e-02
4.617736993987976213e+00 3.289382249498446625e-02
4.618105270541081886e+00 3.480726496180473750e-02
4.618473547094188447e+00 3.671992095976218257e-02
4.618841823647294120e+00 3.904530561915333514e-02
4.619210100200400682e+00 4.141384668642945910e-02
4.619578376753507243e+00 4.378141445226627071e-02
4.619946653306612916e+00 4.628051024583180323e-02
4.620314929859719477e+00 4.920912805218458780e-02
4.620683206412825150e+00 5.213600723501763540e-02
4.621051482965931712e+00 5.506142767274667393e-02
4.621419759519038273e+00 5.837226608365486680e-02
4.621788036072143946e+00 6.197874618155221199e-02
4.622156312625250507e+00 6.558339152050050858e-02
4.622524589178357068e+00 6.918618313510976892e-02
4.622892865731462742e+00 7.346378777018172657e-02
4.623261142284569303e+00 7.781735874244607998e-02
4.623629418837674976e+00 8.216868729069047583e-02
4.623997695390781537e+00 8.672421218755728411e-02
4.624365971943888098e+00 9.197876130536718209e-02
4.624734248496993771e+00 9.723059465962760606e-02
4.625102525050100333e+00 1.024796773955947982e-01
4.625470801603206006e+00 1.082057925747475502e-01
4.625839078156312567e+00 1.143085321393258746e-01
4.626207354709419128e+00 1.204079793267657933e-01
4.626575631262524801e+00 1.265041419707662318e-01
4.626943907815631363e+00 1.331866844788740512e-01
4.627312184368737036e+00 1.399389885288822855e-01
4.627680460921843597e+00 1.466876525521695618e-01
4.628048737474950158e+00 1.536080115766656762e-01
4.628417014028055831e+00 1.611455652124679228e-01
4.628785290581162393e+00 1.686790531187258857e-01
4.629153567134268066e+00 1.762083854888524814e-01
4.629521843687374627e+00 1.837698519123629193e-01
4.629890120240481188e+00 1.913567749832105480e-01
4.630258396793586861e+00 1.989396272058052972e-01
4.630626673346693423e+00 2.065183625548388802e-01
4.630994949899799096e+00 2.139221347283057351e-01
4.631363226452905657e+00 2.212986899053568657e-01
4.631731503006012218e+00 2.286711347628374302e-01
4.632099779559117891e+00 2.360259051831941901e-01
4.632468056112224453e+00 2.433264722379728240e-01
4.632836332665331014e+00 2.506229142519149633e-01
4.633204609218436687e+00 2.579150608678139056e-01
4.633572885771543248e+00 2.644270512101242754e-01
4.633941162324648921e+00 2.702847219621325459e-01
4.634309438877755483e+00 2.761387784024633696e-01
4.634677715430862044e+00 2.819894312840610651e-01
4.635045991983967717e+00 2.869934731393827265e-01
4.635414268537074278e+00 2.918736511858551763e-01
4.635782545090179951e+00 2.967510033262464320e-01
4.636150821643286513e+00 3.014533433298979270e-01
4.636519098196393074e+00 3.054885930843560526e-01
4.636887374749498747e+00 3.095214613524344127e-01
4.637255651302605308e+00 3.135516986136399065e-01
4.637623927855710981e+00 3.166099955051273063e-01
4.637992204408817543e+00 3.188296285956461751e-01
4.638360480961924104e+00 3.210475645521061461e-01
4.638728757515029777e+00 3.232641480295369019e-01
4.639097034068136338e+00 3.248777126898213519e-01
4.639465310621242011e+00 3.263982106901866520e-01
4.639833587174348573e+00 3.279177655305539063e-01
4.640201863727455134e+00 3.293065890200652657e-01
4.640570140280560807e+00 3.301704212709857811e-01
4.640938416833667368e+00 3.310337022076461078e-01
4.641306693386773041e+00 3.318961293668902246e-01
4.641674969939879603e+00 3.323659539003074870e-01
4.642043246492986164e+00 3.324871146594768900e-01
4.642411523046091837e+00 3.326078442916542421e-01
4.642779799599198398e+00 3.327284596797117078e-01
4.643148076152304959e+00 3.327531717891368812e-01
4.643516352705410632e+00 3.327620965922699625e-01
4.643884629258517194e+00 3.327709734030556143e-01
4.644252905811622867e+00 3.327548911239897600e-01
4.644621182364729428e+00 3.326344018659998514e-01
4.644989458917835989e+00 3.325139429157849547e-01
4.645357735470941662e+00 3.323931804083523067e-01
4.645726012024048224e+00 3.322988481152152063e-01
4.646094288577153897e+00 3.322285973437132944e-01
4.646462565130260458e+00 3.321580950405425003e-01
4.646830841683367019e+00 3.320875925479178647e-01
4.647199118236472692e+00 3.320790824197755731e-01
4.647567394789579254e+00 3.320810787251733953e-01
4.647935671342684927e+00 3.320830305765166135e-01
4.648303947895791488e+00 3.321048495770732578e-01
4.648672224448898049e+00 3.322159669709981444e-01
4.649040501002003722e+00 3.323269364152089400e-01
4.649408777555110284e+00 3.324375073190508068e-01
4.649777054108215957e+00 3.326023898017739233e-01
4.650145330661322518e+00 3.328179989228650104e-01
4.650513607214429079e+00 3.330328785902562649e-01
4.650881883767534752e+00 3.332475788521641058e-01
4.651250160320641314e+00 3.335771152751195179e-01
4.651618436873746987e+00 3.339538915096284533e-01
4.651986713426853548e+00 3.343306647297812351e-01
4.652354989979960109e+00 3.345796102635231750e-01
4.652723266533065782e+00 3.348347242624998277e-01
4.653091543086172344e+00 3.350895577118246371e-01
4.653459819639278905e+00 3.353439601123390790e-01
4.653828096192384578e+00 3.355658148067369173e-01
4.654196372745491139e+00 3.357559933615719139e-01
4.654564649298596812e+00 3.359458689141072152e-01
4.654932925851703374e+00 3.361355780553035300e-01
4.655301202404809935e+00 3.362776878865819108e-01
4.655669478957915608e+00 3.364105381163898789e-01
4.656037755511022169e+00 3.365432281880003651e-01
4.656406032064127842e+00 3.366517621299138785e-01
4.656774308617234404e+00 3.366438962742372421e-01
4.657142585170340965e+00 3.366358828212582810e-01
4.657510861723446638e+00 3.366276599817340509e-01
4.657879138276553199e+00 3.365625105901045022e-01
4.658247414829658872e+00 3.364404520065681359e-01
4.658615691382765434e+00 3.363183364626832761e-01
4.658983967935871995e+00 3.361962515704593479e-01
4.659352244488977668e+00 3.360155077025525627e-01
4.659720521042084229e+00 3.358229858144426982e-01
4.660088797595189902e+00 3.356307758437273026e-01
4.660457074148296464e+00 3.354237292085778810e-01
4.660825350701403025e+00 3.351361050461459379e-01
4.661193627254508698e+00 3.348484853509645642e-01
4.661561903807615259e+00 3.345608829820322927e-01
4.661930180360720932e+00 3.342625161161982272e-01
4.662298456913827494e+00 3.339529118207087977e-01
4.662666733466934055e+00 3.336434091480472985e-01
4.663035010020039728e+00 3.333340312279138851e-01
4.663403286573146289e+00 3.330104267835385379e-01
4.663771563126252850e+00 3.326839588888642063e-01
4.664139839679358523e+00 3.323575623124788159e-01
4.664508116232465085e+00 3.320275761919397328e-01
4.664876392785570758e+00 3.316781286743271662e-01
4.665244669338677319e+00 3.313287074896880124e-01
4.665612945891783880e+00 3.309793831884600412e-01
4.665981222444889553e+00 3.305892932854859745e-01
4.666349498997996115e+00 3.301559588787226218e-01
4.666717775551101788e+00 3.297228316891743227e-01
4.667086052104208349e+00 3.292898759287171129e-01
4.667454328657314910e+00 3.287715272156745971e-01
4.667822605210420583e+00 3.282343300784885121e-01
4.668190881763527145e+00 3.276973136420368027e-01
4.668559158316632818e+00 3.270751009628184436e-01
4.668927434869739379e+00 3.259621661284219374e-01
4.669295711422845940e+00 3.248497003560452123e-01
4.669663987975951613e+00 3.237378140220620870e-01
4.670032264529058175e+00 3.223909965813603340e-01
4.670400541082163848e+00 3.207889464684178793e-01
4.670768817635270409e+00 3.191877816318637318e-01
4.671137094188376970e+00 3.175874414697411607e-01
4.671505370741482643e+00 3.153291166395268963e-01
4.671873647294589205e+00 3.129175163682988980e-01
4.672241923847694878e+00 3.105071538156544131e-01
4.672610200400801439e+00 3.078939122392980732e-01
4.672978476953908000e+00 3.040374845168866691e-01
4.673346753507013673e+00 3.001830621799179699e-01
4.673715030060120235e+00 2.963307715680638110e-01
4.674083306613226796e+00 2.921276654300771214e-01
4.674451583166332469e+00 2.875318085311137639e-01
4.674819859719439030e+00 2.829384880864116991e-01
4.675188136272544703e+00 2.783476438256117236e-01
4.675556412825651265e+00 2.725401816434377955e-01
4.675924689378757826e+00 2.664364098159922034e-01
4.676292965931863499e+00 2.603358722518188673e-01
4.676661242484970060e+00 2.540951340598553987e-01
4.677029519038075733e+00 2.469280961969324006e-01
4.677397795591182295e+00 2.397648153999270004e-01
4.677766072144288856e+00 2.326053783211015635e-01
4.678134348697394529e+00 2.253712571293159661e-01
4.678502625250501090e+00 2.180505109020220988e-01
4.678870901803606763e+00 2.107336571299284478e-01
4.679239178356713325e+00 2.034206516405860365e-01
4.679607454909819886e+00 1.954083224961984389e-01
4.679975731462925559e+00 1.872195379238892066e-01
4.680344008016032120e+00 1.790340123352503476e-01
4.680712284569137793e+00 1.709077418194233922e-01
4.681080561122244355e+00 1.631650550204284678e-01
4.681448837675350916e+00 1.554264256000787991e-01
4.681817114228456589e+00 1.476918904058079074e-01
4.682185390781563150e+00 1.402835102992990024e-01
4.682553667334669711e+00 1.332609114292235830e-01
4.682921943887775384e+00 1.262419353102475217e-01
4.683290220440881946e+00 1.192265589832589429e-01
4.683658496993987619e+00 1.125904157325985505e-01
4.684026773547094180e+00 1.060584587053530897e-01
4.684395050100200741e+00 9.952979474237584612e-02
4.684763326653306414e+00 9.314003412441310137e-02
4.685131603206412976e+00 8.775434931876456568e-02
4.685499879759518649e+00 8.237133802258840565e-02
4.685868156312625210e+00 7.699101118097426144e-02
4.686236432865731771e+00 7.203219885030928693e-02
4.686604709418837444e+00 6.758715984724822379e-02
4.686972985971944006e+00 6.314428868845428644e-02
4.687341262525049679e+00 5.870357711084905894e-02
4.687709539078156240e+00 5.494925673656633064e-02
4.688077815631262801e+00 5.138837400692412849e-02
4.688446092184368474e+00 4.782917485949642750e-02
4.688814368737475036e+00 4.436004675681891329e-02
4.689182645290580709e+00 4.159254878519322296e-02
4.689550921843687270e+00 3.882631808126256467e-02
4.689919198396793831e+00 3.606135673249839801e-02
4.690287474949899504e+00 3.357638319620345063e-02
4.690655751503006066e+00 3.144279566382213176e-02
4.691024028056111739e+00 2.931015721556409770e-02
4.691392304609218300e+00 2.717846644496392863e-02
4.691760581162324861e+00 2.544388050337912516e-02
4.692128857715430534e+00 2.382573482838292941e-02
4.692497134268537096e+00 2.220829239498378974e-02
4.692865410821642769e+00 2.063088050554302139e-02
4.693233687374749330e+00 1.938972646939962283e-02
4.693601963927855891e+00 1.814909800015118355e-02
4.693970240480961564e+00 1.690899515253775978e-02
4.694338517034068126e+00 1.580257050844817782e-02
4.694706793587174687e+00 1.486894453179238122e-02
4.695075070140280360e+00 1.393570160571476306e-02
4.695443346693386921e+00 1.300284193241928871e-02
4.695811623246492594e+00 1.223616196200815603e-02
4.696179899799599156e+00 1.152021680125023435e-02
4.696548176352705717e+00 1.080455724758324493e-02
4.696916452905811390e+00 1.010477461652998371e-02
4.697284729458917951e+00 9.552361086552123640e-03
4.697653006012023624e+00 9.000659623775468174e-03
4.698021282565130186e+00 8.448508257415691600e-03
4.698389559118236747e+00 7.950612493023451188e-03
4.698757835671342420e+00 7.529653986465852447e-03
4.699126112224448981e+00 7.108856624867630064e-03
4.699494388777554654e+00 6.688220600487905856e-03
4.699862665330661216e+00 6.334052073001833483e-03
4.700230941883767777e+00 6.001013012540431721e-03
4.700599218436873450e+00 5.668102037194529957e-03
4.700967494989980011e+00 5.341686501932143422e-03
4.701335771543085684e+00 5.079447897525574650e-03
4.701704048096192246e+00 4.817302540423157482e-03
4.702072324649298807e+00 4.555250518414747166e-03
4.702440601202404480e+00 4.316996318273870828e-03
4.702808877755511041e+00 4.111365661520208041e-03
4.703177154308617602e+00 3.905806902195762924e-03
4.703545430861723275e+00 3.700320014953239599e-03
4.703913707414829837e+00 3.524253524086508327e-03
4.704281983967935510e+00 3.357907651204999899e-03
4.704650260521042071e+00 3.191618940174425958e-03
4.705018537074148632e+00 3.028175412188267596e-03
4.705386813627254305e+00 2.895475813240465639e-03
4.705755090180360867e+00 2.762820166083801258e-03
4.706123366733466540e+00 2.630208696495156019e-03
4.706491643286573101e+00 2.507909133559018885e-03
4.706859919839679662e+00 2.400167838912248188e-03
4.707228196392785335e+00 2.292461490081343974e-03
4.707596472945891897e+00 2.184789896859916109e-03
4.707964749498997570e+00 2.091001356183763357e-03
4.708333026052104131e+00 2.001978491961877230e-03
4.708701302605210692e+00 1.912983304513954461e-03
4.709069579158316365e+00 1.825317492468867897e-03
4.709437855711422927e+00 1.753485979152277644e-03
4.709806132264528600e+00 1.681676383358580128e-03
4.710174408817635161e+00 1.609916425236664539e-03
4.710542685370741722e+00 1.542936677340786284e-03
4.710910961923847395e+00 1.482864897569747230e-03
4.711279238476953957e+00 1.422807145801509212e-03
4.711647515030059630e+00 1.362763142052725177e-03
4.712015791583166191e+00 1.309821678882944944e-03
4.712384068136272752e+00 1.259409414067244213e-03
4.712752344689378425e+00 1.209008052107794339e-03
4.713120621242484987e+00 1.159140869735871991e-03
4.713488897795590660e+00 1.116356581294480638e-03
4.713857174348697221e+00 1.073581204947305755e-03
4.714225450901803782e+00 1.030814990560034077e-03
4.714593727454909455e+00 9.905271499065198670e-04
4.714962004008016017e+00 9.539541956872498460e-04
4.715330280561122578e+00 9.173889562949123907e-04
4.715698557114228251e+00 8.808311134194228304e-04
4.716066833667334812e+00 8.482917215771848714e-04
4.716435110220440485e+00 8.172369984051883239e-04
4.716803386773547047e+00 7.861884924137273623e-04
4.717171663326653608e+00 7.554425071537279168e-04
4.717539939879759281e+00 7.292083868132448075e-04
4.717908216432865842e+00 7.029794166019534074e-04
4.718276492985971515e+00 6.767558275998665886e-04
4.718644769539078077e+00 6.519688939215967415e-04
4.719013046092184638e+00 6.294011300523547634e-04
4.719381322645290311e+00 6.068379266505680636e-04
4.719749599198396872e+00 5.842789953134587457e-04
4.720117875751502545e+00 5.640340836042948610e-04
4.720486152304609107e+00 5.446648024672397269e-04
4.720854428857715668e+00 5.253005978841266766e-04
4.721222705410821341e+00 5.060946713942096609e-04
4.721590981963927902e+00 4.895504949765823455e-04
4.721959258517033575e+00 4.730106410561430645e-04
4.722327535070140136e+00 4.564753151633945912e-04
4.722695811623246698e+00 4.408233028412635859e-04
4.723064088176352371e+00 4.265769585548539978e-04
4.723432364729458932e+00 4.123345269384611129e-04
4.723800641282565493e+00 3.980958217761836710e-04
4.724168917835671166e+00 3.855927170785046249e-04
4.724537194388777728e+00 3.737786636416526027e-04
4.724905470941883401e+00 3.619676650094908734e-04
4.725273747494989962e+00 3.502448215837730087e-04
4.725642024048096523e+00 3.402373739803187338e-04
4.726010300601202196e+00 3.302324860191897023e-04
4.726378577154308758e+00 3.202303244835818380e-04
4.726746853707414431e+00 3.108970806542559807e-04
4.727115130260520992e+00 3.026617318349894407e-04
4.727483406813627553e+00 2.944286116583103800e-04
4.727851683366733226e+00 2.861976010265916931e-04
4.728219959919839788e+00 2.795460334774631890e-04
4.728588236472945461e+00 2.735431075958425612e-04
4.728956513026052022e+00 2.675417275795060213e-04
4.729324789579158583e+00 2.615821100405757221e-04
4.729693066132264256e+00 2.565842960560529590e-04
4.730061342685370818e+00 2.515878251915544127e-04
4.730429619238476491e+00 2.465928842083791629e-04
4.730797895791583052e+00 2.419582935775883902e-04
4.731166172344689613e+00 2.379336535956594063e-04
4.731534448897795286e+00 2.339101134916529939e-04
4.731902725450901848e+00 2.298875940881547723e-04
4.732271002004007521e+00 2.260619090408703047e-04
4.732639278557114082e+00 2.223203277568562141e-04
4.733007555110220643e+00 2.185796979538470026e-04
4.733375831663326316e+00 2.148486106664956831e-04
4.733744108216432878e+00 2.113675563060569767e-04
4.734112384769538551e+00 2.079130032768341531e-04
4.734480661322645112e+00 2.045158102808885311e-04
4.734848937875751673e+00 2.013425983102590548e-04
4.735217214428857346e+00 1.985157027596048962e-04
4.735585490981963908e+00 1.956563598887391152e-04
4.735953767535070469e+00 1.927977640640434842e-04
4.736322044088176142e+00 1.899413203685093121e-04
4.736690320641282703e+00 1.870862167249264885e-04
4.737058597194388376e+00 1.842318877855827380e-04
4.737426873747494938e+00 1.813760504952399537e-04
4.737795150300601499e+00 1.784312921974376593e-04
4.738163426853707172e+00 1.754873648870837054e-04
4.738531703406813733e+00 1.725442788569553289e-04
4.738899979959919406e+00 1.694377568158402056e-04
4.739268256513025968e+00 1.660358963244672355e-04
4.739636533066132529e+00 1.626349825362214253e-04
4.740004809619238202e+00 1.592349921266716028e-04
4.740373086172344763e+00 1.559045216334172370e-04
4.740741362725450436e+00 1.526059218708933633e-04
4.741109639278556998e+00 1.493082538774420870e-04
4.741477915831663559e+00 1.460161579383678209e-04
4.741846192384769232e+00 1.429696938101542730e-04
4.742214468937875793e+00 1.399241361243633926e-04
4.742582745490981466e+00 1.368794665077211674e-04
4.742951022044088027e+00 1.339200488636412608e-04
4.743319298597194589e+00 1.311186924624807213e-04
4.743687575150300262e+00 1.283181423444054823e-04
4.744055851703406823e+00 1.255183995977639494e-04
4.744424128256513384e+00 1.228771027441156473e-04
4.744792404809619057e+00 1.203105972602440339e-04
4.745160681362725619e+00 1.177448636151741954e-04
4.745528957915831292e+00 1.151824940813602529e-04
4.745897234468937853e+00 1.128478817171778520e-04
4.746265511022044414e+00 1.105140160411499547e-04
4.746633787575150087e+00 1.081808613626831632e-04
4.747002064128256649e+00 1.059186694554312602e-04
4.747370340681362322e+00 1.037923027038611208e-04
4.747738617234468883e+00 1.016665869722801737e-04
4.748106893787575444e+00 9.954154206352103750e-05
4.748475170340681117e+00 9.753075475377783734e-05
4.748843446893787679e+00 9.557573198119248851e-05
4.749211723446893352e+00 9.362135754311473417e-05
4.749579999999999913e+00 9.166564841786541877e-05
