4.500000000000000000e+00 1.263471354227932474e-04
4.501201503006011961e+00 1.317177588466407435e-04
4.502403006012023923e+00 1.325921951815730324e-04
4.503604509018035884e+00 1.363733903439389111e-04
4.504806012024047845e+00 1.424197787495349026e-04
4.506007515030059807e+00 1.500425362149070553e-04
4.507209018036071768e+00 1.535965564361231009e-04
4.508410521042083730e+00 1.572636364113064818e-04
4.509612024048096579e+00 1.642166939995318479e-04
4.510813527054108540e+00 1.735896563091979955e-04
4.512015030060120502e+00 1.824279937698804123e-04
4.513216533066132463e+00 1.881861575594191965e-04
4.514418036072144425e+00 1.941711837340561353e-04
4.515619539078156386e+00 2.075886183515742952e-04
4.516821042084168347e+00 2.194298982046536013e-04
4.518022545090180309e+00 2.284437826374781757e-04
4.519224048096192270e+00 2.338980777729632700e-04
4.520425551102204231e+00 2.420230579484739647e-04
4.521627054108216193e+00 2.562761766043179725e-04
4.522828557114228154e+00 2.719132265427438031e-04
4.524030060120240115e+00 2.855941779599917036e-04
4.525231563126252077e+00 2.967993153586788294e-04
4.526433066132264926e+00 3.128276569505729398e-04
4.527634569138276888e+00 3.350896594017788426e-04
4.528836072144288849e+00 3.537869085466914705e-04
4.530037575150300810e+00 3.711784315327592903e-04
4.531239078156312772e+00 3.900237433822890780e-04
4.532440581162324733e+00 4.140518492446664217e-04
4.533642084168336694e+00 4.447923557895450760e-04
4.534843587174348656e+00 4.718310816675687878e-04
4.536045090180360617e+00 4.955700623405964169e-04
4.537246593186372579e+00 5.202375684619655423e-04
4.538448096192384540e+00 5.525353109286468105e-04
4.539649599198396501e+00 5.898097849272762290e-04
4.540851102204408463e+00 6.253074937748034565e-04
4.542052605210420424e+00 6.605329696230158006e-04
4.543254108216433274e+00 6.997613980041919113e-04
4.544455611222445235e+00 7.443791365507268715e-04
4.545657114228457196e+00 7.950990662993853188e-04
4.546858617234469158e+00 8.412686498904571467e-04
4.548060120240481119e+00 8.889734490186495608e-04
4.549261623246493080e+00 9.423781265732470097e-04
4.550463126252505042e+00 1.000908956011801196e-03
4.551664629258517003e+00 1.061397439182190129e-03
4.552866132264528964e+00 1.120156349768632216e-03
4.554067635270540926e+00 1.180788784675654854e-03
4.555269138276552887e+00 1.250513528433248086e-03
4.556470641282564848e+00 1.325728514468700256e-03
4.557672144288576810e+00 1.405610389192069910e-03
4.558873647294588771e+00 1.479583623829676311e-03
4.560075150300601621e+00 1.560340942939962344e-03
4.561276653306613582e+00 1.652097166333132321e-03
4.562478156312625543e+00 1.750871701396793925e-03
4.563679659318637505e+00 1.850780707164187671e-03
4.564881162324649466e+00 1.951514149228631952e-03
4.566082665330661428e+00 2.056770597654818730e-03
4.567284168336673389e+00 2.177872729601281702e-03
4.568485671342685350e+00 2.303736540888990953e-03
4.569687174348697312e+00 2.433468843192744622e-03
4.570888677354709273e+00 2.561610115058151130e-03
4.572090180360721234e+00 2.704619204514252442e-03
4.573291683366733196e+00 2.860931569342805257e-03
4.574493186372745157e+00 3.026330408301501802e-03
4.575694689378757118e+00 3.195331567126783508e-03
4.576896192384769080e+00 3.369531138468450943e-03
4.578097695390781929e+00 3.551441949426270908e-03
4.579299198396793891e+00 3.759081967013318433e-03
4.580500701402805852e+00 3.976013923822335934e-03
4.581702204408817813e+00 4.201313743987696893e-03
4.582903707414829775e+00 4.436734413724078771e-03
4.584105210420841736e+00 4.690164592767063871e-03
4.585306713426853698e+00 4.965849207295339358e-03
4.586508216432865659e+00 5.257340914139415310e-03
4.587709719438877620e+00 5.557308030866520664e-03
4.588911222444889582e+00 5.874501366360440104e-03
4.590112725450901543e+00 6.210514349622079863e-03
4.591314228456913504e+00 6.585023291131848408e-03
4.592515731462925466e+00 6.975113225446832009e-03
4.593717234468937427e+00 7.380600657915153094e-03
4.594918737474950277e+00 7.811874196717300337e-03
4.596120240480962238e+00 8.275657489560533236e-03
4.597321743486974199e+00 8.775181556868504387e-03
4.598523246492986161e+00 9.306891775471464248e-03
4.599724749498998122e+00 9.857881168632258093e-03
4.600926252505010083e+00 1.044544079877988974e-02
4.602127755511022045e+00 1.107792854634207305e-02
4.603329258517034006e+00 1.176189476983700681e-02
4.604530761523045967e+00 1.248437184963887420e-02
4.605732264529057929e+00 1.324258664919081112e-02
4.606933767535069890e+00 1.405089923128843149e-02
4.608135270541081852e+00 1.491924562396016417e-02
4.609336773547093813e+00 1.584697210088968633e-02
4.610538276553105774e+00 1.683700293994695729e-02
4.611739779559118624e+00 1.787535419493309699e-02
4.612941282565130585e+00 1.899172753335834005e-02
4.614142785571142547e+00 2.018883724682310130e-02
4.615344288577154508e+00 2.146883993328897039e-02
4.616545791583166469e+00 2.282823722688304829e-02
4.617747294589178431e+00 2.426497772991347002e-02
4.618948797595190392e+00 2.579382324816481553e-02
4.620150300601202353e+00 2.743370077371341115e-02
4.621351803607214315e+00 2.917820559369984842e-02
4.622553306613226276e+00 3.103663833937507499e-02
4.623754809619238237e+00 3.301497234063908298e-02
4.624956312625250199e+00 3.511913919225476133e-02
4.626157815631262160e+00 3.737145770620544510e-02
4.627359318637274121e+00 3.976799703977577927e-02
4.628560821643286971e+00 4.231006766884896214e-02
4.629762324649298932e+00 4.500108220507294254e-02
4.630963827655310894e+00 4.785248666317401534e-02
4.632165330661322855e+00 5.089403420366722663e-02
4.633366833667334816e+00 5.413044091132781371e-02
4.634568336673346778e+00 5.757562845360433140e-02
4.635769839679358739e+00 6.121504753029022999e-02
4.636971342685370701e+00 6.506452320655971289e-02
4.638172845691382662e+00 6.915082187682064507e-02
4.639374348697394623e+00 7.347514805135189897e-02
4.640575851703406585e+00 7.803803853024049442e-02
4.641777354709418546e+00 8.284184157950832961e-02
4.642978857715430507e+00 8.787664733241301596e-02
4.644180360721442469e+00 9.319322238536495440e-02
4.645381863727454430e+00 9.884773596002392748e-02
4.646583366733467280e+00 1.047365612627095266e-01
4.647784869739479241e+00 1.109089799010029576e-01
4.648986372745491202e+00 1.173674697386706822e-01
4.650187875751503164e+00 1.241063663292998331e-01
4.651389378757515125e+00 1.311914874571285250e-01
4.652590881763527086e+00 1.386067478708234990e-01
4.653792384769539048e+00 1.461801245016161321e-01
4.654993887775551009e+00 1.539895853704703055e-01
4.656195390781562971e+00 1.621516747740101294e-01
4.657396893787574932e+00 1.705413631684352394e-01
4.658598396793586893e+00 1.791348394546044831e-01
4.659799899799598855e+00 1.879757381703500707e-01
4.661001402805610816e+00 1.969776544875093405e-01
4.662202905811622777e+00 2.061116090194162753e-01
4.663404408817635627e+00 2.154558212608909951e-01
4.664605911823647588e+00 2.249828041100968845e-01
4.665807414829659550e+00 2.343853570691387667e-01
4.667008917835671511e+00 2.439602984585242940e-01
4.668210420841683472e+00 2.536031313319346836e-01
4.669411923847695434e+00 2.630958732540892853e-01
4.670613426853707395e+00 2.725674055257751305e-01
4.671814929859719356e+00 2.819588622215511986e-01
4.673016432865731318e+00 2.911282111022647223e-01
4.674217935871743279e+00 3.000745903212387322e-01
4.675419438877755240e+00 3.089119151149971598e-01
4.676620941883767202e+00 3.173714866688325809e-01
4.677822444889779163e+00 3.254373275324043968e-01
4.679023947895791125e+00 3.333186175139465357e-01
4.680225450901803086e+00 3.406343717804347082e-01
4.681426953907815935e+00 3.475565325126120930e-01
4.682628456913827897e+00 3.541943290135460831e-01
4.683829959919839858e+00 3.603536815436730878e-01
4.685031462925851820e+00 3.659159937759686732e-01
4.686232965931863781e+00 3.711944015295480792e-01
4.687434468937875742e+00 3.760571385533005295e-01
4.688635971943887704e+00 3.802927753861560789e-01
4.689837474949899665e+00 3.842623044066756921e-01
4.691038977955911626e+00 3.877756453103333167e-01
4.692240480961923588e+00 3.908626260916186479e-01
4.693441983967935549e+00 3.936437289796788086e-01
4.694643486973947510e+00 3.960908450460289831e-01
4.695844989979959472e+00 3.981432287146855487e-01
4.697046492985972321e+00 3.999722907006606487e-01
4.698247995991984283e+00 4.020018564021294871e-01
4.699449498997996244e+00 4.031644235188265313e-01
4.700651002004008205e+00 4.041904593473350515e-01
4.701852505010020167e+00 4.050324619799619552e-01
4.703054008016032128e+00 4.056566203115642977e-01
4.704255511022044089e+00 4.061286953310972447e-01
4.705457014028056051e+00 4.064749517060775585e-01
4.706658517034068012e+00 4.066824330338891236e-01
4.707860020040079974e+00 4.068015142311697252e-01
4.709061523046091935e+00 4.068615832998057624e-01
4.710263026052103896e+00 4.068066006414863267e-01
4.711464529058115858e+00 4.067472374129474377e-01
4.712666032064127819e+00 4.066465491350668704e-01
4.713867535070139780e+00 4.065049827086676948e-01
4.715069038076152630e+00 4.063366457467135207e-01
4.716270541082164591e+00 4.061458756550408444e-01
4.717472044088176553e+00 4.059305047392206545e-01
4.718673547094188514e+00 4.057018241076507659e-01
4.719875050100200475e+00 4.054676785831465291e-01
4.721076553106212437e+00 4.051878795321411375e-01
4.722278056112224398e+00 4.048936915097444134e-01
4.723479559118236359e+00 4.045925623317470077e-01
4.724681062124248321e+00 4.042863625754639090e-01
4.725882565130260282e+00 4.039811963337354150e-01
4.727084068136272244e+00 4.036820343715644133e-01
4.728285571142284205e+00 4.033874533397257545e-01
4.729487074148296166e+00 4.030917562311907010e-01
4.730688577154308128e+00 4.027989109558648972e-01
4.731890080160320977e+00 4.025190300413511446e-01
4.733091583166332939e+00 4.022533795723460814e-01
4.734293086172344900e+00 4.021271060613783588e-01
4.735494589178356861e+00 4.021828325725733122e-01
4.736696092184368823e+00 4.019278860418430965e-01
4.737897595190380784e+00 4.016760311707487374e-01
4.739099098196392745e+00 4.014293212656218079e-01
4.740300601202404707e+00 4.011898714679745792e-01
4.741502104208416668e+00 4.009519231136868811e-01
4.742703607214428629e+00 4.006979304766317695e-01
4.743905110220440591e+00 4.004392925277153181e-01
4.745106613226452552e+00 4.001775810572932301e-01
4.746308116232464513e+00 3.999079538907719389e-01
4.747509619238476475e+00 3.996289219011958105e-01
4.748711122244488436e+00 3.993367352434264994e-01
4.749912625250501286e+00 3.990316353877731981e-01
4.751114128256513247e+00 3.987243935162925745e-01
4.752315631262525208e+00 3.984163945672808960e-01
4.753517134268537170e+00 3.981058916700225825e-01
4.754718637274549131e+00 3.977851254122624081e-01
4.755920140280561093e+00 3.974554312524491428e-01
4.757121643286573054e+00 3.971288973175907677e-01
4.758323146292585015e+00 3.968070148236845229e-01
4.759524649298596977e+00 3.964881616485310678e-01
4.760726152304608938e+00 3.961709444946782122e-01
4.761927655310620899e+00 3.958475369014374246e-01
4.763129158316632861e+00 3.955057039337572244e-01
4.764330661322644822e+00 3.951749797443647738e-01
4.765532164328657672e+00 3.948506732918469764e-01
4.766733667334669633e+00 3.945335406629578712e-01
4.767935170340681594e+00 3.942086655681077412e-01
4.769136673346693556e+00 3.938790335340283666e-01
4.770338176352705517e+00 3.935537214809120554e-01
4.771539679358717478e+00 3.932346978171498142e-01
4.772741182364729440e+00 3.929178679705571109e-01
4.773942685370741401e+00 3.926024299850456312e-01
4.775144188376753362e+00 3.922891189926447919e-01
4.776345691382765324e+00 3.919859763353807369e-01
4.777547194388777285e+00 3.917025436628829849e-01
4.778748697394789247e+00 3.914301750342996655e-01
4.779950200400801208e+00 3.911638359178271074e-01
4.781151703406813169e+00 3.908998506680866347e-01
4.782353206412825131e+00 3.906494489485323185e-01
4.783554709418837980e+00 3.904159240223484262e-01
4.784756212424849942e+00 3.902025227987306888e-01
4.785957715430861903e+00 3.899957026796852522e-01
4.787159218436873864e+00 3.897927752862935247e-01
4.788360721442885826e+00 3.895998062181234567e-01
4.789562224448897787e+00 3.894203497930187052e-01
4.790763727454909748e+00 3.892561064518266778e-01
4.791965230460921710e+00 3.890957824880407201e-01
4.793166733466933671e+00 3.889297007357268021e-01
4.794368236472945632e+00 3.887632222839759177e-01
4.795569739478957594e+00 3.885979117242456260e-01
4.796771242484969555e+00 3.884431207876187786e-01
4.797972745490981517e+00 3.882952938934787213e-01
4.799174248496993478e+00 3.881355447185911856e-01
4.800375751503006327e+00 3.879753569618378251e-01
4.801577254509018289e+00 3.878220147630848658e-01
4.802778757515030250e+00 3.876770885074928286e-01
4.803980260521042212e+00 3.875415706217658629e-01
4.805181763527054173e+00 3.874066583416203580e-01
4.806383266533066134e+00 3.872544454739368924e-01
4.807584769539078096e+00 3.871040168447936747e-01
4.808786272545090057e+00 3.872885003940549353e-01
4.809987775551102018e+00 3.872309937463214169e-01
4.811189278557113980e+00 3.870740457833689585e-01
4.812390781563125941e+00 3.868978874769804510e-01
4.813592284569137902e+00 3.867065677303542781e-01
4.814793787575149864e+00 3.865154451026260318e-01
4.815995290581161825e+00 3.863230093993528236e-01
4.817196793587173786e+00 3.861222839217117730e-01
4.818398296593186636e+00 3.859135711570068072e-01
4.819599799599198597e+00 3.856655901779869056e-01
4.820801302605210559e+00 3.854175180244999721e-01
4.822002805611222520e+00 3.851694975832623546e-01
4.823204308617234481e+00 3.849134909969657570e-01
4.824405811623246443e+00 3.846480554546949371e-01
4.825607314629258404e+00 3.843681959329290354e-01
4.826808817635270366e+00 3.840674916801192218e-01
4.828010320641282327e+00 3.837731143716686111e-01
4.829211823647294288e+00 3.834864947760812659e-01
4.830413326653306250e+00 3.831950332499855505e-01
4.831614829659318211e+00 3.828971295260941710e-01
4.832816332665330172e+00 3.825841813760539334e-01
4.834017835671343022e+00 3.822676516407959579e-01
4.835219338677354983e+00 3.819563838428485791e-01
4.836420841683366945e+00 3.816468574413098835e-01
4.837622344689378906e+00 3.813318362845166676e-01
4.838823847695390867e+00 3.810113696221615331e-01
4.840025350701402829e+00 3.806714733950738450e-01
4.841226853707414790e+00 3.803365152527160564e-01
4.842428356713426751e+00 3.800083137612767503e-01
4.843629859719438713e+00 3.796661519329377898e-01
4.844831362725450674e+00 3.793113928566260173e-01
4.846032865731462635e+00 3.789432426758048145e-01
4.847234368737474597e+00 3.785643284907602157e-01
4.848435871743486558e+00 3.781897966213494389e-01
4.849637374749498520e+00 3.778191504336246287e-01
4.850838877755510481e+00 3.774325244717330330e-01
4.852040380761522442e+00 3.770401115400973668e-01
4.853241883767535292e+00 3.766384341077165798e-01
4.854443386773547253e+00 3.762372606532843888e-01
4.855644889779559215e+00 3.758412092469148313e-01
4.856846392785571176e+00 3.754367652800724708e-01
4.858047895791583137e+00 3.750136484744226451e-01
4.859249398797595099e+00 3.745801046988741501e-01
4.860450901803607060e+00 3.741356840838490627e-01
4.861652404809619021e+00 3.736857255049306215e-01
4.862853907815630983e+00 3.732285632748623683e-01
4.864055410821642944e+00 3.727349606191126541e-01
4.865256913827654905e+00 3.722171673076618004e-01
4.866458416833666867e+00 3.716803392898489489e-01
4.867659919839678828e+00 3.711321060700628061e-01
4.868861422845691678e+00 3.705778087354411054e-01
4.870062925851703639e+00 3.700096805267185651e-01
4.871264428857715600e+00 3.694086069167121789e-01
4.872465931863727562e+00 3.687852962180412919e-01
4.873667434869739523e+00 3.681585828589028497e-01
4.874868937875751485e+00 3.675299065238553653e-01
4.876070440881763446e+00 3.669258728978937456e-01
4.877271943887775407e+00 3.666534124676273931e-01
4.878473446893787369e+00 3.659388063759680954e-01
4.879674949899799330e+00 3.651372577614120374e-01
4.880876452905811291e+00 3.643526330876519226e-01
4.882077955911823253e+00 3.635742603736759615e-01
4.883279458917835214e+00 3.628038658694384688e-01
4.884480961923847175e+00 3.620305920249787812e-01
4.885682464929859137e+00 3.612538377553780600e-01
4.886883967935871986e+00 3.605001890646843954e-01
4.888085470941883948e+00 3.597656654082864169e-01
4.889286973947895909e+00 3.590449780134131741e-01
4.890488476953907870e+00 3.583339896094910326e-01
4.891689979959919832e+00 3.576259378393363275e-01
4.892891482965931793e+00 3.569277474101704706e-01
4.894092985971943754e+00 3.562688549947468086e-01
4.895294488977955716e+00 3.556393174767608079e-01
4.896495991983967677e+00 3.550342383442290917e-01
4.897697494989979639e+00 3.544407573502812436e-01
4.898898997995991600e+00 3.538680998320415938e-01
4.900100501002003561e+00 3.533248550900554008e-01
4.901302004008015523e+00 3.528155520064125694e-01
4.902503507014028372e+00 3.523391816372931640e-01
4.903705010020040334e+00 3.518702978277186144e-01
4.904906513026052295e+00 3.514035533205017159e-01
4.906108016032064256e+00 3.509445411703080442e-01
4.907309519038076218e+00 3.504898798244929226e-01
4.908511022044088179e+00 3.500455971975897640e-01
4.909712525050100140e+00 3.495784381251019202e-01
4.910914028056112102e+00 3.490761833582121110e-01
4.912115531062124063e+00 3.485246360617783035e-01
4.913317034068136024e+00 3.479040515074879880e-01
4.914518537074147986e+00 3.472455323794932380e-01
4.915720040080159947e+00 3.464704719578829972e-01
4.916921543086171908e+00 3.455859531890421721e-01
4.918123046092183870e+00 3.445570012871567722e-01
4.919324549098195831e+00 3.433570188756925878e-01
4.920526052104207793e+00 3.420426580454554166e-01
4.921727555110220642e+00 3.405395241412855767e-01
4.922929058116232603e+00 3.388187783326474523e-01
4.924130561122244565e+00 3.369451411661859574e-01
4.925332064128256526e+00 3.347588606999310490e-01
4.926533567134268488e+00 3.323719670082518340e-01
4.927735070140280449e+00 3.297778044712900147e-01
4.928936573146292410e+00 3.268788417743146990e-01
4.930138076152304372e+00 3.238588222953427409e-01
4.931339579158316333e+00 3.205006856046901942e-01
4.932541082164328294e+00 3.168829824817173124e-01
4.933742585170340256e+00 3.131299246519426704e-01
4.934944088176352217e+00 3.091461810702017532e-01
4.936145591182364178e+00 3.050104800301083330e-01
4.937347094188377028e+00 3.007776196865629692e-01
4.938548597194388989e+00 2.962469815669238060e-01
4.939750100200400951e+00 2.917301628435878813e-01
4.940951603206412912e+00 2.870647100446082067e-01
4.942153106212424873e+00 2.826842677598558895e-01
4.943354609218436835e+00 2.779984786486421888e-01
4.944556112224448796e+00 2.732874002434605432e-01
4.945757615230460758e+00 2.685931576722682124e-01
4.946959118236472719e+00 2.639633122569614021e-01
4.948160621242484680e+00 2.593783874446063398e-01
4.949362124248496642e+00 2.549661174205369862e-01
4.950563627254508603e+00 2.506160012969496087e-01
4.951765130260520564e+00 2.463942796643624478e-01
4.952966633266532526e+00 2.422830739586442350e-01
4.954168136272544487e+00 2.382993821325895545e-01
4.955369639278557337e+00 2.344745627922906195e-01
4.956571142284569298e+00 2.308005633748364538e-01
4.957772645290581259e+00 2.272507077410342857e-01
4.958974148296593221e+00 2.238546313747528105e-01
4.960175651302605182e+00 2.205552015556978551e-01
4.961377154308617143e+00 2.173997151503941627e-01
4.962578657314629105e+00 2.143811244965560248e-01
4.963780160320641066e+00 2.114739768861705616e-01
4.964981663326653027e+00 2.086656804391590903e-01
4.966183166332664989e+00 2.059373556557293206e-01
4.967384669338676950e+00 2.032703692951077501e-01
4.968586172344688912e+00 2.006903452407527710e-01
4.969787675350700873e+00 1.981788262967682512e-01
4.970989178356712834e+00 1.957368514523460945e-01
4.972190681362725684e+00 1.933098589078796059e-01
4.973392184368737645e+00 1.908997461388925732e-01
4.974593687374749607e+00 1.885083962481285125e-01
4.975795190380761568e+00 1.861279946902804905e-01
4.976996693386773529e+00 1.837674332075919237e-01
4.978198196392785491e+00 1.814143483163823123e-01
4.979399699398797452e+00 1.789697827325648083e-01
4.980601202404809413e+00 1.765457763693472071e-01
4.981802705410821375e+00 1.740292805551545141e-01
4.983004208416833336e+00 1.714962034168087124e-01
4.984205711422845297e+00 1.689335916678751659e-01
4.985407214428857259e+00 1.662862336265630292e-01
4.986608717434869220e+00 1.635784558746238293e-01
4.987810220440881182e+00 1.607961828700223417e-01
4.989011723446893143e+00 1.578978036370475846e-01
4.990213226452905992e+00 1.549971913487571407e-01
4.991414729458917954e+00 1.519538165106663896e-01
4.992616232464929915e+00 1.488733153966861344e-01
4.993817735470941876e+00 1.456744407576656131e-01
4.995019238476953838e+00 1.423900007446598504e-01
4.996220741482965799e+00 1.390585889127505248e-01
4.997422244488977761e+00 1.356489484732883444e-01
4.998623747494989722e+00 1.321857078188111156e-01
4.999825250501001683e+00 1.286995046871977910e-01
5.001026753507013645e+00 1.250462533293623113e-01
5.002228256513025606e+00 1.214513292944488926e-01
5.003429759519037567e+00 1.177542913910797490e-01
5.004631262525049529e+00 1.140723756635309144e-01
5.005832765531062378e+00 1.103862352222972631e-01
5.007034268537074340e+00 1.066666520634754478e-01
5.008235771543086301e+00 1.029760946903445912e-01
5.009437274549098262e+00 9.935087644874678048e-02
5.010638777555110224e+00 9.563920508248045793e-02
5.011840280561122185e+00 9.201680855202741538e-02
5.013041783567134146e+00 8.836989363739623793e-02
5.014243286573146108e+00 8.482800885671816504e-02
5.015444789579158069e+00 8.129485040617337455e-02
5.016646292585170031e+00 7.783723025674939289e-02
5.017847795591181992e+00 7.446462985683201252e-02
5.019049298597193953e+00 7.117090544654225415e-02
5.020250801603205915e+00 6.796808735203174745e-02
5.021452304609217876e+00 6.485944167307997055e-02
5.022653807615229837e+00 6.180110751806203867e-02
5.023855310621241799e+00 5.887244829632689441e-02
5.025056813627254648e+00 5.603524693540519463e-02
5.026258316633266610e+00 5.331919083811213766e-02
5.027459819639278571e+00 5.069983259758755606e-02
5.028661322645290532e+00 4.817500355978348442e-02
5.029862825651302494e+00 4.574272651469948187e-02
5.031064328657314455e+00 4.340856863606373101e-02
5.032265831663326416e+00 4.118424860059756443e-02
5.033467334669338378e+00 3.906722550941461869e-02
5.034668837675350339e+00 3.704293471810769095e-02
5.035870340681362300e+00 3.512964207451339110e-02
5.037071843687374262e+00 3.328075329577477592e-02
5.038273346693386223e+00 3.152396879793913781e-02
5.039474849699399073e+00 2.986119071018137131e-02
5.040676352705411034e+00 2.828524059192599055e-02
5.041877855711422995e+00 2.678922094476434215e-02
5.043079358717434957e+00 2.536687690168472342e-02
5.044280861723446918e+00 2.401050751881731241e-02
5.045482364729458880e+00 2.272147662530027076e-02
5.046683867735470841e+00 2.152283662023295532e-02
5.047885370741482802e+00 2.039016880133869697e-02
5.049086873747494764e+00 1.931371861577034152e-02
5.050288376753506725e+00 1.829117900867654328e-02
5.051489879759518686e+00 1.731667174485263319e-02
5.052691382765530648e+00 1.639137880807569822e-02
5.053892885771542609e+00 1.552371485546729518e-02
5.055094388777554570e+00 1.471265990500387338e-02
5.056295891783566532e+00 1.394317098287974760e-02
5.057497394789578493e+00 1.321728934131471273e-02
5.058698897795591343e+00 1.252488718620083097e-02
5.059900400801603304e+00 1.186648518904697205e-02
5.061101903807615265e+00 1.125337771735721547e-02
5.062303406813627227e+00 1.068030421279738372e-02
5.063504909819639188e+00 1.013760805057437910e-02
5.064706412825651149e+00 9.621538709657777647e-03
5.065907915831663111e+00 9.130696880540762478e-03
5.067109418837675072e+00 8.662542474668650377e-03
5.068310921843687034e+00 8.227784064971892589e-03
5.069512424849698995e+00 7.824341863856868265e-03
5.070713927855710956e+00 7.439105376580540732e-03
5.071915430861722918e+00 7.069671485669438288e-03
5.073116933867734879e+00 6.717234825471815780e-03
5.074318436873747729e+00 6.382329443105386538e-03
5.075519939879759690e+00 6.067675040247561165e-03
5.076721442885771651e+00 5.779871662213143489e-03
5.077922945891783613e+00 5.513199433238331372e-03
5.079124448897795574e+00 5.246613907946038463e-03
5.080325951903807535e+00 4.992626675181755132e-03
5.081527454909819497e+00 4.751842641048543286e-03
5.082728957915831458e+00 4.525943621818085891e-03
5.083930460921843419e+00 4.317172787437775772e-03
5.085131963927855381e+00 4.120868384150112515e-03
5.086333466933867342e+00 3.929145829299641318e-03
5.087534969939879304e+00 3.742847255489225797e-03
5.088736472945891265e+00 3.567517803475980277e-03
5.089937975951903226e+00 3.402666789679736035e-03
5.091139478957915188e+00 3.252871402808593833e-03
5.092340981963927149e+00 3.112452436562429797e-03
5.093542484969939999e+00 2.972083411302664600e-03
5.094743987975951960e+00 2.834013102661990698e-03
5.095945490981963921e+00 2.703859780943939153e-03
5.097146993987975883e+00 2.582763262016043917e-03
5.098348496993987844e+00 2.469249978824167302e-03
5.099549999999999805e+00 2.365834602349457458e-03
