1.300000000000000044e+00 4.092721401057586132e-03
1.300801603206412915e+00 4.773316652173228286e-03
1.301603206412825786e+00 5.575018196199993913e-03
1.302404809619238435e+00 6.513088049134962802e-03
1.303206412825651306e+00 7.603662396185093160e-03
1.304008016032064177e+00 8.863738368092488260e-03
1.304809619238477048e+00 1.029490682869688492e-02
1.305611222444889918e+00 1.172998467146953161e-02
1.306412825651302567e+00 1.316731687081470516e-02
1.307214428857715438e+00 1.455704165951162386e-02
1.308016032064128309e+00 1.581024841118947727e-02
1.308817635270541180e+00 1.688981742029811023e-02
1.309619238476954051e+00 1.800158944358318247e-02
1.310420841683366699e+00 1.932977433149505112e-02
1.311222444889779570e+00 2.095712092586303130e-02
1.312024048096192441e+00 2.288347646341969133e-02
1.312825651302605312e+00 2.504722063172531293e-02
1.313627254509018183e+00 2.742895898112915690e-02
1.314428857715430832e+00 3.007352935283981454e-02
1.315230460921843703e+00 3.306428383356782574e-02
1.316032064128256573e+00 3.649542853423357741e-02
1.316833667334669444e+00 4.032900115911571687e-02
1.317635270541082093e+00 4.496549601016711084e-02
1.318436873747494964e+00 5.040360437175618602e-02
1.319238476953907835e+00 5.683687334029959015e-02
1.320040080160320706e+00 6.452283935750814658e-02
1.320841683366733577e+00 7.356091300848217884e-02
1.321643286573146225e+00 8.394396517001677382e-02
1.322444889779559096e+00 9.557055059793169438e-02
1.323246492985971967e+00 1.085999847515782268e-01
1.324048096192384838e+00 1.232365378560228431e-01
1.324849699398797709e+00 1.394271369279817818e-01
1.325651302605210358e+00 1.577026387977267796e-01
1.326452905811623229e+00 1.778765731234756009e-01
1.327254509018036099e+00 2.000195802487724217e-01
1.328056112224448970e+00 2.241986775125225373e-01
1.328857715430861841e+00 2.503650689290433107e-01
1.329659318637274490e+00 2.782057134987050984e-01
1.330460921843687361e+00 3.069569553909762272e-01
1.331262525050100232e+00 3.359686124042326472e-01
1.332064128256513102e+00 3.646074338369979517e-01
1.332865731462925973e+00 3.924643977781570592e-01
1.333667334669338622e+00 4.191412678066634423e-01
1.334468937875751493e+00 4.440204153384291752e-01
1.335270541082164364e+00 4.666351754253044160e-01
1.336072144288577235e+00 4.866965723373389840e-01
1.336873747494990106e+00 5.038649392888198131e-01
1.337675350701402754e+00 5.184318761530375408e-01
1.338476953907815625e+00 5.303311390902404332e-01
1.339278557114228496e+00 5.396336677978684770e-01
1.340080160320641367e+00 5.466596792781374115e-01
1.340881763527054238e+00 5.519849412739571415e-01
1.341683366733466887e+00 5.563159126534771293e-01
1.342484969939879758e+00 5.594614548800909137e-01
1.343286573146292628e+00 5.615346241616518963e-01
1.344088176352705499e+00 5.627971887547874585e-01
1.344889779559118370e+00 5.634747062523828287e-01
1.345691382765531019e+00 5.646031922865852870e-01
1.346492985971943890e+00 5.662012356562652338e-01
1.347294589178356761e+00 5.675608634127505825e-01
1.348096192384769632e+00 5.680668361761805896e-01
1.348897795591182502e+00 5.684636527532006545e-01
1.349699398797595151e+00 5.680799855927519681e-01
1.350501002004008022e+00 5.680547878194321942e-01
1.351302605210420893e+00 5.681568543763279022e-01
1.352104208416833764e+00 5.679875889836208946e-01
1.352905811623246635e+00 5.677243565443094164e-01
1.353707414829659283e+00 5.675211003138179722e-01
1.354509018036072154e+00 5.671710198390481628e-01
1.355310621242485025e+00 5.666967625472842940e-01
1.356112224448897896e+00 5.660907911452386365e-01
1.356913827655310545e+00 5.650174502379269326e-01
1.357715430861723416e+00 5.643613701169734043e-01
1.358517034068136287e+00 5.640874640092746750e-01
1.359318637274549157e+00 5.640990086414234828e-01
1.360120240480962028e+00 5.641982089333112960e-01
1.360921843687374677e+00 5.639116002603457023e-01
1.361723446893787548e+00 5.636980372241695569e-01
1.362525050100200419e+00 5.633302101601725953e-01
1.363326653306613290e+00 5.628983867298483768e-01
1.364128256513026161e+00 5.625480832083897820e-01
1.364929859719438809e+00 5.624631592451100337e-01
1.365731462925851680e+00 5.623095916636630109e-01
1.366533066132264551e+00 5.619230186590089549e-01
1.367334669338677422e+00 5.612778369932840405e-01
1.368136272545090293e+00 5.603442283723077955e-01
1.368937875751502942e+00 5.589873501075350859e-01
1.369739478957915813e+00 5.581159118526087815e-01
1.370541082164328683e+00 5.577056273240111883e-01
1.371342685370741554e+00 5.573682698744631958e-01
1.372144288577154425e+00 5.568177772949267634e-01
1.372945891783567074e+00 5.560857312511932049e-01
1.373747494989979945e+00 5.549597206092092838e-01
1.374549098196392816e+00 5.539703420047601412e-01
1.375350701402805687e+00 5.532127962735259308e-01
1.376152304609218557e+00 5.527107659364774994e-01
1.376953907815631206e+00 5.524437538382624968e-01
1.377755511022044077e+00 5.520830760989230424e-01
1.378557114228456948e+00 5.512870108812127912e-01
1.379358717434869819e+00 5.504743917377733498e-01
1.380160320641282690e+00 5.498938461692155499e-01
1.380961923847695338e+00 5.493936276606274927e-01
1.381763527054108209e+00 5.490572732570830894e-01
1.382565130260521080e+00 5.482304001535500682e-01
1.383366733466933951e+00 5.472074288602466474e-01
1.384168336673346822e+00 5.462734480191259179e-01
1.384969939879759471e+00 5.456192657050559225e-01
1.385771543086172342e+00 5.449301022534467354e-01
1.386573146292585212e+00 5.440445736848628089e-01
1.387374749498998083e+00 5.431266668244887352e-01
1.388176352705410732e+00 5.422801808321547901e-01
1.388977955911823603e+00 5.415036888340543086e-01
1.389779559118236474e+00 5.421167509932134365e-01
1.390581162324649345e+00 5.425172235968086509e-01
1.391382765531062216e+00 5.428667876802113490e-01
1.392184368737475086e+00 5.431824182993238992e-01
1.392985971943887735e+00 5.432208315513917807e-01
1.393787575150300606e+00 5.432242593400429254e-01
1.394589178356713477e+00 5.435089523629386132e-01
1.395390781563126348e+00 5.437264033456337131e-01
1.396192384769538997e+00 5.437770002909898537e-01
1.396993987975951867e+00 5.438607053417661152e-01
1.397795591182364738e+00 5.436936963279025425e-01
1.398597194388777609e+00 5.434492386907370243e-01
1.399398797595190480e+00 5.431931539110441687e-01
1.400200400801603129e+00 5.429208197580699391e-01
1.401002004008016000e+00 5.425574865173247163e-01
1.401803607214428871e+00 5.425221815989799135e-01
1.402605210420841741e+00 5.423534760536258270e-01
1.403406813627254612e+00 5.424267827750176574e-01
1.404208416833667261e+00 5.427861063579936252e-01
1.405010020040080132e+00 5.431658445591359685e-01
1.405811623246493003e+00 5.431165474684244154e-01
1.406613226452905874e+00 5.430591296688240810e-01
1.407414829659318745e+00 5.431801210382888323e-01
1.408216432865731393e+00 5.437141806901761854e-01
1.409018036072144264e+00 5.449009134676748856e-01
1.409819639278557135e+00 5.457634253778120836e-01
1.410621242484970006e+00 5.462573687776648423e-01
1.411422845691382877e+00 5.466946992346547463e-01
1.412224448897795526e+00 5.472473575522420752e-01
1.413026052104208397e+00 5.479538964223367170e-01
1.413827655310621267e+00 5.478714843718930361e-01
1.414629258517034138e+00 5.483257625035058425e-01
1.415430861723447009e+00 5.489390174600804473e-01
1.416232464929859658e+00 5.495480203349598636e-01
1.417034068136272529e+00 5.500800465610792278e-01
1.417835671342685400e+00 5.496724734069567964e-01
1.418637274549098271e+00 5.495489921079876883e-01
1.419438877755510919e+00 5.494821830366102278e-01
1.420240480961923790e+00 5.496333061790429353e-01
1.421042084168336661e+00 5.503071974967146396e-01
1.421843687374749532e+00 5.506627561247822156e-01
1.422645290581162403e+00 5.515750919077067049e-01
1.423446893787575274e+00 5.523422074252433145e-01
1.424248496993987922e+00 5.528263140145968091e-01
1.425050100200400793e+00 5.531363892607156219e-01
1.425851703406813664e+00 5.528573775222713760e-01
1.426653306613226535e+00 5.528404332261929177e-01
1.427454909819639184e+00 5.529148245116635163e-01
1.428256513026052055e+00 5.531403800204088839e-01
1.429058116232464926e+00 5.535756460686593883e-01
1.429859719438877796e+00 5.532448706020517415e-01
1.430661322645290667e+00 5.527518817151478858e-01
1.431462925851703538e+00 5.523311620216809770e-01
1.432264529058116187e+00 5.519613397733881266e-01
1.433066132264529058e+00 5.514973714730283527e-01
1.433867735470941929e+00 5.505980464163117150e-01
1.434669338677354800e+00 5.494862505713702383e-01
1.435470941883767448e+00 5.482583796540245746e-01
1.436272545090180319e+00 5.470829320114026784e-01
1.437074148296593190e+00 5.461223660791868495e-01
1.437875751503006061e+00 5.452738772022279745e-01
1.438677354709418932e+00 5.446363861430840725e-01
1.439478957915831581e+00 5.444580867039027217e-01
1.440280561122244452e+00 5.446446462024439050e-01
1.441082164328657322e+00 5.450240529129211087e-01
1.441883767535070193e+00 5.457670239036742643e-01
1.442685370741483064e+00 5.465642525568394916e-01
1.443486973947895713e+00 5.466315600530791130e-01
1.444288577154308584e+00 5.461912565947686371e-01
1.445090180360721455e+00 5.456795802466515299e-01
1.445891783567134325e+00 5.450288435332907300e-01
1.446693386773547196e+00 5.453661974420859204e-01
1.447494989979959845e+00 5.457409450854950883e-01
1.448296593186372716e+00 5.461559826640833837e-01
1.449098196392785587e+00 5.467210408528638821e-01
1.449899799599198458e+00 5.469845190908080301e-01
1.450701402805611107e+00 5.474119029715358575e-01
1.451503006012023977e+00 5.475122873163126291e-01
1.452304609218436848e+00 5.475155207421635861e-01
1.453106212424849719e+00 5.476880668285664111e-01
1.453907815631262590e+00 5.477882076065314632e-01
1.454709418837675461e+00 5.482783434182966209e-01
1.455511022044088110e+00 5.484020304212603447e-01
1.456312625250500981e+00 5.480875644741955988e-01
1.457114228456913851e+00 5.474839703000987656e-01
1.457915831663326722e+00 5.470334702305484909e-01
1.458717434869739371e+00 5.465579026616878000e-01
1.459519038076152242e+00 5.458635727376186519e-01
1.460320641282565113e+00 5.448476696917621265e-01
1.461122244488977984e+00 5.435501250390601946e-01
1.461923847695390855e+00 5.423863709954103163e-01
1.462725450901803725e+00 5.405233351489316940e-01
1.463527054108216374e+00 5.387986325847179403e-01
1.464328657314629245e+00 5.369402900349438124e-01
1.465130260521042116e+00 5.348452663450313782e-01
1.465931863727454987e+00 5.333400507474336250e-01
1.466733466933867636e+00 5.315682125184932882e-01
1.467535070140280506e+00 5.294817591620102348e-01
1.468336673346693377e+00 5.271275984443948293e-01
1.469138276553106248e+00 5.246230119398817004e-01
1.469939879759519119e+00 5.222162872155635682e-01
1.470741482965931768e+00 5.202020780788811916e-01
1.471543086172344639e+00 5.184354926646002060e-01
1.472344689378757510e+00 5.172400246862713935e-01
1.473146292585170380e+00 5.167167272709402015e-01
1.473947895791583251e+00 5.164218811966146960e-01
1.474749498997995900e+00 5.162379626081846640e-01
1.475551102204408771e+00 5.159460958618560245e-01
1.476352705410821642e+00 5.159394762152108571e-01
1.477154308617234513e+00 5.164169934616531510e-01
1.477955911823647384e+00 5.171227219802853048e-01
1.478757515030060032e+00 5.177117342522965515e-01
1.479559118236472903e+00 5.187028104812191343e-01
1.480360721442885774e+00 5.202629666006860498e-01
1.481162324649298645e+00 5.223483599130498423e-01
1.481963927855711294e+00 5.246194724679928978e-01
1.482765531062124165e+00 5.259868637823660320e-01
1.483567134268537036e+00 5.273944851023931735e-01
1.484368737474949906e+00 5.289714949110090325e-01
1.485170340681362777e+00 5.306882376227158860e-01
1.485971943887775648e+00 5.323348376023875339e-01
1.486773547094188297e+00 5.335856587810208218e-01
1.487575150300601168e+00 5.349153015976463310e-01
1.488376753507014039e+00 5.361184737604888229e-01
1.489178356713426910e+00 5.371642288267839405e-01
1.489979959919839558e+00 5.383020033406850091e-01
1.490781563126252429e+00 5.390111241131626540e-01
1.491583166332665300e+00 5.395392181721306857e-01
1.492384769539078171e+00 5.395255801513525462e-01
1.493186372745491042e+00 5.387939148662969080e-01
1.493987975951903913e+00 5.374024959977162785e-01
1.494789579158316561e+00 5.368180492474323717e-01
1.495591182364729432e+00 5.370107390528845448e-01
1.496392785571142303e+00 5.377821546245701301e-01
1.497194388777555174e+00 5.386795622547169149e-01
1.497995991983967823e+00 5.389742727500829167e-01
1.498797595190380694e+00 5.390774198203120982e-01
1.499599198396793565e+00 5.391675142893737060e-01
1.500400801603206435e+00 5.391398030423594223e-01
1.501202404809619306e+00 5.389218801192309227e-01
1.502004008016032177e+00 5.384805106360618376e-01
1.502805611222444826e+00 5.386782203173819950e-01
1.503607214428857697e+00 5.396047495285175577e-01
1.504408817635270568e+00 5.404849836971761246e-01
1.505210420841683439e+00 5.410075165615039205e-01
1.506012024048096087e+00 5.412755894395956391e-01
1.506813627254508958e+00 5.412654492077539903e-01
1.507615230460921829e+00 5.415245752671340451e-01
1.508416833667334700e+00 5.420301299845785570e-01
1.509218436873747571e+00 5.426644441881066649e-01
1.510020040080160220e+00 5.432421851470917717e-01
1.510821643286573090e+00 5.440393289123530707e-01
1.511623246492985961e+00 5.445619081642169013e-01
1.512424849699398832e+00 5.452064061145402984e-01
1.513226452905811703e+00 5.458507628496224173e-01
1.514028056112224352e+00 5.460424661922604894e-01
1.514829659318637223e+00 5.462143415543269098e-01
1.515631262525050094e+00 5.464473292270677351e-01
1.516432865731462964e+00 5.466500346268428068e-01
1.517234468937875835e+00 5.466581949988421618e-01
1.518036072144288484e+00 5.462976420223671914e-01
1.518837675350701355e+00 5.460574789104720717e-01
1.519639278557114226e+00 5.459052832108186593e-01
1.520440881763527097e+00 5.454282136858534802e-01
1.521242484969939746e+00 5.445721337653404159e-01
1.522044088176352616e+00 5.434705355906034319e-01
1.522845691382765487e+00 5.419062511687826600e-01
1.523647294589178358e+00 5.406488640178706007e-01
1.524448897795591229e+00 5.399624961232011300e-01
1.525250501002004100e+00 5.395711737655766171e-01
1.526052104208416749e+00 5.389689047501464714e-01
1.526853707414829620e+00 5.383707689311262312e-01
1.527655310621242490e+00 5.376471565094135263e-01
1.528456913827655361e+00 5.364943612232551118e-01
1.529258517034068010e+00 5.352678921907214615e-01
1.530060120240480881e+00 5.345773600289113192e-01
1.530861723446893752e+00 5.345684198667115528e-01
1.531663326653306623e+00 5.347056049445475523e-01
1.532464929859719494e+00 5.345664309251026980e-01
1.533266533066132364e+00 5.341538112219401668e-01
1.534068136272545013e+00 5.336486420498820493e-01
1.534869739478957884e+00 5.332545421297240074e-01
1.535671342685370755e+00 5.330218967735398383e-01
1.536472945891783626e+00 5.331601838421142769e-01
1.537274549098196275e+00 5.333765162291690398e-01
1.538076152304609145e+00 5.333324348528725167e-01
1.538877755511022016e+00 5.336964838765145824e-01
1.539679358717434887e+00 5.330542637598176814e-01
1.540480961923847758e+00 5.327130946007260226e-01
1.541282565130260407e+00 5.325516690049766355e-01
1.542084168336673278e+00 5.321784146415724503e-01
1.542885771543086149e+00 5.322190792744639909e-01
1.543687374749499019e+00 5.314123615965369307e-01
1.544488977955911890e+00 5.303572820398566590e-01
1.545290581162324539e+00 5.293040997717337603e-01
1.546092184368737410e+00 5.283455391675752066e-01
1.546893787575150281e+00 5.271615528092818970e-01
1.547695390781563152e+00 5.259426180172405152e-01
1.548496993987976023e+00 5.250478049465159280e-01
1.549298597194388671e+00 5.243928610883846764e-01
1.550100200400801542e+00 5.238537508023176636e-01
1.550901803607214413e+00 5.236780007018689842e-01
1.551703406813627284e+00 5.227891391465971926e-01
1.552505010020039933e+00 5.221689702515758258e-01
1.553306613226452804e+00 5.219071099259712243e-01
1.554108216432865675e+00 5.218891946802544091e-01
1.554909819639278545e+00 5.219651902787426634e-01
1.555711422845691416e+00 5.219804808795518447e-01
1.556513026052104287e+00 5.222318670677700281e-01
1.557314629258516936e+00 5.228339655141988063e-01
1.558116232464929807e+00 5.237509625094707300e-01
1.558917835671342678e+00 5.245749313909675582e-01
1.559719438877755548e+00 5.245028589864690893e-01
1.560521042084168197e+00 5.243642121945606416e-01
1.561322645290581068e+00 5.242802487980657844e-01
1.562124248496993939e+00 5.242545378430609748e-01
1.562925851703406810e+00 5.242597022450230515e-01
1.563727454909819681e+00 5.246017604610874185e-01
1.564529058116232552e+00 5.251667232018307763e-01
1.565330661322645200e+00 5.260388984456989547e-01
1.566132264529058071e+00 5.270486917791165071e-01
1.566933867735470942e+00 5.272389275093812833e-01
1.567735470941883813e+00 5.272148726951446651e-01
1.568537074148296462e+00 5.269207836873182060e-01
1.569338677354709333e+00 5.266430075728920635e-01
1.570140280561122204e+00 5.265581885328242118e-01
1.570941883767535074e+00 5.264818841276041050e-01
1.571743486973947945e+00 5.270330307680898274e-01
1.572545090180360816e+00 5.276449186763052523e-01
1.573346693386773465e+00 5.279829088250764801e-01
1.574148296593186336e+00 5.279200448532512802e-01
1.574949899799599207e+00 5.277069900372867162e-01
1.575751503006011855e+00 5.280717239262463503e-01
1.576553106212424726e+00 5.288727248963532857e-01
1.577354709418837597e+00 5.298528585776326461e-01
1.578156312625250468e+00 5.308292261910976251e-01
1.578957915831663339e+00 5.317886953561667962e-01
1.579759519038076210e+00 5.329875455251267269e-01
1.580561122244489081e+00 5.341951176963256609e-01
1.581362725450901729e+00 5.353286982078011569e-01
1.582164328657314600e+00 5.363346228183800690e-01
1.582965931863727471e+00 5.371845295048978119e-01
1.583767535070140120e+00 5.382056199486554560e-01
1.584569138276552991e+00 5.392058641551404907e-01
1.585370741482965862e+00 5.400325213481519393e-01
1.586172344689378733e+00 5.406332713645320975e-01
1.586973947895791603e+00 5.410955535142394357e-01
1.587775551102204474e+00 5.418141485536056567e-01
1.588577154308617123e+00 5.428066688947822405e-01
1.589378757515029994e+00 5.436207255379524872e-01
1.590180360721442865e+00 5.439955063253013590e-01
1.590981963927855736e+00 5.439406554473422695e-01
1.591783567134268385e+00 5.435590047270345559e-01
1.592585170340681255e+00 5.436216997124735384e-01
1.593386773547094126e+00 5.436308563059291110e-01
1.594188376753506997e+00 5.435284444028936068e-01
1.594989979959919868e+00 5.438339923571348100e-01
1.595791583166332739e+00 5.435819006045110591e-01
1.596593186372745388e+00 5.430787423103492495e-01
1.597394789579158259e+00 5.425585327477419062e-01
1.598196392785571129e+00 5.421711059103944130e-01
1.598997995991984000e+00 5.419746171704650228e-01
1.599799599198396649e+00 5.424431464698923344e-01
1.600601202404809520e+00 5.420414347743993666e-01
1.601402805611222391e+00 5.415195890649109334e-01
1.602204408817635262e+00 5.413065536538925748e-01
1.603006012024048133e+00 5.415079688422174131e-01
1.603807615230461003e+00 5.425082162202468083e-01
1.604609218436873652e+00 5.427053048365378940e-01
1.605410821643286523e+00 5.421692033133622690e-01
1.606212424849699394e+00 5.414686432498390101e-01
1.607014028056112265e+00 5.415771446708570469e-01
1.607815631262524914e+00 5.416860347412503218e-01
1.608617234468937784e+00 5.422119198400110474e-01
1.609418837675350655e+00 5.426043063611517558e-01
1.610220440881763526e+00 5.430149040422215245e-01
1.611022044088176397e+00 5.440857369362452900e-01
1.611823647294589268e+00 5.447981564904458285e-01
1.612625250501001917e+00 5.451730293524343907e-01
1.613426853707414788e+00 5.452774907269828386e-01
1.614228456913827658e+00 5.452859109054288833e-01
1.615030060120240307e+00 5.454133897183467417e-01
1.615831663326653178e+00 5.448733953308224631e-01
1.616633266533066049e+00 5.444930047636280523e-01
1.617434869739478920e+00 5.439832416614175381e-01
1.618236472945891791e+00 5.434243679535299965e-01
1.619038076152304662e+00 5.430936487275170865e-01
1.619839679358717310e+00 5.427486211951044748e-01
1.620641282565130181e+00 5.419733763625818046e-01
1.621442885771543052e+00 5.411846379295037757e-01
1.622244488977955923e+00 5.405118414186693698e-01
1.623046092184368572e+00 5.399522377795116235e-01
1.623847695390781443e+00 5.397712802541848598e-01
1.624649298597194313e+00 5.397324480215996978e-01
1.625450901803607184e+00 5.397016362908876319e-01
1.626252505010020055e+00 5.397423299902404104e-01
1.627054108216432926e+00 5.399975818541966621e-01
1.627855711422845575e+00 5.404751725127331374e-01
1.628657314629258446e+00 5.406306870175309198e-01
1.629458917835671317e+00 5.405393823932812536e-01
1.630260521042084187e+00 5.402786413514399921e-01
1.631062124248496836e+00 5.399577839953063618e-01
1.631863727454909707e+00 5.398567452817965018e-01
1.632665330661322578e+00 5.404270107109200305e-01
1.633466933867735449e+00 5.414201764092878566e-01
1.634268537074148320e+00 5.422685402094353790e-01
1.635070140280561191e+00 5.423709589223302263e-01
1.635871743486973839e+00 5.419286770184741364e-01
1.636673346693386710e+00 5.412964093450294278e-01
1.637474949899799581e+00 5.409407576161217035e-01
1.638276553106212452e+00 5.409213533099520577e-01
1.639078156312625101e+00 5.410932532301137021e-01
1.639879759519037972e+00 5.409084909681867170e-01
1.640681362725450843e+00 5.405155038771711773e-01
1.641482965931863713e+00 5.400380699095398418e-01
1.642284569138276584e+00 5.393147805506242065e-01
1.643086172344689455e+00 5.382532585829903349e-01
1.643887775551102104e+00 5.376238507331401184e-01
1.644689378757514975e+00 5.369240957903991251e-01
1.645490981963927846e+00 5.364682201952611917e-01
1.646292585170340494e+00 5.361417307021516532e-01
1.647094188376753365e+00 5.357207282247492541e-01
1.647895791583166236e+00 5.350105240269681373e-01
1.648697394789579107e+00 5.344420571819465948e-01
1.649498997995991978e+00 5.340545012708431960e-01
1.650300601202404849e+00 5.339032313155842591e-01
1.651102204408817720e+00 5.340256502527968019e-01
1.651903807615230368e+00 5.344309471589765437e-01
1.652705410821643239e+00 5.352246532616974362e-01
1.653507014028056110e+00 5.362669221419597010e-01
1.654308617234468759e+00 5.372221169810736940e-01
1.655110220440881630e+00 5.379694863406444538e-01
1.655911823647294501e+00 5.394277208335598317e-01
1.656713426853707372e+00 5.398593265358319071e-01
1.657515030060120242e+00 5.395395045585044125e-01
1.658316633266533113e+00 5.383416574760233608e-01
1.659118236472945762e+00 5.361147758872955027e-01
1.659919839679358633e+00 5.326435582511328537e-01
1.660721442885771504e+00 5.275359623158937250e-01
1.661523046092184375e+00 5.198745625974549034e-01
1.662324649298597024e+00 5.095901656742172214e-01
1.663126252505009894e+00 4.967736066840846565e-01
1.663927855711422765e+00 4.811100538767290602e-01
1.664729458917835636e+00 4.627329519423210580e-01
1.665531062124248507e+00 4.414761753654648513e-01
1.666332665330661378e+00 4.178171213672507989e-01
1.667134268537074027e+00 3.923205917131246667e-01
1.667935871743486898e+00 3.651913983526838825e-01
1.668737474949899768e+00 3.377317108947855973e-01
1.669539078156312639e+00 3.098326378035849982e-01
1.670340681362725288e+00 2.820529522602404637e-01
1.671142284569138159e+00 2.548619961397671219e-01
1.671943887775551030e+00 2.284579923517694733e-01
1.672745490981963901e+00 2.038082937920706883e-01
1.673547094188376771e+00 1.808844525267393200e-01
1.674348697394789642e+00 1.598258523925404073e-01
1.675150300601202291e+00 1.408060508501625396e-01
1.675951903807615162e+00 1.242997982886420855e-01
1.676753507014028033e+00 1.105749456020249932e-01
1.677555110220440904e+00 9.874503787254468312e-02
1.678356713426853553e+00 8.855261657678523135e-02
1.679158316633266423e+00 7.965042948199492490e-02
1.679959919839679294e+00 7.154397233796180866e-02
1.680761523046092165e+00 6.447054480074156102e-02
1.681563126252505036e+00 5.798437641985044327e-02
1.682364729458917907e+00 5.227508926883078777e-02
1.683166332665330556e+00 4.737675901372939702e-02
1.683967935871743427e+00 4.305834165474570902e-02
1.684769539078156297e+00 3.941409011669999574e-02
1.685571142284568946e+00 3.585529998071745189e-02
1.686372745490981817e+00 3.235123032891425859e-02
1.687174348697394688e+00 2.888350643689359051e-02
1.687975951903807559e+00 2.541163496914978712e-02
1.688777555110220430e+00 2.226081740512437721e-02
1.689579158316633301e+00 1.941802369749074178e-02
1.690380761523045949e+00 1.689971486073754692e-02
1.691182364729458820e+00 1.468947172846525595e-02
1.691983967935871691e+00 1.273438030590688490e-02
1.692785571142284562e+00 1.109958687697508613e-02
1.693587174348697211e+00 9.652198971236701161e-03
1.694388777555110082e+00 8.388730715071781793e-03
1.695190380761522952e+00 7.293819426688953264e-03
1.695991983967935823e+00 6.339790757179409979e-03
1.696793587174348694e+00 5.550665492996441179e-03
1.697595190380761565e+00 4.859641506038674987e-03
1.698396793587174214e+00 4.256111470867962598e-03
1.699198396793587085e+00 3.729474199432189930e-03
1.699999999999999956e+00 3.268482347020969757e-03
