4.570000000000000284e+00 6.869170018364724635e-03
4.570941883767535074e+00 7.201743447924552517e-03
4.571883767535070753e+00 7.507517755630637932e-03
4.572825651302605543e+00 7.790525812516576123e-03
4.573767535070140333e+00 8.055831735925111925e-03
4.574709418837676012e+00 8.300841641044234831e-03
4.575651302605210802e+00 8.533962253733396244e-03
4.576593186372745592e+00 8.760727463898611636e-03
4.577535070140281270e+00 8.987114956505136421e-03
4.578476953907816061e+00 9.218781518352757096e-03
4.579418837675350851e+00 9.461316857455819018e-03
4.580360721442885641e+00 9.718098567900628967e-03
4.581302605210421319e+00 9.991028781724430735e-03
4.582244488977956109e+00 1.028944838346968274e-02
4.583186372745490900e+00 1.062012056256505209e-02
4.584128256513026578e+00 1.097597815938218882e-02
4.585070140280561368e+00 1.136186017934748965e-02
4.586012024048096158e+00 1.177579372391783334e-02
4.586953907815631837e+00 1.224105593188574807e-02
4.587895791583166627e+00 1.273911746881567844e-02
4.588837675350701417e+00 1.326828938572359624e-02
4.589779559118237096e+00 1.383682852842547766e-02
4.590721442885771886e+00 1.444706703276453855e-02
4.591663326653306676e+00 1.509599593495921342e-02
4.592605210420842354e+00 1.577874179206170333e-02
4.593547094188377145e+00 1.650008673832608144e-02
4.594488977955911935e+00 1.726229921870083353e-02
4.595430861723446725e+00 1.806024244295877795e-02
4.596372745490982403e+00 1.888571183582004112e-02
4.597314629258517193e+00 1.973973285582868858e-02
4.598256513026051984e+00 2.063092417222402511e-02
4.599198396793587662e+00 2.154598803473538673e-02
4.600140280561122452e+00 2.248166537346767135e-02
4.601082164328657242e+00 2.343108421415350529e-02
4.602024048096192921e+00 2.440665364174718702e-02
4.602965931863727711e+00 2.538824344467146762e-02
4.603907815631262501e+00 2.637538939671642615e-02
4.604849699398798180e+00 2.736852965646432295e-02
4.605791583166332970e+00 2.836130178631155255e-02
4.606733466933867760e+00 2.934651158835697993e-02
4.607675350701403438e+00 3.032476642728251098e-02
4.608617234468938229e+00 3.129596923096858441e-02
4.609559118236473019e+00 3.225235395284421769e-02
4.610501002004008697e+00 3.319473685256079526e-02
4.611442885771543487e+00 3.412364434640852845e-02
4.612384769539078277e+00 3.503739633052719432e-02
4.613326653306613068e+00 3.593525974595873640e-02
4.614268537074148746e+00 3.681364549860065283e-02
4.615210420841683536e+00 3.768007029734080082e-02
4.616152304609218326e+00 3.854023733591255274e-02
4.617094188376754005e+00 3.939487732404931691e-02
4.618036072144288795e+00 4.024569205011148398e-02
4.618977955911823585e+00 4.110367935103193676e-02
4.619919839679359264e+00 4.196178567349658634e-02
4.620861723446894054e+00 4.283475360154792577e-02
4.621803607214428844e+00 4.372617104479266381e-02
4.622745490981964522e+00 4.464031521480155834e-02
4.623687374749499313e+00 4.557975201039512342e-02
4.624629258517034103e+00 4.656307187814424237e-02
4.625571142284569781e+00 4.759088244834749210e-02
4.626513026052104571e+00 4.866587376952394989e-02
4.627454909819639362e+00 4.978983772174626343e-02
4.628396793587175040e+00 5.098183691914657395e-02
4.629338677354709830e+00 5.226016483586632538e-02
4.630280561122244620e+00 5.361138754920185406e-02
4.631222444889779410e+00 5.503825206959467309e-02
4.632164328657315089e+00 5.655198614723758177e-02
4.633106212424849879e+00 5.819526670920918687e-02
4.634048096192384669e+00 5.993679299581362169e-02
4.634989979959920348e+00 6.179407042661776150e-02
4.635931863727455138e+00 6.377641647057570584e-02
4.636873747494989928e+00 6.593625943384728849e-02
4.637815631262525606e+00 6.822808410823766323e-02
4.638757515030060397e+00 7.065754118298696318e-02
4.639699398797595187e+00 7.326279207340714861e-02
4.640641282565130865e+00 7.607257671527928311e-02
4.641583166332665655e+00 7.907634105118332979e-02
4.642525050100200446e+00 8.225739100072976262e-02
4.643466933867736124e+00 8.565291301473516861e-02
4.644408817635270914e+00 8.929909980848807494e-02
4.645350701402805704e+00 9.318318506037842619e-02
4.646292585170340494e+00 9.728940110551972942e-02
4.647234468937876173e+00 1.016444116308789919e-01
4.648176352705410963e+00 1.063249333597816315e-01
4.649118236472945753e+00 1.112852559574765976e-01
4.650060120240481432e+00 1.165102077955598725e-01
4.651002004008016222e+00 1.219880597059416205e-01
4.651943887775551012e+00 1.278965363473210937e-01
4.652885771543086690e+00 1.341059429419779736e-01
4.653827655310621481e+00 1.406425501726303873e-01
4.654769539078156271e+00 1.474469064255621853e-01
4.655711422845691949e+00 1.546593378980875566e-01
4.656653306613226739e+00 1.622194340182948613e-01
4.657595190380761530e+00 1.700682026935967095e-01
4.658537074148297208e+00 1.782232988885219527e-01
4.659478957915831998e+00 1.867501802365041097e-01
4.660420841683366788e+00 1.956280128798742191e-01
4.661362725450902467e+00 2.047753851067410646e-01
4.662304609218437257e+00 2.141848640736807030e-01
4.663246492985972047e+00 2.238959710025286431e-01
4.664188376753506837e+00 2.338962511950577472e-01
4.665130260521042516e+00 2.441369414755043266e-01
4.666072144288577306e+00 2.545190902066014060e-01
4.667014028056112096e+00 2.650897004691936676e-01
4.667955911823647774e+00 2.758654591645257059e-01
4.668897795591182565e+00 2.866922668256016715e-01
4.669839679358717355e+00 2.976110716967835801e-01
4.670781563126253033e+00 3.085656187254569027e-01
4.671723446893787823e+00 3.195212493265343068e-01
4.672665330661322614e+00 3.304781257069484557e-01
4.673607214428858292e+00 3.414173769150293247e-01
4.674549098196393082e+00 3.522635263403556261e-01
4.675490981963927872e+00 3.629449076811246400e-01
4.676432865731463551e+00 3.734546049904572396e-01
4.677374749498998341e+00 3.838238140840257162e-01
4.678316633266533131e+00 3.940041379144746947e-01
4.679258517034067921e+00 4.039118611459219799e-01
4.680200400801603600e+00 4.136112503386374373e-01
4.681142284569138390e+00 4.230458799219133370e-01
4.682084168336673180e+00 4.322777877515334155e-01
4.683026052104208858e+00 4.411106065814831001e-01
4.683967935871743649e+00 4.496559630874719660e-01
4.684909819639278439e+00 4.579169309447424507e-01
4.685851703406814117e+00 4.658172545295619082e-01
4.686793587174348907e+00 4.733186086961939654e-01
4.687735470941883698e+00 4.805431571022598658e-01
4.688677354709419376e+00 4.875018715100231104e-01
4.689619238476954166e+00 4.940607574794451673e-01
4.690561122244488956e+00 5.002315228553850801e-01
4.691503006012024635e+00 5.060439033496343386e-01
4.692444889779559425e+00 5.115161565729373638e-01
4.693386773547094215e+00 5.166619236805551907e-01
4.694328657314629893e+00 5.214246898530068286e-01
4.695270541082164684e+00 5.257759498417071686e-01
4.696212424849699474e+00 5.298463878831171092e-01
4.697154308617234264e+00 5.336847091054661707e-01
4.698096192384769942e+00 5.369832073402885930e-01
4.699038076152304733e+00 5.399255955067828738e-01
4.699979959919839523e+00 5.426158063398202058e-01
4.700921843687375201e+00 5.449404770378660778e-01
4.701863727454909991e+00 5.468631919684689979e-01
4.702805611222444782e+00 5.485245389415186468e-01
4.703747494989980460e+00 5.499319816854766341e-01
4.704689378757515250e+00 5.510390090951957642e-01
4.705631262525050040e+00 5.518055028190170797e-01
4.706573146292585719e+00 5.524058384243564213e-01
4.707515030060120509e+00 5.527667433203723446e-01
4.708456913827655299e+00 5.528442457236385499e-01
4.709398797595190977e+00 5.526966133724394714e-01
4.710340681362725768e+00 5.523605010882711719e-01
4.711282565130260558e+00 5.518947718760102150e-01
4.712224448897796236e+00 5.512429353436495427e-01
4.713166332665331026e+00 5.504436543577582164e-01
4.714108216432865817e+00 5.495096607716117854e-01
4.715050100200400607e+00 5.485384829366062309e-01
4.715991983967936285e+00 5.475259819282235485e-01
4.716933867735471075e+00 5.463270088112335277e-01
4.717875751503005866e+00 5.450593111877820585e-01
4.718817635270541544e+00 5.437975228588103338e-01
4.719759519038076334e+00 5.424577195827490206e-01
4.720701402805611124e+00 5.410763211145263041e-01
4.721643286573146803e+00 5.396771734926066877e-01
4.722585170340681593e+00 5.382711431888497211e-01
4.723527054108216383e+00 5.369266033033833763e-01
4.724468937875752061e+00 5.356348509801611701e-01
4.725410821643286852e+00 5.343088997383143024e-01
4.726352705410821642e+00 5.329423070567433918e-01
4.727294589178357320e+00 5.315978360260301683e-01
4.728236472945892110e+00 5.302846364288588132e-01
4.729178356713426901e+00 5.290241134835643733e-01
4.730120240480961691e+00 5.278385730917213303e-01
4.731062124248497369e+00 5.266392719995207639e-01
4.732004008016032159e+00 5.254762190023020141e-01
4.732945891783566950e+00 5.243724611809250646e-01
4.733887775551102628e+00 5.234035715495792829e-01
4.734829659318637418e+00 5.223924589074711022e-01
4.735771543086172208e+00 5.214129805431835241e-01
4.736713426853707887e+00 5.205301155507044975e-01
4.737655310621242677e+00 5.196614286875869126e-01
4.738597194388777467e+00 5.188094590897723846e-01
4.739539078156313145e+00 5.179946937436138432e-01
4.740480961923847936e+00 5.172230606662809871e-01
4.741422845691382726e+00 5.165349000716651373e-01
4.742364729458918404e+00 5.159129326470447419e-01
4.743306613226453194e+00 5.152770629665178737e-01
4.744248496993987985e+00 5.146433277003695794e-01
4.745190380761522775e+00 5.140412778321347131e-01
4.746132264529058453e+00 5.134656380973395828e-01
4.747074148296593243e+00 5.129178217528442829e-01
4.748016032064128034e+00 5.124083642164296570e-01
4.748957915831663712e+00 5.119910911346626792e-01
4.749899799599198502e+00 5.115504341883340134e-01
4.750841683366733292e+00 5.112258797499270591e-01
4.751783567134268971e+00 5.108724782595902569e-01
4.752725450901803761e+00 5.105428293894093139e-01
4.753667334669338551e+00 5.102511334346210292e-01
4.754609218436874229e+00 5.099964791161920585e-01
4.755551102204409020e+00 5.097950744669237366e-01
4.756492985971943810e+00 5.096458085101874813e-01
4.757434869739479488e+00 5.095396545944516076e-01
4.758376753507014278e+00 5.094779122937999061e-01
4.759318637274549069e+00 5.094720828665391110e-01
4.760260521042084747e+00 5.095603395932405411e-01
4.761202404809619537e+00 5.097518012526210951e-01
4.762144288577154327e+00 5.099188042038031998e-01
4.763086172344689118e+00 5.101519781964480860e-01
4.764028056112224796e+00 5.104976518183849121e-01
4.764969939879759586e+00 5.107953892551183595e-01
4.765911823647294376e+00 5.112014479688159474e-01
4.766853707414830055e+00 5.116759467014817542e-01
4.767795591182364845e+00 5.122193499803138206e-01
4.768737474949899635e+00 5.128181793578016068e-01
4.769679358717435314e+00 5.134696907711804315e-01
4.770621242484970104e+00 5.142458777294516281e-01
4.771563126252504894e+00 5.150583217411393022e-01
4.772505010020040572e+00 5.158850931404133089e-01
4.773446893787575362e+00 5.167606144268644952e-01
4.774388777555110153e+00 5.176909639797202534e-01
4.775330661322645831e+00 5.186593024845197464e-01
4.776272545090180621e+00 5.196544348165007543e-01
4.777214428857715411e+00 5.207308062822713079e-01
4.778156312625251090e+00 5.218503070446071090e-01
4.779098196392785880e+00 5.230227320034315230e-01
4.780040080160320670e+00 5.242334097068739318e-01
4.780981963927855460e+00 5.254683739744850923e-01
4.781923847695391139e+00 5.267322278416544101e-01
4.782865731462925929e+00 5.279791409367471378e-01
4.783807615230460719e+00 5.293759014959286135e-01
4.784749498997996398e+00 5.307302154387205650e-01
4.785691382765531188e+00 5.320768906150151745e-01
4.786633266533065978e+00 5.334351654576412471e-01
4.787575150300601656e+00 5.347604163412970069e-01
4.788517034068136446e+00 5.360917071891185826e-01
4.789458917835671237e+00 5.374423888854285014e-01
4.790400801603206915e+00 5.387797068051675131e-01
4.791342685370741705e+00 5.400781070235636250e-01
4.792284569138276495e+00 5.413390676192610940e-01
4.793226452905812174e+00 5.426206768358378119e-01
4.794168336673346964e+00 5.438827457910878627e-01
4.795110220440881754e+00 5.451385857064043883e-01
4.796052104208417433e+00 5.462679035008701778e-01
4.796993987975952223e+00 5.474205626382477874e-01
4.797935871743487013e+00 5.485236178463216428e-01
4.798877755511021803e+00 5.495845171714427435e-01
4.799819639278557482e+00 5.505576437035444304e-01
4.800761523046092272e+00 5.515388986975899854e-01
4.801703406813627062e+00 5.524795258984459556e-01
4.802645290581162740e+00 5.533301108150551206e-01
4.803587174348697530e+00 5.541567025947318204e-01
4.804529058116232321e+00 5.549642048666044714e-01
4.805470941883767999e+00 5.556903318035338879e-01
4.806412825651302789e+00 5.563623345878420112e-01
4.807354709418837579e+00 5.570279659469054012e-01
4.808296593186373258e+00 5.576329267245538901e-01
4.809238476953908048e+00 5.581630720397035006e-01
4.810180360721442838e+00 5.586805515225891083e-01
4.811122244488978517e+00 5.591334827260282525e-01
4.812064128256513307e+00 5.594531478263750079e-01
4.813006012024048097e+00 5.598339050730053446e-01
4.813947895791582887e+00 5.600944766411355413e-01
4.814889779559118566e+00 5.603691983963355883e-01
4.815831663326653356e+00 5.605096874803652263e-01
4.816773547094188146e+00 5.606256742996202913e-01
4.817715430861723824e+00 5.607399824274420519e-01
4.818657314629258615e+00 5.607796648756991909e-01
4.819599198396793405e+00 5.607983607238731238e-01
4.820541082164329083e+00 5.607951141092567537e-01
4.821482965931863873e+00 5.607091432347438564e-01
4.822424849699398663e+00 5.605726778809332345e-01
4.823366733466934342e+00 5.604050221009585497e-01
4.824308617234469132e+00 5.601730116697339890e-01
4.825250501002003922e+00 5.599119109574499653e-01
4.826192384769539601e+00 5.595739998161974871e-01
4.827134268537074391e+00 5.592379432564940078e-01
4.828076152304609181e+00 5.588050801731555550e-01
4.829018036072143971e+00 5.582715277214350680e-01
4.829959919839679650e+00 5.577407504761955348e-01
4.830901803607214440e+00 5.572247389055241529e-01
4.831843687374749230e+00 5.566177833680846510e-01
4.832785571142284908e+00 5.559984450177488657e-01
4.833727454909819699e+00 5.553020287202812266e-01
4.834669338677354489e+00 5.545964128878270172e-01
4.835611222444890167e+00 5.538266656507352392e-01
4.836553106212424957e+00 5.529863054397223809e-01
4.837494989979959747e+00 5.521332170915332904e-01
4.838436873747495426e+00 5.511946987856904956e-01
4.839378757515030216e+00 5.501957799722045905e-01
4.840320641282565006e+00 5.492322274415298855e-01
4.841262525050100685e+00 5.481858096224180299e-01
4.842204408817635475e+00 5.471186985183430496e-01
4.843146292585170265e+00 5.460558408353538562e-01
4.844088176352705943e+00 5.449122711039714462e-01
4.845030060120240734e+00 5.437866873176474547e-01
4.845971943887775524e+00 5.425804303152328423e-01
4.846913827655310314e+00 5.413527574831344946e-01
4.847855711422845992e+00 5.401555363099579399e-01
4.848797595190380783e+00 5.387669160492376541e-01
4.849739478957915573e+00 5.374589267623472999e-01
4.850681362725451251e+00 5.362273529536123462e-01
4.851623246492986041e+00 5.349736058729515076e-01
4.852565130260520831e+00 5.337053756394284365e-01
4.853507014028056510e+00 5.324769251855817620e-01
4.854448897795591300e+00 5.312561987714952139e-01
4.855390781563126090e+00 5.300220634225175642e-01
4.856332665330661769e+00 5.288332552228059980e-01
4.857274549098196559e+00 5.276577398783618422e-01
4.858216432865731349e+00 5.264178368914217421e-01
4.859158316633267027e+00 5.252855670547730282e-01
4.860100200400801818e+00 5.242024045544900757e-01
4.861042084168336608e+00 5.231969515799431703e-01
4.861983967935872286e+00 5.221708083636312780e-01
4.862925851703407076e+00 5.211892572568168625e-01
4.863867735470941867e+00 5.202622356652123470e-01
4.864809619238476657e+00 5.194279682255992237e-01
4.865751503006012335e+00 5.185994436007286268e-01
4.866693386773547125e+00 5.177374108020010857e-01
4.867635270541081915e+00 5.169727994152741868e-01
4.868577154308617594e+00 5.163272286783433529e-01
4.869519038076152384e+00 5.157216041740252388e-01
4.870460921843687174e+00 5.151442943332433799e-01
4.871402805611222853e+00 5.146291831572895603e-01
4.872344689378757643e+00 5.141747511776730839e-01
4.873286573146292433e+00 5.137866602891294487e-01
4.874228456913828111e+00 5.134775981173258508e-01
4.875170340681362902e+00 5.131667494435193655e-01
4.876112224448897692e+00 5.128114880465871606e-01
4.877054108216433370e+00 5.126361260928219421e-01
4.877995991983968160e+00 5.125101426090282741e-01
4.878937875751502951e+00 5.124646633154011921e-01
4.879879759519038629e+00 5.124651902938290871e-01
4.880821643286573419e+00 5.125615560511177504e-01
4.881763527054108209e+00 5.126625234800435971e-01
4.882705410821643000e+00 5.128083732715134069e-01
4.883647294589178678e+00 5.129968072211765762e-01
4.884589178356713468e+00 5.132205285175147624e-01
4.885531062124248258e+00 5.134792627118313080e-01
4.886472945891783937e+00 5.137240831672629238e-01
4.887414829659318727e+00 5.139926012964995961e-01
4.888356713426853517e+00 5.143379095755620245e-01
4.889298597194389195e+00 5.147037914545864457e-01
4.890240480961923986e+00 5.150905774462531950e-01
4.891182364729458776e+00 5.155088066107473832e-01
4.892124248496994454e+00 5.159781250997217406e-01
4.893066132264529244e+00 5.164091138360891176e-01
4.894008016032064035e+00 5.168497735124786274e-01
4.894949899799598825e+00 5.172979141786330226e-01
4.895891783567134503e+00 5.177504304648118394e-01
4.896833667334669293e+00 5.182075929479291743e-01
4.897775551102204972e+00 5.186714957270340820e-01
4.898717434869739762e+00 5.191387939554792386e-01
4.899659318637274552e+00 5.196071855338524337e-01
4.900601202404809342e+00 5.200750420865891677e-01
4.901543086172345021e+00 5.205410804452714757e-01
4.902484969939879811e+00 5.210061615901474541e-01
4.903426853707414601e+00 5.214715888759562379e-01
4.904368737474950279e+00 5.219375503543012274e-01
4.905310621242485070e+00 5.223695967787050920e-01
4.906252505010019860e+00 5.227418419210451139e-01
4.907194388777555538e+00 5.231512930109942783e-01
4.908136272545090328e+00 5.235983148651321972e-01
4.909078156312625119e+00 5.240355752068227568e-01
4.910020040080160797e+00 5.244600166895511117e-01
4.910961923847695587e+00 5.248744803133805759e-01
4.911903807615230377e+00 5.252748688458674931e-01
4.912845691382765168e+00 5.256571346153371405e-01
4.913787575150300846e+00 5.260082148024692872e-01
4.914729458917835636e+00 5.263292157957663031e-01
4.915671342685370426e+00 5.266209043230494213e-01
4.916613226452906105e+00 5.268778414301552582e-01
4.917555110220440895e+00 5.270869119266360370e-01
4.918496993987975685e+00 5.272169835104435487e-01
4.919438877755511363e+00 5.273478570475722549e-01
4.920380761523046154e+00 5.274600459275881059e-01
4.921322645290580944e+00 5.274279415083902300e-01
4.922264529058116622e+00 5.273131601588008088e-01
4.923206412825651412e+00 5.271237066278678940e-01
4.924148296593186203e+00 5.268484140324261045e-01
4.925090180360721881e+00 5.264454283895485531e-01
4.926032064128256671e+00 5.258835903296724679e-01
4.926973947895791461e+00 5.252593062829146175e-01
4.927915831663327140e+00 5.245036391122008812e-01
4.928857715430861930e+00 5.235678462080380902e-01
4.929799599198396720e+00 5.224691286878551111e-01
4.930741482965931510e+00 5.211707855616577456e-01
4.931683366733467189e+00 5.197488821917427559e-01
4.932625250501001979e+00 5.181223052559771336e-01
4.933567134268536769e+00 5.162796496487279674e-01
4.934509018036072447e+00 5.142439982006408172e-01
4.935450901803607238e+00 5.119867761565312092e-01
4.936392785571142028e+00 5.094669660732847882e-01
4.937334669338677706e+00 5.066984323053211892e-01
4.938276553106212496e+00 5.037239416302514705e-01
4.939218436873747287e+00 5.005157604517855852e-01
4.940160320641282965e+00 4.970059894113061372e-01
4.941102204408817755e+00 4.932413232445172491e-01
4.942044088176352545e+00 4.892558922578699732e-01
4.942985971943888224e+00 4.850389651886560238e-01
4.943927855711423014e+00 4.804580914082020038e-01
4.944869739478957804e+00 4.756651444143618623e-01
4.945811623246493482e+00 4.706536385045108073e-01
4.946753507014028273e+00 4.653810508392112744e-01
4.947695390781563063e+00 4.598924211907473580e-01
4.948637274549097853e+00 4.541712636007946280e-01
4.949579158316633531e+00 4.482134907449517036e-01
4.950521042084168322e+00 4.420838361015591023e-01
4.951462925851703112e+00 4.357803534149141678e-01
4.952404809619238790e+00 4.292927881917665833e-01
4.953346693386773580e+00 4.226478065599311162e-01
4.954288577154308371e+00 4.158523131465023948e-01
4.955230460921844049e+00 4.089055042063604595e-01
4.956172344689378839e+00 4.017431663343334902e-01
4.957114228456913629e+00 3.945181171300238265e-01
4.958056112224449308e+00 3.871956716849777602e-01
4.958997995991984098e+00 3.797452559403385886e-01
4.959939879759518888e+00 3.722137035022485274e-01
4.960881763527054567e+00 3.645916279018228678e-01
4.961823647294589357e+00 3.569392820852313464e-01
4.962765531062124147e+00 3.492178040407554196e-01
4.963707414829659825e+00 3.414129084175694939e-01
4.964649298597194615e+00 3.335816194677643787e-01
4.965591182364729406e+00 3.257022181310334497e-01
4.966533066132264196e+00 3.178088449383955627e-01
4.967474949899799874e+00 3.099102886773296706e-01
4.968416833667334664e+00 3.019849923626470867e-01
4.969358717434869455e+00 2.940412624801036490e-01
4.970300601202405133e+00 2.860815064751165981e-01
4.971242484969939923e+00 2.781049218299999626e-01
4.972184368737474713e+00 2.701534781768107907e-01
4.973126252505010392e+00 2.622326911033881491e-01
4.974068136272545182e+00 2.543099476818986293e-01
4.975010020040079972e+00 2.463679351128942596e-01
4.975951903807615651e+00 2.384869823812250655e-01
4.976893787575150441e+00 2.306025853578569373e-01
4.977835671342685231e+00 2.227673841583919512e-01
4.978777555110220021e+00 2.149923887504684439e-01
4.979719438877755699e+00 2.072585519212669924e-01
4.980661322645290490e+00 1.995795832257523383e-01
4.981603206412826168e+00 1.919721130969129774e-01
4.982545090180360958e+00 1.844570649395924355e-01
4.983486973947895748e+00 1.770367552668127009e-01
4.984428857715430539e+00 1.696968815598041136e-01
4.985370741482966217e+00 1.624567483537191770e-01
4.986312625250501007e+00 1.553514227743035825e-01
4.987254509018035797e+00 1.483888234007477436e-01
4.988196392785571476e+00 1.415709636415280193e-01
4.989138276553106266e+00 1.348780532572179947e-01
4.990080160320641056e+00 1.283533302537453735e-01
4.991022044088176735e+00 1.220150056765844371e-01
4.991963927855711525e+00 1.158604360755936258e-01
4.992905811623246315e+00 1.098807569430737957e-01
4.993847695390781993e+00 1.040851611459563952e-01
4.994789579158316783e+00 9.853380684575893667e-02
4.995731462925851574e+00 9.316419727925248639e-02
4.996673346693386364e+00 8.797690017066711610e-02
4.997615230460922042e+00 8.301136332520683836e-02
4.998557114228456832e+00 7.827319067389604257e-02
4.999498997995991623e+00 7.374062253324401017e-02
5.000440881763527301e+00 6.939438289258959003e-02
5.001382765531062091e+00 6.526256605421684731e-02
5.002324649298596881e+00 6.136583319148765370e-02
5.003266533066132560e+00 5.765649200384803663e-02
5.004208416833667350e+00 5.412038519616041432e-02
5.005150300601202140e+00 5.076986270009636870e-02
5.006092184368737819e+00 4.764004271788386397e-02
5.007034068136272609e+00 4.467852324801857566e-02
5.007975951903807399e+00 4.187282762515408957e-02
5.008917835671343077e+00 3.922868948763770514e-02
5.009859719438877868e+00 3.678938446165217618e-02
5.010801603206412658e+00 3.448544620141835021e-02
5.011743486973948336e+00 3.230800955204012059e-02
5.012685370741483126e+00 3.025694033963922600e-02
5.013627254509017916e+00 2.835563053021257149e-02
5.014569138276552707e+00 2.657752223550887208e-02
5.015511022044088385e+00 2.490547150715206881e-02
5.016452905811623175e+00 2.334003915759474621e-02
5.017394789579157965e+00 2.188506598158133226e-02
5.018336673346693644e+00 2.053195633718602267e-02
5.019278557114228434e+00 1.925600560316301224e-02
5.020220440881763224e+00 1.805715022012132839e-02
5.021162324649298903e+00 1.694802565677707221e-02
5.022104208416833693e+00 1.591926115242618678e-02
5.023046092184368483e+00 1.495385636550109441e-02
5.023987975951904161e+00 1.404638776782289773e-02
5.024929859719438952e+00 1.321492528388464038e-02
5.025871743486973742e+00 1.243847617652376648e-02
5.026813627254509420e+00 1.170655006946777488e-02
5.027755511022044210e+00 1.101733781050089067e-02
5.028697394789579000e+00 1.038107052339862051e-02
5.029639278557114679e+00 9.789988649352050765e-03
5.030581162324649469e+00 9.235657749923409376e-03
5.031523046092184259e+00 8.714085188370196064e-03
5.032464929859719049e+00 8.229686994255922330e-03
5.033406813627254728e+00 7.779271233134893264e-03
5.034348697394789518e+00 7.352640353998728465e-03
5.035290581162324308e+00 6.949720004371781959e-03
5.036232464929859987e+00 6.574291562511193343e-03
5.037174348697394777e+00 6.229901445352686515e-03
5.038116232464929567e+00 5.905753635489501864e-03
5.039058116232465245e+00 5.599381540578455760e-03
5.040000000000000036e+00 5.311891800652134878e-03
