2.370000000000000107e+00 6.868894143178854578e-03
2.371723446893787557e+00 8.855398171611458119e-03
2.373446893787575451e+00 1.127292361056769603e-02
2.375170340681362902e+00 1.409345967550349084e-02
2.376893787575150352e+00 1.724742397506514799e-02
2.378617234468937802e+00 2.065502302437099633e-02
2.380340681362725697e+00 2.419922666908714062e-02
2.382064128256513147e+00 2.777647992964018056e-02
2.383787575150300597e+00 3.134995944271466023e-02
2.385511022044088492e+00 3.493491175504410268e-02
2.387234468937875942e+00 3.862983830377518524e-02
2.388957915831663392e+00 4.257746788787853537e-02
2.390681362725450843e+00 4.703654298010365165e-02
2.392404809619238737e+00 5.228858231224510489e-02
2.394128256513026187e+00 5.857292975533603258e-02
2.395851703406813638e+00 6.626377025043529712e-02
2.397575150300601088e+00 7.603190756537432649e-02
2.399298597194388982e+00 8.827058351493187460e-02
2.401022044088176433e+00 1.034225210063314526e-01
2.402745490981963883e+00 1.227004538213593982e-01
2.404468937875751777e+00 1.470372860269837378e-01
2.406192384769539228e+00 1.766897914308838968e-01
2.407915831663326678e+00 2.122770184763932422e-01
2.409639278557114128e+00 2.547144886867379054e-01
2.411362725450902023e+00 3.020310194198798648e-01
2.413086172344689473e+00 3.524005525555468088e-01
2.414809619238476923e+00 4.031357328890065594e-01
2.416533066132264818e+00 4.503221999109572882e-01
2.418256513026052268e+00 4.915657105553366546e-01
2.419979959919839718e+00 5.251093493813751012e-01
2.421703406813627169e+00 5.483961757322900477e-01
2.423426853707415063e+00 5.636377481031147330e-01
2.425150300601202513e+00 5.724011144935028383e-01
2.426873747494989964e+00 5.762002656418936386e-01
2.428597194388777858e+00 5.769388936224031372e-01
2.430320641282565308e+00 5.766030674648795484e-01
2.432044088176352759e+00 5.761939446006753007e-01
2.433767535070140209e+00 5.764762899207217517e-01
2.435490981963928103e+00 5.776882549988504589e-01
2.437214428857715554e+00 5.798282353627594032e-01
2.438937875751503004e+00 5.828777688033475179e-01
2.440661322645290454e+00 5.866341438644301354e-01
2.442384769539078349e+00 5.907528910338283312e-01
2.444108216432865799e+00 5.950229613783030169e-01
2.445831663326653249e+00 5.992122340703743832e-01
2.447555110220441144e+00 6.030824972722503841e-01
2.449278557114228594e+00 6.066473764246812506e-01
2.451002004008016044e+00 6.098824669656807140e-01
2.452725450901803494e+00 6.126413538167270190e-01
2.454448897795591389e+00 6.151999371272710571e-01
2.456172344689378839e+00 6.176127770527889416e-01
2.457895791583166289e+00 6.199424083686745357e-01
2.459619238476954184e+00 6.223067053661635040e-01
2.461342685370741634e+00 6.245855161479565432e-01
2.463066132264529084e+00 6.270649426089311973e-01
2.464789579158316535e+00 6.297532570611124036e-01
2.466513026052104429e+00 6.326221448604049113e-01
2.468236472945891880e+00 6.355933937106197362e-01
2.469959919839679330e+00 6.385769336341954316e-01
2.471683366733467224e+00 6.418439551954989719e-01
2.473406813627254675e+00 6.450612488198579353e-01
2.475130260521042125e+00 6.480044285861438214e-01
2.476853707414829575e+00 6.508510398646989437e-01
2.478577154308617470e+00 6.533281560128155752e-01
2.480300601202404920e+00 6.554125564635793211e-01
2.482024048096192370e+00 6.571881088170765661e-01
2.483747494989980265e+00 6.585452799848535710e-01
2.485470941883767715e+00 6.594522909866861182e-01
2.487194388777555165e+00 6.599038155418166518e-01
2.488917835671342615e+00 6.600814393160164828e-01
2.490641282565130510e+00 6.599992199909208157e-01
2.492364729458917960e+00 6.594922677512793374e-01
2.494088176352705410e+00 6.588185796041394759e-01
2.495811623246493305e+00 6.581029200688117697e-01
2.497535070140280755e+00 6.573729682860939283e-01
2.499258517034068205e+00 6.564760819836665817e-01
2.500981963927855656e+00 6.556641470275919037e-01
2.502705410821643550e+00 6.548742814511755439e-01
2.504428857715431000e+00 6.540136758736480038e-01
2.506152304609218451e+00 6.532183903653200341e-01
2.507875751503005901e+00 6.524877540179413460e-01
2.509599198396793795e+00 6.518218679044052166e-01
2.511322645290581246e+00 6.512338356485547486e-01
2.513046092184368696e+00 6.506042559198155217e-01
2.514769539078156591e+00 6.500626912695017801e-01
2.516492985971944041e+00 6.494225548807991411e-01
2.518216432865731491e+00 6.488183554960061938e-01
2.519939879759518941e+00 6.481941371205072189e-01
2.521663326653306836e+00 6.476360152114348789e-01
2.523386773547094286e+00 6.471541025268449099e-01
2.525110220440881736e+00 6.467700904551731966e-01
2.526833667334669631e+00 6.463691975391863132e-01
2.528557114228457081e+00 6.461062546993207034e-01
2.530280561122244531e+00 6.460592965847878899e-01
2.532004008016031982e+00 6.461856368574681042e-01
2.533727454909819876e+00 6.466350249078368639e-01
2.535450901803607326e+00 6.471810065842488191e-01
2.537174348697394777e+00 6.480001442810016110e-01
2.538897795591182671e+00 6.489531768243761434e-01
2.540621242484970121e+00 6.502455365274186772e-01
2.542344689378757572e+00 6.517005486535042413e-01
2.544068136272545022e+00 6.533337571112864950e-01
2.545791583166332916e+00 6.552426836597651238e-01
2.547515030060120367e+00 6.573777230800683657e-01
2.549238476953907817e+00 6.595500520089607743e-01
2.550961923847695267e+00 6.619717698296492259e-01
2.552685370741483162e+00 6.643259801057281866e-01
2.554408817635270612e+00 6.667845860702570349e-01
2.556132264529058062e+00 6.693074559027705206e-01
2.557855711422845957e+00 6.718788589258436472e-01
2.559579158316633407e+00 6.745197135590269566e-01
2.561302605210420857e+00 6.770255231213058167e-01
2.563026052104208308e+00 6.794000899156190654e-01
2.564749498997996202e+00 6.814083768418400799e-01
2.566472945891783652e+00 6.832925083257499477e-01
2.568196392785571103e+00 6.848616768916929720e-01
2.569919839679358997e+00 6.863151629691437439e-01
2.571643286573146447e+00 6.878128670518046661e-01
2.573366733466933898e+00 6.891716960505867018e-01
2.575090180360721348e+00 6.902823126145516408e-01
2.576813627254509242e+00 6.910863737162893372e-01
2.578537074148296693e+00 6.919731314030794778e-01
2.580260521042084143e+00 6.928776635078712776e-01
2.581983967935872037e+00 6.938599064703221408e-01
2.583707414829659488e+00 6.945018283110686586e-01
2.585430861723446938e+00 6.953162183186379908e-01
2.587154308617234388e+00 6.957580336759129347e-01
2.588877755511022283e+00 6.962540912629182621e-01
2.590601202404809733e+00 6.972020233496318831e-01
2.592324649298597183e+00 6.985969071014636045e-01
2.594048096192384634e+00 6.991330599913044841e-01
2.595771543086172528e+00 6.995231070929084360e-01
2.597494989979959978e+00 7.000462075613164137e-01
2.599218436873747429e+00 7.002433094637666722e-01
2.600941883767535323e+00 6.999361491282594105e-01
2.602665330661322773e+00 7.001383663534708202e-01
2.604388777555110224e+00 7.004856818205692504e-01
2.606112224448897674e+00 7.008247286218721728e-01
2.607835671342685568e+00 7.008905002333000178e-01
2.609559118236473019e+00 7.007004260735141266e-01
2.611282565130260469e+00 7.001425719153138161e-01
2.613006012024048363e+00 6.998460145671104859e-01
2.614729458917835814e+00 6.996253485853085596e-01
2.616452905811623264e+00 6.995474588770170810e-01
2.618176352705410714e+00 6.992946625942585426e-01
2.619899799599198609e+00 6.986542955529664312e-01
2.621623246492986059e+00 6.978714299451828085e-01
2.623346693386773509e+00 6.970453474768010249e-01
2.625070140280561404e+00 6.962524877285239944e-01
2.626793587174348854e+00 6.954456156439400294e-01
2.628517034068136304e+00 6.948130855852940879e-01
2.630240480961923755e+00 6.942256213205307835e-01
2.631963927855711649e+00 6.932531472943311845e-01
2.633687374749499099e+00 6.921481713137970226e-01
2.635410821643286550e+00 6.911633048410538160e-01
2.637134268537074000e+00 6.899389620691983582e-01
2.638857715430861894e+00 6.891591591301754471e-01
2.640581162324649345e+00 6.886059441248028046e-01
2.642304609218436795e+00 6.882691803290769128e-01
2.644028056112224689e+00 6.879968394971948120e-01
2.645751503006012140e+00 6.878117915520417514e-01
2.647474949899799590e+00 6.877077439277721194e-01
2.649198396793587484e+00 6.878220517191000472e-01
2.650921843687374935e+00 6.879277744585017285e-01
2.652645290581162385e+00 6.881215279493191339e-01
2.654368737474949835e+00 6.883644264795548695e-01
2.656092184368737730e+00 6.888131360222746746e-01
2.657815631262525180e+00 6.892156208631570191e-01
2.659539078156312630e+00 6.897079494460109927e-01
2.661262525050100081e+00 6.906646103535087899e-01
2.662985971943887975e+00 6.919190799973428119e-01
2.664709418837675425e+00 6.929416034877133868e-01
2.666432865731462876e+00 6.942417601059037713e-01
2.668156312625250770e+00 6.954573276361777356e-01
2.669879759519038220e+00 6.959603031543087903e-01
2.671603206412825671e+00 6.960610986936601741e-01
2.673326653306613121e+00 6.965062979011417132e-01
2.675050100200401015e+00 6.972114964133064863e-01
2.676773547094188466e+00 6.971552260245114097e-01
2.678496993987975916e+00 6.975405175953780512e-01
2.680220440881763366e+00 6.982489396883091448e-01
2.681943887775551261e+00 6.986770635992620715e-01
2.683667334669338711e+00 6.989445521786289417e-01
2.685390781563126161e+00 6.991550631102669833e-01
2.687114228456914056e+00 6.994922518598243322e-01
2.688837675350701506e+00 6.999651293501331084e-01
2.690561122244488956e+00 7.004294447094808751e-01
2.692284569138276851e+00 7.008922742266436856e-01
2.694008016032064301e+00 7.011658836998589939e-01
2.695731462925851751e+00 7.014732314747813557e-01
2.697454909819639202e+00 7.016717282604847394e-01
2.699178356713427096e+00 7.017544403729294444e-01
2.700901803607214546e+00 7.016733703451141224e-01
2.702625250501001997e+00 7.019017987172937456e-01
2.704348697394789447e+00 7.023923590204252942e-01
2.706072144288577341e+00 7.031172405535381920e-01
2.707795591182364792e+00 7.040719603405621863e-01
2.709519038076152242e+00 7.046592859530634856e-01
2.711242484969940136e+00 7.049739207698175747e-01
2.712965931863727587e+00 7.052260944632473549e-01
2.714689378757515037e+00 7.054033574043726551e-01
2.716412825651302487e+00 7.056812868456969756e-01
2.718136272545090382e+00 7.060088880078829732e-01
2.719859719438877832e+00 7.065102268014489262e-01
2.721583166332665282e+00 7.071721458812798566e-01
2.723306613226452733e+00 7.074469252809783004e-01
2.725030060120240627e+00 7.073488817631724546e-01
2.726753507014028077e+00 7.066127837540853163e-01
2.728476953907815528e+00 7.061345736742192791e-01
2.730200400801603422e+00 7.056779449746618527e-01
2.731923847695390872e+00 7.053314017273548675e-01
2.733647294589178323e+00 7.053045818878858064e-01
2.735370741482966217e+00 7.055943681980274551e-01
2.737094188376753667e+00 7.061125505948463443e-01
2.738817635270541118e+00 7.062410254876133608e-01
2.740541082164328568e+00 7.057180088838913568e-01
2.742264529058116462e+00 7.052560573868301708e-01
2.743987975951903913e+00 7.048292914504591389e-01
2.745711422845691363e+00 7.037612157053263484e-01
2.747434869739478813e+00 7.028140667323687918e-01
2.749158316633266708e+00 7.021747563260011260e-01
2.750881763527054158e+00 7.021722401479248976e-01
2.752605210420841608e+00 7.022369383037471158e-01
2.754328657314629503e+00 7.020340822223004595e-01
2.756052104208416953e+00 7.015657572007472087e-01
2.757775551102204403e+00 7.012206390202392337e-01
2.759498997995992298e+00 7.009464177010149566e-01
2.761222444889779748e+00 7.003036159243921643e-01
2.762945891783567198e+00 6.997693988834181589e-01
2.764669338677354649e+00 6.996413709306458228e-01
2.766392785571142543e+00 6.996891926341414214e-01
2.768116232464929993e+00 6.996241268250001921e-01
2.769839679358717444e+00 6.994000688631034635e-01
2.771563126252504894e+00 6.991993446057153117e-01
2.773286573146292788e+00 6.989991343037689209e-01
2.775010020040080239e+00 6.989438773539169425e-01
2.776733466933867689e+00 6.987229410670879881e-01
2.778456913827655583e+00 6.986522186101269405e-01
2.780180360721443034e+00 6.988956518524194195e-01
2.781903807615230484e+00 6.992157755955047405e-01
2.783627254509017934e+00 6.996750157156398364e-01
2.785350701402805829e+00 7.000579717743026231e-01
2.787074148296593279e+00 7.003136828583261808e-01
2.788797595190380729e+00 7.004731200716538542e-01
2.790521042084168180e+00 7.007247050040472658e-01
2.792244488977956074e+00 7.006042695335137349e-01
2.793967935871743524e+00 7.005583743780098294e-01
2.795691382765530975e+00 7.005678477857624209e-01
2.797414829659318869e+00 7.005365659856129801e-01
2.799138276553106319e+00 7.008170346228088654e-01
2.800861723446893770e+00 7.008591270810224927e-01
2.802585170340681664e+00 7.006893851325293188e-01
2.804308617234469114e+00 7.004252218863954438e-01
2.806032064128256565e+00 7.000206069612499027e-01
2.807755511022044015e+00 6.994909861500460124e-01
2.809478957915831909e+00 6.987852517949910691e-01
2.811202404809619360e+00 6.981834481920489166e-01
2.812925851703406810e+00 6.976400704525791419e-01
2.814649298597194260e+00 6.970321380756012708e-01
2.816372745490982155e+00 6.964334617180686360e-01
2.818096192384769605e+00 6.958087342202792236e-01
2.819819639278557055e+00 6.952186295703541852e-01
2.821543086172344950e+00 6.945065697359608103e-01
2.823266533066132400e+00 6.937787690378279803e-01
2.824989979959919850e+00 6.931183431621991131e-01
2.826713426853707301e+00 6.923740313067857644e-01
2.828436873747495195e+00 6.915527303643158596e-01
2.830160320641282645e+00 6.909621243811547853e-01
2.831883767535070096e+00 6.904918151461909570e-01
2.833607214428857546e+00 6.899827690806024094e-01
2.835330661322645440e+00 6.895589167086146887e-01
2.837054108216432891e+00 6.891520800428395654e-01
2.838777555110220341e+00 6.887094872467084405e-01
2.840501002004008235e+00 6.883270374614850473e-01
2.842224448897795686e+00 6.879448384227471180e-01
2.843947895791583136e+00 6.876301882752093864e-01
2.845671342685371030e+00 6.875231311239581311e-01
2.847394789579158481e+00 6.873024504136301394e-01
2.849118236472945931e+00 6.870308940701344014e-01
2.850841683366733381e+00 6.869484919694549552e-01
2.852565130260521276e+00 6.868025527594259216e-01
2.854288577154308726e+00 6.867020491721699260e-01
2.856012024048096176e+00 6.865244272033890205e-01
2.857735470941883626e+00 6.862073255285245921e-01
2.859458917835671521e+00 6.860325677223915175e-01
2.861182364729458971e+00 6.858285862272148758e-01
2.862905811623246422e+00 6.854378867606848447e-01
2.864629258517034316e+00 6.853012816894560322e-01
2.866352705410821766e+00 6.849750035969744966e-01
2.868076152304609217e+00 6.846063872944517792e-01
2.869799599198396667e+00 6.843000832183406823e-01
2.871523046092184561e+00 6.838909031381673609e-01
2.873246492985972012e+00 6.834817291418283647e-01
2.874969939879759462e+00 6.829463735279043268e-01
2.876693386773546912e+00 6.824645682411951686e-01
2.878416833667334807e+00 6.818199212237625595e-01
2.880140280561122257e+00 6.812088291023328246e-01
2.881863727454909707e+00 6.806670573911768329e-01
2.883587174348697602e+00 6.799769066020686648e-01
2.885310621242485052e+00 6.793885524057062808e-01
2.887034068136272502e+00 6.786103635925502253e-01
2.888757515030060397e+00 6.779584833391653076e-01
2.890480961923847847e+00 6.771487044125934496e-01
2.892204408817635297e+00 6.763618049928203924e-01
2.893927855711422747e+00 6.756448816681558389e-01
2.895651302605210642e+00 6.749283854994148069e-01
2.897374749498998092e+00 6.740690226388892370e-01
2.899098196392785542e+00 6.733928833127654778e-01
2.900821643286572993e+00 6.724998961701471600e-01
2.902545090180360887e+00 6.716147373639490548e-01
2.904268537074148337e+00 6.707060825189776754e-01
2.905991983967935788e+00 6.697166757517731828e-01
2.907715430861723682e+00 6.685366498339324615e-01
2.909438877755511133e+00 6.675021683146483698e-01
2.911162324649298583e+00 6.664380942512723172e-01
2.912885771543086477e+00 6.654193821249657637e-01
2.914609218436873928e+00 6.640902437310988171e-01
2.916332665330661378e+00 6.629356600455467152e-01
2.918056112224448828e+00 6.618116971235727952e-01
2.919779559118236278e+00 6.604274896507181802e-01
2.921503006012024173e+00 6.591762382164670919e-01
2.923226452905811623e+00 6.578728592723538382e-01
2.924949899799599073e+00 6.564098698028023593e-01
2.926673346693386968e+00 6.551147700071434654e-01
2.928396793587174418e+00 6.536888771746295346e-01
2.930120240480961868e+00 6.523356470431995735e-01
2.931843687374749763e+00 6.508306186517621716e-01
2.933567134268537213e+00 6.494981203168452843e-01
2.935290581162324663e+00 6.482016734400616320e-01
2.937014028056112114e+00 6.466582090381675085e-01
2.938737474949900008e+00 6.454156275856952618e-01
2.940460921843687458e+00 6.442133261370723840e-01
2.942184368737474909e+00 6.430458633398249413e-01
2.943907815631262359e+00 6.418353157371805562e-01
2.945631262525050253e+00 6.406571085441463698e-01
2.947354709418837704e+00 6.396532015026984430e-01
2.949078156312625154e+00 6.387041522428155149e-01
2.950801603206413048e+00 6.377571571395641570e-01
2.952525050100200499e+00 6.369370248304149218e-01
2.954248496993987949e+00 6.361673182281534222e-01
2.955971943887775844e+00 6.353880633281729917e-01
2.957695390781563294e+00 6.347249748558440041e-01
2.959418837675350744e+00 6.342624424025395946e-01
2.961142284569138194e+00 6.336346364936644715e-01
2.962865731462925645e+00 6.330580157247837070e-01
2.964589178356713539e+00 6.326308263779802932e-01
2.966312625250500989e+00 6.321213275377260965e-01
2.968036072144288440e+00 6.316660428552660633e-01
2.969759519038076334e+00 6.313036292850171538e-01
2.971482965931863784e+00 6.308224166717704140e-01
2.973206412825651235e+00 6.302929685154268213e-01
2.974929859719439129e+00 6.298080265054100124e-01
2.976653306613226579e+00 6.292324028243834189e-01
2.978376753507014030e+00 6.286688737830813389e-01
2.980100200400801924e+00 6.281661179145484608e-01
2.981823647294589374e+00 6.274335252718359346e-01
2.983547094188376825e+00 6.267541469613581162e-01
2.985270541082164275e+00 6.261008214208371170e-01
2.986993987975951725e+00 6.254888742036059934e-01
2.988717434869739620e+00 6.247015994555726870e-01
2.990440881763527070e+00 6.238675983297857774e-01
2.992164328657314520e+00 6.231304028533403150e-01
2.993887775551102415e+00 6.223429330642687995e-01
2.995611222444889865e+00 6.215615198025344901e-01
2.997334669338677315e+00 6.206928831330544849e-01
2.999058116232465210e+00 6.199392415655053945e-01
3.000781563126252660e+00 6.191173613325531289e-01
3.002505010020040110e+00 6.183251452110749558e-01
3.004228456913827561e+00 6.175541299655450400e-01
3.005951903807615011e+00 6.169157268563796315e-01
3.007675350701402905e+00 6.163397494169978730e-01
3.009398797595190356e+00 6.157715955992514312e-01
3.011122244488977806e+00 6.152681164747585418e-01
3.012845691382765700e+00 6.147845510773194411e-01
3.014569138276553151e+00 6.144649648428697208e-01
3.016292585170340601e+00 6.143047612343355279e-01
3.018016032064128495e+00 6.141529845246884722e-01
3.019739478957915946e+00 6.141569485312720067e-01
3.021462925851703396e+00 6.141850199458689374e-01
3.023186372745491290e+00 6.142918481099385319e-01
3.024909819639278741e+00 6.145921649537035014e-01
3.026633266533066191e+00 6.148745755526626722e-01
3.028356713426853641e+00 6.152253500698880995e-01
3.030080160320641092e+00 6.156452404483711005e-01
3.031803607214428986e+00 6.162150884603894152e-01
3.033527054108216436e+00 6.167787204776230547e-01
3.035250501002003887e+00 6.174139853058735472e-01
3.036973947895791781e+00 6.179513055713411473e-01
3.038697394789579231e+00 6.185761910095649574e-01
3.040420841683366682e+00 6.191884044985205282e-01
3.042144288577154576e+00 6.198449022082749282e-01
3.043867735470942026e+00 6.202886927267224904e-01
3.045591182364729477e+00 6.209289123883411365e-01
3.047314629258516927e+00 6.214591444195570746e-01
3.049038076152304377e+00 6.219877079102004158e-01
3.050761523046092272e+00 6.223167193487061377e-01
3.052484969939879722e+00 6.225775351391000800e-01
3.054208416833667172e+00 6.229398431165872330e-01
3.055931863727455067e+00 6.230580309914440784e-01
3.057655310621242517e+00 6.232448976595198475e-01
3.059378757515029967e+00 6.234018148640938506e-01
3.061102204408817862e+00 6.235497840409865988e-01
3.062825651302605312e+00 6.236561701040607142e-01
3.064549098196392762e+00 6.236913378037941547e-01
3.066272545090180657e+00 6.237620541367886462e-01
3.067995991983968107e+00 6.239539545872297976e-01
3.069719438877755557e+00 6.239958986954239339e-01
3.071442885771543008e+00 6.240858005278565601e-01
3.073166332665330458e+00 6.242285750707504688e-01
3.074889779559118352e+00 6.244230747290224759e-01
3.076613226452905803e+00 6.247303714029857069e-01
3.078336673346693253e+00 6.250295780637541432e-01
3.080060120240481147e+00 6.253954468980285064e-01
3.081783567134268598e+00 6.259036541585581981e-01
3.083507014028056048e+00 6.264577818052704528e-01
3.085230460921843942e+00 6.271818492859182470e-01
3.086953907815631393e+00 6.278992101045562935e-01
3.088677354709418843e+00 6.287281816081611296e-01
3.090400801603206293e+00 6.295994266404079109e-01
3.092124248496994188e+00 6.304772946743555373e-01
3.093847695390781638e+00 6.313642070949883056e-01
3.095571142284569088e+00 6.321688481796458037e-01
3.097294589178356539e+00 6.330946723990409364e-01
3.099018036072144433e+00 6.337131727056618535e-01
3.100741482965931883e+00 6.344233644446527487e-01
3.102464929859719334e+00 6.347570099669245236e-01
3.104188376753507228e+00 6.349380080539920312e-01
3.105911823647294678e+00 6.346816796325502885e-01
3.107635270541082129e+00 6.339442820815829327e-01
3.109358717434870023e+00 6.325227782146168876e-01
3.111082164328657473e+00 6.304927159341437992e-01
3.112805611222444924e+00 6.276006937997625768e-01
3.114529058116232374e+00 6.234698825706578296e-01
3.116252505010019824e+00 6.181050313609283142e-01
3.117975951903807719e+00 6.114214160592508218e-01
3.119699398797595169e+00 6.031361473612513180e-01
3.121422845691382619e+00 5.929946189119237321e-01
3.123146292585170514e+00 5.810303878593302551e-01
3.124869739478957964e+00 5.673621343037213993e-01
3.126593186372745414e+00 5.513156934946976673e-01
3.128316633266533309e+00 5.334248802071195339e-01
3.130040080160320759e+00 5.136439032328664611e-01
3.131763527054108209e+00 4.921388244009908819e-01
3.133486973947896104e+00 4.688442898766247979e-01
3.135210420841683554e+00 4.444758683406373478e-01
3.136933867735471004e+00 4.191925718868870776e-01
3.138657314629258455e+00 3.932016250175933147e-01
3.140380761523045905e+00 3.669925549698320744e-01
3.142104208416833799e+00 3.408927264147623148e-01
3.143827655310621250e+00 3.152618224569916361e-01
3.145551102204408700e+00 2.904125241984241712e-01
3.147274549098196594e+00 2.664853764402012049e-01
3.148997995991984045e+00 2.436515878685270586e-01
3.150721442885771495e+00 2.223198038908570096e-01
3.152444889779559389e+00 2.023754963045403810e-01
3.154168336673346840e+00 1.837970409313555986e-01
3.155891783567134290e+00 1.667496213992987197e-01
3.157615230460921740e+00 1.512310561991730140e-01
3.159338677354709191e+00 1.370054768556936142e-01
3.161062124248497085e+00 1.240208622960765755e-01
3.162785571142284535e+00 1.124236559412000735e-01
3.164509018036071986e+00 1.019373307983568316e-01
3.166232464929859880e+00 9.243299601800517018e-02
3.167955911823647330e+00 8.389535695683746075e-02
3.169679358717434781e+00 7.630691212208340346e-02
3.171402805611222675e+00 6.944927179938842343e-02
3.173126252505010125e+00 6.324149927270746041e-02
3.174849699398797576e+00 5.775607938481387010e-02
3.176573146292585470e+00 5.282141618716559850e-02
3.178296593186372920e+00 4.835075092698516014e-02
3.180020040080160371e+00 4.435168952430094957e-02
3.181743486973947821e+00 4.077427529573911941e-02
3.183466933867735271e+00 3.753672007804800814e-02
3.185190380761523166e+00 3.460432123473709820e-02
3.186913827655310616e+00 3.198000770200327275e-02
3.188637274549098066e+00 2.960973393272260321e-02
3.190360721442885961e+00 2.745094356541409597e-02
3.192084168336673411e+00 2.549948063800595160e-02
3.193807615230460861e+00 2.374198253223910524e-02
3.195531062124248756e+00 2.213218440592887998e-02
3.197254509018036206e+00 2.066490728253819395e-02
3.198977955911823656e+00 1.933356535044327904e-02
3.200701402805611107e+00 1.811171625712924838e-02
3.202424849699398557e+00 1.698717352719483764e-02
3.204148296593186451e+00 1.596115797945880238e-02
3.205871743486973902e+00 1.501904315688576755e-02
3.207595190380761352e+00 1.415006966960793457e-02
3.209318637274549246e+00 1.334557343683590719e-02
3.211042084168336697e+00 1.260576936304053791e-02
3.212765531062124147e+00 1.191697595861703277e-02
3.214488977955912041e+00 1.127497967253834020e-02
3.216212424849699492e+00 1.067717928189607091e-02
3.217935871743486942e+00 1.011574648522579195e-02
3.219659318637274836e+00 9.591626896941806216e-03
3.221382765531062287e+00 9.096642763184271258e-03
3.223106212424849737e+00 8.634521216099193264e-03
3.224829659318637187e+00 8.196251708077943385e-03
3.226553106212424638e+00 7.779789918735297537e-03
3.228276553106212532e+00 7.387486885153241034e-03
3.229999999999999982e+00 7.014232657453890393e-03
