4.139999999999999680e+00 6.482514484650256543e-03
4.140581162324648901e+00 6.806592355786763096e-03
4.141162324649298121e+00 7.139127657238225969e-03
4.141743486973947341e+00 7.493542520134189797e-03
4.142324649298596562e+00 7.865284573058656248e-03
4.142905811623245782e+00 8.250724068215885276e-03
4.143486973947895891e+00 8.672505127925708712e-03
4.144068136272545111e+00 9.106859186547007143e-03
4.144649298597194331e+00 9.583242230869714468e-03
4.145230460921843552e+00 1.007719355138112470e-02
4.145811623246492772e+00 1.059785975935588834e-02
4.146392785571141992e+00 1.115101421304532173e-02
4.146973947895791213e+00 1.171970004793899955e-02
4.147555110220440433e+00 1.236284831516526635e-02
4.148136272545089653e+00 1.302496001702789508e-02
4.148717434869738874e+00 1.373771091957136023e-02
4.149298597194388094e+00 1.448612855449813233e-02
4.149879759519037314e+00 1.526846571469066272e-02
4.150460921843687423e+00 1.610922603091578462e-02
4.151042084168336643e+00 1.697447815301610791e-02
4.151623246492985864e+00 1.795934332374674730e-02
4.152204408817635084e+00 1.897978276607123829e-02
4.152785571142284304e+00 2.006609362419532402e-02
4.153366733466933525e+00 2.121822330235666534e-02
4.153947895791582745e+00 2.240873870015336680e-02
4.154529058116231965e+00 2.370939653982886974e-02
4.155110220440881186e+00 2.506025718971029853e-02
4.155691382765530406e+00 2.658003999351277180e-02
4.156272545090179626e+00 2.817210445933581581e-02
4.156853707414829735e+00 2.984579553422312542e-02
4.157434869739478955e+00 3.164338206120402563e-02
4.158016032064128176e+00 3.348808250715745033e-02
4.158597194388777396e+00 3.553573528290353972e-02
4.159178356713426616e+00 3.767595123135315804e-02
4.159759519038075837e+00 4.002617195633562108e-02
4.160340681362725057e+00 4.251992023748625560e-02
4.160921843687374277e+00 4.511479050457283674e-02
4.161503006012023498e+00 4.794467906925738848e-02
4.162084168336672718e+00 5.086126213432881626e-02
4.162665330661321939e+00 5.407189565698690414e-02
4.163246492985972047e+00 5.746595545483664663e-02
4.163827655310621267e+00 6.110933615639144167e-02
4.164408817635270488e+00 6.501307234544373426e-02
4.164989979959919708e+00 6.902676876759895885e-02
4.165571142284568928e+00 7.341938134444414565e-02
4.166152304609218149e+00 7.796486870907425037e-02
4.166733466933867369e+00 8.292391253294074949e-02
4.167314629258516590e+00 8.820690681633135133e-02
4.167895791583165810e+00 9.376526368208402962e-02
4.168476953907815030e+00 9.972977828785722920e-02
4.169058116232464251e+00 1.058352727822061412e-01
4.169639278557113471e+00 1.124157025424807471e-01
4.170220440881763579e+00 1.192953828296583335e-01
4.170801603206412800e+00 1.266654487341525026e-01
4.171382765531062020e+00 1.344956385575985791e-01
4.171963927855711241e+00 1.425647851707145808e-01
4.172545090180360461e+00 1.512060010640795538e-01
4.173126252505009681e+00 1.600194615415882204e-01
4.173707414829658902e+00 1.693203723638386227e-01
4.174288577154308122e+00 1.791071106038356620e-01
4.174869739478957342e+00 1.893899710698342675e-01
4.175450901803606563e+00 2.001702770840938228e-01
4.176032064128255783e+00 2.111262362203396858e-01
4.176613226452905892e+00 2.226466566088726451e-01
4.177194388777555112e+00 2.343590370760934849e-01
4.177775551102204332e+00 2.464546059652185650e-01
4.178356713426853553e+00 2.590425318384206865e-01
4.178937875751502773e+00 2.719407526106646933e-01
4.179519038076151993e+00 2.852064908814727628e-01
4.180100200400801214e+00 2.985855448821176927e-01
4.180681362725450434e+00 3.123105571210434972e-01
4.181262525050099654e+00 3.262065846251120393e-01
4.181843687374748875e+00 3.403131925437227201e-01
4.182424849699398095e+00 3.545456347449968959e-01
4.183006012024048204e+00 3.688226765232401894e-01
4.183587174348697424e+00 3.830916391187165759e-01
4.184168336673346644e+00 3.973265585195109306e-01
4.184749498997995865e+00 4.114788957520083001e-01
4.185330661322645085e+00 4.255288230497102919e-01
4.185911823647294305e+00 4.395016182116080472e-01
4.186492985971943526e+00 4.530766598765970654e-01
4.187074148296592746e+00 4.665211336283256460e-01
4.187655310621241966e+00 4.795630587066901374e-01
4.188236472945891187e+00 4.923646918904280301e-01
4.188817635270540407e+00 5.048150605939436542e-01
4.189398797595189627e+00 5.167077084227309491e-01
4.189979959919839736e+00 5.283449292367472516e-01
4.190561122244488956e+00 5.390747710158003692e-01
4.191142284569138177e+00 5.495534180270844615e-01
4.191723446893787397e+00 5.593533305652461651e-01
4.192304609218436617e+00 5.687129518905159609e-01
4.192885771543085838e+00 5.776717328649997318e-01
4.193466933867735058e+00 5.856795616701294671e-01
4.194048096192384278e+00 5.933729268530495427e-01
4.194629258517033499e+00 6.001660052766426556e-01
4.195210420841682719e+00 6.066531156598682362e-01
4.195791583166331939e+00 6.126010939586156168e-01
4.196372745490982048e+00 6.180159552529328471e-01
4.196953907815631268e+00 6.231322910814850458e-01
4.197535070140280489e+00 6.271873932059401913e-01
4.198116232464929709e+00 6.310013928700988206e-01
4.198697394789578929e+00 6.342243342663816952e-01
4.199278557114228150e+00 6.371492388897850301e-01
4.199859719438877370e+00 6.397496589529747535e-01
4.200440881763526590e+00 6.418865179088606432e-01
4.201022044088175811e+00 6.438489383808237987e-01
4.201603206412825031e+00 6.451410361266398663e-01
4.202184368737474252e+00 6.463001561773393799e-01
4.202765531062124360e+00 6.471729805002205405e-01
4.203346693386773580e+00 6.478301665335380877e-01
4.203927855711422801e+00 6.483414437427817978e-01
4.204509018036072021e+00 6.485249478618684282e-01
4.205090180360721241e+00 6.486145733061111640e-01
4.205671342685370462e+00 6.484484004167038185e-01
4.206252505010019682e+00 6.482137266439892409e-01
4.206833667334668903e+00 6.478896969181661136e-01
4.207414829659318123e+00 6.474414993993498069e-01
4.207995991983967343e+00 6.469434875242942029e-01
4.208577154308616564e+00 6.463757052924947732e-01
4.209158316633265784e+00 6.457883639336630122e-01
4.209739478957915892e+00 6.451499891888728966e-01
4.210320641282565113e+00 6.444846437097041525e-01
4.210901803607214333e+00 6.437974399064744224e-01
4.211482965931863554e+00 6.431438158248363735e-01
4.212064128256512774e+00 6.424996162472824679e-01
4.212645290581161994e+00 6.418758020659347530e-01
4.213226452905811215e+00 6.412742256404408980e-01
4.213807615230460435e+00 6.407075238385826488e-01
4.214388777555109655e+00 6.401518714701120993e-01
4.214969939879758876e+00 6.396017667420561548e-01
4.215551102204408096e+00 6.391526901957881313e-01
4.216132264529058205e+00 6.387218743551587030e-01
4.216713426853707425e+00 6.383342134004414969e-01
4.217294589178356645e+00 6.379932017333961314e-01
4.217875751503005866e+00 6.376975574262588875e-01
4.218456913827655086e+00 6.374971687933113085e-01
4.219038076152304306e+00 6.373281442384938211e-01
4.219619238476953527e+00 6.372351331303585109e-01
4.220200400801602747e+00 6.371630405845087886e-01
4.220781563126251967e+00 6.371307755805133421e-01
4.221362725450901188e+00 6.371811654983549067e-01
4.221943887775550408e+00 6.372813943900870193e-01
4.222525050100200517e+00 6.374108988278003318e-01
4.223106212424849737e+00 6.375642347521425224e-01
4.223687374749498957e+00 6.378108589056752376e-01
4.224268537074148178e+00 6.381042567678059108e-01
4.224849699398797398e+00 6.384520960286114155e-01
4.225430861723446618e+00 6.388149185391926999e-01
4.226012024048095839e+00 6.391849105355902338e-01
4.226593186372745059e+00 6.396486818028468413e-01
4.227174348697394279e+00 6.401273297491599790e-01
4.227755511022043500e+00 6.406408293289610478e-01
4.228336673346692720e+00 6.411685349914145737e-01
4.228917835671341940e+00 6.417064812010383479e-01
4.229498997995992049e+00 6.423108510927718617e-01
4.230080160320641269e+00 6.429308717490972436e-01
4.230661322645290490e+00 6.435807294693491887e-01
4.231242484969939710e+00 6.442245482718518268e-01
4.231823647294588930e+00 6.448598953433584136e-01
4.232404809619238151e+00 6.455409338652936535e-01
4.232985971943887371e+00 6.462419166732815690e-01
4.233567134268536591e+00 6.469115510654723789e-01
4.234148296593185812e+00 6.475930421011014682e-01
4.234729458917835032e+00 6.483119172979535660e-01
4.235310621242484252e+00 6.489925234245013108e-01
4.235891783567134361e+00 6.496396264282017219e-01
4.236472945891783581e+00 6.503095807231981107e-01
4.237054108216432802e+00 6.509879259063093837e-01
4.237635270541082022e+00 6.516984826956304655e-01
4.238216432865731242e+00 6.523885479470200588e-01
4.238797595190380463e+00 6.530440906336824058e-01
4.239378757515029683e+00 6.537151238969842737e-01
4.239959919839678903e+00 6.543944560291390378e-01
4.240541082164328124e+00 6.550411572334663424e-01
4.241122244488977344e+00 6.556704026038658872e-01
4.241703406813626565e+00 6.562432888412854659e-01
4.242284569138276673e+00 6.568223273547868502e-01
4.242865731462925893e+00 6.574078575652870793e-01
4.243446893787575114e+00 6.579236088120895554e-01
4.244028056112224334e+00 6.584181176863534990e-01
4.244609218436873554e+00 6.589094194370516133e-01
4.245190380761522775e+00 6.593854203001313641e-01
4.245771543086171995e+00 6.598301142325205815e-01
4.246352705410821216e+00 6.602178469716494247e-01
4.246933867735470436e+00 6.605685446791536020e-01
4.247515030060119656e+00 6.608878070421572160e-01
4.248096192384768877e+00 6.611843583279964909e-01
4.248677354709418097e+00 6.613867701255874421e-01
4.249258517034068205e+00 6.615455148631490534e-01
4.249839679358717426e+00 6.616497533388356889e-01
4.250420841683366646e+00 6.617311211784107083e-01
4.251002004008015867e+00 6.618034820158925635e-01
4.251583166332665087e+00 6.617621931270881719e-01
4.252164328657314307e+00 6.617099418931566834e-01
4.252745490981963528e+00 6.616299485547942894e-01
4.253326653306612748e+00 6.614792057555539673e-01
4.253907815631261968e+00 6.612732613806341364e-01
4.254488977955911189e+00 6.610303205885361688e-01
4.255070140280560409e+00 6.607589476749393675e-01
4.255651302605210518e+00 6.603309718653973537e-01
4.256232464929859738e+00 6.598835578731032658e-01
4.256813627254508958e+00 6.594068086967880271e-01
4.257394789579158179e+00 6.588645264153560888e-01
4.257975951903807399e+00 6.582913577178033382e-01
4.258557114228456619e+00 6.575643531101942330e-01
4.259138276553105840e+00 6.568046565375076362e-01
4.259719438877755060e+00 6.559615936552963822e-01
4.260300601202404280e+00 6.550413907279941661e-01
4.260881763527053501e+00 6.540491702346230563e-01
4.261462925851702721e+00 6.529377803080625986e-01
4.262044088176352830e+00 6.517879351033679658e-01
4.262625250501002050e+00 6.505375332186877912e-01
4.263206412825651270e+00 6.492416532767562032e-01
4.263787575150300491e+00 6.478625741467651800e-01
4.264368737474949711e+00 6.463737609485040725e-01
4.264949899799598931e+00 6.448219968952992875e-01
4.265531062124248152e+00 6.431885918239345079e-01
4.266112224448897372e+00 6.415152606185210438e-01
4.266693386773546592e+00 6.397066488249539828e-01
4.267274549098195813e+00 6.378102934422333892e-01
4.267855711422845033e+00 6.358159872723269102e-01
4.268436873747494253e+00 6.337888910657569763e-01
4.269018036072144362e+00 6.317479264708358855e-01
4.269599198396793582e+00 6.296092772539592097e-01
4.270180360721442803e+00 6.274861222192916754e-01
4.270761523046092023e+00 6.253967027305054049e-01
4.271342685370741243e+00 6.233478424444345301e-01
4.271923847695390464e+00 6.213274521875757905e-01
4.272505010020039684e+00 6.194696879747915164e-01
4.273086172344688904e+00 6.176641561414036863e-01
4.273667334669338125e+00 6.160170080584497221e-01
4.274248496993987345e+00 6.144888537484535229e-01
4.274829659318636566e+00 6.131204291549782193e-01
4.275410821643286674e+00 6.120549846074218037e-01
4.275991983967935894e+00 6.111151881923614360e-01
4.276573146292585115e+00 6.104033721637861509e-01
4.277154308617234335e+00 6.097738272992212494e-01
4.277735470941883555e+00 6.093635092321437741e-01
4.278316633266532776e+00 6.091064265706389591e-01
4.278897795591181996e+00 6.089772393778443149e-01
4.279478957915831216e+00 6.089935946819492463e-01
4.280060120240480437e+00 6.090452322749018155e-01
4.280641282565129657e+00 6.091327864936457726e-01
4.281222444889778878e+00 6.092467184512043721e-01
4.281803607214428098e+00 6.094032696914680747e-01
4.282384769539078206e+00 6.095063234709630073e-01
4.282965931863727427e+00 6.095820540110044039e-01
4.283547094188376647e+00 6.095038182216634404e-01
4.284128256513025867e+00 6.093911665193625371e-01
4.284709418837675088e+00 6.091904880203978800e-01
4.285290581162324308e+00 6.088574911321670280e-01
4.285871743486973529e+00 6.083923738342988941e-01
4.286452905811622749e+00 6.077511089495234442e-01
4.287034068136271969e+00 6.070423292677926685e-01
4.287615230460921190e+00 6.060502678427452938e-01
4.288196392785570410e+00 6.050644053958039725e-01
4.288777555110220518e+00 6.040899295638296751e-01
4.289358717434869739e+00 6.030430481054106506e-01
4.289939879759518959e+00 6.019511551109157921e-01
4.290521042084168180e+00 6.007850284097083771e-01
4.291102204408817400e+00 5.996183400746486480e-01
4.291683366733466620e+00 5.984882954852267511e-01
4.292264529058115841e+00 5.973492646160450947e-01
4.292845691382765061e+00 5.961995317844148712e-01
4.293426853707414281e+00 5.951139263370774923e-01
4.294008016032063502e+00 5.940518096163882600e-01
4.294589178356712722e+00 5.930057663860217598e-01
4.295170340681362831e+00 5.919861599048087397e-01
4.295751503006012051e+00 5.910299221761415867e-01
4.296332665330661271e+00 5.901030984187657369e-01
4.296913827655310492e+00 5.891983433704609530e-01
4.297494989979959712e+00 5.883274627422426795e-01
4.298076152304608932e+00 5.874767289672396808e-01
4.298657314629258153e+00 5.867199927058561748e-01
4.299238476953907373e+00 5.859724667509632612e-01
4.299819639278556593e+00 5.852382197961987220e-01
4.300400801603205814e+00 5.845713792735702796e-01
4.300981963927855034e+00 5.839349384519862962e-01
4.301563126252505143e+00 5.833563360104098150e-01
4.302144288577154363e+00 5.828072564997659466e-01
4.302725450901803583e+00 5.823416435195615248e-01
4.303306613226452804e+00 5.819127667157809602e-01
4.303887775551102024e+00 5.815168854917898145e-01
4.304468937875751244e+00 5.811497560931097039e-01
4.305050100200400465e+00 5.808021273750396674e-01
4.305631262525049685e+00 5.805886329416451996e-01
4.306212424849698905e+00 5.803875376720735169e-01
4.306793587174348126e+00 5.802079875149984689e-01
4.307374749498997346e+00 5.800996874580023333e-01
4.307955911823646566e+00 5.800306724599033625e-01
4.308537074148296675e+00 5.800359989354856305e-01
4.309118236472945895e+00 5.800600007209936182e-01
4.309699398797595116e+00 5.801331835065731690e-01
4.310280561122244336e+00 5.802570314433095344e-01
4.310861723446893556e+00 5.804353340970689334e-01
4.311442885771542777e+00 5.806348477765036487e-01
4.312024048096191997e+00 5.808456881532041427e-01
4.312605210420841217e+00 5.811684349679457906e-01
4.313186372745490438e+00 5.815171653219431969e-01
4.313767535070139658e+00 5.819210746654103206e-01
4.314348697394788879e+00 5.823352453429705422e-01
4.314929859719438987e+00 5.827561822921418777e-01
4.315511022044088207e+00 5.832584797540342203e-01
4.316092184368737428e+00 5.837758138883786252e-01
4.316673346693386648e+00 5.843133626911897194e-01
4.317254509018035868e+00 5.848921797441266612e-01
4.317835671342685089e+00 5.855242098633550718e-01
4.318416833667334309e+00 5.861832231654928727e-01
4.318997995991983530e+00 5.868527963885181720e-01
4.319579158316632750e+00 5.875191083882115306e-01
4.320160320641281970e+00 5.882073908919055460e-01
4.320741482965931191e+00 5.889538728997952832e-01
4.321322645290580411e+00 5.897109479722647540e-01
4.321903807615230519e+00 5.904764962971134068e-01
4.322484969939879740e+00 5.912182789504298874e-01
4.323066132264528960e+00 5.919602209240052426e-01
4.323647294589178181e+00 5.927415541484917227e-01
4.324228456913827401e+00 5.935205278270423435e-01
4.324809619238476621e+00 5.942959028976493308e-01
4.325390781563125842e+00 5.950315200958755657e-01
4.325971943887775062e+00 5.957475881099388859e-01
4.326553106212424282e+00 5.964773949849005996e-01
4.327134268537073503e+00 5.971916379606825309e-01
4.327715430861722723e+00 5.978517954719337890e-01
4.328296593186372831e+00 5.984993967980505314e-01
4.328877755511022052e+00 5.991350185342115831e-01
4.329458917835671272e+00 5.997290389924418985e-01
4.330040080160320493e+00 6.003045428723328136e-01
4.330621242484969713e+00 6.007812135984533786e-01
4.331202404809618933e+00 6.012463638847168612e-01
4.331783567134268154e+00 6.016900901951627301e-01
4.332364729458917374e+00 6.020627184121584152e-01
4.332945891783566594e+00 6.023930631172990102e-01
4.333527054108215815e+00 6.026085018326480247e-01
4.334108216432865035e+00 6.028027796807360339e-01
4.334689378757515144e+00 6.029565323863103066e-01
4.335270541082164364e+00 6.030583520279618748e-01
4.335851703406813584e+00 6.031005439549593783e-01
4.336432865731462805e+00 6.030344699061985780e-01
4.337014028056112025e+00 6.029266770418459931e-01
4.337595190380761245e+00 6.026388599615505326e-01
4.338176352705410466e+00 6.023407127842344000e-01
4.338757515030059686e+00 6.020185752559031878e-01
4.339338677354708906e+00 6.016570815838504505e-01
4.339919839679358127e+00 6.012673041310345745e-01
4.340501002004007347e+00 6.006508221623305666e-01
4.341082164328657456e+00 5.999877189302593727e-01
4.341663326653306676e+00 5.992613933706991691e-01
4.342244488977955896e+00 5.984877594977616733e-01
4.342825651302605117e+00 5.976489515266038000e-01
4.343406813627254337e+00 5.967076971387553774e-01
4.343987975951903557e+00 5.957224688215233543e-01
4.344569138276552778e+00 5.945735641995695264e-01
4.345150300601201998e+00 5.934057424451546492e-01
4.345731462925851218e+00 5.921927662382749924e-01
4.346312625250500439e+00 5.909287420356775788e-01
4.346893787575149659e+00 5.896208425644499096e-01
4.347474949899798879e+00 5.882156132958878958e-01
4.348056112224448988e+00 5.867767271131928419e-01
4.348637274549098208e+00 5.852245782524261308e-01
4.349218436873747429e+00 5.836629594280696720e-01
4.349799599198396649e+00 5.820852226190162959e-01
4.350380761523045869e+00 5.804651918767536056e-01
4.350961923847695090e+00 5.788229616887259343e-01
4.351543086172344310e+00 5.771186891608258707e-01
4.352124248496993530e+00 5.753962274892709949e-01
4.352705410821642751e+00 5.736222116058297127e-01
4.353286573146291971e+00 5.718586511833761987e-01
4.353867735470941192e+00 5.701056683811071002e-01
4.354448897795591300e+00 5.683458727340989780e-01
4.355030060120240520e+00 5.665845374402246337e-01
4.355611222444889741e+00 5.648288470015108143e-01
4.356192384769538961e+00 5.630712130695071371e-01
4.356773547094188181e+00 5.613095406227830431e-01
4.357354709418837402e+00 5.595927499731061516e-01
4.357935871743486622e+00 5.579046706252667187e-01
4.358517034068135843e+00 5.562616033999404630e-01
4.359098196392785063e+00 5.546389222144051390e-01
4.359679358717434283e+00 5.530883046325126839e-01
4.360260521042083504e+00 5.515738058403879540e-01
4.360841683366732724e+00 5.501037143471618762e-01
4.361422845691382832e+00 5.486923816032214241e-01
4.362004008016032053e+00 5.473035819826377324e-01
4.362585170340681273e+00 5.459836146772816257e-01
4.363166332665330494e+00 5.447293192555607844e-01
4.363747494989979714e+00 5.436379209456799755e-01
4.364328657314628934e+00 5.425638592799789661e-01
4.364909819639278155e+00 5.415034126995139641e-01
4.365490981963927375e+00 5.405229686459985805e-01
4.366072144288576595e+00 5.395726106666961508e-01
4.366653306613225816e+00 5.387302714921371471e-01
4.367234468937875036e+00 5.379273724065252171e-01
4.367815631262525145e+00 5.371827779486183507e-01
4.368396793587174365e+00 5.364561799874963954e-01
4.368977955911823585e+00 5.357380592253033758e-01
4.369559118236472806e+00 5.351355934294075301e-01
4.370140280561122026e+00 5.345402264102195877e-01
4.370721442885771246e+00 5.339526827008033161e-01
4.371302605210420467e+00 5.333589758158332472e-01
4.371883767535069687e+00 5.327595909482998326e-01
4.372464929859718907e+00 5.321228848301805536e-01
4.373046092184368128e+00 5.314711603119964822e-01
4.373627254509017348e+00 5.307528158221055392e-01
4.374208416833667457e+00 5.299736678228832432e-01
4.374789579158316677e+00 5.290856611890294436e-01
4.375370741482965897e+00 5.280770301984796244e-01
4.375951903807615118e+00 5.270000045340436090e-01
4.376533066132264338e+00 5.257155997711686624e-01
4.377114228456913558e+00 5.243601285146535229e-01
4.377695390781562779e+00 5.227912490002996071e-01
4.378276553106211999e+00 5.209823023172533984e-01
4.378857715430861219e+00 5.189084880720963300e-01
4.379438877755510440e+00 5.165131100896694916e-01
4.380020040080159660e+00 5.140008403430511574e-01
4.380601202404809769e+00 5.111237261983749836e-01
4.381182364729458989e+00 5.080935908239968546e-01
4.381763527054108209e+00 5.047270887850199284e-01
4.382344689378757430e+00 5.009042105424345026e-01
4.382925851703406650e+00 4.967684921445046919e-01
4.383507014028055870e+00 4.922024173400752489e-01
4.384088176352705091e+00 4.874788493878604578e-01
4.384669338677354311e+00 4.822305014525295475e-01
4.385250501002003531e+00 4.767036787058207548e-01
4.385831663326652752e+00 4.708085408390166315e-01
4.386412825651301972e+00 4.643175056149868585e-01
4.386993987975951192e+00 4.575836378238935520e-01
4.387575150300601301e+00 4.502809833791701632e-01
4.388156312625250521e+00 4.428206737746543387e-01
4.388737474949899742e+00 4.349451308620270740e-01
4.389318637274548962e+00 4.267138433116741125e-01
4.389899799599198182e+00 4.181897941423063925e-01
4.390480961923847403e+00 4.091407785981949763e-01
4.391062124248496623e+00 3.999342299514636601e-01
4.391643286573145843e+00 3.903209133060764890e-01
4.392224448897795064e+00 3.805494987064151347e-01
4.392805611222444284e+00 3.705258223032302234e-01
4.393386773547093505e+00 3.602149812041383070e-01
4.393967935871742725e+00 3.497603034719906079e-01
4.394549098196392833e+00 3.390693906372132527e-01
4.395130260521042054e+00 3.283207635471583896e-01
4.395711422845691274e+00 3.174209662116661002e-01
4.396292585170340494e+00 3.064686980150742035e-01
4.396873747494989715e+00 2.954647372312657061e-01
4.397454909819638935e+00 2.844332920474378357e-01
4.398036072144288156e+00 2.734034166195827287e-01
4.398617234468937376e+00 2.624999762323242392e-01
4.399198396793586596e+00 2.516487152970999230e-01
4.399779559118235817e+00 2.408990965304996790e-01
4.400360721442885037e+00 2.302761763016175078e-01
4.400941883767535145e+00 2.197312246040823980e-01
4.401523046092184366e+00 2.095494005457223252e-01
4.402104208416833586e+00 1.994852703576520669e-01
4.402685370741482807e+00 1.897716113286586903e-01
4.403266533066132027e+00 1.802398496972221487e-01
4.403847695390781247e+00 1.709244722623623758e-01
4.404428857715430468e+00 1.619379058860230258e-01
4.405010020040079688e+00 1.530797930514783411e-01
4.405591182364728908e+00 1.449067319080107608e-01
4.406172344689378129e+00 1.368790404506006197e-01
4.406753507014027349e+00 1.291951860461940382e-01
4.407334669338677458e+00 1.217924072521994333e-01
4.407915831663326678e+00 1.145976343101608314e-01
4.408496993987975898e+00 1.078925830692669119e-01
4.409078156312625119e+00 1.013606573146820788e-01
4.409659318637274339e+00 9.541355469666235045e-02
4.410240480961923559e+00 8.966150145221929435e-02
4.410821643286572780e+00 8.418462271527600571e-02
4.411402805611222000e+00 7.901728430552298899e-02
4.411983967935871220e+00 7.398681720160298070e-02
4.412565130260520441e+00 6.944952912073966422e-02
4.413146292585169661e+00 6.506043604946723513e-02
4.413727454909819770e+00 6.106904255917948443e-02
4.414308617234468990e+00 5.726532531590505792e-02
4.414889779559118210e+00 5.362795772539253464e-02
4.415470941883767431e+00 5.027036874085141771e-02
4.416052104208416651e+00 4.701298825834647477e-02
4.416633266533065871e+00 4.411222786776389237e-02
4.417214428857715092e+00 4.133673319637139881e-02
4.417795591182364312e+00 3.877614629973255567e-02
4.418376753507013532e+00 3.637563593981147508e-02
4.418957915831662753e+00 3.406223989842634137e-02
4.419539078156311973e+00 3.196371476543741902e-02
4.420120240480962082e+00 2.993889279694776986e-02
4.420701402805611302e+00 2.813222891087468341e-02
4.421282565130260522e+00 2.642226741811105895e-02
4.421863727454909743e+00 2.481515001872712511e-02
4.422444889779558963e+00 2.332831167074838827e-02
4.423026052104208183e+00 2.188482185386451603e-02
4.423607214428857404e+00 2.057993365950610762e-02
4.424188376753506624e+00 1.933325977180423358e-02
4.424769539078155844e+00 1.820825476325753714e-02
4.425350701402805065e+00 1.715382829886675023e-02
4.425931863727454285e+00 1.614594129271686163e-02
4.426513026052103505e+00 1.522391428103298319e-02
4.427094188376753614e+00 1.432743845331921340e-02
4.427675350701402834e+00 1.350420391478215562e-02
4.428256513026052055e+00 1.273239349835823299e-02
4.428837675350701275e+00 1.202571170334450733e-02
4.429418837675350495e+00 1.136612891199740259e-02
4.429999999999999716e+00 1.072479606685842676e-02
