1.000000000000000000e+00 5.692305124005542227e-02
1.000621242484969864e+00 6.297011437487723406e-02
1.001242484969939950e+00 6.851772250537591091e-02
1.001863727454909814e+00 7.327953461591049655e-02
1.002484969939879678e+00 7.819751935417035282e-02
1.003106212424849764e+00 8.333865043607623091e-02
1.003727454909819627e+00 8.932724705833265666e-02
1.004348697394789491e+00 9.560842517250858763e-02
1.004969939879759577e+00 1.021231700414891030e-01
1.005591182364729441e+00 1.102073574886435620e-01
1.006212424849699305e+00 1.186954838501878273e-01
1.006833667334669391e+00 1.277963699995623981e-01
1.007454909819639255e+00 1.381603922267844731e-01
1.008076152304609119e+00 1.492228743395708768e-01
1.008697394789579205e+00 1.618945701994762010e-01
1.009318637274549069e+00 1.756841431818568500e-01
1.009939879759518933e+00 1.905433385993135498e-01
1.010561122244489018e+00 2.074159137342037607e-01
1.011182364729458882e+00 2.249276153046362026e-01
1.011803607214428968e+00 2.434219525930739758e-01
1.012424849699398832e+00 2.635011938229425144e-01
1.013046092184368696e+00 2.844101494797077745e-01
1.013667334669338782e+00 3.062782258829750970e-01
1.014288577154308646e+00 3.278946533177970468e-01
1.014909819639278510e+00 3.492179542332542463e-01
1.015531062124248596e+00 3.689053209140388812e-01
1.016152304609218460e+00 3.874531119233228793e-01
1.016773547094188324e+00 4.033061227558561446e-01
1.017394789579158410e+00 4.167169545069587255e-01
1.018016032064128273e+00 4.286007811508706355e-01
1.018637274549098137e+00 4.356406407151277582e-01
1.019258517034068223e+00 4.411732656221408755e-01
1.019879759519038087e+00 4.445807463813251093e-01
1.020501002004007951e+00 4.459987923644699315e-01
1.021122244488978037e+00 4.468175449570674362e-01
1.021743486973947901e+00 4.471376753774151114e-01
1.022364729458917765e+00 4.474124364232527906e-01
1.022985971943887851e+00 4.476551724694293188e-01
1.023607214428857715e+00 4.484166091990441916e-01
1.024228456913827578e+00 4.491757420709392989e-01
1.024849699398797664e+00 4.499097159999137507e-01
1.025470941883767528e+00 4.499231884150383109e-01
1.026092184368737392e+00 4.495568055554425846e-01
1.026713426853707478e+00 4.483346727940402121e-01
1.027334669338677342e+00 4.471476858476260974e-01
1.027955911823647206e+00 4.459903859369314105e-01
1.028577154308617292e+00 4.452630056314548224e-01
1.029198396793587156e+00 4.446187459317026969e-01
1.029819639278557020e+00 4.440829358929739845e-01
1.030440881763527106e+00 4.441332720952048674e-01
1.031062124248496970e+00 4.445358600181138486e-01
1.031683366733466833e+00 4.459495826199229573e-01
1.032304609218436919e+00 4.479668803307179092e-01
1.032925851703406783e+00 4.506129941108010240e-01
1.033547094188376647e+00 4.531466608694576514e-01
1.034168336673346733e+00 4.559051889525722046e-01
1.034789579158316597e+00 4.593059676536156988e-01
1.035410821643286683e+00 4.623407997333460751e-01
1.036032064128256547e+00 4.651737988869185103e-01
1.036653306613226411e+00 4.677262453919758811e-01
1.037274549098196497e+00 4.699269250455422320e-01
1.037895791583166361e+00 4.716815811797264724e-01
1.038517034068136224e+00 4.735526957795420655e-01
1.039138276553106310e+00 4.753582284135495217e-01
1.039759519038076174e+00 4.768488291839050874e-01
1.040380761523046038e+00 4.779544641374234293e-01
1.041002004008016124e+00 4.788146127842486943e-01
1.041623246492985988e+00 4.790074103345251522e-01
1.042244488977955852e+00 4.792808510790740328e-01
1.042865731462925938e+00 4.796788471103719531e-01
1.043486973947895802e+00 4.802925849527610591e-01
1.044108216432865666e+00 4.809838856674064078e-01
1.044729458917835752e+00 4.817593336153577765e-01
1.045350701402805615e+00 4.823389947359323915e-01
1.045971943887775479e+00 4.827673724301326796e-01
1.046593186372745565e+00 4.827356976002504796e-01
1.047214428857715429e+00 4.830573435468036303e-01
1.047835671342685293e+00 4.840920979710152117e-01
1.048456913827655379e+00 4.851842749016008760e-01
1.049078156312625243e+00 4.862617646639751379e-01
1.049699398797595107e+00 4.870904385035924600e-01
1.050320641282565193e+00 4.875898961975427270e-01
1.050941883767535057e+00 4.877803046157417888e-01
1.051563126252504921e+00 4.881364946965403018e-01
1.052184368737475006e+00 4.886941719928410977e-01
1.052805611222444870e+00 4.896892487173434838e-01
1.053426853707414734e+00 4.911327509244495793e-01
1.054048096192384820e+00 4.927841630915429927e-01
1.054669338677354684e+00 4.944703661804162320e-01
1.055290581162324770e+00 4.964506004936070083e-01
1.055911823647294634e+00 4.987661945735579194e-01
1.056533066132264498e+00 5.003190014329281787e-01
1.057154308617234584e+00 5.016841818857284974e-01
1.057775551102204448e+00 5.028618393312705992e-01
1.058396793587174312e+00 5.034592228439215278e-01
1.059018036072144398e+00 5.037108430271699522e-01
1.059639278557114261e+00 5.033963468077173875e-01
1.060260521042084125e+00 5.029651502957211973e-01
1.060881763527054211e+00 5.023723894049967331e-01
1.061503006012024075e+00 5.017395461438599602e-01
1.062124248496993939e+00 5.009438283634408684e-01
1.062745490981964025e+00 4.995356155656085484e-01
1.063366733466933889e+00 4.981468486391924522e-01
1.063987975951903753e+00 4.967706947645231796e-01
1.064609218436873839e+00 4.948284430616599061e-01
1.065230460921843703e+00 4.931634276840683451e-01
1.065851703406813566e+00 4.919897170844384493e-01
1.066472945891783652e+00 4.902101552696925268e-01
1.067094188376753516e+00 4.883184340154699821e-01
1.067715430861723380e+00 4.868702284165325467e-01
1.068336673346693466e+00 4.848421524977684083e-01
1.068957915831663330e+00 4.823223839898705401e-01
1.069579158316633194e+00 4.798458155111585688e-01
1.070200400801603280e+00 4.772842610800673291e-01
1.070821643286573144e+00 4.745401045554830111e-01
1.071442885771543008e+00 4.719849738266569950e-01
1.072064128256513094e+00 4.695476082998625844e-01
1.072685370741482958e+00 4.674911565598262042e-01
1.073306613226452821e+00 4.655033531873852826e-01
1.073927855711422907e+00 4.635861419767280389e-01
1.074549098196392771e+00 4.619794124533808666e-01
1.075170340681362635e+00 4.606301147697791087e-01
1.075791583166332721e+00 4.598578087866210251e-01
1.076412825651302585e+00 4.586921198002713584e-01
1.077034068136272449e+00 4.573529425168854634e-01
1.077655310621242535e+00 4.564613357345952416e-01
1.078276553106212399e+00 4.550515839831082987e-01
1.078897795591182485e+00 4.529951558055222427e-01
1.079519038076152349e+00 4.517301897796590082e-01
1.080140280561122212e+00 4.506736822979626744e-01
1.080761523046092298e+00 4.498006901612718877e-01
1.081382765531062162e+00 4.491324071801413020e-01
1.082004008016032026e+00 4.485953357036864819e-01
1.082625250501002112e+00 4.486079170967274266e-01
1.083246492985971976e+00 4.487991350832827298e-01
1.083867735470941840e+00 4.492622707766557033e-01
1.084488977955911926e+00 4.508701813566878269e-01
1.085110220440881790e+00 4.527720671641434769e-01
1.085731462925851654e+00 4.545940430366662288e-01
1.086352705410821740e+00 4.567512863670768475e-01
1.086973947895791603e+00 4.591649499214991437e-01
1.087595190380761467e+00 4.613869963784222872e-01
1.088216432865731553e+00 4.635410399930045555e-01
1.088837675350701417e+00 4.655824575169111856e-01
1.089458917835671281e+00 4.674826102392712346e-01
1.090080160320641367e+00 4.692431946807708032e-01
1.090701402805611231e+00 4.703943976968452123e-01
1.091322645290581095e+00 4.722776665436312915e-01
1.091943887775551181e+00 4.748397435852642623e-01
1.092565130260521045e+00 4.772076561228806857e-01
1.093186372745490909e+00 4.798642160794135969e-01
1.093807615230460994e+00 4.832371375371365962e-01
1.094428857715430858e+00 4.858367194032084946e-01
1.095050100200400722e+00 4.880568436393748488e-01
1.095671342685370808e+00 4.899025862111579532e-01
1.096292585170340672e+00 4.917115820721546515e-01
1.096913827655310758e+00 4.934793894722116492e-01
1.097535070140280622e+00 4.947367956200688366e-01
1.098156312625250486e+00 4.960024318554694944e-01
1.098777555110220572e+00 4.975362441378478606e-01
1.099398797595190436e+00 4.990763574009288717e-01
1.100020040080160300e+00 5.006250962834911666e-01
1.100641282565130386e+00 5.023074585166331651e-01
1.101262525050100249e+00 5.039041206872213463e-01
1.101883767535070113e+00 5.053829317999974924e-01
1.102505010020040199e+00 5.061476429716030845e-01
1.103126252505010063e+00 5.068218777991534418e-01
1.103747494989979927e+00 5.077853447568319023e-01
1.104368737474950013e+00 5.086104893707339425e-01
1.104989979959919877e+00 5.093409461042922581e-01
1.105611222444889741e+00 5.106976622974135349e-01
1.106232464929859827e+00 5.117635951909148551e-01
1.106853707414829691e+00 5.123250555681511109e-01
1.107474949899799554e+00 5.131752786655576770e-01
1.108096192384769640e+00 5.139910949211323743e-01
1.108717434869739504e+00 5.141296298468742698e-01
1.109338677354709368e+00 5.140862317615155774e-01
1.109959919839679454e+00 5.138908938324909803e-01
1.110581162324649318e+00 5.133110353655107039e-01
1.111202404809619182e+00 5.127411106696817544e-01
1.111823647294589268e+00 5.122471966727157877e-01
1.112444889779559132e+00 5.123193229875018240e-01
1.113066132264528996e+00 5.124861079530426133e-01
1.113687374749499082e+00 5.115614710881514204e-01
1.114308617234468946e+00 5.105251436799559395e-01
1.114929859719438809e+00 5.093755152477923431e-01
1.115551102204408895e+00 5.077040355928689186e-01
1.116172344689378759e+00 5.058284256694620673e-01
1.116793587174348623e+00 5.035956349936826504e-01
1.117414829659318709e+00 5.016865316641639927e-01
1.118036072144288573e+00 4.999475758872251596e-01
1.118657314629258437e+00 4.983630632147316164e-01
1.119278557114228523e+00 4.973252557265241403e-01
1.119899799599198387e+00 4.969609503924848903e-01
1.120521042084168251e+00 4.963402397957423218e-01
1.121142284569138337e+00 4.955734779110831933e-01
1.121763527054108200e+00 4.944821798083117170e-01
1.122384769539078064e+00 4.942815853755335165e-01
1.123006012024048150e+00 4.946295522814940226e-01
1.123627254509018014e+00 4.950666083092979952e-01
1.124248496993988100e+00 4.959455456242131688e-01
1.124869739478957964e+00 4.974878941505807006e-01
1.125490981963927828e+00 4.986041906846345184e-01
1.126112224448897914e+00 4.996657745266993023e-01
1.126733466933867778e+00 5.009911541510383426e-01
1.127354709418837642e+00 5.022841940573077313e-01
1.127975951903807728e+00 5.035531330296503238e-01
1.128597194388777591e+00 5.042250657438975825e-01
1.129218436873747455e+00 5.049540814831087188e-01
1.129839679358717541e+00 5.058326786436108113e-01
1.130460921843687405e+00 5.067696043959334373e-01
1.131082164328657269e+00 5.078906470628218317e-01
1.131703406813627355e+00 5.100859399677089012e-01
1.132324649298597219e+00 5.118169239478855825e-01
1.132945891783567083e+00 5.131236323595981252e-01
1.133567134268537169e+00 5.144626996200166724e-01
1.134188376753507033e+00 5.157282995961499639e-01
1.134809619238476897e+00 5.168175446691100072e-01
1.135430861723446982e+00 5.178914129502782959e-01
1.136052104208416846e+00 5.189166860445652008e-01
1.136673346693386710e+00 5.194842747270863592e-01
1.137294589178356796e+00 5.200020295870494413e-01
1.137915831663326660e+00 5.204644498245457607e-01
1.138537074148296746e+00 5.213572399077041064e-01
1.139158316633266610e+00 5.223063935629954635e-01
1.139779559118236474e+00 5.232227061384198130e-01
1.140400801603206560e+00 5.241071684540543618e-01
1.141022044088176424e+00 5.249671305900555085e-01
1.141643286573146288e+00 5.256371601750557954e-01
1.142264529058116374e+00 5.263913682275717099e-01
1.142885771543086237e+00 5.272591226567078238e-01
1.143507014028056101e+00 5.285506162530851926e-01
1.144128256513026187e+00 5.297796851371238125e-01
1.144749498997996051e+00 5.304011747322385784e-01
1.145370741482965915e+00 5.325403294836678070e-01
1.145991983967936001e+00 5.357057119761918784e-01
1.146613226452905865e+00 5.371018980756735450e-01
1.147234468937875729e+00 5.385035986166212263e-01
1.147855711422845815e+00 5.399526136946510846e-01
1.148476953907815679e+00 5.411080245081955065e-01
1.149098196392785542e+00 5.423127660236414238e-01
1.149719438877755628e+00 5.442530222095101067e-01
1.150340681362725492e+00 5.461272261548316687e-01
1.150961923847695356e+00 5.479472868398570506e-01
1.151583166332665442e+00 5.482988512508315537e-01
1.152204408817635306e+00 5.490750062728593228e-01
1.152825651302605170e+00 5.509121920724210364e-01
1.153446893787575256e+00 5.526245485584572181e-01
1.154068136272545120e+00 5.543436049885596129e-01
1.154689378757514984e+00 5.565120425415694960e-01
1.155310621242485070e+00 5.579286148491469088e-01
1.155931863727454934e+00 5.585937181635697302e-01
1.156553106212424797e+00 5.602036696148519068e-01
1.157174348697394883e+00 5.618875709684773012e-01
1.157795591182364747e+00 5.634627439046580033e-01
1.158416833667334611e+00 5.648029759662511751e-01
1.159038076152304697e+00 5.660131142662014891e-01
1.159659318637274561e+00 5.669915698564933493e-01
1.160280561122244425e+00 5.680215814859598256e-01
1.160901803607214511e+00 5.691144346166169266e-01
1.161523046092184375e+00 5.702539348023699661e-01
1.162144288577154239e+00 5.713584968869885872e-01
1.162765531062124325e+00 5.723187039493434769e-01
1.163386773547094188e+00 5.732900202598746331e-01
1.164008016032064052e+00 5.742685548355400682e-01
1.164629258517034138e+00 5.752847383177117635e-01
1.165250501002004002e+00 5.762966676145447886e-01
1.165871743486973866e+00 5.773026645610893626e-01
1.166492985971943952e+00 5.782289789823954473e-01
1.167114228456913816e+00 5.791970613082086938e-01
1.167735470941883680e+00 5.804428526048106551e-01
1.168356713426853766e+00 5.821423067237053717e-01
1.168977955911823630e+00 5.841784133093904652e-01
1.169599198396793716e+00 5.859291188205245637e-01
1.170220440881763579e+00 5.874535826586274601e-01
1.170841683366733443e+00 5.885852638263987524e-01
1.171462925851703529e+00 5.889212441468203441e-01
1.172084168336673393e+00 5.889793416308154450e-01
1.172705410821643257e+00 5.890004244502664577e-01
1.173326653306613343e+00 5.890966514769148121e-01
1.173947895791583207e+00 5.892606671243812988e-01
1.174569138276553071e+00 5.895295381955201197e-01
1.175190380761523157e+00 5.898253973805405170e-01
1.175811623246493021e+00 5.901606489531011634e-01
1.176432865731462885e+00 5.900554498430623518e-01
1.177054108216432970e+00 5.897408851643328731e-01
1.177675350701402834e+00 5.892419901334995380e-01
1.178296593186372698e+00 5.887009865553958221e-01
1.178917835671342784e+00 5.881137686569004597e-01
1.179539078156312648e+00 5.875581684966582063e-01
1.180160320641282512e+00 5.872294299290994335e-01
1.180781563126252598e+00 5.875391332735131478e-01
1.181402805611222462e+00 5.869361511430662981e-01
1.182024048096192326e+00 5.859098253695077529e-01
1.182645290581162412e+00 5.866645108609684911e-01
1.183266533066132276e+00 5.866490075734390741e-01
1.183887775551102362e+00 5.856081953983729438e-01
1.184509018036072225e+00 5.850453144787252091e-01
1.185130260521042089e+00 5.841907246845629009e-01
1.185751503006012175e+00 5.818380135116617558e-01
1.186372745490982039e+00 5.801685220160478496e-01
1.186993987975951903e+00 5.789551374012126272e-01
1.187615230460921989e+00 5.784574521454393103e-01
1.188236472945891853e+00 5.782299255910939850e-01
1.188857715430861717e+00 5.784302409829072955e-01
1.189478957915831803e+00 5.780137720436947513e-01
1.190100200400801667e+00 5.773979716396656636e-01
1.190721442885771530e+00 5.766986000231367759e-01
1.191342685370741616e+00 5.759599803962390796e-01
1.191963927855711480e+00 5.751894907777237442e-01
1.192585170340681344e+00 5.754448513757529637e-01
1.193206412825651430e+00 5.755122542683595022e-01
1.193827655310621294e+00 5.750745085516274502e-01
1.194448897795591158e+00 5.747324784778018447e-01
1.195070140280561244e+00 5.743650110291005362e-01
1.195691382765531108e+00 5.735085613204649047e-01
1.196312625250500972e+00 5.723775820819702043e-01
1.196933867735471058e+00 5.709751762534854835e-01
1.197555110220440922e+00 5.698116891800151240e-01
1.198176352705410785e+00 5.687166864302969360e-01
1.198797595190380871e+00 5.677220116722280219e-01
1.199418837675350735e+00 5.677164299386345814e-01
1.200040080160320599e+00 5.681205604347560056e-01
1.200661322645290685e+00 5.675291957409873689e-01
1.201282565130260549e+00 5.669998026175089301e-01
1.201903807615230413e+00 5.665446400680982375e-01
1.202525050100200499e+00 5.658925362997824227e-01
1.203146292585170363e+00 5.652205268108597691e-01
1.203767535070140227e+00 5.646014260325884493e-01
1.204388777555110313e+00 5.641158562001553634e-01
1.205010020040080176e+00 5.637014338236405742e-01
1.205631262525050040e+00 5.627536592692707895e-01
1.206252505010020126e+00 5.617928840357293563e-01
1.206873747494989990e+00 5.608134021391143476e-01
1.207494989979959854e+00 5.596012498427563875e-01
1.208116232464929940e+00 5.584643111750547950e-01
1.208737474949899804e+00 5.579101791512305342e-01
1.209358717434869668e+00 5.574634717465420941e-01
1.209979959919839754e+00 5.570955869498038782e-01
1.210601202404809618e+00 5.565056523624316576e-01
1.211222444889779482e+00 5.560587879452714155e-01
1.211843687374749567e+00 5.558813587524547017e-01
1.212464929859719431e+00 5.554312072097057351e-01
1.213086172344689517e+00 5.549662596258846392e-01
1.213707414829659381e+00 5.549782703473690182e-01
1.214328657314629245e+00 5.548482699400425489e-01
1.214949899799599331e+00 5.545918824382547463e-01
1.215571142284569195e+00 5.544621218763909898e-01
1.216192384769539059e+00 5.546735386702447146e-01
1.216813627254509145e+00 5.556207593640681841e-01
1.217434869739479009e+00 5.565371830300999134e-01
1.218056112224448873e+00 5.574495856060022181e-01
1.218677354709418958e+00 5.584538243042993511e-01
1.219298597194388822e+00 5.589388245247932652e-01
1.219919839679358686e+00 5.588628922466143401e-01
1.220541082164328772e+00 5.596570620639887972e-01
1.221162324649298636e+00 5.606127080840442867e-01
1.221783567134268500e+00 5.616602579281390062e-01
1.222404809619238586e+00 5.630956620148163116e-01
1.223026052104208450e+00 5.647126443311447641e-01
1.223647294589178314e+00 5.657397765142709867e-01
1.224268537074148400e+00 5.674395431275438551e-01
1.224889779559118264e+00 5.700220755618381485e-01
1.225511022044088127e+00 5.720251577274029220e-01
1.226132264529058213e+00 5.740403339501503055e-01
1.226753507014028077e+00 5.765630269111515771e-01
1.227374749498998163e+00 5.781073606375010110e-01
1.227995991983968027e+00 5.790082225211967693e-01
1.228617234468937891e+00 5.805766998012966695e-01
1.229238476953907977e+00 5.820979864463620146e-01
1.229859719438877841e+00 5.835364852177176154e-01
1.230480961923847705e+00 5.842387290141276557e-01
1.231102204408817791e+00 5.846616522676923999e-01
1.231723446893787655e+00 5.847567559594003539e-01
1.232344689378757518e+00 5.843853953494251297e-01
1.232965931863727604e+00 5.836397257303969077e-01
1.233587174348697468e+00 5.836547526513748974e-01
1.234208416833667332e+00 5.835032708553102854e-01
1.234829659318637418e+00 5.829347813458418681e-01
1.235450901803607282e+00 5.833403059576179883e-01
1.236072144288577146e+00 5.840121179268866758e-01
1.236693386773547232e+00 5.839115169639365055e-01
1.237314629258517096e+00 5.833708287013711358e-01
1.237935871743486960e+00 5.824013002567575148e-01
1.238557114228457046e+00 5.815732431999377505e-01
1.239178356713426910e+00 5.810306538738703175e-01
1.239799599198396773e+00 5.811560987920195709e-01
1.240420841683366859e+00 5.821491107745132565e-01
1.241042084168336723e+00 5.835448385600033872e-01
1.241663326653306587e+00 5.848021019166841361e-01
1.242284569138276673e+00 5.860803726248594581e-01
1.242905811623246537e+00 5.873836985951363943e-01
1.243527054108216401e+00 5.882184661665219583e-01
1.244148296593186487e+00 5.889397697546242538e-01
1.244769539078156351e+00 5.895668559512606821e-01
1.245390781563126215e+00 5.900561001658011229e-01
1.246012024048096301e+00 5.904798989176340829e-01
1.246633266533066164e+00 5.917208522622351419e-01
1.247254509018036028e+00 5.927231305070330691e-01
1.247875751503006114e+00 5.933824110617668124e-01
1.248496993987975978e+00 5.944840681795984239e-01
1.249118236472945842e+00 5.956528160203685696e-01
1.249739478957915928e+00 5.966381726333412905e-01
1.250360721442885792e+00 5.977892202107863984e-01
1.250981963927855656e+00 5.990593681552024430e-01
1.251603206412825742e+00 6.000050975909726469e-01
1.252224448897795606e+00 6.010167711440770333e-01
1.252845691382765470e+00 6.021623931007412667e-01
1.253466933867735555e+00 6.032849096406952549e-01
1.254088176352705419e+00 6.043211264441114006e-01
1.254709418837675283e+00 6.048827132180226718e-01
1.255330661322645369e+00 6.051183301597889974e-01
1.255951903807615233e+00 6.050675169938360964e-01
1.256573146292585097e+00 6.048318892811438419e-01
1.257194388777555183e+00 6.044748740928785891e-01
1.257815631262525047e+00 6.038854762194568737e-01
1.258436873747494911e+00 6.034804131740773014e-01
1.259058116232464997e+00 6.030564516753300630e-01
1.259679358717434861e+00 6.016947664897447368e-01
1.260300601202404724e+00 6.010062527902680918e-01
1.260921843687374810e+00 6.010350083716304859e-01
1.261543086172344674e+00 6.017391841138305386e-01
1.262164328657314760e+00 6.025447472699057005e-01
1.262785571142284624e+00 6.033631512573578437e-01
1.263406813627254488e+00 6.033472118547337226e-01
1.264028056112224574e+00 6.028513054749073952e-01
1.264649298597194438e+00 6.014980964194801549e-01
1.265270541082164302e+00 6.004607402427940555e-01
1.265891783567134388e+00 5.998327945575283593e-01
1.266513026052104252e+00 6.007568691875412314e-01
1.267134268537074338e+00 6.020130111122325989e-01
1.267755511022044201e+00 6.032881873887711022e-01
1.268376753507014065e+00 6.041345787578170645e-01
1.268997995991984151e+00 6.047028084174892459e-01
1.269619238476954015e+00 6.032647118613763126e-01
1.270240480961923879e+00 6.018558625131867901e-01
1.270861723446893965e+00 6.005028056996761787e-01
1.271482965931863829e+00 5.988466964327324726e-01
1.272104208416833693e+00 5.968879356005855064e-01
1.272725450901803779e+00 5.938562418340556093e-01
1.273346693386773643e+00 5.901788629063529079e-01
1.273967935871743506e+00 5.859903685663421236e-01
1.274589178356713592e+00 5.792885097330751076e-01
1.275210420841683456e+00 5.712259110246999949e-01
1.275831663326653320e+00 5.607667150184162397e-01
1.276452905811623406e+00 5.468313202231942505e-01
1.277074148296593270e+00 5.311152457970790275e-01
1.277695390781563134e+00 5.117463151612822170e-01
1.278316633266533220e+00 4.911779788613502840e-01
1.278937875751503084e+00 4.694627086584177711e-01
1.279559118236472948e+00 4.446835085836763901e-01
1.280180360721443034e+00 4.190715829979403950e-01
1.280801603206412898e+00 3.922427181391262008e-01
1.281422845691382761e+00 3.640608769467407746e-01
1.282044088176352847e+00 3.353480560180698289e-01
1.282665330661322711e+00 3.079547858417115425e-01
1.283286573146292575e+00 2.811958239780895652e-01
1.283907815631262661e+00 2.551714009240585446e-01
1.284529058116232525e+00 2.317394059595397071e-01
1.285150300601202389e+00 2.093419826280197293e-01
1.285771543086172475e+00 1.887513783758243135e-01
1.286392785571142339e+00 1.704694497658091612e-01
1.287014028056112203e+00 1.535941703630066268e-01
1.287635270541082289e+00 1.393665755714480481e-01
1.288256513026052152e+00 1.261978147803387018e-01
1.288877755511022016e+00 1.145270621638139752e-01
1.289498997995992102e+00 1.045267524553536442e-01
1.290120240480961966e+00 9.527650383813277002e-02
1.290741482965931830e+00 8.743382054702397710e-02
1.291362725450901916e+00 8.032305990863432277e-02
1.291983967935871780e+00 7.373460830473646532e-02
1.292605210420841644e+00 6.822357399142699175e-02
1.293226452905811730e+00 6.306518428419136124e-02
1.293847695390781594e+00 5.846649912358935913e-02
1.294468937875751458e+00 5.430223501456275803e-02
1.295090180360721543e+00 5.031599408849567884e-02
1.295711422845691407e+00 4.653495230050214843e-02
1.296332665330661271e+00 4.282755350254462134e-02
1.296953907815631357e+00 3.918424206448237190e-02
1.297575150300601221e+00 3.566130955458478302e-02
1.298196392785571085e+00 3.216946834431905905e-02
1.298817635270541171e+00 2.872110408652765040e-02
1.299438877755511035e+00 2.543644235039927565e-02
1.300060120240480899e+00 2.226838949470688958e-02
1.300681362725450985e+00 1.953867225535042135e-02
1.301302605210420849e+00 1.705123229884185354e-02
1.301923847695390712e+00 1.481860221053608526e-02
1.302545090180360798e+00 1.296601184922354516e-02
1.303166332665330662e+00 1.127219704801991386e-02
1.303787575150300526e+00 9.864688790168730723e-03
1.304408817635270612e+00 8.630723554583037346e-03
1.305030060120240476e+00 7.498201649574515182e-03
1.305651302605210562e+00 6.583080302779267638e-03
1.306272545090180426e+00 5.750606317941363461e-03
1.306893787575150290e+00 5.023652534754861898e-03
1.307515030060120376e+00 4.428881594175086700e-03
1.308136272545090240e+00 3.888793219700997610e-03
1.308757515030060103e+00 3.445820473883489787e-03
1.309378757515030189e+00 3.056450107231040506e-03
1.310000000000000053e+00 2.701360164108427241e-03
