7.900000000000000355e-01 1.239653507178047065e-02
7.904609218436874363e-01 1.986215111796922617e-02
7.909218436873748370e-01 2.732636265960718472e-02
7.913827655310621267e-01 3.931335038881326321e-02
7.918436873747495275e-01 5.221899788098538497e-02
7.923046092184369282e-01 6.897642735094697275e-02
7.927655310621243290e-01 8.771153063821980622e-02
7.932264529058116187e-01 1.087261831500083153e-01
7.936873747494990194e-01 1.320931015442077527e-01
7.941482965931864202e-01 1.560343683630085188e-01
7.946092184368738209e-01 1.812070848937880341e-01
7.950701402805611107e-01 2.062587507235439932e-01
7.955310621242485114e-01 2.306462894078117054e-01
7.959919839679359121e-01 2.550227434013387362e-01
7.964529058116233129e-01 2.773062039786990396e-01
7.969138276553106026e-01 2.995450396072772414e-01
7.973747494989980034e-01 3.189597941485061150e-01
7.978356713426854041e-01 3.377178111725165910e-01
7.982965931863728049e-01 3.525474412034677596e-01
7.987575150300602056e-01 3.652014833737609045e-01
7.992184368737474953e-01 3.767418236216761862e-01
7.996793587174348961e-01 3.870463772115425582e-01
8.001402805611222968e-01 3.962610562677232884e-01
8.006012024048096976e-01 4.029888445148440135e-01
8.010621242484969873e-01 4.094640013430501102e-01
8.015230460921843880e-01 4.143270127942558778e-01
8.019839679358717888e-01 4.191897221464215839e-01
8.024448897795591895e-01 4.234716399064770154e-01
8.029058116232464792e-01 4.277317995966624098e-01
8.033667334669338800e-01 4.307156044702805109e-01
8.038276553106212807e-01 4.333712112529025107e-01
8.042885771543086815e-01 4.361253220769132910e-01
8.047494989979959712e-01 4.389384568554337007e-01
8.052104208416833719e-01 4.395733401490449221e-01
8.056713426853707727e-01 4.376150542701137680e-01
8.061322645290581734e-01 4.351726175267909835e-01
8.065931863727455742e-01 4.315266376151307703e-01
8.070541082164328639e-01 4.275026218609018769e-01
8.075150300601202646e-01 4.206400259458894508e-01
8.079759519038076654e-01 4.137785407893453948e-01
8.084368737474950661e-01 4.090463570436264074e-01
8.088977955911823559e-01 4.044325921641523380e-01
8.093587174348697566e-01 4.006553980639170898e-01
8.098196392785571573e-01 3.971157834434293488e-01
8.102805611222445581e-01 3.948121292084619260e-01
8.107414829659318478e-01 3.933034966804735966e-01
8.112024048096192486e-01 3.928191607942489449e-01
8.116633266533066493e-01 3.936424407603080211e-01
8.121242484969940501e-01 3.945382987694117105e-01
8.125851703406814508e-01 3.956316173745684228e-01
8.130460921843687405e-01 3.965337812325774869e-01
8.135070140280561413e-01 3.957198417791265022e-01
8.139679358717435420e-01 3.949058544256994763e-01
8.144288577154309428e-01 3.931315493701377228e-01
8.148897795591182325e-01 3.912857333511252089e-01
8.153507014028056332e-01 3.892246851990582290e-01
8.158116232464930340e-01 3.870956460493716333e-01
8.162725450901804347e-01 3.859834443200318432e-01
8.167334669338677244e-01 3.855739395190567742e-01
8.171943887775551252e-01 3.865060449157496913e-01
8.176553106212425259e-01 3.892774343435505546e-01
8.181162324649299267e-01 3.928297938651994503e-01
8.185771543086172164e-01 3.987009116371771911e-01
8.190380761523046171e-01 4.045602466971190414e-01
8.194989979959920179e-01 4.103084439565941599e-01
8.199599198396794186e-01 4.160548512089643491e-01
8.204208416833668194e-01 4.220440308571906107e-01
8.208817635270541091e-01 4.280542976255279353e-01
8.213426853707415098e-01 4.321533551836342357e-01
8.218036072144289106e-01 4.355923538457477373e-01
8.222645290581163113e-01 4.383811949772682404e-01
8.227254509018036011e-01 4.406875339218297993e-01
8.231863727454910018e-01 4.416158119279715577e-01
8.236472945891784025e-01 4.405144260475540308e-01
8.241082164328658033e-01 4.389200826414753065e-01
8.245691382765530930e-01 4.357197668398175017e-01
8.250300601202404938e-01 4.324984636485897926e-01
8.254909819639278945e-01 4.289668079903196096e-01
8.259519038076152952e-01 4.254355836126715862e-01
8.264128256513025850e-01 4.224022022876804394e-01
8.268737474949899857e-01 4.194270641617652839e-01
8.273346693386773865e-01 4.177341955419918151e-01
8.277955911823647872e-01 4.165249326950441477e-01
8.282565130260521880e-01 4.163606280194500076e-01
8.287174348697394777e-01 4.170289180524607286e-01
8.291783567134268784e-01 4.176027839790565910e-01
8.296392785571142792e-01 4.180272285245603681e-01
8.301002004008016799e-01 4.183738068241490971e-01
8.305611222444889696e-01 4.184411341325087186e-01
8.310220440881763704e-01 4.185000518933509328e-01
8.314829659318637711e-01 4.183968369700646894e-01
8.319438877755511719e-01 4.182933310921114201e-01
8.324048096192384616e-01 4.166850033217997518e-01
8.328657314629258623e-01 4.148681446143761553e-01
8.333266533066132631e-01 4.122423898962411237e-01
8.337875751503006638e-01 4.092841609302627082e-01
8.342484969939880646e-01 4.068555947847953269e-01
8.347094188376753543e-01 4.048801724921931022e-01
8.351703406813627550e-01 4.030884650355207044e-01
8.356312625250501558e-01 4.016093781256011019e-01
8.360921843687375565e-01 4.006206468453411551e-01
8.365531062124248463e-01 4.015939946760191948e-01
8.370140280561122470e-01 4.025769455859702917e-01
8.374749498997996477e-01 4.038814344395968425e-01
8.379358717434870485e-01 4.051852802854029045e-01
8.383967935871743382e-01 4.065806037596279565e-01
8.388577154308617390e-01 4.079904010620037380e-01
8.393186372745491397e-01 4.088122090453036872e-01
8.397795591182365404e-01 4.093713473928020097e-01
8.402404809619238302e-01 4.100218315979438088e-01
8.407014028056112309e-01 4.107559257729421764e-01
8.411623246492986317e-01 4.119473999713267331e-01
8.416232464929860324e-01 4.139809476471109639e-01
8.420841683366733221e-01 4.157569356766056545e-01
8.425450901803607229e-01 4.163808659881717555e-01
8.430060120240481236e-01 4.170388258407509707e-01
8.434669338677355244e-01 4.203173149633349648e-01
8.439278557114229251e-01 4.235954748729287567e-01
8.443887775551102148e-01 4.254955710484311648e-01
8.448496993987976156e-01 4.271395007310909708e-01
8.453106212424850163e-01 4.281047984328872902e-01
8.457715430861724171e-01 4.287416190223535262e-01
8.462324649298597068e-01 4.303837608267119808e-01
8.466933867735471075e-01 4.330138292624960417e-01
8.471543086172345083e-01 4.345561081427399830e-01
8.476152304609219090e-01 4.339375483189880089e-01
8.480761523046091988e-01 4.337586401114852386e-01
8.485370741482965995e-01 4.358037871717999057e-01
8.489979959919840002e-01 4.378484905276849859e-01
8.494589178356714010e-01 4.385085359269842442e-01
8.499198396793588017e-01 4.391623434048477215e-01
8.503807615230460915e-01 4.398842040850488022e-01
8.508416833667334922e-01 4.406203747765065071e-01
8.513026052104208929e-01 4.407771111426673216e-01
8.517635270541082937e-01 4.406305742482033994e-01
8.522244488977955834e-01 4.400537474306883690e-01
8.526853707414829842e-01 4.390236273646873078e-01
8.531462925851703849e-01 4.375949690772193978e-01
8.536072144288577856e-01 4.353086014940713566e-01
8.540681362725450754e-01 4.330317068036235728e-01
8.545290581162324761e-01 4.308120273917767640e-01
8.549899799599198769e-01 4.285920811960751697e-01
8.554509018036072776e-01 4.270892835961609402e-01
8.559118236472946784e-01 4.256022432240825770e-01
8.563727454909819681e-01 4.238820375207938418e-01
8.568336673346693688e-01 4.221064904722141575e-01
8.572945891783567696e-01 4.206985144295285473e-01
8.577555110220440593e-01 4.194978915382487350e-01
8.582164328657314600e-01 4.180517346106100152e-01
8.586773547094188608e-01 4.163280760881284404e-01
8.591382765531062615e-01 4.145799888382176723e-01
8.595991983967936623e-01 4.127754505597561185e-01
8.600601202404809520e-01 4.109333001338533187e-01
8.605210420841683527e-01 4.088426587534054746e-01
8.609819639278557535e-01 4.067514543617306577e-01
8.614428857715431542e-01 4.050343838065502688e-01
8.619038076152305550e-01 4.033323424176456506e-01
8.623647294589178447e-01 4.024339464118470988e-01
8.628256513026052454e-01 4.017473019349109276e-01
8.632865731462926462e-01 4.025051849573075269e-01
8.637474949899799359e-01 4.041425317472385204e-01
8.642084168336673367e-01 4.057647755940020917e-01
8.646693386773547374e-01 4.073687937367991285e-01
8.651302605210421381e-01 4.090258558987668325e-01
8.655911823647295389e-01 4.108167328026575693e-01
8.660521042084168286e-01 4.127375917587884913e-01
8.665130260521042294e-01 4.156776526263620819e-01
8.669739478957916301e-01 4.186186598385208124e-01
8.674348697394790308e-01 4.210558969721673317e-01
8.678957915831663206e-01 4.234636846334529636e-01
8.683567134268537213e-01 4.267434462107619897e-01
8.688176352705411221e-01 4.302790157659217574e-01
8.692785571142285228e-01 4.334563057423229671e-01
8.697394789579158125e-01 4.363991850506218628e-01
8.702004008016032133e-01 4.387964300172644827e-01
8.706613226452906140e-01 4.404838047859622185e-01
8.711222444889780148e-01 4.420575991363663304e-01
8.715831663326654155e-01 4.433154296690806073e-01
8.720440881763527052e-01 4.444786435399936675e-01
8.725050100200401060e-01 4.447424947871267964e-01
8.729659318637275067e-01 4.450063839334943427e-01
8.734268537074149075e-01 4.444729706197007579e-01
8.738877755511021972e-01 4.438754957765320697e-01
8.743486973947895979e-01 4.428563001507661578e-01
8.748096192384769987e-01 4.417009547060811170e-01
8.752705410821643994e-01 4.398650690138062314e-01
8.757314629258516891e-01 4.375493027257558176e-01
8.761923847695390899e-01 4.352364392464827536e-01
8.766533066132264906e-01 4.329284658125827634e-01
8.771142284569138914e-01 4.305420419870302218e-01
8.775751503006012921e-01 4.279198911809797834e-01
8.780360721442885819e-01 4.253469486485630946e-01
8.784969939879759826e-01 4.233735463611209560e-01
8.789579158316633833e-01 4.213992364005150204e-01
8.794188376753506731e-01 4.210456333027421949e-01
8.798797595190380738e-01 4.208548049437398908e-01
8.803406813627254746e-01 4.207706396267454907e-01
8.808016032064128753e-01 4.207240080492220535e-01
8.812625250501002760e-01 4.197458031526231648e-01
8.817234468937875658e-01 4.180623112046006340e-01
8.821843687374749665e-01 4.156173966050457635e-01
8.826452905811623673e-01 4.120294037430127787e-01
8.831062124248497680e-01 4.086154183182761912e-01
8.835671342685370577e-01 4.057912305570879341e-01
8.840280561122244585e-01 4.029697932064832955e-01
8.844889779559118592e-01 4.002206593563985004e-01
8.849498997995992600e-01 3.974689490881793685e-01
8.854108216432865497e-01 3.948780318483658958e-01
8.858717434869739504e-01 3.923042928274756980e-01
8.863326653306613512e-01 3.907993793998059129e-01
8.867935871743487519e-01 3.897063125511230353e-01
8.872545090180361527e-01 3.890857740194073044e-01
8.877154308617234424e-01 3.888490976317938164e-01
8.881763527054108431e-01 3.897699340161218662e-01
8.886372745490982439e-01 3.925609375000118639e-01
8.890981963927856446e-01 3.954753794212841345e-01
8.895591182364729343e-01 3.988392414009929721e-01
8.900200400801603351e-01 4.021965760873155160e-01
8.904809619238477358e-01 4.053414443760532393e-01
8.909418837675351366e-01 4.084887003812886497e-01
8.914028056112224263e-01 4.125711498562876778e-01
8.918637274549098271e-01 4.167918428578351597e-01
8.923246492985972278e-01 4.225590471809952953e-01
8.927855711422846285e-01 4.289798356916529332e-01
8.932464929859720293e-01 4.345430313405721501e-01
8.937074148296593190e-01 4.393594448682984765e-01
8.941683366733467198e-01 4.426228453156176856e-01
8.946292585170341205e-01 4.431798232251669134e-01
8.950901803607214102e-01 4.436995452090748970e-01
8.955511022044088110e-01 4.440648756041034040e-01
8.960120240480962117e-01 4.443746793987073951e-01
8.964729458917836125e-01 4.425975889836151755e-01
8.969338677354710132e-01 4.408187661668149793e-01
8.973947895791583029e-01 4.393253789073762183e-01
8.978557114228457037e-01 4.378784850981581878e-01
8.983166332665331044e-01 4.363852750996286556e-01
8.987775551102205052e-01 4.348701826329476883e-01
8.992384769539079059e-01 4.330724159469959700e-01
8.996993987975951956e-01 4.310100185912362769e-01
9.001603206412825964e-01 4.289085729748298714e-01
9.006212424849699971e-01 4.267357788004541574e-01
9.010821643286572868e-01 4.244510007207399349e-01
9.015430861723446876e-01 4.216601166914509258e-01
9.020040080160320883e-01 4.188645916200980923e-01
9.024649298597194891e-01 4.159216739524657647e-01
9.029258517034068898e-01 4.129748846654704431e-01
9.033867735470941795e-01 4.102650407618267936e-01
9.038476953907815803e-01 4.075983700318598912e-01
9.043086172344689810e-01 4.058973714660951138e-01
9.047695390781563818e-01 4.046727793125064476e-01
9.052304609218436715e-01 4.035972030636696961e-01
9.056913827655310723e-01 4.026708442959963663e-01
9.061523046092184730e-01 4.017958091721508529e-01
9.066132264529058737e-01 4.010262237212259828e-01
9.070741482965931635e-01 4.004351200243152498e-01
9.075350701402805642e-01 4.007814625108850337e-01
9.079959919839679650e-01 4.011280253810602381e-01
9.084569138276553657e-01 4.019554765282358777e-01
9.089178356713427664e-01 4.027878549157449806e-01
9.093787575150300562e-01 4.047209815394816057e-01
9.098396793587174569e-01 4.068953869234382403e-01
9.103006012024048577e-01 4.093028326604831735e-01
9.107615230460922584e-01 4.118362911064992748e-01
9.112224448897795481e-01 4.146629684594613230e-01
9.116833667334669489e-01 4.178044606152909735e-01
9.121442885771543496e-01 4.210535898258634946e-01
9.126052104208417504e-01 4.245339976505713153e-01
9.130661322645290401e-01 4.280957294670574842e-01
9.135270541082164408e-01 4.321245797794520671e-01
9.139879759519038416e-01 4.361591244693910352e-01
9.144488977955912423e-01 4.406179873490527754e-01
9.149098196392786431e-01 4.450935785524357535e-01
9.153707414829659328e-01 4.488734094582593759e-01
9.158316633266533335e-01 4.524871212816526378e-01
9.162925851703407343e-01 4.562081501115010651e-01
9.167535070140280240e-01 4.599932691771783100e-01
9.172144288577154247e-01 4.634383619159004319e-01
9.176753507014028255e-01 4.664910669906354723e-01
9.181362725450902262e-01 4.691664262593948087e-01
9.185971943887776270e-01 4.709357522547871766e-01
9.190581162324649167e-01 4.726344056808240435e-01
9.195190380761523175e-01 4.738307048984288228e-01
9.199799599198397182e-01 4.750284340855359111e-01
9.204408817635271189e-01 4.757970365677892666e-01
9.209018036072145197e-01 4.765468335768889285e-01
9.213627254509018094e-01 4.767857280911374507e-01
9.218236472945892102e-01 4.768860345539773782e-01
9.222845691382766109e-01 4.768960852921688143e-01
9.227454909819639006e-01 4.768498564990270028e-01
9.232064128256513014e-01 4.758200701762506646e-01
9.236673346693387021e-01 4.735756241138193712e-01
9.241282565130261029e-01 4.711671804235321170e-01
9.245891783567135036e-01 4.683382514646903250e-01
9.250501002004007933e-01 4.656322323673721120e-01
9.255110220440881941e-01 4.639701872736570754e-01
9.259719438877755948e-01 4.623056441051459076e-01
9.264328657314628845e-01 4.603183459909785391e-01
9.268937875751503963e-01 4.583068088471727863e-01
9.273547094188376860e-01 4.567269842916976130e-01
9.278156312625250868e-01 4.552749971888693237e-01
9.282765531062124875e-01 4.539291713726422151e-01
9.287374749498997772e-01 4.526532126191754046e-01
9.291983967935871780e-01 4.515836300065825260e-01
9.296593186372745787e-01 4.507887968704775705e-01
9.301202404809619795e-01 4.501295603686538138e-01
9.305811623246493802e-01 4.498576862196375648e-01
9.310420841683366699e-01 4.495996791674681248e-01
9.315030060120240707e-01 4.494872047787759617e-01
9.319639278557114714e-01 4.493743169686705841e-01
9.324248496993987612e-01 4.493938297623775724e-01
9.328857715430861619e-01 4.494242200602797110e-01
9.333466933867735627e-01 4.492998940538145414e-01
9.338076152304609634e-01 4.491242272899342858e-01
9.342685370741483641e-01 4.488802239754374201e-01
9.347294589178356539e-01 4.485868747038164184e-01
9.351903807615230546e-01 4.486019875689807868e-01
9.356513026052104554e-01 4.490568012252859065e-01
9.361122244488978561e-01 4.494863203828939890e-01
9.365731462925852568e-01 4.498365044151090286e-01
9.370340681362725466e-01 4.502125026056654211e-01
9.374949899799599473e-01 4.509105641471609638e-01
9.379559118236473481e-01 4.516092662594748952e-01
9.384168336673346378e-01 4.532195501782912972e-01
9.388777555110220385e-01 4.549285734905195722e-01
9.393386773547094393e-01 4.572642163665607273e-01
9.397995991983968400e-01 4.598282964854363830e-01
9.402605210420842408e-01 4.625166567102538262e-01
9.407214428857715305e-01 4.653018320838424038e-01
9.411823647294589312e-01 4.682093108824861849e-01
9.416432865731463320e-01 4.713021024793614955e-01
9.421042084168337327e-01 4.745019287506069827e-01
9.425651302605211335e-01 4.780576303028636342e-01
9.430260521042084232e-01 4.815763265644821267e-01
9.434869739478958239e-01 4.843992268938617785e-01
9.439478957915832247e-01 4.872256957230384211e-01
9.444088176352705144e-01 4.891209828008903915e-01
9.448697394789579151e-01 4.908996851358016222e-01
9.453306613226453159e-01 4.923851049440815530e-01
9.457915831663327166e-01 4.937556284105343307e-01
9.462525050100201174e-01 4.944709107300895301e-01
9.467134268537074071e-01 4.946444009205914205e-01
9.471743486973948079e-01 4.945518110946028334e-01
9.476352705410822086e-01 4.940211715843966789e-01
9.480961923847694983e-01 4.934412960108668367e-01
9.485571142284570101e-01 4.926777124417613951e-01
9.490180360721442998e-01 4.918891966986285169e-01
9.494789579158317006e-01 4.905270130836584253e-01
9.499398797595191013e-01 4.891624242310843029e-01
9.504008016032063910e-01 4.881052425877039913e-01
9.508617234468937918e-01 4.870927653636149546e-01
9.513226452905811925e-01 4.864181211290870555e-01
9.517835671342685933e-01 4.858878981288929921e-01
9.522444889779559940e-01 4.853186007815242786e-01
9.527054108216432837e-01 4.847145819547652446e-01
9.531663326653306845e-01 4.838374614867186341e-01
9.536272545090180852e-01 4.824766376671636436e-01
9.540881763527053749e-01 4.811170822636299249e-01
9.545490981963927757e-01 4.797699813844399919e-01
9.550100200400801764e-01 4.784350593619958181e-01
9.554709418837675772e-01 4.777637277275069150e-01
9.559318637274549779e-01 4.770911059146816235e-01
9.563927855711422676e-01 4.764367464147249986e-01
9.568537074148296684e-01 4.757845515099429767e-01
9.573146292585170691e-01 4.754162355536820095e-01
9.577755511022044699e-01 4.751797351235763078e-01
9.582364729458918706e-01 4.755805313476650920e-01
9.586973947895791603e-01 4.765878163104653176e-01
9.591583166332665611e-01 4.776184107461746153e-01
9.596192384769539618e-01 4.786926644646736229e-01
9.600801603206412516e-01 4.798261510587599199e-01
9.605410821643286523e-01 4.812372035529550729e-01
9.610020040080160530e-01 4.826478608947157856e-01
9.614629258517034538e-01 4.836106836125694253e-01
9.619238476953908545e-01 4.845745520859409128e-01
9.623847695390781443e-01 4.857775069000759283e-01
9.628456913827655450e-01 4.870288845710695758e-01
9.633066132264529458e-01 4.888806591466003382e-01
9.637675350701403465e-01 4.910365633886794035e-01
9.642284569138277472e-01 4.934716680386012078e-01
9.646893787575150370e-01 4.961913724493748901e-01
9.651503006012024377e-01 4.990372257124731092e-01
9.656112224448898385e-01 5.021405499290596541e-01
9.660721442885771282e-01 5.050237867523029722e-01
9.665330661322645289e-01 5.067017841782560650e-01
9.669939879759519297e-01 5.083818949544000043e-01
9.674549098196393304e-01 5.094037896523490039e-01
9.679158316633267312e-01 5.104179473126178035e-01
9.683767535070140209e-01 5.116699354902969343e-01
9.688376753507014216e-01 5.129762890295163080e-01
9.692985971943888224e-01 5.140819930679397798e-01
9.697595190380761121e-01 5.150789819017764781e-01
9.702204408817635128e-01 5.156597987616861056e-01
9.706813627254509136e-01 5.157854772370258356e-01
9.711422845691383143e-01 5.158798669421040817e-01
9.716032064128257151e-01 5.159042688717306868e-01
9.720641282565130048e-01 5.159749307832770526e-01
9.725250501002004055e-01 5.163341132781728016e-01
9.729859719438878063e-01 5.166934217269927299e-01
9.734468937875752070e-01 5.168478416690582833e-01
9.739078156312626078e-01 5.169956086150667707e-01
9.743687374749498975e-01 5.173241195478136545e-01
9.748296593186372982e-01 5.176979817287493679e-01
9.752905811623246990e-01 5.175113146332458447e-01
9.757515030060119887e-01 5.169950200077452207e-01
9.762124248496993895e-01 5.164402472077581630e-01
9.766733466933867902e-01 5.158406802387255352e-01
9.771342685370741910e-01 5.149981800172832580e-01
9.775951903807615917e-01 5.135653280197496340e-01
9.780561122244488814e-01 5.120220595441441480e-01
9.785170340681362822e-01 5.096962210462274712e-01
9.789779559118236829e-01 5.073666789079075423e-01
9.794388777555110837e-01 5.063291526811317667e-01
9.798997995991984844e-01 5.053549575769483715e-01
9.803607214428857741e-01 5.052881540407514471e-01
9.808216432865731749e-01 5.054736642047019668e-01
9.812825651302605756e-01 5.056976439796195821e-01
9.817434869739478653e-01 5.059459585066075071e-01
9.822044088176352661e-01 5.067395864172643538e-01
9.826653306613226668e-01 5.082185267228460646e-01
9.831262525050100676e-01 5.100470047717494682e-01
9.835871743486974683e-01 5.128011647671590900e-01
9.840480961923847580e-01 5.156627522805443675e-01
9.845090180360721588e-01 5.194241896845798179e-01
9.849699398797595595e-01 5.231907096916266209e-01
9.854308617234468493e-01 5.272467065947432641e-01
9.858917835671343610e-01 5.313277327509745573e-01
9.863527054108216507e-01 5.345345654766723298e-01
9.868136272545090515e-01 5.374749654646127084e-01
9.872745490981964522e-01 5.394326425112053736e-01
9.877354709418837420e-01 5.407226951775110368e-01
9.881963927855711427e-01 5.422102875724001958e-01
9.886573146292585434e-01 5.439641022003864901e-01
9.891182364729459442e-01 5.452539891600680644e-01
9.895791583166333449e-01 5.451936395973802085e-01
9.900400801603206347e-01 5.450744406297791667e-01
9.905010020040080354e-01 5.443404967327118982e-01
9.909619238476954362e-01 5.436052037577723262e-01
9.914228456913827259e-01 5.427900767825640793e-01
9.918837675350701266e-01 5.419666865420805779e-01
9.923446893787575274e-01 5.410630310621158401e-01
9.928056112224449281e-01 5.401311642449632133e-01
9.932665330661323289e-01 5.391031697891758290e-01
9.937274549098196186e-01 5.380044430149638623e-01
9.941883767535070193e-01 5.367678838754158521e-01
9.946492985971944201e-01 5.353326706315221228e-01
9.951102204408818208e-01 5.339662955401585087e-01
9.955711422845692216e-01 5.328229820482459633e-01
9.960320641282565113e-01 5.316955944734581552e-01
9.964929859719439120e-01 5.308050357251705709e-01
9.969539078156313128e-01 5.299131023101171234e-01
9.974148296593186025e-01 5.289759818391710500e-01
9.978757515030060032e-01 5.280325372009003759e-01
9.983366733466934040e-01 5.270373181157362863e-01
9.987975951903808047e-01 5.260220173042263747e-01
9.992585170340682055e-01 5.245958134960864161e-01
9.997194388777554952e-01 5.228466444841413097e-01
1.000180360721442785e+00 5.189954518553260288e-01
1.000641282565130297e+00 5.118722114505609433e-01
1.001102204408817586e+00 5.028841091449831602e-01
1.001563126252505098e+00 4.873595639122040302e-01
1.002024048096192388e+00 4.713817305781656253e-01
1.002484969939879900e+00 4.474745556713803918e-01
1.002945891783567189e+00 4.235364699711042791e-01
1.003406813627254479e+00 3.918537686314837454e-01
1.003867735470941991e+00 3.591128342276403984e-01
1.004328657314629281e+00 3.248862385482368387e-01
1.004789579158316570e+00 2.900290977029037487e-01
1.005250501002004082e+00 2.594888064473035993e-01
1.005711422845691372e+00 2.325796089030090219e-01
1.006172344689378662e+00 2.082748781756077472e-01
1.006633266533066173e+00 1.883625464633168212e-01
1.007094188376753463e+00 1.692818645874923089e-01
1.007555110220440975e+00 1.534924156599772604e-01
1.008016032064128265e+00 1.378113227798390961e-01
1.008476953907815776e+00 1.257288460141174624e-01
1.008937875751503066e+00 1.136346563060816606e-01
1.009398797595190356e+00 1.039981968964370784e-01
1.009859719438877868e+00 9.473502191463403777e-02
1.010320641282565157e+00 8.703799826831662423e-02
1.010781563126252447e+00 8.002197437870278707e-02
1.011242484969939959e+00 7.375168095151250769e-02
1.011703406813627248e+00 6.815515172826694390e-02
1.012164328657314538e+00 6.326498911469566333e-02
1.012625250501002050e+00 5.965561488919694788e-02
1.013086172344689340e+00 5.602366765190853332e-02
1.013547094188376851e+00 5.230936554048468828e-02
1.014008016032064141e+00 4.860156326018076622e-02
1.014468937875751431e+00 4.547515589460020963e-02
1.014929859719438943e+00 4.234510865167811361e-02
1.015390781563126232e+00 3.984408931570354584e-02
1.015851703406813744e+00 3.745418726874792659e-02
1.016312625250501034e+00 3.560320018915272972e-02
1.016773547094188324e+00 3.400704534306372984e-02
1.017234468937875835e+00 3.218180051950157716e-02
1.017695390781563125e+00 3.013534662153801932e-02
1.018156312625250415e+00 2.812622785608439799e-02
1.018617234468937927e+00 2.619140032056449519e-02
1.019078156312625216e+00 2.422870741366569408e-02
1.019539078156312728e+00 2.213916636963029344e-02
1.020000000000000018e+00 2.004742436679778778e-02
