1.459999999999999964e+00 6.564990130092374955e-03
1.460521042084168331e+00 7.040019000700095154e-03
1.461042084168336697e+00 7.518625510380186165e-03
1.461563126252505063e+00 8.041921203046142885e-03
1.462084168336673207e+00 8.581708329831811560e-03
1.462605210420841573e+00 9.209421420505670836e-03
1.463126252505009939e+00 9.863664286132171194e-03
1.463647294589178305e+00 1.060176954926662571e-02
1.464168336673346671e+00 1.136222176676258272e-02
1.464689378757515037e+00 1.217029328030956245e-02
1.465210420841683403e+00 1.306694594326617866e-02
1.465731462925851769e+00 1.409467954863401901e-02
1.466252505010019913e+00 1.517869718220004292e-02
1.466773547094188279e+00 1.632240437157107468e-02
1.467294589178356645e+00 1.755786198880842849e-02
1.467815631262525011e+00 1.886346942069681842e-02
1.468336673346693377e+00 2.035330729366894090e-02
1.468857715430861743e+00 2.194356526647270669e-02
1.469378757515030109e+00 2.364245303782403634e-02
1.469899799599198253e+00 2.538100494321477579e-02
1.470420841683366620e+00 2.739463014608472038e-02
1.470941883767534986e+00 2.947251284921095782e-02
1.471462925851703352e+00 3.181715601403514726e-02
1.471983967935871718e+00 3.419392439402540312e-02
1.472505010020040084e+00 3.676244186422492760e-02
1.473026052104208450e+00 3.936307642721347672e-02
1.473547094188376816e+00 4.249894857984704705e-02
1.474068136272544960e+00 4.566614264045649324e-02
1.474589178356713326e+00 4.905804531287081410e-02
1.475110220440881692e+00 5.253106509307737398e-02
1.475631262525050058e+00 5.631065128928455787e-02
1.476152304609218424e+00 6.024336185474739314e-02
1.476673346693386790e+00 6.455160359296523154e-02
1.477194388777555156e+00 6.896522271545188487e-02
1.477715430861723522e+00 7.355986631921208885e-02
1.478236472945891666e+00 7.841967275746368482e-02
1.478757515030060032e+00 8.359664334137514863e-02
1.479278557114228398e+00 8.899592728332508806e-02
1.479799599198396765e+00 9.458900084359002369e-02
1.480320641282565131e+00 1.003755296897082955e-01
1.480841683366733497e+00 1.062804112976404314e-01
1.481362725450901863e+00 1.126811029469364650e-01
1.481883767535070007e+00 1.192966639519212613e-01
1.482404809619238373e+00 1.261070737711823264e-01
1.482925851703406739e+00 1.329684750871509280e-01
1.483446893787575105e+00 1.402209358165482644e-01
1.483967935871743471e+00 1.475325667841693722e-01
1.484488977955911837e+00 1.552915986684118010e-01
1.485010020040080203e+00 1.630797152569192499e-01
1.485531062124248569e+00 1.710744106243811957e-01
1.486052104208416713e+00 1.791049061832392930e-01
1.486573146292585079e+00 1.875078640252712814e-01
1.487094188376753445e+00 1.959378241781520869e-01
1.487615230460921811e+00 2.045232847381567576e-01
1.488136272545090177e+00 2.131506441996273149e-01
1.488657314629258543e+00 2.219100592388663640e-01
1.489178356713426910e+00 2.306827450569597926e-01
1.489699398797595054e+00 2.394834825061504247e-01
1.490220440881763420e+00 2.482515378183447197e-01
1.490741482965931786e+00 2.569777307378032227e-01
1.491262525050100152e+00 2.656340341883260403e-01
1.491783567134268518e+00 2.742223450753623615e-01
1.492304609218436884e+00 2.826031372109728546e-01
1.492825651302605250e+00 2.908357144433336705e-01
1.493346693386773616e+00 2.988701633979706229e-01
1.493867735470941760e+00 3.068001898871296484e-01
1.494388777555110126e+00 3.141367786736237733e-01
1.494909819639278492e+00 3.212678749385524668e-01
1.495430861723446858e+00 3.279261396298897013e-01
1.495951903807615224e+00 3.344800081678246384e-01
1.496472945891783590e+00 3.405346071436939903e-01
1.496993987975951956e+00 3.465350737364606970e-01
1.497515030060120100e+00 3.513428190242726679e-01
1.498036072144288466e+00 3.560974074461471517e-01
1.498557114228456832e+00 3.603839370604989822e-01
1.499078156312625199e+00 3.645181887650399410e-01
1.499599198396793565e+00 3.678066061954865518e-01
1.500120240480961931e+00 3.709165133350632582e-01
1.500641282565130297e+00 3.734389012614668379e-01
1.501162324649298663e+00 3.758129093987349623e-01
1.501683366733466807e+00 3.778611744183190679e-01
1.502204408817635173e+00 3.794916699694110829e-01
1.502725450901803539e+00 3.804755478031023874e-01
1.503246492985971905e+00 3.813165829661831485e-01
1.503767535070140271e+00 3.819988845465898120e-01
1.504288577154308637e+00 3.824314760143964209e-01
1.504809619238477003e+00 3.826628977085878569e-01
1.505330661322645369e+00 3.826989519629909187e-01
1.505851703406813513e+00 3.826226405713428758e-01
1.506372745490981879e+00 3.824551056530967608e-01
1.506893787575150245e+00 3.822513021015304657e-01
1.507414829659318611e+00 3.819133525777866911e-01
1.507935871743486977e+00 3.815411948129536213e-01
1.508456913827655343e+00 3.811432310326368644e-01
1.508977955911823710e+00 3.807418462598805009e-01
1.509498997995991854e+00 3.803633162629613262e-01
1.510020040080160220e+00 3.799908580474793962e-01
1.510541082164328586e+00 3.797404794525154337e-01
1.511062124248496952e+00 3.794996445987950384e-01
1.511583166332665318e+00 3.793286549849940181e-01
1.512104208416833684e+00 3.791900037473251994e-01
1.512625250501002050e+00 3.791807170502743407e-01
1.513146292585170194e+00 3.792225240566021172e-01
1.513667334669338560e+00 3.793952154599481985e-01
1.514188376753506926e+00 3.795950046769517305e-01
1.514709418837675292e+00 3.798427823153155969e-01
1.515230460921843658e+00 3.801719095988777553e-01
1.515751503006012024e+00 3.806036671366736512e-01
1.516272545090180390e+00 3.810837799900225753e-01
1.516793587174348756e+00 3.816078980833857437e-01
1.517314629258516900e+00 3.821747049238377603e-01
1.517835671342685266e+00 3.827693268691622075e-01
1.518356713426853632e+00 3.834120696716462051e-01
1.518877755511021999e+00 3.840766397500712803e-01
1.519398797595190365e+00 3.847143374141232530e-01
1.519919839679358731e+00 3.853432978084923022e-01
1.520440881763527097e+00 3.859926520598826460e-01
1.520961923847695463e+00 3.866453302858176011e-01
1.521482965931863607e+00 3.871363129979360496e-01
1.522004008016031973e+00 3.876139937965106808e-01
1.522525050100200339e+00 3.880891546130301184e-01
1.523046092184368705e+00 3.885436140849478082e-01
1.523567134268537071e+00 3.887880573359372427e-01
1.524088176352705437e+00 3.890198060343760811e-01
1.524609218436873803e+00 3.891904409763511374e-01
1.525130260521041947e+00 3.893155295975044283e-01
1.525651302605210313e+00 3.893041868628260294e-01
1.526172344689378679e+00 3.892433037034019883e-01
1.526693386773547045e+00 3.890823927367537127e-01
1.527214428857715411e+00 3.889107133629567947e-01
1.527735470941883777e+00 3.887236347181014517e-01
1.528256513026052144e+00 3.884823716815117844e-01
1.528777555110220510e+00 3.881852916473435555e-01
1.529298597194388654e+00 3.878748225694254592e-01
1.529819639278557020e+00 3.875544263144380386e-01
1.530340681362725386e+00 3.872361733904082226e-01
1.530861723446893752e+00 3.869191206181138987e-01
1.531382765531062118e+00 3.866384575066297846e-01
1.531903807615230484e+00 3.863710054419330353e-01
1.532424849699398850e+00 3.861738651954756407e-01
1.532945891783567216e+00 3.859926899429593772e-01
1.533466933867735360e+00 3.858437317139289391e-01
1.533987975951903726e+00 3.856985196550017925e-01
1.534509018036072092e+00 3.856818488136336542e-01
1.535030060120240458e+00 3.856740249932659181e-01
1.535551102204408824e+00 3.857623180412498298e-01
1.536072144288577190e+00 3.858597092469078782e-01
1.536593186372745556e+00 3.860142929212001528e-01
1.537114228456913700e+00 3.861758841895094885e-01
1.537635270541082066e+00 3.863629822272800496e-01
1.538156312625250433e+00 3.865618548824950595e-01
1.538677354709418799e+00 3.867885690858441361e-01
1.539198396793587165e+00 3.869957975654835791e-01
1.539719438877755531e+00 3.871714744206675718e-01
1.540240480961923897e+00 3.873132309045694277e-01
1.540761523046092041e+00 3.874154344353696322e-01
1.541282565130260407e+00 3.874592967510643304e-01
1.541803607214428773e+00 3.874539386725917023e-01
1.542324649298597139e+00 3.873243788673212951e-01
1.542845691382765505e+00 3.871197385638603938e-01
1.543366733466933871e+00 3.868619409002920229e-01
1.543887775551102237e+00 3.865818282530525951e-01
1.544408817635270603e+00 3.861152399788949086e-01
1.544929859719438747e+00 3.855976963887208786e-01
1.545450901803607113e+00 3.849609518720733536e-01
1.545971943887775479e+00 3.843059330279254282e-01
1.546492985971943845e+00 3.835299032748480386e-01
1.547014028056112211e+00 3.827420619169549232e-01
1.547535070140280578e+00 3.817587450658393444e-01
1.548056112224448944e+00 3.807780363863498829e-01
1.548577154308617310e+00 3.798140480931349039e-01
1.549098196392785454e+00 3.788311970385144223e-01
1.549619238476953820e+00 3.777658490763276533e-01
1.550140280561122186e+00 3.767280685607143909e-01
1.550661322645290552e+00 3.757637982787717656e-01
1.551182364729458918e+00 3.748208684073698893e-01
1.551703406813627284e+00 3.739170964294569743e-01
1.552224448897795650e+00 3.730780188539773445e-01
1.552745490981963794e+00 3.723242959164100863e-01
1.553266533066132160e+00 3.716739501877005525e-01
1.553787575150300526e+00 3.711222552497243088e-01
1.554308617234468892e+00 3.706547968734632548e-01
1.554829659318637258e+00 3.702453160180213532e-01
1.555350701402805624e+00 3.700542790591254128e-01
1.555871743486973990e+00 3.699693590389497855e-01
1.556392785571142134e+00 3.699889923998347374e-01
1.556913827655310500e+00 3.700426793249790292e-01
1.557434869739478867e+00 3.702835598704519171e-01
1.557955911823647233e+00 3.705613488572798153e-01
1.558476953907815599e+00 3.710516595415205288e-01
1.558997995991983965e+00 3.715612767657395232e-01
1.559519038076152331e+00 3.721850588729657128e-01
1.560040080160320697e+00 3.728231056326398174e-01
1.560561122244488841e+00 3.736321724690333523e-01
1.561082164328657207e+00 3.744454562464379910e-01
1.561603206412825573e+00 3.752839061182012270e-01
1.562124248496993939e+00 3.761214377769537265e-01
1.562645290581162305e+00 3.769573061685831394e-01
1.563166332665330671e+00 3.777722319072022161e-01
1.563687374749499037e+00 3.785434702381133554e-01
1.564208416833667403e+00 3.792738994222688009e-01
1.564729458917835547e+00 3.799433647539677272e-01
1.565250501002003913e+00 3.805575923741814637e-01
1.565771543086172279e+00 3.811123286240692964e-01
1.566292585170340645e+00 3.815533341996448780e-01
1.566813627254509012e+00 3.819054723160871800e-01
1.567334669338677378e+00 3.821838803357678338e-01
1.567855711422845744e+00 3.824211449910089877e-01
1.568376753507013888e+00 3.824561958252963856e-01
1.568897795591182254e+00 3.824137617495957375e-01
1.569418837675350620e+00 3.822500724115509008e-01
1.569939879759518986e+00 3.820568473347724092e-01
1.570460921843687352e+00 3.817407408882030340e-01
1.570981963927855718e+00 3.814087140544002441e-01
1.571503006012024084e+00 3.808310839875385656e-01
1.572024048096192450e+00 3.802433129062142148e-01
1.572545090180360594e+00 3.796222390786803680e-01
1.573066132264528960e+00 3.789919713638391641e-01
1.573587174348697326e+00 3.782966718849022358e-01
1.574108216432865692e+00 3.776053147432544277e-01
1.574629258517034058e+00 3.769277753554807209e-01
1.575150300601202424e+00 3.762610435301276257e-01
1.575671342685370790e+00 3.756203144680650419e-01
1.576192384769539157e+00 3.750184520941925448e-01
1.576713426853707301e+00 3.744827611863750239e-01
1.577234468937875667e+00 3.739700733988412518e-01
1.577755511022044033e+00 3.734854596421836592e-01
1.578276553106212399e+00 3.730480552594847565e-01
1.578797595190380765e+00 3.726523904012674082e-01
1.579318637274549131e+00 3.723432073268769793e-01
1.579839679358717497e+00 3.720889480205585853e-01
1.580360721442885641e+00 3.719300655952986756e-01
1.580881763527054007e+00 3.718135645152073065e-01
1.581402805611222373e+00 3.717976465155020116e-01
1.581923847695390739e+00 3.718112026008005833e-01
1.582444889779559105e+00 3.718835023679740170e-01
1.582965931863727471e+00 3.719657416444019926e-01
1.583486973947895837e+00 3.721472645631877518e-01
1.584008016032063981e+00 3.723342823340501928e-01
1.584529058116232347e+00 3.724340518843074488e-01
1.585050100200400713e+00 3.725351156425800725e-01
1.585571142284569079e+00 3.726500909451866406e-01
1.586092184368737446e+00 3.727515615070060018e-01
1.586613226452905812e+00 3.727906107671936642e-01
1.587134268537074178e+00 3.728001694683666933e-01
1.587655310621242544e+00 3.727250242568262983e-01
1.588176352705410910e+00 3.726112842610682652e-01
1.588697394789579054e+00 3.724221259415275154e-01
1.589218436873747420e+00 3.721654865733295403e-01
1.589739478957915786e+00 3.718153537991445434e-01
1.590260521042084152e+00 3.713490509512217264e-01
1.590781563126252518e+00 3.707666849458539082e-01
1.591302605210420884e+00 3.701399145364756005e-01
1.591823647294589250e+00 3.694810223713868580e-01
1.592344689378757394e+00 3.685934960071057809e-01
1.592865731462925760e+00 3.675894283494299253e-01
1.593386773547094126e+00 3.665273555264260130e-01
1.593907815631262492e+00 3.654455838784219646e-01
1.594428857715430858e+00 3.642819426453068332e-01
1.594949899799599224e+00 3.631011328851450615e-01
1.595470941883767590e+00 3.618215772634545968e-01
1.595991983967935735e+00 3.605322464307474939e-01
1.596513026052104101e+00 3.592164994439426828e-01
1.597034068136272467e+00 3.579025379367047344e-01
1.597555110220440833e+00 3.566092382164558483e-01
1.598076152304609199e+00 3.553325906878067597e-01
1.598597194388777565e+00 3.541499585306536746e-01
1.599118236472945931e+00 3.529601772165103513e-01
1.599639278557114075e+00 3.517455649112196103e-01
1.600160320641282441e+00 3.506412427417843758e-01
1.600681362725450807e+00 3.497836469920080349e-01
1.601202404809619173e+00 3.489721219225868087e-01
1.601723446893787539e+00 3.482329797738885624e-01
1.602244488977955905e+00 3.476108486423962751e-01
1.602765531062124271e+00 3.471208785597237334e-01
1.603286573146292637e+00 3.467853015640227632e-01
1.603807615230461003e+00 3.465760349062450563e-01
1.604328657314629147e+00 3.464529273450956404e-01
1.604849699398797513e+00 3.463802479084445718e-01
1.605370741482965879e+00 3.465696428587279332e-01
1.605891783567134246e+00 3.468650465683215667e-01
1.606412825651302612e+00 3.473882269767965547e-01
1.606933867735470978e+00 3.479709688263059042e-01
1.607454909819639344e+00 3.487192854482292215e-01
1.607975951903807488e+00 3.494912971616407904e-01
1.608496993987975854e+00 3.506211528797522070e-01
1.609018036072144220e+00 3.517721804662566898e-01
1.609539078156312586e+00 3.530547889718029242e-01
1.610060120240480952e+00 3.543597435330618772e-01
1.610581162324649318e+00 3.558416229584193680e-01
1.611102204408817684e+00 3.573244527080655653e-01
1.611623246492985828e+00 3.588126442426090579e-01
1.612144288577154194e+00 3.603152219269070700e-01
1.612665330661322560e+00 3.618574267475346828e-01
1.613186372745490926e+00 3.634041485378319281e-01
1.613707414829659292e+00 3.649599808213498386e-01
1.614228456913827658e+00 3.664508610364594632e-01
1.614749498997996024e+00 3.678583249319684612e-01
1.615270541082164391e+00 3.692429076993718473e-01
1.615791583166332535e+00 3.706065381527894331e-01
1.616312625250500901e+00 3.717185355307648376e-01
1.616833667334669267e+00 3.726625861723754651e-01
1.617354709418837633e+00 3.734702335004050355e-01
1.617875751503005999e+00 3.742136287392005545e-01
1.618396793587174365e+00 3.747089143847048831e-01
1.618917835671342731e+00 3.751263713597322580e-01
1.619438877755511097e+00 3.752343088044861608e-01
1.619959919839679241e+00 3.752841361980782109e-01
1.620480961923847607e+00 3.752289430013737159e-01
1.621002004008015973e+00 3.751630844850178947e-01
1.621523046092184339e+00 3.745938209455361156e-01
1.622044088176352705e+00 3.740138972862006583e-01
1.622565130260521071e+00 3.733153206782985900e-01
1.623086172344689437e+00 3.725868747237002232e-01
1.623607214428857581e+00 3.717065110754008694e-01
1.624128256513025947e+00 3.707453176185756538e-01
1.624649298597194313e+00 3.695365562808838322e-01
1.625170340681362680e+00 3.683193359893278118e-01
1.625691382765531046e+00 3.670838220629381032e-01
1.626212424849699412e+00 3.658460659162879325e-01
1.626733466933867778e+00 3.646046936986975240e-01
1.627254509018035922e+00 3.633942492716538131e-01
1.627775551102204288e+00 3.622161543522665061e-01
1.628296593186372654e+00 3.610396041122396760e-01
1.628817635270541020e+00 3.598644666610081866e-01
1.629338677354709386e+00 3.588364195363330511e-01
1.629859719438877752e+00 3.578876123635580941e-01
1.630380761523046118e+00 3.569964272005747841e-01
1.630901803607214484e+00 3.561267827761235849e-01
1.631422845691382850e+00 3.554134526931090887e-01
1.631943887775550994e+00 3.547366851008603161e-01
1.632464929859719360e+00 3.543475644660120660e-01
1.632985971943887726e+00 3.539932886742795382e-01
1.633507014028056092e+00 3.537853847184604383e-01
1.634028056112224458e+00 3.535961009041513337e-01
1.634549098196392825e+00 3.536624830425247890e-01
1.635070140280561191e+00 3.537436007137395033e-01
1.635591182364729335e+00 3.539199659550129606e-01
1.636112224448897701e+00 3.541282497255499595e-01
1.636633266533066067e+00 3.544533667163513591e-01
1.637154308617234433e+00 3.548406126740993316e-01
1.637675350701402799e+00 3.553757702168758859e-01
1.638196392785571165e+00 3.559427151311336246e-01
1.638717434869739531e+00 3.565624533111281802e-01
1.639238476953907675e+00 3.572128904088953116e-01
1.639759519038076041e+00 3.578995812844705804e-01
1.640280561122244407e+00 3.586418374885783633e-01
1.640801603206412773e+00 3.594319305077129934e-01
1.641322645290581139e+00 3.601781553363481714e-01
1.641843687374749505e+00 3.608970482581311257e-01
1.642364729458917871e+00 3.616449759147965515e-01
1.642885771543086015e+00 3.624053015318767224e-01
1.643406813627254381e+00 3.630589849925589530e-01
1.643927855711422747e+00 3.636822464534521515e-01
1.644448897795591114e+00 3.643159162427176412e-01
1.644969939879759480e+00 3.649509771028811578e-01
1.645490981963927846e+00 3.654355473342959515e-01
1.646012024048096212e+00 3.659092156747904556e-01
1.646533066132264578e+00 3.663263086186505091e-01
1.647054108216432944e+00 3.667296151020328909e-01
1.647575150300601088e+00 3.670157009108790946e-01
1.648096192384769454e+00 3.672828616476054853e-01
1.648617234468937820e+00 3.674672409233565862e-01
1.649138276553106186e+00 3.676405685057157480e-01
1.649659318637274552e+00 3.677836503799600254e-01
1.650180360721442918e+00 3.678928607693174868e-01
1.650701402805611284e+00 3.679381468334536609e-01
1.651222444889779428e+00 3.679423273340084455e-01
1.651743486973947794e+00 3.678913898812277705e-01
1.652264529058116160e+00 3.678092161788436010e-01
1.652785571142284526e+00 3.676967491278498867e-01
1.653306613226452892e+00 3.675666040617769914e-01
1.653827655310621259e+00 3.674240981777318060e-01
1.654348697394789625e+00 3.672180996794131014e-01
1.654869739478957769e+00 3.669807614636282911e-01
1.655390781563126135e+00 3.667549560160118238e-01
1.655911823647294501e+00 3.665329845042193946e-01
1.656432865731462867e+00 3.662115155840208192e-01
1.656953907815631233e+00 3.658698883379621902e-01
1.657474949899799599e+00 3.655019636478479272e-01
1.657995991983967965e+00 3.651316312456704960e-01
1.658517034068136331e+00 3.647363297688093753e-01
1.659038076152304697e+00 3.643308993259469775e-01
1.659559118236472841e+00 3.637990845457994005e-01
1.660080160320641207e+00 3.632655867747152656e-01
1.660601202404809573e+00 3.627215137404817269e-01
1.661122244488977939e+00 3.621252614304140138e-01
1.661643286573146305e+00 3.613588595658773772e-01
1.662164328657314671e+00 3.605883003402635678e-01
1.662685370741483037e+00 3.598080874642186067e-01
1.663206412825651181e+00 3.589798028666379981e-01
1.663727454909819548e+00 3.580779935861989616e-01
1.664248496993987914e+00 3.571215336378257832e-01
1.664769539078156280e+00 3.561051142713565487e-01
1.665290581162324646e+00 3.550274519971648446e-01
1.665811623246493012e+00 3.539013871459201210e-01
1.666332665330661378e+00 3.525379679381374642e-01
1.666853707414829522e+00 3.510405788018201578e-01
1.667374749498997888e+00 3.494821717095231706e-01
1.667895791583166254e+00 3.479002601964288344e-01
1.668416833667334620e+00 3.461989684094789466e-01
1.668937875751502986e+00 3.444681657454586876e-01
1.669458917835671352e+00 3.425251833839246807e-01
1.669979959919839718e+00 3.405541427027528045e-01
1.670501002004007862e+00 3.385068910137765119e-01
1.671022044088176228e+00 3.364442088178096757e-01
1.671543086172344594e+00 3.340951054337580883e-01
1.672064128256512960e+00 3.317146697657054055e-01
1.672585170340681326e+00 3.291033283206706295e-01
1.673106212424849693e+00 3.264407139172874062e-01
1.673627254509018059e+00 3.235759543302601515e-01
1.674148296593186425e+00 3.206174130212854356e-01
1.674669338677354791e+00 3.174207134880450143e-01
1.675190380761522935e+00 3.141814610394574325e-01
1.675711422845691301e+00 3.108669695953451551e-01
1.676232464929859667e+00 3.074248153043181442e-01
1.676753507014028033e+00 3.038249264123789040e-01
1.677274549098196399e+00 3.000885237241934234e-01
1.677795591182364765e+00 2.962287373573731508e-01
1.678316633266533131e+00 2.922084663860349818e-01
1.678837675350701275e+00 2.880859832523569586e-01
1.679358717434869641e+00 2.835608565609930021e-01
1.679879759519038007e+00 2.788543575774113936e-01
1.680400801603206373e+00 2.739562463061732678e-01
1.680921843687374739e+00 2.690017524229495471e-01
1.681442885771543105e+00 2.638532161018559141e-01
1.681963927855711471e+00 2.586723738228144387e-01
1.682484969939879615e+00 2.531533155893602727e-01
1.683006012024047982e+00 2.476071264005754169e-01
1.683527054108216348e+00 2.418133116704142827e-01
1.684048096192384714e+00 2.359892196586922952e-01
1.684569138276553080e+00 2.298387150801951551e-01
1.685090180360721446e+00 2.236164063018352965e-01
1.685611222444889812e+00 2.170363615359058307e-01
1.686132264529058178e+00 2.103956743899738913e-01
1.686653306613226544e+00 2.035756940865533493e-01
1.687174348697394688e+00 1.967268155108582994e-01
1.687695390781563054e+00 1.898144826540099084e-01
1.688216432865731420e+00 1.828854456177928245e-01
1.688737474949899786e+00 1.759350046808826895e-01
1.689258517034068152e+00 1.690002443345131888e-01
1.689779559118236518e+00 1.620801948830468131e-01
1.690300601202404884e+00 1.551293809100576515e-01
1.690821643286573028e+00 1.481575538845854023e-01
1.691342685370741394e+00 1.412395665312645154e-01
1.691863727454909760e+00 1.343521606064658203e-01
1.692384769539078126e+00 1.276585315458905467e-01
1.692905811623246493e+00 1.210344604814726360e-01
1.693426853707414859e+00 1.147463525175234367e-01
1.693947895791583225e+00 1.085350696781044177e-01
1.694468937875751369e+00 1.025521705634369202e-01
1.694989979959919735e+00 9.659697455327018178e-02
1.695511022044088101e+00 9.124668938793568940e-02
1.696032064128256467e+00 8.592968111480381310e-02
1.696553106212424833e+00 8.088902637186456968e-02
1.697074148296593199e+00 7.589868432114844909e-02
1.697595190380761565e+00 7.119836322670101969e-02
1.698116232464929709e+00 6.664167408474330756e-02
1.698637274549098075e+00 6.258052913468346856e-02
1.699158316633266441e+00 5.860803783705008374e-02
1.699679358717434807e+00 5.483463789295919821e-02
1.700200400801603173e+00 5.124917700894456724e-02
1.700721442885771539e+00 4.796518870920634531e-02
1.701242484969939905e+00 4.485236906673933238e-02
1.701763527054108271e+00 4.193584697062367750e-02
1.702284569138276638e+00 3.914618763078298036e-02
1.702805611222444782e+00 3.646139423527706286e-02
1.703326653306613148e+00 3.407195827713740272e-02
1.703847695390781514e+00 3.185923924437914639e-02
1.704368737474949880e+00 2.977545075594361171e-02
1.704889779559118246e+00 2.774512500491792613e-02
1.705410821643286612e+00 2.590277050981923054e-02
1.705931863727454978e+00 2.411154169105343345e-02
1.706452905811623122e+00 2.255753022868515686e-02
1.706973947895791488e+00 2.104008505256620490e-02
1.707494989979959854e+00 1.964018879952821386e-02
1.708016032064128220e+00 1.825341619472701724e-02
1.708537074148296586e+00 1.707533645341031622e-02
1.709058116232464952e+00 1.591288526439456341e-02
1.709579158316633318e+00 1.487114870728119438e-02
1.710100200400801462e+00 1.384724233860057212e-02
1.710621242484969828e+00 1.289688275937132637e-02
1.711142284569138194e+00 1.199634643506331845e-02
1.711663326653306560e+00 1.122773600748223910e-02
1.712184368737474927e+00 1.048019525659230761e-02
1.712705410821643293e+00 9.770817605488297738e-03
1.713226452905811659e+00 9.100873258054647738e-03
1.713747494989979803e+00 8.482250503889243037e-03
1.714268537074148391e+00 7.912522799165586096e-03
1.714789579158316535e+00 7.388585521136870234e-03
1.715310621242484901e+00 6.889579304398987629e-03
1.715831663326653267e+00 6.407630211361888158e-03
1.716352705410821633e+00 5.980354687731062428e-03
1.716873747494989999e+00 5.579314064262114008e-03
1.717394789579158365e+00 5.212262876805238282e-03
1.717915831663326731e+00 4.856099590816763574e-03
1.718436873747494875e+00 4.528219760958229582e-03
1.718957915831663241e+00 4.205956064346812878e-03
1.719478957915831607e+00 3.941135961584655775e-03
1.719999999999999973e+00 3.681422482836546953e-03
