3.680000000000000160e+00 7.290317286968424869e-03
3.680601202404809591e+00 7.617011625002741322e-03
3.681202404809619466e+00 7.964053669454539131e-03
3.681803607214428897e+00 8.351447019231277719e-03
3.682404809619238772e+00 8.738520732684645215e-03
3.683006012024048204e+00 9.125954149121151548e-03
3.683607214428858079e+00 9.569027023743782029e-03
3.684208416833667510e+00 1.002044511009248136e-02
3.684809619238476941e+00 1.048766390577088314e-02
3.685410821643286816e+00 1.095489444541941811e-02
3.686012024048096247e+00 1.142528445854725828e-02
3.686613226452906122e+00 1.205303662887748095e-02
3.687214428857715554e+00 1.268066256753262733e-02
3.687815631262524985e+00 1.330811952308646497e-02
3.688416833667334860e+00 1.397908252046423973e-02
3.689018036072144291e+00 1.467208474639509173e-02
3.689619238476954166e+00 1.545661911727152713e-02
3.690220440881763597e+00 1.624091197298077952e-02
3.690821643286573472e+00 1.702485509224919286e-02
3.691422845691382904e+00 1.793972166473330188e-02
3.692024048096192335e+00 1.891295214987662524e-02
3.692625250501002210e+00 1.996599317525247358e-02
3.693226452905811641e+00 2.102851091082170998e-02
3.693827655310621516e+00 2.210679697146799780e-02
3.694428857715430947e+00 2.335159090789772074e-02
3.695030060120240822e+00 2.466335221580047421e-02
3.695631262525050253e+00 2.597528190240203441e-02
3.696232464929859685e+00 2.735752461312928804e-02
3.696833667334669560e+00 2.885144960771070244e-02
3.697434869739478991e+00 3.054392662676926745e-02
3.698036072144288866e+00 3.231238523957143810e-02
3.698637274549098297e+00 3.408068657845293031e-02
3.699238476953908172e+00 3.598604186175302644e-02
3.699839679358717603e+00 3.809975250388575319e-02
3.700440881763527035e+00 4.028171625872638273e-02
3.701042084168336910e+00 4.249286471346393201e-02
3.701643286573146341e+00 4.475909232129859916e-02
3.702244488977956216e+00 4.726153132511883709e-02
3.702845691382765647e+00 5.010932823615218273e-02
3.703446893787575078e+00 5.295577710197418159e-02
3.704048096192384953e+00 5.583177433824233760e-02
3.704649298597194385e+00 5.905639431485888019e-02
3.705250501002004260e+00 6.252440155476780836e-02
3.705851703406813691e+00 6.633449518176492976e-02
3.706452905811623566e+00 7.014276839563103605e-02
3.707054108216432997e+00 7.401463901276340851e-02
3.707655310621242428e+00 7.854134558123609944e-02
3.708256513026052303e+00 8.314027166298137983e-02
3.708857715430861735e+00 8.783570468750888371e-02
3.709458917835671610e+00 9.264800795082077378e-02
3.710060120240481041e+00 9.763242777532743499e-02
3.710661322645290916e+00 1.038457092640175522e-01
3.711262525050100347e+00 1.100587134327707939e-01
3.711863727454909778e+00 1.162715679662713608e-01
3.712464929859719653e+00 1.229758496503067233e-01
3.713066132264529084e+00 1.298951267148483191e-01
3.713667334669338960e+00 1.374026771247294498e-01
3.714268537074148391e+00 1.449064525877674925e-01
3.714869739478958266e+00 1.524051027739574127e-01
3.715470941883767697e+00 1.612231580516199358e-01
3.716072144288577128e+00 1.704532554962903679e-01
3.716673346693387003e+00 1.800275644638568984e-01
3.717274549098196434e+00 1.897458392312656728e-01
3.717875751503006310e+00 1.996380114710315512e-01
3.718476953907815741e+00 2.104763561655096926e-01
3.719078156312625172e+00 2.215564170548086076e-01
3.719679358717435047e+00 2.326053097014469939e-01
3.720280561122244478e+00 2.441857479863107638e-01
3.720881763527054353e+00 2.563772169590023964e-01
3.721482965931863784e+00 2.694633048001280895e-01
3.722084168336673660e+00 2.827633151780643006e-01
3.722685370741483091e+00 2.960330766640845712e-01
3.723286573146292522e+00 3.096791887182716585e-01
3.723887775551102397e+00 3.237414411345359011e-01
3.724488977955911828e+00 3.378741590867153088e-01
3.725090180360721703e+00 3.520589494474948844e-01
3.725691382765531134e+00 3.664527317370780968e-01
3.726292585170341010e+00 3.812815908303907042e-01
3.726893787575150441e+00 3.965654015487092288e-01
3.727494989979959872e+00 4.119074881784282605e-01
3.728096192384769747e+00 4.271824958933410632e-01
3.728697394789579178e+00 4.420405780557487008e-01
3.729298597194389053e+00 4.567013227465018255e-01
3.729899799599198484e+00 4.711593520616114694e-01
3.730501002004008360e+00 4.856400265341475064e-01
3.731102204408817791e+00 5.000259728814627769e-01
3.731703406813627222e+00 5.139363869771640392e-01
3.732304609218437097e+00 5.277769586992021589e-01
3.732905811623246528e+00 5.415468911036799282e-01
3.733507014028056403e+00 5.547518099266185443e-01
3.734108216432865834e+00 5.675460672600348699e-01
3.734709418837675265e+00 5.789468646494481119e-01
3.735310621242485141e+00 5.903105732082030155e-01
3.735911823647294572e+00 6.016374156913917304e-01
3.736513026052104447e+00 6.118362518446658349e-01
3.737114228456913878e+00 6.216585300901211752e-01
3.737715430861723753e+00 6.307016946874854924e-01
3.738316633266533184e+00 6.397231854269159745e-01
3.738917835671342615e+00 6.487241414145604734e-01
3.739519038076152491e+00 6.561617968222084318e-01
3.740120240480961922e+00 6.633095464678788744e-01
3.740721442885771797e+00 6.702892015099053413e-01
3.741322645290581228e+00 6.768846278294471386e-01
3.741923847695391103e+00 6.831478948964940789e-01
3.742525050100200534e+00 6.878378527869576375e-01
3.743126252505009965e+00 6.923246936910971705e-01
3.743727454909819841e+00 6.969137480593800005e-01
3.744328657314629272e+00 7.009684859589575545e-01
3.744929859719439147e+00 7.045795443484836884e-01
3.745531062124248578e+00 7.075392569675027499e-01
3.746132264529058453e+00 7.104308254396319855e-01
3.746733466933867884e+00 7.133891126935278937e-01
3.747334669338677315e+00 7.155491801865754287e-01
3.747935871743487191e+00 7.170726636848274715e-01
3.748537074148296622e+00 7.184787949992923473e-01
3.749138276553106497e+00 7.198352998995050100e-01
3.749739478957915928e+00 7.210743298705053483e-01
3.750340681362725359e+00 7.219383874504535781e-01
3.750941883767535234e+00 7.225152613372317623e-01
3.751543086172344665e+00 7.230124531938622034e-01
3.752144288577154541e+00 7.233932319828710877e-01
3.752745490981963972e+00 7.234325687335427801e-01
3.753346693386773847e+00 7.233777265833455372e-01
3.753947895791583278e+00 7.232536489322787254e-01
3.754549098196392709e+00 7.230494158817115657e-01
3.755150300601202584e+00 7.227408236034158495e-01
3.755751503006012015e+00 7.221415951227990737e-01
3.756352705410821891e+00 7.215424974529217605e-01
3.756953907815631322e+00 7.209435104851099618e-01
3.757555110220441197e+00 7.201667504332280867e-01
3.758156312625250628e+00 7.193576570201114517e-01
3.758757515030060059e+00 7.184979345491178115e-01
3.759358717434869934e+00 7.176124514171838831e-01
3.759959919839679365e+00 7.167096602293474561e-01
3.760561122244489241e+00 7.156724664506844968e-01
3.761162324649298672e+00 7.145980678390732033e-01
3.761763527054108103e+00 7.134490149623482491e-01
3.762364729458917978e+00 7.123512024534447429e-01
3.762965931863727409e+00 7.112865533047236788e-01
3.763567134268537284e+00 7.101852125814566152e-01
3.764168336673346715e+00 7.090572533654495579e-01
3.764769539078156591e+00 7.078665964074246642e-01
3.765370741482966022e+00 7.067148008012013038e-01
3.765971943887775453e+00 7.055871100636873505e-01
3.766573146292585328e+00 7.044232363555341658e-01
3.767174348697394759e+00 7.032578303421305188e-01
3.767775551102204634e+00 7.020928882998280773e-01
3.768376753507014065e+00 7.008799039775973627e-01
3.768977955911823940e+00 6.996387148488429908e-01
3.769579158316633372e+00 6.985379551986937718e-01
3.770180360721442803e+00 6.974436474039088507e-01
3.770781563126252678e+00 6.963517836975682274e-01
3.771382765531062109e+00 6.953060819785036317e-01
3.771983967935871984e+00 6.942868001000758182e-01
3.772585170340681415e+00 6.931440576623173477e-01
3.773186372745491290e+00 6.920473661358123030e-01
3.773787575150300722e+00 6.910599458167741016e-01
3.774388777555110153e+00 6.901031376595673228e-01
3.774989979959920028e+00 6.891631243002237506e-01
3.775591182364729459e+00 6.882239129861520421e-01
3.776192384769539334e+00 6.872876541144008478e-01
3.776793587174348765e+00 6.863578268671425286e-01
3.777394789579158640e+00 6.855359193880614654e-01
3.777995991983968072e+00 6.847703980849593197e-01
3.778597194388777503e+00 6.840180954138692648e-01
3.779198396793587378e+00 6.833046418453435633e-01
3.779799599198396809e+00 6.826698053727520143e-01
3.780400801603206684e+00 6.819830300165721226e-01
3.781002004008016115e+00 6.812710122965893733e-01
3.781603206412825546e+00 6.807300151826217727e-01
3.782204408817635422e+00 6.802194079514072289e-01
3.782805611222444853e+00 6.797677643957111826e-01
3.783406813627254728e+00 6.793157852889101234e-01
3.784008016032064159e+00 6.788646178786312824e-01
3.784609218436874034e+00 6.784852005117143481e-01
3.785210420841683465e+00 6.781024482091467798e-01
3.785811623246492896e+00 6.777134620988830571e-01
3.786412825651302771e+00 6.774046394275287097e-01
3.787014028056112203e+00 6.771355130307712411e-01
3.787615230460922078e+00 6.769980531529536938e-01
3.788216432865731509e+00 6.768604539564014866e-01
3.788817635270541384e+00 6.767225991996324019e-01
3.789418837675350815e+00 6.766424893048522682e-01
3.790020040080160246e+00 6.765888766622971673e-01
3.790621242484970121e+00 6.765739367820975403e-01
3.791222444889779553e+00 6.765434392414219067e-01
3.791823647294589428e+00 6.764864780917062559e-01
3.792424849699398859e+00 6.765468627264094037e-01
3.793026052104208290e+00 6.766584469654165490e-01
3.793627254509018165e+00 6.768258004857303778e-01
3.794228456913827596e+00 6.770033178636287730e-01
3.794829659318637471e+00 6.771974486723962849e-01
3.795430861723446903e+00 6.774694470598900953e-01
3.796032064128256778e+00 6.777722508054714323e-01
3.796633266533066209e+00 6.780755095410442301e-01
3.797234468937875640e+00 6.783989008420628908e-01
3.797835671342685515e+00 6.787538368147855161e-01
3.798436873747494946e+00 6.791343187527618674e-01
3.799038076152304821e+00 6.795243921866167547e-01
3.799639278557114253e+00 6.799145015363174949e-01
3.800240480961924128e+00 6.803259720257742726e-01
3.800841683366733559e+00 6.807694946852865803e-01
3.801442885771542990e+00 6.812533561378081304e-01
3.802044088176352865e+00 6.817526891315323079e-01
3.802645290581162296e+00 6.822653418356265931e-01
3.803246492985972171e+00 6.827926180165724279e-01
3.803847695390781602e+00 6.833409909903007673e-01
3.804448897795591478e+00 6.838893241177996796e-01
3.805050100200400909e+00 6.844407250114146191e-01
3.805651302605210340e+00 6.850264488493771342e-01
3.806252505010020215e+00 6.856230099815768808e-01
3.806853707414829646e+00 6.862345834925825949e-01
3.807454909819639521e+00 6.868460897355262995e-01
3.808056112224448952e+00 6.874561131978755846e-01
3.808657314629258828e+00 6.880522958637079745e-01
3.809258517034068259e+00 6.886291154098647116e-01
3.809859719438877690e+00 6.891801848020031596e-01
3.810460921843687565e+00 6.897594694502197088e-01
3.811062124248496996e+00 6.903462906213954087e-01
3.811663326653306871e+00 6.909240727605345800e-01
3.812264529058116302e+00 6.915018314519457698e-01
3.812865731462925734e+00 6.920795798644930885e-01
3.813466933867735609e+00 6.926536256013139381e-01
3.814068136272545040e+00 6.932261263645193017e-01
3.814669338677354915e+00 6.937952031950938014e-01
3.815270541082164346e+00 6.943641611216150311e-01
3.815871743486974221e+00 6.949329894618822001e-01
3.816472945891783652e+00 6.954490162115307683e-01
3.817074148296593084e+00 6.959505924740823080e-01
3.817675350701402959e+00 6.964517129809104645e-01
3.818276553106212390e+00 6.969871404957130867e-01
3.818877755511022265e+00 6.975629624238522952e-01
3.819478957915831696e+00 6.980838222455147957e-01
3.820080160320641127e+00 6.985795315494347513e-01
3.820681362725451002e+00 6.990029694146052686e-01
3.821282565130260434e+00 6.994217518955503365e-01
3.821883767535070309e+00 6.998353503396512743e-01
3.822484969939879740e+00 7.002304085978028336e-01
3.823086172344689615e+00 7.006209773980095479e-01
3.823687374749499046e+00 7.010115018406746223e-01
3.824288577154308477e+00 7.013769801509097679e-01
3.824889779559118352e+00 7.017153110622669221e-01
3.825490981963927783e+00 7.020531512095099513e-01
3.826092184368737659e+00 7.023992154025181511e-01
3.826693386773547090e+00 7.027913755422872111e-01
3.827294589178356965e+00 7.031173199829349185e-01
3.827895791583166396e+00 7.033742972414757100e-01
3.828496993987975827e+00 7.036312408957320352e-01
3.829098196392785702e+00 7.038815748977265141e-01
3.829699398797595133e+00 7.040980874198139450e-01
3.830300601202405009e+00 7.043053941253654138e-01
3.830901803607214440e+00 7.045034868207937784e-01
3.831503006012024315e+00 7.046967905180160363e-01
3.832104208416833746e+00 7.048949907657712233e-01
3.832705410821643177e+00 7.051209868845180750e-01
3.833306613226453052e+00 7.052794366328961617e-01
3.833907815631262483e+00 7.053729330954729981e-01
3.834509018036072359e+00 7.055039959019493434e-01
3.835110220440881790e+00 7.056411736067814688e-01
3.835711422845691665e+00 7.057752722481174246e-01
3.836312625250501096e+00 7.059093518627862496e-01
3.836913827655310527e+00 7.060434124498701225e-01
3.837515030060120402e+00 7.062441127790440865e-01
3.838116232464929833e+00 7.064386573393984792e-01
3.838717434869739709e+00 7.065609727211883406e-01
3.839318637274549140e+00 7.066837586162707519e-01
3.839919839679359015e+00 7.068069603044194738e-01
3.840521042084168446e+00 7.069695209783851686e-01
3.841122244488977877e+00 7.071294053199924656e-01
3.841723446893787752e+00 7.072550666173264000e-01
3.842324649298597183e+00 7.074270817170710268e-01
3.842925851703407059e+00 7.076386054757188848e-01
3.843527054108216490e+00 7.077735690616679953e-01
3.844128256513025921e+00 7.078977534453803067e-01
3.844729458917835796e+00 7.080219186473798443e-01
3.845330661322645227e+00 7.081553594346974290e-01
3.845931863727455102e+00 7.082963980504098922e-01
3.846533066132264533e+00 7.084411321778918413e-01
3.847134268537074409e+00 7.086068124132383073e-01
3.847735470941883840e+00 7.088436828756424779e-01
3.848336673346693271e+00 7.090578156316177383e-01
3.848937875751503146e+00 7.092540475561234237e-01
3.849539078156312577e+00 7.094498916659726095e-01
3.850140280561122452e+00 7.096496199254208603e-01
3.850741482965931883e+00 7.098623303627092929e-01
3.851342685370741314e+00 7.101361422660845690e-01
3.851943887775551190e+00 7.104561054977505119e-01
3.852545090180360621e+00 7.106970976073422319e-01
3.853146292585170496e+00 7.109392600375690208e-01
3.853747494989979927e+00 7.112104508489325294e-01
3.854348697394789802e+00 7.114867494576282425e-01
3.854949899799599233e+00 7.117667375848139022e-01
3.855551102204408664e+00 7.120471558057086536e-01
3.856152304609218540e+00 7.123609171295688380e-01
3.856753507014027971e+00 7.127729240396891708e-01
3.857354709418837846e+00 7.131078579207766888e-01
3.857955911823647277e+00 7.133891283147618667e-01
3.858557114228457152e+00 7.136747415668115435e-01
3.859158316633266583e+00 7.139620300101395811e-01
3.859759519038076014e+00 7.142531072766511446e-01
3.860360721442885890e+00 7.145993555574953193e-01
3.860961923847695321e+00 7.149824047455731746e-01
3.861563126252505196e+00 7.152683720956326541e-01
3.862164328657314627e+00 7.155473566076133718e-01
3.862765531062124502e+00 7.158253164094993126e-01
3.863366733466933933e+00 7.161032574492873781e-01
3.863967935871743364e+00 7.163811735785088342e-01
3.864569138276553240e+00 7.167404053158609178e-01
3.865170340681362671e+00 7.170796254741576004e-01
3.865771543086172546e+00 7.173565126315156748e-01
3.866372745490981977e+00 7.176185648790464056e-01
3.866973947895791852e+00 7.178715017851294844e-01
3.867575150300601283e+00 7.181096080076135868e-01
3.868176352705410714e+00 7.183728428178063341e-01
3.868777555110220590e+00 7.186983333576497657e-01
3.869378757515030021e+00 7.189609712251787688e-01
3.869979959919839896e+00 7.191866583074343344e-01
3.870581162324649327e+00 7.193564993362639992e-01
3.871182364729458758e+00 7.195148670440933980e-01
3.871783567134268633e+00 7.196513154970777260e-01
3.872384769539078064e+00 7.197980690713521312e-01
3.872985971943887940e+00 7.199505840591553518e-01
3.873587174348697371e+00 7.200173787492478716e-01
3.874188376753507246e+00 7.200623243455581690e-01
3.874789579158316677e+00 7.200638438025179777e-01
3.875390781563126108e+00 7.200382429930021200e-01
3.875991983967935983e+00 7.199980150599780693e-01
3.876593186372745414e+00 7.200448362455823537e-01
3.877194388777555289e+00 7.200328434177319936e-01
3.877795591182364721e+00 7.198952638264423110e-01
3.878396793587174596e+00 7.197889663995954423e-01
3.878997995991984027e+00 7.196988109520495724e-01
3.879599198396793458e+00 7.195375611894776480e-01
3.880200400801603333e+00 7.193902205555182672e-01
3.880801603206412764e+00 7.192711947917422854e-01
3.881402805611222639e+00 7.190931709998299448e-01
3.882004008016032071e+00 7.188857874626304323e-01
3.882605210420841502e+00 7.186285831523674394e-01
3.883206412825651377e+00 7.183750829003384686e-01
3.883807615230460808e+00 7.181285815226957636e-01
3.884408817635270683e+00 7.179117348778669694e-01
3.885010020040080114e+00 7.177064553668184299e-01
3.885611222444889989e+00 7.173607469753411348e-01
3.886212424849699421e+00 7.170149226415244437e-01
3.886813627254508852e+00 7.166688594366599219e-01
3.887414829659318727e+00 7.163099316425637353e-01
3.888016032064128158e+00 7.159463693217373859e-01
3.888617234468938033e+00 7.156233746398230622e-01
3.889218436873747464e+00 7.152858049936708928e-01
3.889819639278557339e+00 7.149228412992495452e-01
3.890420841683366771e+00 7.145110196962027871e-01
3.891022044088176202e+00 7.140779890571244959e-01
3.891623246492986077e+00 7.136371840716335679e-01
3.892224448897795508e+00 7.131966130727666053e-01
3.892825651302605383e+00 7.127564036015648918e-01
3.893426853707414814e+00 7.123485777409505060e-01
3.894028056112224689e+00 7.119498226799505503e-01
3.894629258517034121e+00 7.114681219987035732e-01
3.895230460921843552e+00 7.109876785942463862e-01
3.895831663326653427e+00 7.105092292062950010e-01
3.896432865731462858e+00 7.100341844771345112e-01
3.897034068136272733e+00 7.095654425885511429e-01
3.897635270541082164e+00 7.091792248630440776e-01
3.898236472945892039e+00 7.087771215591319729e-01
3.898837675350701470e+00 7.083505560934533207e-01
3.899438877755510902e+00 7.078452040601072026e-01
3.900040080160320777e+00 7.073094835328062047e-01
3.900641282565130208e+00 7.067559223403132584e-01
3.901242484969940083e+00 7.061507050871353997e-01
3.901843687374749514e+00 7.054689124769962794e-01
3.902444889779558945e+00 7.047868942721290386e-01
3.903046092184368820e+00 7.040926098634947561e-01
3.903647294589178252e+00 7.032505895637382043e-01
3.904248496993988127e+00 7.023640951143348410e-01
3.904849699398797558e+00 7.014141594407358182e-01
3.905450901803607433e+00 7.003644348177942014e-01
3.906052104208416864e+00 6.992407146094928860e-01
3.906653306613226295e+00 6.976850122928895948e-01
3.907254509018036170e+00 6.960797641937730429e-01
3.907855711422845602e+00 6.944069334679966454e-01
3.908456913827655477e+00 6.926533353962472939e-01
3.909058116232464908e+00 6.907821623206383821e-01
3.909659318637274339e+00 6.880473204025453482e-01
3.910260521042084214e+00 6.853368289063574981e-01
3.910861723446893645e+00 6.826577863348112230e-01
3.911462925851703520e+00 6.795267062174064066e-01
3.912064128256512952e+00 6.761844775823198095e-01
3.912665330661322827e+00 6.722094376193171739e-01
3.913266533066132258e+00 6.682358586728487371e-01
3.913867735470941689e+00 6.642640068708391965e-01
3.914468937875751564e+00 6.590744615325668798e-01
3.915070140280560995e+00 6.534956370955664617e-01
3.915671342685370870e+00 6.475727881432463695e-01
3.916272545090180301e+00 6.415060063742262786e-01
3.916873747494990177e+00 6.352648071407106523e-01
3.917474949899799608e+00 6.278865549867883589e-01
3.918076152304609039e+00 6.202008818833835146e-01
3.918677354709418914e+00 6.124816618196097240e-01
3.919278557114228345e+00 6.043122657094163186e-01
3.919879759519038220e+00 5.956192417368958436e-01
3.920480961923847651e+00 5.860351516667945404e-01
3.921082164328657527e+00 5.762340942232780927e-01
3.921683366733466958e+00 5.664642753918145424e-01
3.922284569138276389e+00 5.557932173247829288e-01
3.922885771543086264e+00 5.441193631738759917e-01
3.923486973947895695e+00 5.320738134558316013e-01
3.924088176352705570e+00 5.199073435013977784e-01
3.924689378757515001e+00 5.075400879198116444e-01
3.925290581162324877e+00 4.947365116530253459e-01
3.925891783567134308e+00 4.814646100081977353e-01
3.926492985971943739e+00 4.681691848976001213e-01
3.927094188376753614e+00 4.547772980858439951e-01
3.927695390781563045e+00 4.408881116110888176e-01
3.928296593186372920e+00 4.267313657519368753e-01
3.928897795591182351e+00 4.122967593971700873e-01
3.929498997995992227e+00 3.978170098095126228e-01
3.930100200400801658e+00 3.834583070840777985e-01
3.930701402805611089e+00 3.697439782912951278e-01
3.931302605210420964e+00 3.560578120333232621e-01
3.931903807615230395e+00 3.424008351653021753e-01
3.932505010020040270e+00 3.288267445038342562e-01
3.933106212424849701e+00 3.153419531679494958e-01
3.933707414829659577e+00 3.021954111143830279e-01
3.934308617234469008e+00 2.890586612774059816e-01
3.934909819639278439e+00 2.759299747239595813e-01
3.935511022044088314e+00 2.637702552778887766e-01
3.936112224448897745e+00 2.519285206841440083e-01
3.936713426853707176e+00 2.407217487858973604e-01
3.937314629258517051e+00 2.295146779505165824e-01
3.937915831663326482e+00 2.183074526728236431e-01
3.938517034068136358e+00 2.081309021588760300e-01
3.939118236472945789e+00 1.981398912995988859e-01
3.939719438877755664e+00 1.882289301357178424e-01
3.940320641282565095e+00 1.786384854690068469e-01
3.940921843687374526e+00 1.693294332040179151e-01
3.941523046092184401e+00 1.612607446569532532e-01
3.942124248496993832e+00 1.533752995500023142e-01
3.942725450901803708e+00 1.454807868941470905e-01
3.943326653306613139e+00 1.380058305589974554e-01
3.943927855711423014e+00 1.308837676659896088e-01
3.944529058116232445e+00 1.242105378590668413e-01
3.945130260521041876e+00 1.176006829304791640e-01
3.945731462925851751e+00 1.109957025344183307e-01
3.946332665330661182e+00 1.052486554781961042e-01
3.946933867735471058e+00 1.001951383756299885e-01
3.947535070140280489e+00 9.514112407731965815e-02
3.948136272545090364e+00 9.015451864344813104e-02
3.948737474949899795e+00 8.539622752057011990e-02
3.949338677354709226e+00 8.099363349127031153e-02
3.949939879759519101e+00 7.686805567186848209e-02
3.950541082164328532e+00 7.274411686416526468e-02
3.951142284569138408e+00 6.878837274842806992e-02
3.951743486973947839e+00 6.537444795498222050e-02
3.952344689378757714e+00 6.213739066298993446e-02
3.952945891783567145e+00 5.903184511678651741e-02
3.953547094188376576e+00 5.592433383675416564e-02
3.954148296593186451e+00 5.298307462037938481e-02
3.954749498997995882e+00 5.055034098408558996e-02
3.955350701402805758e+00 4.811945100679723003e-02
3.955951903807615189e+00 4.568971992788988662e-02
3.956553106212425064e+00 4.338304253278908035e-02
3.957154308617234495e+00 4.116815920602596296e-02
3.957755511022043926e+00 3.918800022637963093e-02
3.958356713426853801e+00 3.720930346432917146e-02
3.958957915831663232e+00 3.523148691509606079e-02
3.959559118236473108e+00 3.356597271142047756e-02
3.960160320641282539e+00 3.196370443361946923e-02
3.960761523046092414e+00 3.047015578236145217e-02
3.961362725450901845e+00 2.897542608275534282e-02
3.961963927855711276e+00 2.747999468057144359e-02
3.962565130260521151e+00 2.623939253496296656e-02
3.963166332665330582e+00 2.501542724236722331e-02
3.963767535070140458e+00 2.379202964139957507e-02
3.964368737474949889e+00 2.264126638680032458e-02
3.964969939879759320e+00 2.153629320206568512e-02
3.965571142284569195e+00 2.059661529461606980e-02
3.966172344689378626e+00 1.966591499013808225e-02
3.966773547094188501e+00 1.873562293177606988e-02
3.967374749498997932e+00 1.787832652471062905e-02
3.967975951903807363e+00 1.706516972594892059e-02
3.968577154308617239e+00 1.629960698844549333e-02
3.969178356713426670e+00 1.554138694232641386e-02
3.969779559118236545e+00 1.479591837295593168e-02
3.970380761523045976e+00 1.415665060381823305e-02
3.970981963927855851e+00 1.357899564561152947e-02
3.971583166332665282e+00 1.300223745422999372e-02
3.972184368737474713e+00 1.243762981184374193e-02
3.972785571142284589e+00 1.190052760540369174e-02
3.973386773547094020e+00 1.140421124106525720e-02
3.973987975951903895e+00 1.093038669749082578e-02
3.974589178356713326e+00 1.045443258289932911e-02
3.975190380761523201e+00 1.000492222799532170e-02
3.975791583166332632e+00 9.612568420176404241e-03
3.976392785571142063e+00 9.234455022906658261e-03
3.976993987975951939e+00 8.863877834283226745e-03
3.977595190380761370e+00 8.498227971061311781e-03
3.978196392785571245e+00 8.149224756717532436e-03
3.978797595190380676e+00 7.834427237289196683e-03
3.979398797595190551e+00 7.520095504553295056e-03
3.979999999999999982e+00 7.205981284357194233e-03
