1.000000000000000000e+00 3.089213948997547241e-02
1.000621242484969864e+00 3.424429282318700030e-02
1.001242484969939950e+00 3.733945975918114696e-02
1.001863727454909814e+00 4.002095281351152056e-02
1.002484969939879678e+00 4.279537942345654211e-02
1.003106212424849764e+00 4.570218000040136841e-02
1.003727454909819627e+00 4.908616977055280106e-02
1.004348697394789491e+00 5.264465020079406310e-02
1.004969939879759577e+00 5.634604194452846881e-02
1.005591182364729441e+00 6.092317542830323618e-02
1.006212424849699305e+00 6.574332922215793407e-02
1.006833667334669391e+00 7.092706607296551946e-02
1.007454909819639255e+00 7.683359871361614135e-02
1.008076152304609119e+00 8.315137603135028255e-02
1.008697394789579205e+00 9.038338703576172251e-02
1.009318637274549069e+00 9.827304662527207302e-02
1.009939879759518933e+00 1.067979741781596853e-01
1.010561122244489018e+00 1.164752125208514261e-01
1.011182364729458882e+00 1.265465179632288828e-01
1.011803607214428968e+00 1.372086829119845697e-01
1.012424849699398832e+00 1.488161580787157323e-01
1.013046092184368696e+00 1.609415470666605841e-01
1.013667334669338782e+00 1.736397027269089288e-01
1.014288577154308646e+00 1.862410789556351587e-01
1.014909819639278510e+00 1.987212620171239508e-01
1.015531062124248596e+00 2.103139177262947079e-01
1.016152304609218460e+00 2.212972939961939389e-01
1.016773547094188324e+00 2.307778456668346523e-01
1.017394789579158410e+00 2.388918201453566204e-01
1.018016032064128273e+00 2.461571005983942129e-01
1.018637274549098137e+00 2.506603432582091839e-01
1.019258517034068223e+00 2.543096554039616097e-01
1.019879759519038087e+00 2.567434348494217478e-01
1.020501002004007951e+00 2.580110144704788055e-01
1.021122244488978037e+00 2.589342271550213459e-01
1.021743486973947901e+00 2.595919462874485828e-01
1.022364729458917765e+00 2.602239966298359741e-01
1.022985971943887851e+00 2.608379972723380846e-01
1.023607214428857715e+00 2.617279899857805070e-01
1.024228456913827578e+00 2.626277864326402867e-01
1.024849699398797664e+00 2.635320775331852494e-01
1.025470941883767528e+00 2.639939690862380117e-01
1.026092184368737392e+00 2.642258725265920760e-01
1.026713426853707478e+00 2.639532462151366055e-01
1.027334669338677342e+00 2.637138480496054593e-01
1.027955911823647206e+00 2.635022979034184476e-01
1.028577154308617292e+00 2.635170629759578387e-01
1.029198396793587156e+00 2.635777131464067669e-01
1.029819639278557020e+00 2.637015282182740283e-01
1.030440881763527106e+00 2.641728836841328310e-01
1.031062124248496970e+00 2.648541936546496833e-01
1.031683366733466833e+00 2.661397275175240162e-01
1.032304609218436919e+00 2.677889152852989674e-01
1.032925851703406783e+00 2.698186724640744272e-01
1.033547094188376647e+00 2.717861854947759559e-01
1.034168336673346733e+00 2.738938210340122192e-01
1.034789579158316597e+00 2.763934353266944699e-01
1.035410821643286683e+00 2.786602748352445258e-01
1.036032064128256547e+00 2.808027726546090119e-01
1.036653306613226411e+00 2.828084988416635359e-01
1.037274549098196497e+00 2.845933095237973554e-01
1.037895791583166361e+00 2.860954231575015272e-01
1.038517034068136224e+00 2.876961101217448968e-01
1.039138276553106310e+00 2.892589760813197297e-01
1.039759519038076174e+00 2.906104110510177585e-01
1.040380761523046038e+00 2.917296197114160883e-01
1.041002004008016124e+00 2.927008018776283138e-01
1.041623246492985988e+00 2.932650114901070859e-01
1.042244488977955852e+00 2.938790490758707574e-01
1.042865731462925938e+00 2.945701178267467468e-01
1.043486973947895802e+00 2.953945743733881746e-01
1.044108216432865666e+00 2.962679359025924830e-01
1.044729458917835752e+00 2.971944809687188660e-01
1.045350701402805615e+00 2.980015492986073933e-01
1.045971943887775479e+00 2.987161213144380323e-01
1.046593186372745565e+00 2.991463506978905285e-01
1.047214428857715429e+00 2.997957971158615176e-01
1.047835671342685293e+00 3.008890779523782921e-01
1.048456913827655379e+00 3.019979022011969327e-01
1.049078156312625243e+00 3.030953244974125549e-01
1.049699398797595107e+00 3.040657891468732665e-01
1.050320641282565193e+00 3.048319506741691831e-01
1.050941883767535057e+00 3.054055171157631920e-01
1.051563126252504921e+00 3.060558993510667514e-01
1.052184368737475006e+00 3.068305864576166275e-01
1.052805611222444870e+00 3.078812845096408624e-01
1.053426853707414734e+00 3.092369742422261258e-01
1.054048096192384820e+00 3.107335899408890101e-01
1.054669338677354684e+00 3.122268929346466160e-01
1.055290581162324770e+00 3.139090708808241481e-01
1.055911823647294634e+00 3.158070628742289387e-01
1.056533066132264498e+00 3.172253960978907994e-01
1.057154308617234584e+00 3.185272959181060237e-01
1.057775551102204448e+00 3.197123458809371654e-01
1.058396793587174312e+00 3.205300430767558106e-01
1.059018036072144398e+00 3.211283654815813016e-01
1.059639278557114261e+00 3.213657197133348853e-01
1.060260521042084125e+00 3.215278807148658213e-01
1.060881763527054211e+00 3.215858082877280366e-01
1.061503006012024075e+00 3.216171112393588216e-01
1.062124248496993939e+00 3.215427880188713172e-01
1.062745490981964025e+00 3.210733883680347844e-01
1.063366733466933889e+00 3.205957514317214208e-01
1.063987975951903753e+00 3.201112645614907493e-01
1.064609218436873839e+00 3.192894622189595966e-01
1.065230460921843703e+00 3.186326616811973045e-01
1.065851703406813566e+00 3.182716880594181896e-01
1.066472945891783652e+00 3.175395653759330861e-01
1.067094188376753516e+00 3.167342850818658517e-01
1.067715430861723380e+00 3.161881250329126036e-01
1.068336673346693466e+00 3.152789212268873320e-01
1.068957915831663330e+00 3.140599115613189607e-01
1.069579158316633194e+00 3.128368453124276138e-01
1.070200400801603280e+00 3.115522756058843323e-01
1.070821643286573144e+00 3.101442376228146780e-01
1.071442885771543008e+00 3.088554810801859563e-01
1.072064128256513094e+00 3.076397648527112727e-01
1.072685370741482958e+00 3.066700030214061790e-01
1.073306613226452821e+00 3.057276999587738575e-01
1.073927855711422907e+00 3.048141088360773465e-01
1.074549098196392771e+00 3.041274220369388770e-01
1.075170340681362635e+00 3.036111733080650299e-01
1.075791583166332721e+00 3.034735385005402630e-01
1.076412825651302585e+00 3.030747042236257016e-01
1.077034068136272449e+00 3.025576458067701369e-01
1.077655310621242535e+00 3.023080891833009876e-01
1.078276553106212399e+00 3.017262516215661328e-01
1.078897795591182485e+00 3.007285834087171650e-01
1.079519038076152349e+00 3.002301864828322286e-01
1.080140280561122212e+00 2.998639706689762985e-01
1.080761523046092298e+00 2.996184217620008750e-01
1.081382765531062162e+00 2.995252891192548006e-01
1.082004008016032026e+00 2.995292508792523067e-01
1.082625250501002112e+00 2.998721145950062339e-01
1.083246492985971976e+00 3.003345016973837378e-01
1.083867735470941840e+00 3.009792846034717306e-01
1.084488977955911926e+00 3.023926191512471551e-01
1.085110220440881790e+00 3.040057562776738442e-01
1.085731462925851654e+00 3.055680156522452839e-01
1.086352705410821740e+00 3.073585684490916514e-01
1.086973947895791603e+00 3.093250549436983854e-01
1.087595190380761467e+00 3.111659269697997776e-01
1.088216432865731553e+00 3.129642142157543772e-01
1.088837675350701417e+00 3.146896155491930580e-01
1.089458917835671281e+00 3.163224304540488974e-01
1.090080160320641367e+00 3.178597617908695550e-01
1.090701402805611231e+00 3.189610109777287761e-01
1.091322645290581095e+00 3.205759843131087417e-01
1.091943887775551181e+00 3.226691095380509466e-01
1.092565130260521045e+00 3.246069593552101118e-01
1.093186372745490909e+00 3.267508596872893412e-01
1.093807615230460994e+00 3.294077996320892709e-01
1.094428857715430858e+00 3.315212244897722260e-01
1.095050100200400722e+00 3.333721644404624707e-01
1.095671342685370808e+00 3.349981500500142650e-01
1.096292585170340672e+00 3.365873301031036546e-01
1.096913827655310758e+00 3.381346457054767440e-01
1.097535070140280622e+00 3.393342989544309019e-01
1.098156312625250486e+00 3.405413313784034779e-01
1.098777555110220572e+00 3.419344293016437497e-01
1.099398797595190436e+00 3.433538388440982025e-01
1.100020040080160300e+00 3.447915361963211356e-01
1.100641282565130386e+00 3.462934614687630530e-01
1.101262525050100249e+00 3.477385626792897644e-01
1.101883767535070113e+00 3.491044616699343073e-01
1.102505010020040199e+00 3.499785648092828549e-01
1.103126252505010063e+00 3.507846899929401574e-01
1.103747494989979927e+00 3.517669885268877028e-01
1.104368737474950013e+00 3.526733411406806074e-01
1.104989979959919877e+00 3.535279369659483639e-01
1.105611222444889741e+00 3.548186389925039874e-01
1.106232464929859827e+00 3.559089372876412805e-01
1.106853707414829691e+00 3.566494571345707465e-01
1.107474949899799554e+00 3.575676511271114189e-01
1.108096192384769640e+00 3.584603668748058136e-01
1.108717434869739504e+00 3.589083476748798351e-01
1.109338677354709368e+00 3.592119505081309838e-01
1.109959919839679454e+00 3.593946921634962322e-01
1.110581162324649318e+00 3.593378685367624725e-01
1.111202404809619182e+00 3.592789100480521247e-01
1.111823647294589268e+00 3.592510720318695672e-01
1.112444889779559132e+00 3.596199222514100957e-01
1.113066132264528996e+00 3.600587430523169430e-01
1.113687374749499082e+00 3.597586873817096853e-01
1.114308617234468946e+00 3.593630100649567449e-01
1.114929859719438809e+00 3.588702413641300382e-01
1.115551102204408895e+00 3.580080435391612137e-01
1.116172344689378759e+00 3.569996921101807885e-01
1.116793587174348623e+00 3.557366866533023253e-01
1.117414829659318709e+00 3.546997836722564634e-01
1.118036072144288573e+00 3.537809234561482552e-01
1.118657314629258437e+00 3.529692879442034026e-01
1.119278557114228523e+00 3.525432146703742498e-01
1.119899799599198387e+00 3.525936812818661892e-01
1.120521042084168251e+00 3.524357676728792632e-01
1.121142284569138337e+00 3.521754481402427084e-01
1.121763527054108200e+00 3.517071372578438049e-01
1.122384769539078064e+00 3.518715261060323396e-01
1.123006012024048150e+00 3.524262090619811882e-01
1.123627254509018014e+00 3.530144109288315679e-01
1.124248496993988100e+00 3.539307677455527656e-01
1.124869739478957964e+00 3.553405414123831374e-01
1.125490981963927828e+00 3.564231527242253672e-01
1.126112224448897914e+00 3.574669883149642624e-01
1.126733466933867778e+00 3.587263994999250194e-01
1.127354709418837642e+00 3.599464861306195806e-01
1.127975951903807728e+00 3.611373890617090021e-01
1.128597194388777591e+00 3.619012352173955893e-01
1.129218436873747455e+00 3.627178385142246775e-01
1.129839679358717541e+00 3.636631396423379292e-01
1.130460921843687405e+00 3.646282148866510919e-01
1.131082164328657269e+00 3.657188201717411768e-01
1.131703406813627355e+00 3.675848030716903914e-01
1.132324649298597219e+00 3.691183770161521327e-01
1.132945891783567083e+00 3.703476579201493979e-01
1.133567134268537169e+00 3.716017557581787201e-01
1.134188376753507033e+00 3.728042523786443407e-01
1.134809619238476897e+00 3.738806080052113345e-01
1.135430861723446982e+00 3.749470384637392795e-01
1.136052104208416846e+00 3.759794539529507373e-01
1.136673346693386710e+00 3.766811285984763558e-01
1.137294589178356796e+00 3.773319828054279568e-01
1.137915831663326660e+00 3.779262222210840738e-01
1.138537074148296746e+00 3.788616176047406858e-01
1.139158316633266610e+00 3.798433739831025835e-01
1.139779559118236474e+00 3.808022754811418720e-01
1.140400801603206560e+00 3.817390381277055988e-01
1.141022044088176424e+00 3.826577946938419794e-01
1.141643286573146288e+00 3.834074529351633731e-01
1.142264529058116374e+00 3.842331268531375965e-01
1.142885771543086237e+00 3.851613106549548471e-01
1.143507014028056101e+00 3.864002578813248157e-01
1.144128256513026187e+00 3.875881916713229125e-01
1.144749498997996051e+00 3.883064851943711093e-01
1.145370741482965915e+00 3.901372257466179660e-01
1.145991983967936001e+00 3.927224087287710663e-01
1.146613226452905865e+00 3.940458111790919871e-01
1.147234468937875729e+00 3.953626353732601073e-01
1.147855711422845815e+00 3.966948413988206079e-01
1.148476953907815679e+00 3.978126260819399573e-01
1.149098196392785542e+00 3.989678479463279470e-01
1.149719438877755628e+00 4.006657351462906691e-01
1.150340681362725492e+00 4.023355034284019083e-01
1.150961923847695356e+00 4.039827335479383996e-01
1.151583166332665442e+00 4.045165437422013621e-01
1.152204408817635306e+00 4.053620549095828807e-01
1.152825651302605170e+00 4.069921414464899856e-01
1.153446893787575256e+00 4.085071240451537689e-01
1.154068136272545120e+00 4.100227317534588245e-01
1.154689378757514984e+00 4.119032341771552419e-01
1.155310621242485070e+00 4.132289974242274733e-01
1.155931863727454934e+00 4.139991939664461329e-01
1.156553106212424797e+00 4.154708094462887802e-01
1.157174348697394883e+00 4.169989178960907816e-01
1.157795591182364747e+00 4.184479784658923229e-01
1.158416833667334611e+00 4.197004438636194323e-01
1.159038076152304697e+00 4.208479702809422296e-01
1.159659318637274561e+00 4.218572647836967837e-01
1.160280561122244425e+00 4.228899963524067607e-01
1.160901803607214511e+00 4.239511290296282819e-01
1.161523046092184375e+00 4.250777862189245027e-01
1.162144288577154239e+00 4.261768588168127758e-01
1.162765531062124325e+00 4.271419495698679514e-01
1.163386773547094188e+00 4.281161899690956729e-01
1.164008016032064052e+00 4.290971384224631646e-01
1.164629258517034138e+00 4.301423758428141175e-01
1.165250501002004002e+00 4.311709864651606661e-01
1.165871743486973866e+00 4.321746872609945611e-01
1.166492985971943952e+00 4.331195771631611291e-01
1.167114228456913816e+00 4.340965824011511209e-01
1.167735470941883680e+00 4.352827122231047730e-01
1.168356713426853766e+00 4.368103140862416023e-01
1.168977955911823630e+00 4.385921346191409276e-01
1.169599198396793716e+00 4.401613271169289576e-01
1.170220440881763579e+00 4.415619974805089498e-01
1.170841683366733443e+00 4.426686058269259094e-01
1.171462925851703529e+00 4.431773917140460206e-01
1.172084168336673393e+00 4.434772276750988396e-01
1.172705410821643257e+00 4.437492275470098502e-01
1.173326653306613343e+00 4.440586657653191605e-01
1.173947895791583207e+00 4.444019530801201490e-01
1.174569138276553071e+00 4.448580393572912905e-01
1.175190380761523157e+00 4.453377901685998119e-01
1.175811623246493021e+00 4.458475155638284004e-01
1.176432865731462885e+00 4.459991118088773576e-01
1.177054108216432970e+00 4.459843860310095942e-01
1.177675350701402834e+00 4.458633636868225558e-01
1.178296593186372698e+00 4.456925480051989741e-01
1.178917835671342784e+00 4.454671776049749510e-01
1.179539078156312648e+00 4.452970067120825548e-01
1.180160320641282512e+00 4.452938191115332622e-01
1.180781563126252598e+00 4.457476989901885123e-01
1.181402805611222462e+00 4.455090123985095962e-01
1.182024048096192326e+00 4.449483662311605192e-01
1.182645290581162412e+00 4.457401444439255123e-01
1.183266533066132276e+00 4.459626645361790542e-01
1.183887775551102362e+00 4.454261337883376748e-01
1.184509018036072225e+00 4.452226407228302985e-01
1.185130260521042089e+00 4.447900475301628243e-01
1.185751503006012175e+00 4.432156049336684056e-01
1.186372745490982039e+00 4.421601218356804308e-01
1.186993987975951903e+00 4.414511842792540053e-01
1.187615230460921989e+00 4.412873482719754104e-01
1.188236472945891853e+00 4.413293199234719633e-01
1.188857715430861717e+00 4.416977991582290985e-01
1.189478957915831803e+00 4.415952122853813444e-01
1.190100200400801667e+00 4.413341779078702731e-01
1.190721442885771530e+00 4.409787693581666002e-01
1.191342685370741616e+00 4.406126196801369299e-01
1.191963927855711480e+00 4.402375730458074066e-01
1.192585170340681344e+00 4.406474979423566363e-01
1.193206412825651430e+00 4.409017522581530346e-01
1.193827655310621294e+00 4.407450455389103072e-01
1.194448897795591158e+00 4.406872259717202756e-01
1.195070140280561244e+00 4.406195405632878925e-01
1.195691382765531108e+00 4.401762989725063746e-01
1.196312625250500972e+00 4.395037206654138218e-01
1.196933867735471058e+00 4.386042315622344367e-01
1.197555110220440922e+00 4.378874937716932259e-01
1.198176352705410785e+00 4.372326994188237004e-01
1.198797595190380871e+00 4.366795614568058648e-01
1.199418837675350735e+00 4.368631110314503685e-01
1.200040080160320599e+00 4.373505832310726760e-01
1.200661322645290685e+00 4.370716254724978933e-01
1.201282565130260549e+00 4.368560705413229717e-01
1.201903807615230413e+00 4.367165628220589513e-01
1.202525050100200499e+00 4.363950995456335469e-01
1.203146292585170363e+00 4.360524294586685112e-01
1.203767535070140227e+00 4.357502079693987840e-01
1.204388777555110313e+00 4.355506872463844048e-01
1.205010020040080176e+00 4.354058113594109214e-01
1.205631262525050040e+00 4.348485279493780609e-01
1.206252505010020126e+00 4.342806228510916466e-01
1.206873747494989990e+00 4.336976789983099656e-01
1.207494989979959854e+00 4.329341051874781576e-01
1.208116232464929940e+00 4.322214881857429081e-01
1.208737474949899804e+00 4.319312380031460341e-01
1.209358717434869668e+00 4.317439215983368550e-01
1.209979959919839754e+00 4.316320687905646492e-01
1.210601202404809618e+00 4.313478764793694520e-01
1.211222444889779482e+00 4.311742411079435566e-01
1.211843687374749567e+00 4.312093084909443541e-01
1.212464929859719431e+00 4.310068136211890888e-01
1.213086172344689517e+00 4.307887065770074075e-01
1.213707414829659381e+00 4.309704384078166250e-01
1.214328657314629245e+00 4.310236050349900983e-01
1.214949899799599331e+00 4.309622454601281794e-01
1.215571142284569195e+00 4.310308399174936911e-01
1.216192384769539059e+00 4.313568086649711142e-01
1.216813627254509145e+00 4.322315227696830742e-01
1.217434869739479009e+00 4.331069352720285925e-01
1.218056112224448873e+00 4.339870132251614776e-01
1.218677354709418958e+00 4.349076055509202843e-01
1.219298597194388822e+00 4.354241981141781515e-01
1.219919839679358686e+00 4.355039128655133207e-01
1.220541082164328772e+00 4.362618667694054819e-01
1.221162324649298636e+00 4.371552254634001322e-01
1.221783567134268500e+00 4.381465279045217431e-01
1.222404809619238586e+00 4.394183973530517706e-01
1.223026052104208450e+00 4.408205706780194411e-01
1.223647294589178314e+00 4.417629579599868239e-01
1.224268537074148400e+00 4.432312482648769758e-01
1.224889779559118264e+00 4.453901281115323907e-01
1.225511022044088127e+00 4.470973731110831628e-01
1.226132264529058213e+00 4.488150736213842862e-01
1.226753507014028077e+00 4.509307353033078503e-01
1.227374749498998163e+00 4.522822212872729120e-01
1.227995991983968027e+00 4.531308879842851911e-01
1.228617234468937891e+00 4.544668061395442105e-01
1.229238476953907977e+00 4.557800099162501728e-01
1.229859719438877841e+00 4.570513677766466776e-01
1.230480961923847705e+00 4.577465904658919449e-01
1.231102204408817791e+00 4.582232415635167366e-01
1.231723446893787655e+00 4.584430668618922344e-01
1.232344689378757518e+00 4.582769983119104329e-01
1.232965931863727604e+00 4.578010205420245393e-01
1.233587174348697468e+00 4.579558657092163143e-01
1.234208416833667332e+00 4.579698492524911235e-01
1.234829659318637418e+00 4.576322976637409723e-01
1.235450901803607282e+00 4.580856696213754242e-01
1.236072144288577146e+00 4.587541425334440426e-01
1.236693386773547232e+00 4.587839478196528153e-01
1.237314629258517096e+00 4.584862043165043310e-01
1.237935871743486960e+00 4.578689475258206909e-01
1.238557114228457046e+00 4.573300631435568975e-01
1.239178356713426910e+00 4.570116783016439088e-01
1.239799599198396773e+00 4.572186849206673065e-01
1.240420841683366859e+00 4.581084262907905158e-01
1.241042084168336723e+00 4.593155093569482039e-01
1.241663326653306587e+00 4.604140997291041870e-01
1.242284569138276673e+00 4.615463836243577367e-01
1.242905811623246537e+00 4.627187469513851514e-01
1.243527054108216401e+00 4.634915210904791416e-01
1.244148296593186487e+00 4.641696385508664591e-01
1.244769539078156351e+00 4.647737304520233592e-01
1.245390781563126215e+00 4.652693817661667230e-01
1.246012024048096301e+00 4.657136081029644714e-01
1.246633266533066164e+00 4.668026374663458711e-01
1.247254509018036028e+00 4.676887117508323755e-01
1.247875751503006114e+00 4.682826533184265561e-01
1.248496993987975978e+00 4.692554561795755363e-01
1.249118236472945842e+00 4.702890133657549598e-01
1.249739478957915928e+00 4.711781888545015229e-01
1.250360721442885792e+00 4.721986045864042802e-01
1.250981963927855656e+00 4.733135443245185536e-01
1.251603206412825742e+00 4.741725972819013091e-01
1.252224448897795606e+00 4.750706395468380361e-01
1.252845691382765470e+00 4.760510038884428474e-01
1.253466933867735555e+00 4.770415584628582839e-01
1.254088176352705419e+00 4.779735662723542111e-01
1.254709418837675283e+00 4.785304513661816639e-01
1.255330661322645369e+00 4.788096255647295574e-01
1.255951903807615233e+00 4.788446154835775403e-01
1.256573146292585097e+00 4.787679601288197251e-01
1.257194388777555183e+00 4.785862612759571588e-01
1.257815631262525047e+00 4.781946305090041260e-01
1.258436873747494911e+00 4.779752265061835148e-01
1.259058116232464997e+00 4.777483399081510762e-01
1.259679358717434861e+00 4.767443522697029645e-01
1.260300601202404724e+00 4.762734835270894806e-01
1.260921843687374810e+00 4.763709355220128172e-01
1.261543086172344674e+00 4.770365067653286051e-01
1.262164328657314760e+00 4.777775374633272953e-01
1.262785571142284624e+00 4.785014393842179081e-01
1.263406813627254488e+00 4.785637531920345911e-01
1.264028056112224574e+00 4.782453004840043764e-01
1.264649298597194438e+00 4.772465363416825146e-01
1.265270541082164302e+00 4.765143189330661722e-01
1.265891783567134388e+00 4.761277900074348812e-01
1.266513026052104252e+00 4.769424521694698993e-01
1.267134268537074338e+00 4.780145168333886363e-01
1.267755511022044201e+00 4.791019853296518693e-01
1.268376753507014065e+00 4.798491973689528733e-01
1.268997995991984151e+00 4.803756481553421165e-01
1.269619238476954015e+00 4.793081973783376859e-01
1.270240480961923879e+00 4.782636184172708305e-01
1.270861723446893965e+00 4.772630126195138711e-01
1.271482965931863829e+00 4.760211925376600095e-01
1.272104208416833693e+00 4.745383492923593294e-01
1.272725450901803779e+00 4.722018709078233956e-01
1.273346693386773643e+00 4.693306894795176709e-01
1.273967935871743506e+00 4.660362621430358399e-01
1.274589178356713592e+00 4.607763987793891403e-01
1.275210420841683456e+00 4.544342354539228079e-01
1.275831663326653320e+00 4.461831961978147687e-01
1.276452905811623406e+00 4.351632161199786020e-01
1.277074148296593270e+00 4.227185581055822317e-01
1.277695390781563134e+00 4.073344746019483265e-01
1.278316633266533220e+00 3.910087644219328862e-01
1.278937875751503084e+00 3.737803612483744931e-01
1.279559118236472948e+00 3.541067335693687812e-01
1.280180360721443034e+00 3.337561736411722713e-01
1.280801603206412898e+00 3.124135520506409192e-01
1.281422845691382761e+00 2.900052798735651138e-01
1.282044088176352847e+00 2.671732731511486936e-01
1.282665330661322711e+00 2.453680701789704988e-01
1.283286573146292575e+00 2.240729516080721129e-01
1.283907815631262661e+00 2.033668985078284919e-01
1.284529058116232525e+00 1.847085653668298633e-01
1.285150300601202389e+00 1.668727848066628161e-01
1.285771543086172475e+00 1.504828461135182538e-01
1.286392785571142339e+00 1.359219854439014108e-01
1.287014028056112203e+00 1.224762056614337596e-01
1.287635270541082289e+00 1.111397608076160753e-01
1.288256513026052152e+00 1.006492302876240558e-01
1.288877755511022016e+00 9.135543542108409687e-02
1.289498997995992102e+00 8.338620591634232637e-02
1.290120240480961966e+00 7.601274129843708927e-02
1.290741482965931830e+00 6.976118659955510282e-02
1.291362725450901916e+00 6.409268325769720831e-02
1.291983967935871780e+00 5.884009724676091818e-02
1.292605210420841644e+00 5.444654011753757156e-02
1.293226452905811730e+00 5.033375164834218152e-02
1.293847695390781594e+00 4.666706950764533401e-02
1.294468937875751458e+00 4.334913624299942952e-02
1.295090180360721543e+00 4.017274239296053651e-02
1.295711422845691407e+00 3.715681624815905110e-02
1.296332665330661271e+00 3.419922641076498376e-02
1.296953907815631357e+00 3.129235559063028860e-02
1.297575150300601221e+00 2.848117235621796389e-02
1.298196392785571085e+00 2.569375356281270242e-02
1.298817635270541171e+00 2.293954511627645243e-02
1.299438877755511035e+00 2.031720242166640614e-02
1.300060120240480899e+00 1.778812332576521285e-02
1.300681362725450985e+00 1.560882261906446598e-02
1.301302605210420849e+00 1.362274552390536561e-02
1.301923847695390712e+00 1.183995059182537876e-02
1.302545090180360798e+00 1.036055024149303005e-02
1.303166332665330662e+00 9.007800001659054673e-03
1.303787575150300526e+00 7.883649669868675672e-03
1.304408817635270612e+00 6.897674250830234527e-03
1.305030060120240476e+00 5.992585241174275788e-03
1.305651302605210562e+00 5.261626583317485610e-03
1.306272545090180426e+00 4.596616374542092202e-03
1.306893787575150290e+00 4.015854342848458082e-03
1.307515030060120376e+00 3.540447822206471262e-03
1.308136272545090240e+00 3.108754162877759488e-03
1.308757515030060103e+00 2.754849848286263902e-03
1.309378757515030189e+00 2.443631825752921264e-03
1.310000000000000053e+00 2.159737420290074126e-03
