1.459999999999999964e+00 8.433954265920202975e-03
1.460521042084168331e+00 9.045428739548812269e-03
1.461042084168336697e+00 9.661716589703833388e-03
1.461563126252505063e+00 1.033624704298172388e-02
1.462084168336673207e+00 1.103224924766773099e-02
1.462605210420841573e+00 1.184158794768046252e-02
1.463126252505009939e+00 1.268537123245198038e-02
1.463647294589178305e+00 1.363736852161023284e-02
1.464168336673346671e+00 1.461849995207828087e-02
1.464689378757515037e+00 1.566130458491982527e-02
1.465210420841683403e+00 1.681854210246554182e-02
1.465731462925851769e+00 1.814499431920510095e-02
1.466252505010019913e+00 1.954445333505325580e-02
1.466773547094188279e+00 2.102134922661054103e-02
1.467294589178356645e+00 2.261702772280044238e-02
1.467815631262525011e+00 2.430373031658098273e-02
1.468336673346693377e+00 2.622852250556329673e-02
1.468857715430861743e+00 2.828352346398529255e-02
1.469378757515030109e+00 3.047939656503102432e-02
1.469899799599198253e+00 3.272729961605665844e-02
1.470420841683366620e+00 3.533278837575529185e-02
1.470941883767534986e+00 3.802300103713307511e-02
1.471462925851703352e+00 4.105645304947881657e-02
1.471983967935871718e+00 4.413230565516922804e-02
1.472505010020040084e+00 4.745693102408356928e-02
1.473026052104208450e+00 5.082436705131301163e-02
1.473547094188376816e+00 5.488438414343757565e-02
1.474068136272544960e+00 5.898649911469788787e-02
1.474589178356713326e+00 6.338058436545959684e-02
1.475110220440881692e+00 6.788126485461613846e-02
1.475631262525050058e+00 7.277999052011956127e-02
1.476152304609218424e+00 7.787864543913192161e-02
1.476673346693386790e+00 8.346492273174269116e-02
1.477194388777555156e+00 8.918973788227130273e-02
1.477715430861723522e+00 9.515102508450531960e-02
1.478236472945891666e+00 1.014608894709758541e-01
1.478757515030060032e+00 1.081881266122077523e-01
1.479278557114228398e+00 1.152026303593527146e-01
1.479799599198396765e+00 1.224674821551191284e-01
1.480320641282565131e+00 1.299857969072978070e-01
1.480841683366733497e+00 1.376604519212464850e-01
1.481362725450901863e+00 1.459805465064197560e-01
1.481883767535070007e+00 1.545824350256235213e-01
1.482404809619238373e+00 1.634403493987416078e-01
1.482925851703406739e+00 1.723679572255596426e-01
1.483446893787575105e+00 1.818167444300902436e-01
1.483967935871743471e+00 1.913490401348672543e-01
1.484488977955911837e+00 2.014541466246080326e-01
1.485010020040080203e+00 2.116002952654644220e-01
1.485531062124248569e+00 2.220186580500007612e-01
1.486052104208416713e+00 2.324892903275244394e-01
1.486573146292585079e+00 2.434627232211477033e-01
1.487094188376753445e+00 2.544740517966102566e-01
1.487615230460921811e+00 2.656783413549382855e-01
1.488136272545090177e+00 2.769416198417276598e-01
1.488657314629258543e+00 2.883810854446869909e-01
1.489178356713426910e+00 2.998424510259039000e-01
1.489699398797595054e+00 3.113449487236385482e-01
1.490220440881763420e+00 3.228188757950534726e-01
1.490741482965931786e+00 3.342567433445582381e-01
1.491262525050100152e+00 3.455980790757485210e-01
1.491783567134268518e+00 3.568443014608607133e-01
1.492304609218436884e+00 3.678395888184600726e-01
1.492825651302605250e+00 3.786579394846826818e-01
1.493346693386773616e+00 3.892065617803268096e-01
1.493867735470941760e+00 3.996148641828057846e-01
1.494388777555110126e+00 4.092542663179086770e-01
1.494909819639278492e+00 4.186298214045289789e-01
1.495430861723446858e+00 4.274169622253992662e-01
1.495951903807615224e+00 4.360777059160501068e-01
1.496472945891783590e+00 4.440646671095466735e-01
1.496993987975951956e+00 4.519815417709192040e-01
1.497515030060120100e+00 4.583764675319626503e-01
1.498036072144288466e+00 4.647036706375309856e-01
1.498557114228456832e+00 4.703935156496678593e-01
1.499078156312625199e+00 4.758868797180947352e-01
1.499599198396793565e+00 4.802779984056250728e-01
1.500120240480961931e+00 4.844453715906370528e-01
1.500641282565130297e+00 4.878726024259213978e-01
1.501162324649298663e+00 4.910973835442426494e-01
1.501683366733466807e+00 4.938748473246789561e-01
1.502204408817635173e+00 4.961205577928023414e-01
1.502725450901803539e+00 4.975423872645198253e-01
1.503246492985971905e+00 4.987620583479095981e-01
1.503767535070140271e+00 4.997566793391927109e-01
1.504288577154308637e+00 5.004438570213762816e-01
1.504809619238477003e+00 5.008833104636851719e-01
1.505330661322645369e+00 5.010455042173628248e-01
1.505851703406813513e+00 5.010481260165245976e-01
1.506372745490981879e+00 5.009557238379095390e-01
1.506893787575150245e+00 5.008254912359615396e-01
1.507414829659318611e+00 5.004921841325722376e-01
1.507935871743486977e+00 5.001069252563101752e-01
1.508456913827655343e+00 4.997176023027278813e-01
1.508977955911823710e+00 4.993277860748087660e-01
1.509498997995991854e+00 4.989677535949276210e-01
1.510020040080160220e+00 4.986141795515447450e-01
1.510541082164328586e+00 4.983878551356391018e-01
1.511062124248496952e+00 4.981780267933559880e-01
1.511583166332665318e+00 4.980898348898089023e-01
1.512104208416833684e+00 4.980372596771962534e-01
1.512625250501002050e+00 4.981273342815270011e-01
1.513146292585170194e+00 4.982941564861625983e-01
1.513667334669338560e+00 4.986576280657143978e-01
1.514188376753506926e+00 4.990569245635043671e-01
1.514709418837675292e+00 4.995195480305985036e-01
1.515230460921843658e+00 5.000742854001311022e-01
1.515751503006012024e+00 5.007451782316246769e-01
1.516272545090180390e+00 5.014979591602310993e-01
1.516793587174348756e+00 5.023254568724023761e-01
1.517314629258516900e+00 5.031887815188430535e-01
1.517835671342685266e+00 5.040754351760297070e-01
1.518356713426853632e+00 5.050495622741782986e-01
1.518877755511021999e+00 5.060638963982030392e-01
1.519398797595190365e+00 5.070433706214109160e-01
1.519919839679358731e+00 5.080118644204520972e-01
1.520440881763527097e+00 5.089782061971857008e-01
1.520961923847695463e+00 5.099439541225393446e-01
1.521482965931863607e+00 5.107293267811929827e-01
1.522004008016031973e+00 5.115001416893624198e-01
1.522525050100200339e+00 5.122680710553879635e-01
1.523046092184368705e+00 5.130090869664141184e-01
1.523567134268537071e+00 5.134731074566505349e-01
1.524088176352705437e+00 5.139146363838357212e-01
1.524609218436873803e+00 5.142462565492429416e-01
1.525130260521041947e+00 5.145266710956769574e-01
1.525651302605210313e+00 5.146534530480988412e-01
1.526172344689378679e+00 5.147147826630551481e-01
1.526693386773547045e+00 5.146438126717104433e-01
1.527214428857715411e+00 5.145439838297449775e-01
1.527735470941883777e+00 5.144028793437320779e-01
1.528256513026052144e+00 5.142074321753493660e-01
1.528777555110220510e+00 5.139559659024478533e-01
1.529298597194388654e+00 5.136866410017427720e-01
1.529819639278557020e+00 5.134040256103148403e-01
1.530340681362725386e+00 5.131241052795255664e-01
1.530861723446893752e+00 5.128456268881723679e-01
1.531382765531062118e+00 5.126152285288460009e-01
1.531903807615230484e+00 5.124022187108600024e-01
1.532424849699398850e+00 5.122535051666036177e-01
1.532945891783567216e+00 5.121193693024719273e-01
1.533466933867735360e+00 5.120596529698544508e-01
1.533987975951903726e+00 5.120085536194146636e-01
1.534509018036072092e+00 5.121281095979429709e-01
1.535030060120240458e+00 5.122594835181716322e-01
1.535551102204408824e+00 5.125186457158918962e-01
1.536072144288577190e+00 5.127900401847769185e-01
1.536593186372745556e+00 5.131375976982974763e-01
1.537114228456913700e+00 5.134946657792547331e-01
1.537635270541082066e+00 5.138858573455401535e-01
1.538156312625250433e+00 5.142822458346048009e-01
1.538677354709418799e+00 5.146909051998139750e-01
1.539198396793587165e+00 5.150873956518662311e-01
1.539719438877755531e+00 5.154642055674996115e-01
1.540240480961923897e+00 5.157960597981990913e-01
1.540761523046092041e+00 5.160754190817654630e-01
1.541282565130260407e+00 5.162771864567705649e-01
1.541803607214428773e+00 5.164134552750009322e-01
1.542324649298597139e+00 5.163841996833936632e-01
1.542845691382765505e+00 5.162547939850856693e-01
1.543366733466933871e+00 5.160544341737123286e-01
1.543887775551102237e+00 5.158241989777166969e-01
1.544408817635270603e+00 5.153449347319766227e-01
1.544929859719438747e+00 5.147973715201615841e-01
1.545450901803607113e+00 5.140903331870722015e-01
1.545971943887775479e+00 5.133584924642362601e-01
1.546492985971943845e+00 5.124645357793794487e-01
1.547014028056112211e+00 5.115542933381473922e-01
1.547535070140280578e+00 5.103822078916081528e-01
1.548056112224448944e+00 5.092091435030700053e-01
1.548577154308617310e+00 5.080262147597529587e-01
1.549098196392785454e+00 5.068242107477761715e-01
1.549619238476953820e+00 5.055398782918577583e-01
1.550140280561122186e+00 5.042917357850256188e-01
1.550661322645290552e+00 5.031413378322194818e-01
1.551182364729458918e+00 5.020188741442891400e-01
1.551703406813627284e+00 5.009482337888113701e-01
1.552224448897795650e+00 4.999636926782431989e-01
1.552745490981963794e+00 4.990930175915835876e-01
1.553266533066132160e+00 4.983604674996844897e-01
1.553787575150300526e+00 4.977598191254679616e-01
1.554308617234468892e+00 4.972718494109439336e-01
1.554829659318637258e+00 4.968614130464547030e-01
1.555350701402805624e+00 4.967439873007172269e-01
1.555871743486973990e+00 4.967689876535472671e-01
1.556392785571142134e+00 4.969344157740325230e-01
1.556913827655310500e+00 4.971456828022501884e-01
1.557434869739478867e+00 4.976086298690630128e-01
1.557955911823647233e+00 4.981214499379294502e-01
1.558476953907815599e+00 4.989203317897915602e-01
1.558997995991983965e+00 4.997456300488374858e-01
1.559519038076152331e+00 5.007249680075681608e-01
1.560040080160320697e+00 5.017240518006533812e-01
1.560561122244488841e+00 5.029539097946573722e-01
1.561082164328657207e+00 5.041901388052448807e-01
1.561603206412825573e+00 5.054609717205960084e-01
1.562124248496993939e+00 5.067397532842111696e-01
1.562645290581162305e+00 5.080441987331102416e-01
1.563166332665330671e+00 5.093099201753612526e-01
1.563687374749499037e+00 5.104931527048354178e-01
1.564208416833667403e+00 5.116219942032863566e-01
1.564729458917835547e+00 5.126691999362269492e-01
1.565250501002003913e+00 5.136424399152961229e-01
1.565771543086172279e+00 5.145359088827029526e-01
1.566292585170340645e+00 5.152763006414857738e-01
1.566813627254509012e+00 5.158970702909123629e-01
1.567334669338677378e+00 5.164185521131110512e-01
1.567855711422845744e+00 5.168847116966207578e-01
1.568376753507013888e+00 5.170777393578831482e-01
1.568897795591182254e+00 5.171660861136830878e-01
1.569418837675350620e+00 5.170904575906211109e-01
1.569939879759518986e+00 5.169748213974145745e-01
1.570460921843687352e+00 5.166927978728125259e-01
1.570981963927855718e+00 5.163890605886909402e-01
1.571503006012024084e+00 5.157525526539451510e-01
1.572024048096192450e+00 5.151036238025519243e-01
1.572545090180360594e+00 5.144438320076010207e-01
1.573066132264528960e+00 5.137665115241206726e-01
1.573587174348697326e+00 5.129688977849349296e-01
1.574108216432865692e+00 5.121761767681289879e-01
1.574629258517034058e+00 5.114017411648317246e-01
1.575150300601202424e+00 5.106415287172328954e-01
1.575671342685370790e+00 5.099161703804104828e-01
1.576192384769539157e+00 5.092431934710314190e-01
1.576713426853707301e+00 5.086597405956095885e-01
1.577234468937875667e+00 5.081072035117336627e-01
1.577755511022044033e+00 5.075924985182685978e-01
1.578276553106212399e+00 5.071416899308663906e-01
1.578797595190380765e+00 5.067473928885802836e-01
1.579318637274549131e+00 5.064924516658348974e-01
1.579839679358717497e+00 5.063260199519609150e-01
1.580360721442885641e+00 5.062644426562457056e-01
1.580881763527054007e+00 5.062494787611910851e-01
1.581402805611222373e+00 5.063714926436423402e-01
1.581923847695390739e+00 5.065337285979434334e-01
1.582444889779559105e+00 5.067761120324748569e-01
1.582965931863727471e+00 5.070321825072261479e-01
1.583486973947895837e+00 5.074237720232165350e-01
1.584008016032063981e+00 5.078236264645650255e-01
1.584529058116232347e+00 5.081402765113328668e-01
1.585050100200400713e+00 5.084554415375136527e-01
1.585571142284569079e+00 5.087570816710201838e-01
1.586092184368737446e+00 5.090404540885488105e-01
1.586613226452905812e+00 5.092387334588781567e-01
1.587134268537074178e+00 5.093968196346846389e-01
1.587655310621242544e+00 5.094391939803498692e-01
1.588176352705410910e+00 5.094411138732354294e-01
1.588697394789579054e+00 5.093639230306439281e-01
1.589218436873747420e+00 5.091791453256357958e-01
1.589739478957915786e+00 5.088452184506192522e-01
1.590260521042084152e+00 5.083520632905714765e-01
1.590781563126252518e+00 5.076996899408610098e-01
1.591302605210420884e+00 5.069861327821731933e-01
1.591823647294589250e+00 5.062281651081489420e-01
1.592344689378757394e+00 5.051802630413236850e-01
1.592865731462925760e+00 5.039840572251775841e-01
1.593386773547094126e+00 5.026807906348783606e-01
1.593907815631262492e+00 5.013404721610603687e-01
1.594428857715430858e+00 4.998870552756530250e-01
1.594949899799599224e+00 4.984092434435769547e-01
1.595470941883767590e+00 4.967949885414167377e-01
1.595991983967935735e+00 4.951663822978277785e-01
1.596513026052104101e+00 4.935353568143481806e-01
1.597034068136272467e+00 4.919038634898059148e-01
1.597555110220440833e+00 4.902667754495734220e-01
1.598076152304609199e+00 4.886516459779765009e-01
1.598597194388777565e+00 4.871648992256139010e-01
1.599118236472945931e+00 4.856753682085654944e-01
1.599639278557114075e+00 4.841776422206106600e-01
1.600160320641282441e+00 4.828200455319676121e-01
1.600681362725450807e+00 4.817774253132214302e-01
1.601202404809619173e+00 4.807976867896184836e-01
1.601723446893787539e+00 4.799171499816340392e-01
1.602244488977955905e+00 4.792135482739548480e-01
1.602765531062124271e+00 4.787099886864852327e-01
1.603286573146292637e+00 4.784001635901241611e-01
1.603807615230461003e+00 4.782489748798367524e-01
1.604328657314629147e+00 4.782166368295317493e-01
1.604849699398797513e+00 4.782539133144241283e-01
1.605370741482965879e+00 4.786776666631795685e-01
1.605891783567134246e+00 4.792581252717754703e-01
1.606412825651302612e+00 4.801264489507755528e-01
1.606933867735470978e+00 4.810704449118178849e-01
1.607454909819639344e+00 4.822439439915514603e-01
1.607975951903807488e+00 4.834508949906143327e-01
1.608496993987975854e+00 4.851870372413776278e-01
1.609018036072144220e+00 4.869541421379852686e-01
1.609539078156312586e+00 4.888706983975550369e-01
1.610060120240480952e+00 4.908193105798546729e-01
1.610581162324649318e+00 4.930141604067975747e-01
1.611102204408817684e+00 4.952186062832250046e-01
1.611623246492985828e+00 4.974607141479516770e-01
1.612144288577154194e+00 4.997143995699606100e-01
1.612665330661322560e+00 5.019983480726922798e-01
1.613186372745490926e+00 5.042898872865355653e-01
1.613707414829659292e+00 5.065954012645134119e-01
1.614228456913827658e+00 5.088282107441437496e-01
1.614749498997996024e+00 5.109673774442613503e-01
1.615270541082164391e+00 5.130569986586968056e-01
1.615791583166332535e+00 5.151009054843871393e-01
1.616312625250500901e+00 5.168186023081311475e-01
1.616833667334669267e+00 5.183188830704611449e-01
1.617354709418837633e+00 5.196048535876014451e-01
1.617875751503005999e+00 5.207901568166077855e-01
1.618396793587174365e+00 5.216307418114057848e-01
1.618917835671342731e+00 5.223634339880134370e-01
1.619438877755511097e+00 5.226973910106771370e-01
1.619959919839679241e+00 5.229566052026224376e-01
1.620480961923847607e+00 5.230345166736318774e-01
1.621002004008015973e+00 5.230948200300566953e-01
1.621523046092184339e+00 5.224908594846309207e-01
1.622044088176352705e+00 5.218683853561120189e-01
1.622565130260521071e+00 5.210451862740873574e-01
1.623086172344689437e+00 5.201798036033168371e-01
1.623607214428857581e+00 5.191017434796495467e-01
1.624128256513025947e+00 5.179194217784390819e-01
1.624649298597194313e+00 5.164187882797574014e-01
1.625170340681362680e+00 5.148929659610084197e-01
1.625691382765531046e+00 5.133153295608234856e-01
1.626212424849699412e+00 5.117488321496588277e-01
1.626733466933867778e+00 5.101982932096152945e-01
1.627254509018035922e+00 5.086718186373557771e-01
1.627775551102204288e+00 5.071707195296631943e-01
1.628296593186372654e+00 5.056919052714911045e-01
1.628817635270541020e+00 5.042299367411215982e-01
1.629338677354709386e+00 5.029492112236850776e-01
1.629859719438877752e+00 5.017659409624688482e-01
1.630380761523046118e+00 5.006895010450376216e-01
1.630901803607214484e+00 4.996523621706152607e-01
1.631422845691382850e+00 4.988042711376614591e-01
1.631943887775550994e+00 4.980001248446889739e-01
1.632464929859719360e+00 4.976319484507399360e-01
1.632985971943887726e+00 4.973163899616854788e-01
1.633507014028056092e+00 4.971708596036912842e-01
1.634028056112224458e+00 4.970504346572402476e-01
1.634549098196392825e+00 4.972894138158088229e-01
1.635070140280561191e+00 4.975541662823844691e-01
1.635591182364729335e+00 4.979847306653732986e-01
1.636112224448897701e+00 4.984526616786815745e-01
1.636633266533066067e+00 4.990566768887224613e-01
1.637154308617234433e+00 4.997594103932101461e-01
1.637675350701402799e+00 5.006968663371648143e-01
1.638196392785571165e+00 5.016659094927250484e-01
1.638717434869739531e+00 5.026870032136013799e-01
1.639238476953907675e+00 5.037689396527111896e-01
1.639759519038076041e+00 5.049228756946492203e-01
1.640280561122244407e+00 5.061360540981614253e-01
1.640801603206412773e+00 5.074003338876800218e-01
1.641322645290581139e+00 5.086265747397039627e-01
1.641843687374749505e+00 5.098293252789409813e-01
1.642364729458917871e+00 5.110476514713699903e-01
1.642885771543086015e+00 5.122729471834513992e-01
1.643406813627254381e+00 5.133777148930047662e-01
1.643927855711422747e+00 5.144485431599182812e-01
1.644448897795591114e+00 5.155021435671812702e-01
1.644969939879759480e+00 5.165530767748378604e-01
1.645490981963927846e+00 5.174275492892471684e-01
1.646012024048096212e+00 5.182885518267518199e-01
1.646533066132264578e+00 5.190325352694149519e-01
1.647054108216432944e+00 5.197614045225463775e-01
1.647575150300601088e+00 5.203590272273845851e-01
1.648096192384769454e+00 5.209302453010700162e-01
1.648617234468937820e+00 5.213844117020045577e-01
1.649138276553106186e+00 5.218129821702850446e-01
1.649659318637274552e+00 5.221705060295742662e-01
1.650180360721442918e+00 5.224935313506727796e-01
1.650701402805611284e+00 5.227512894285626377e-01
1.651222444889779428e+00 5.229342726171747335e-01
1.651743486973947794e+00 5.230167966257138756e-01
1.652264529058116160e+00 5.230746350579426052e-01
1.652785571142284526e+00 5.231085245159295960e-01
1.653306613226452892e+00 5.230944235597614345e-01
1.653827655310621259e+00 5.230467293617142577e-01
1.654348697394789625e+00 5.229345759682423322e-01
1.654869739478957769e+00 5.227905478057884858e-01
1.655390781563126135e+00 5.226337595706939121e-01
1.655911823647294501e+00 5.224726328214965854e-01
1.656432865731462867e+00 5.222017579799104192e-01
1.656953907815631233e+00 5.219084970111018684e-01
1.657474949899799599e+00 5.215421225227242497e-01
1.657995991983967965e+00 5.211686525620696786e-01
1.658517034068136331e+00 5.207977979744816688e-01
1.659038076152304697e+00 5.204125044603841177e-01
1.659559118236472841e+00 5.198463072827802511e-01
1.660080160320641207e+00 5.192713409422403670e-01
1.660601202404809573e+00 5.186481443451160800e-01
1.661122244488977939e+00 5.179589905665455962e-01
1.661643286573146305e+00 5.170554302973219274e-01
1.662164328657314671e+00 5.161331151398143025e-01
1.662685370741483037e+00 5.151700276350849039e-01
1.663206412825651181e+00 5.141527187872789728e-01
1.663727454909819548e+00 5.130525528779592559e-01
1.664248496993987914e+00 5.118549910755658683e-01
1.664769539078156280e+00 5.105506849272900549e-01
1.665290581162324646e+00 5.091789841916701809e-01
1.665811623246493012e+00 5.077537025928887671e-01
1.666332665330661378e+00 5.059866878549260649e-01
1.666853707414829522e+00 5.040259964253269720e-01
1.667374749498997888e+00 5.019491773359974207e-01
1.667895791583166254e+00 4.998267470759675812e-01
1.668416833667334620e+00 4.975612832400377328e-01
1.668937875751502986e+00 4.952591899247978935e-01
1.669458917835671352e+00 4.926176783504320755e-01
1.669979959919839718e+00 4.899297884480796617e-01
1.670501002004007862e+00 4.871657572828506089e-01
1.671022044088176228e+00 4.843788552361751321e-01
1.671543086172344594e+00 4.811773049395535184e-01
1.672064128256512960e+00 4.779237983585590821e-01
1.672585170340681326e+00 4.743038816656112711e-01
1.673106212424849693e+00 4.706150775165781619e-01
1.673627254509018059e+00 4.666603708166960351e-01
1.674148296593186425e+00 4.625574863141965198e-01
1.674669338677354791e+00 4.580833150955590516e-01
1.675190380761522935e+00 4.535574852001254542e-01
1.675711422845691301e+00 4.489414747420674701e-01
1.676232464929859667e+00 4.441375546785745199e-01
1.676753507014028033e+00 4.391020516449422040e-01
1.677274549098196399e+00 4.338481644322573771e-01
1.677795591182364765e+00 4.283970189973324016e-01
1.678316633266533131e+00 4.227297882243059024e-01
1.678837675350701275e+00 4.169230410534620068e-01
1.679358717434869641e+00 4.105076604817319286e-01
1.679879759519038007e+00 4.038159549474644727e-01
1.680400801603206373e+00 3.968656870884861854e-01
1.680921843687374739e+00 3.898355031579461283e-01
1.681442885771543105e+00 3.825187122489108194e-01
1.681963927855711471e+00 3.751495413470444795e-01
1.682484969939879615e+00 3.672582305509275447e-01
1.683006012024047982e+00 3.593211161747470461e-01
1.683527054108216348e+00 3.510460135123255054e-01
1.684048096192384714e+00 3.427206760805043273e-01
1.684569138276553080e+00 3.339148026987364126e-01
1.685090180360721446e+00 3.249936455409413449e-01
1.685611222444889812e+00 3.155260867065314834e-01
1.686132264529058178e+00 3.059704818397391834e-01
1.686653306613226544e+00 2.961646487898141333e-01
1.687174348697394688e+00 2.863020583670586316e-01
1.687695390781563054e+00 2.763261576087966409e-01
1.688216432865731420e+00 2.663282735685069680e-01
1.688737474949899786e+00 2.563038925189433659e-01
1.689258517034068152e+00 2.462947398276848221e-01
1.689779559118236518e+00 2.362994202949273148e-01
1.690300601202404884e+00 2.262417246016844574e-01
1.690821643286573028e+00 2.161396606282910693e-01
1.691342685370741394e+00 2.061203317060582851e-01
1.691863727454909760e+00 1.961436621630828214e-01
1.692384769539078126e+00 1.864423940182181050e-01
1.692905811623246493e+00 1.768353634527456975e-01
1.693426853707414859e+00 1.677016068937801918e-01
1.693947895791583225e+00 1.586721631623999595e-01
1.694468937875751369e+00 1.499814822290057303e-01
1.694989979959919735e+00 1.413259165278670793e-01
1.695511022044088101e+00 1.335490946108348342e-01
1.696032064128256467e+00 1.258144749344320412e-01
1.696553106212424833e+00 1.184703240862356594e-01
1.697074148296593199e+00 1.111966055970462913e-01
1.697595190380761565e+00 1.043501519303346170e-01
1.698116232464929709e+00 9.770906003795958028e-02
1.698637274549098075e+00 9.178973327254036363e-02
1.699158316633266441e+00 8.599396232664241468e-02
1.699679358717434807e+00 8.048196367781466909e-02
1.700200400801603173e+00 7.524473385320357144e-02
1.700721442885771539e+00 7.045008507180648694e-02
1.701242484969939905e+00 6.590327150582316051e-02
1.701763527054108271e+00 6.164151475712386502e-02
1.702284569138276638e+00 5.756062927204625562e-02
1.702805611222444782e+00 5.362933849110415596e-02
1.703326653306613148e+00 5.013260499551418919e-02
1.703847695390781514e+00 4.689484077132605178e-02
1.704368737474949880e+00 4.384444617609860317e-02
1.704889779559118246e+00 4.087046555218364768e-02
1.705410821643286612e+00 3.816888982388502022e-02
1.705931863727454978e+00 3.554034864265420701e-02
1.706452905811623122e+00 3.326217823949818853e-02
1.706973947895791488e+00 3.103655405851622057e-02
1.707494989979959854e+00 2.898268350359412687e-02
1.708016032064128220e+00 2.694654339317527694e-02
1.708537074148296586e+00 2.521516502922784009e-02
1.709058116232464952e+00 2.350600787232005190e-02
1.709579158316633318e+00 2.197564473313225186e-02
1.710100200400801462e+00 2.047046129135240977e-02
1.710621242484969828e+00 1.907288456945844049e-02
1.711142284569138194e+00 1.774756807949186624e-02
1.711663326653306560e+00 1.661559834475207983e-02
1.712184368737474927e+00 1.551454308489143633e-02
1.712705410821643293e+00 1.446998321577871831e-02
1.713226452905811659e+00 1.348303823369874192e-02
1.713747494989979803e+00 1.257139431327402093e-02
1.714268537074148391e+00 1.173107388963857967e-02
1.714789579158316535e+00 1.095767282857804809e-02
1.715310621242484901e+00 1.022124980575770878e-02
1.715831663326653267e+00 9.509914849860705635e-03
1.716352705410821633e+00 8.879205025629935064e-03
1.716873747494989999e+00 8.286973876690582538e-03
1.717394789579158365e+00 7.744334050103120724e-03
1.717915831663326731e+00 7.217384688872721318e-03
1.718436873747494875e+00 6.732595414514613678e-03
1.718957915831663241e+00 6.255874207410061158e-03
1.719478957915831607e+00 5.864257239511058879e-03
1.719999999999999973e+00 5.479937941844032281e-03
