1.300000000000000044e+00 2.327832208210632494e-03
1.300420841683366691e+00 2.531489249551549612e-03
1.300841683366733559e+00 2.735090589351400932e-03
1.301262525050100205e+00 2.968350496092306365e-03
1.301683366733467073e+00 3.219502422738311758e-03
1.302104208416833719e+00 3.483702235000274861e-03
1.302525050100200366e+00 3.787609643596915720e-03
1.302945891783567234e+00 4.091378163458058402e-03
1.303366733466933880e+00 4.442659062999431037e-03
1.303787575150300748e+00 4.800865410849459135e-03
1.304208416833667394e+00 5.186602285815400219e-03
1.304629258517034041e+00 5.600361956103612829e-03
1.305050100200400909e+00 6.020179025369586275e-03
1.305470941883767555e+00 6.485919753356202654e-03
1.305891783567134201e+00 6.951533110775669211e-03
1.306312625250501069e+00 7.459633574507154759e-03
1.306733466933867716e+00 7.982341875332074621e-03
1.307154308617234584e+00 8.511417333848357233e-03
1.307575150300601230e+00 9.051557735683737893e-03
1.307995991983967876e+00 9.591490919375784963e-03
1.308416833667334744e+00 1.017630570980313301e-02
1.308837675350701391e+00 1.076129493410536708e-02
1.309258517034068259e+00 1.136567516970828431e-02
1.309679358717434905e+00 1.198220283945886262e-02
1.310100200400801551e+00 1.261048674063844008e-02
1.310521042084168419e+00 1.327680781151774000e-02
1.310941883767535066e+00 1.394291919121804640e-02
1.311362725450901934e+00 1.465539825037829799e-02
1.311783567134268580e+00 1.537493771886992017e-02
1.312204408817635226e+00 1.613736951414745935e-02
1.312625250501002094e+00 1.694544323560866900e-02
1.313046092184368741e+00 1.776442809094446948e-02
1.313466933867735609e+00 1.867325758316083426e-02
1.313887775551102255e+00 1.958170386632149609e-02
1.314308617234468901e+00 2.058457418743913150e-02
1.314729458917835769e+00 2.162142474060316927e-02
1.315150300601202416e+00 2.272864742369849061e-02
1.315571142284569284e+00 2.396302701951432898e-02
1.315991983967935930e+00 2.519688522956805773e-02
1.316412825651302576e+00 2.665122065494572243e-02
1.316833667334669444e+00 2.810948992591564069e-02
1.317254509018036090e+00 2.973511332910291904e-02
1.317675350701402959e+00 3.146960728611791769e-02
1.318096192384769605e+00 3.327699676609326140e-02
1.318517034068136251e+00 3.533272412782059030e-02
1.318937875751503119e+00 3.738758110167550441e-02
1.319358717434869765e+00 3.974155531561082699e-02
1.319779559118236412e+00 4.214667464613570252e-02
1.320200400801603280e+00 4.475471707112035902e-02
1.320621242484969926e+00 4.758584282498075357e-02
1.321042084168336794e+00 5.046484076903200167e-02
1.321462925851703440e+00 5.378560522498514879e-02
1.321883767535070087e+00 5.710464779774748756e-02
1.322304609218436955e+00 6.087394723464997076e-02
1.322725450901803601e+00 6.481402650761676487e-02
1.323146292585170469e+00 6.901927846631784880e-02
1.323567134268537115e+00 7.372352102098507498e-02
1.323987975951903762e+00 7.842609153023326340e-02
1.324408817635270630e+00 8.386842781048406414e-02
1.324829659318637276e+00 8.932940736731719011e-02
1.325250501002004144e+00 9.535802136575011190e-02
1.325671342685370790e+00 1.017721708442148598e-01
1.326092184368737437e+00 1.083710859999409415e-01
1.326513026052104305e+00 1.156359593494575982e-01
1.326933867735470951e+00 1.228982398788728836e-01
1.327354709418837819e+00 1.311726355559525714e-01
1.327775551102204465e+00 1.396333887816028074e-01
1.328196392785571112e+00 1.486305215833672311e-01
1.328617234468937980e+00 1.582392175315396887e-01
1.329038076152304626e+00 1.679389030454304377e-01
1.329458917835671272e+00 1.786084073601235389e-01
1.329879759519038140e+00 1.892731581918626060e-01
1.330300601202404787e+00 2.005406901179134505e-01
1.330721442885771655e+00 2.120473427512697684e-01
1.331142284569138301e+00 2.237357695638628463e-01
1.331563126252504947e+00 2.357833184670673488e-01
1.331983967935871815e+00 2.478257325732902416e-01
1.332404809619238462e+00 2.602615219915369038e-01
1.332825651302605330e+00 2.727042859046744372e-01
1.333246492985971976e+00 2.850913951683854419e-01
1.333667334669338622e+00 2.974402269288995981e-01
1.334088176352705490e+00 3.097229217350502828e-01
1.334509018036072137e+00 3.217667878980861040e-01
1.334929859719439005e+00 3.338054926984295734e-01
1.335350701402805651e+00 3.449037998753456402e-01
1.335771543086172297e+00 3.558102108223716309e-01
1.336192384769539165e+00 3.660507083133268669e-01
1.336613226452905812e+00 3.755020590451672025e-01
1.337034068136272680e+00 3.848509291132983789e-01
1.337454909819639326e+00 3.930772849158197801e-01
1.337875751503005972e+00 4.012992046564037851e-01
1.338296593186372840e+00 4.084555802512697675e-01
1.338717434869739487e+00 4.151639939088700992e-01
1.339138276553106355e+00 4.214225308223948363e-01
1.339559118236473001e+00 4.267653216532705795e-01
1.339979959919839647e+00 4.321057761504674688e-01
1.340400801603206515e+00 4.359359469536324694e-01
1.340821643286573162e+00 4.396882666555462782e-01
1.341242484969940030e+00 4.426754710456177189e-01
1.341663326653306676e+00 4.450998631159494012e-01
1.342084168336673322e+00 4.473884200657919918e-01
1.342505010020040190e+00 4.491367020952611311e-01
1.342925851703406837e+00 4.508840310481608826e-01
1.343346693386773483e+00 4.524174295275857904e-01
1.343767535070140351e+00 4.539048264661335597e-01
1.344188376753506997e+00 4.550580166977981622e-01
1.344609218436873865e+00 4.557983267423670326e-01
1.345030060120240512e+00 4.565117936558774070e-01
1.345450901803607158e+00 4.568833985804305886e-01
1.345871743486974026e+00 4.572547925203008234e-01
1.346292585170340672e+00 4.573533383017590603e-01
1.346713426853707540e+00 4.573323464927284698e-01
1.347134268537074187e+00 4.573674919789741389e-01
1.347555110220440833e+00 4.575226583904489774e-01
1.347975951903807701e+00 4.576776997739752106e-01
1.348396793587174347e+00 4.575722450209661618e-01
1.348817635270541215e+00 4.574509596728644767e-01
1.349238476953907861e+00 4.573489188656138515e-01
1.349659318637274508e+00 4.572615850768197432e-01
1.350080160320641376e+00 4.570906635744301783e-01
1.350501002004008022e+00 4.565644937818241766e-01
1.350921843687374890e+00 4.560384341181157319e-01
1.351342685370741536e+00 4.556342236792119138e-01
1.351763527054108183e+00 4.552579341473712016e-01
1.352184368737475051e+00 4.549447026639370506e-01
1.352605210420841697e+00 4.547122760572849254e-01
1.353026052104208343e+00 4.544685547088095912e-01
1.353446893787575211e+00 4.540524323236378446e-01
1.353867735470941858e+00 4.536363620690015974e-01
1.354288577154308726e+00 4.533480247639410932e-01
1.354709418837675372e+00 4.531183194796340463e-01
1.355130260521042018e+00 4.527812475965377614e-01
1.355551102204408886e+00 4.522046799919745563e-01
1.355971943887775533e+00 4.516283358989888752e-01
1.356392785571142401e+00 4.513022406175434265e-01
1.356813627254509047e+00 4.509941637133782488e-01
1.357234468937875693e+00 4.508670009704275339e-01
1.357655310621242561e+00 4.508836802382543696e-01
1.358076152304609208e+00 4.509444877446612265e-01
1.358496993987976076e+00 4.512053079768344466e-01
1.358917835671342722e+00 4.514659554144264120e-01
1.359338677354709368e+00 4.516762800340407558e-01
1.359759519038076236e+00 4.518742648300426157e-01
1.360180360721442883e+00 4.519272864208309093e-01
1.360601202404809751e+00 4.517871848633034371e-01
1.361022044088176397e+00 4.516595072742038974e-01
1.361442885771543043e+00 4.517570893407993338e-01
1.361863727454909911e+00 4.518545607114792806e-01
1.362284569138276558e+00 4.521390062599340287e-01
1.362705410821643426e+00 4.525127517845390357e-01
1.363126252505010072e+00 4.528502726882523977e-01
1.363547094188376718e+00 4.531037162897262882e-01
1.363967935871743586e+00 4.533569488053478258e-01
1.364388777555110233e+00 4.533526244388791371e-01
1.364809619238477101e+00 4.533269643147487260e-01
1.365230460921843747e+00 4.532472543969298662e-01
1.365651302605210393e+00 4.531229197916127882e-01
1.366072144288577261e+00 4.529541100277457710e-01
1.366492985971943908e+00 4.525702605558133973e-01
1.366913827655310554e+00 4.521865273520116468e-01
1.367334669338677422e+00 4.515559644939655670e-01
1.367755511022044068e+00 4.508619959259970722e-01
1.368176352705410936e+00 4.502850742880746826e-01
1.368597194388777583e+00 4.498703232462513690e-01
1.369018036072144229e+00 4.494554741064770709e-01
1.369438877755511097e+00 4.490334413104714595e-01
1.369859719438877743e+00 4.486115577910990693e-01
1.370280561122244611e+00 4.479747818390033554e-01
1.370701402805611258e+00 4.472305763440522219e-01
1.371122244488977904e+00 4.463761490663375464e-01
1.371543086172344772e+00 4.452522350285199049e-01
1.371963927855711418e+00 4.441290373497888688e-01
1.372384769539078286e+00 4.434182651050308510e-01
1.372805611222444933e+00 4.427463312068899426e-01
1.373226452905811579e+00 4.420510079825814564e-01
1.373647294589178447e+00 4.413356912597933279e-01
1.374068136272545093e+00 4.406203676971626182e-01
1.374488977955911739e+00 4.399036920046362487e-01
1.374909819639278608e+00 4.391872813867276903e-01
1.375330661322645254e+00 4.385145699816043741e-01
1.375751503006012122e+00 4.378540734012036917e-01
1.376172344689378768e+00 4.370860926217511877e-01
1.376593186372745414e+00 4.361628781645089936e-01
1.377014028056112283e+00 4.352387415240243640e-01
1.377434869739478929e+00 4.342774582139407591e-01
1.377855711422845797e+00 4.333166325605778968e-01
1.378276553106212443e+00 4.325396631429819227e-01
1.378697394789579089e+00 4.318587748518421532e-01
1.379118236472945958e+00 4.312043443435352175e-01
1.379539078156312604e+00 4.306170438587559879e-01
1.379959919839679472e+00 4.300300338394099087e-01
1.380380761523046118e+00 4.295319934366523817e-01
1.380801603206412764e+00 4.290434115508737767e-01
1.381222444889779633e+00 4.283129950655165663e-01
1.381643286573146279e+00 4.273670326960375965e-01
1.382064128256513147e+00 4.264772829459916870e-01
1.382484969939879793e+00 4.258982421003748575e-01
1.382905811623246439e+00 4.253195062596275000e-01
1.383326653306613307e+00 4.247011576584752146e-01
1.383747494989979954e+00 4.240715379299194732e-01
1.384168336673346822e+00 4.235364191800314315e-01
1.384589178356713468e+00 4.231429164938670939e-01
1.385010020040080114e+00 4.227508582384797431e-01
1.385430861723446982e+00 4.224140005439391832e-01
1.385851703406813629e+00 4.220772784198007499e-01
1.386272545090180497e+00 4.215622195473464617e-01
1.386693386773547143e+00 4.209502318376562302e-01
1.387114228456913789e+00 4.204109968902944305e-01
1.387535070140280657e+00 4.200667463670648138e-01
1.387955911823647304e+00 4.197225792230422359e-01
1.388376753507014172e+00 4.194525452662294374e-01
1.388797595190380818e+00 4.191912633330171500e-01
1.389218436873747464e+00 4.192058189877486130e-01
1.389639278557114332e+00 4.194759053177579133e-01
1.390060120240480979e+00 4.196934904848048098e-01
1.390480961923847625e+00 4.195964885861207527e-01
1.390901803607214493e+00 4.194994645880272266e-01
1.391322645290581139e+00 4.194916394531147397e-01
1.391743486973948007e+00 4.195109062115453535e-01
1.392164328657314654e+00 4.194357430487518634e-01
1.392585170340681300e+00 4.192133712635934262e-01
1.393006012024048168e+00 4.189878386980095404e-01
1.393426853707414814e+00 4.185361621240645813e-01
1.393847695390781682e+00 4.180846380095080694e-01
1.394268537074148329e+00 4.178521600407386627e-01
1.394689378757514975e+00 4.177439207735975102e-01
1.395110220440881843e+00 4.177228954688780305e-01
1.395531062124248489e+00 4.179475205243323166e-01
1.395951903807615357e+00 4.181719964391890643e-01
1.396372745490982004e+00 4.178626358493699455e-01
1.396793587174348650e+00 4.174845246987763381e-01
1.397214428857715518e+00 4.170348768990426724e-01
1.397635270541082164e+00 4.165163115988794740e-01
1.398056112224448810e+00 4.160412456972000239e-01
1.398476953907815679e+00 4.158478263203446157e-01
1.398897795591182325e+00 4.156544416086978555e-01
1.399318637274549193e+00 4.154578767264270334e-01
1.399739478957915839e+00 4.152603257328007502e-01
1.400160320641282485e+00 4.149901071308789713e-01
1.400581162324649354e+00 4.146017287095342119e-01
1.401002004008016000e+00 4.142162590264378275e-01
1.401422845691382868e+00 4.144136985029161502e-01
1.401843687374749514e+00 4.146108503351917940e-01
1.402264529058116160e+00 4.149131524002364069e-01
1.402685370741483029e+00 4.152775071386426431e-01
1.403106212424849675e+00 4.154901290064346164e-01
1.403527054108216543e+00 4.152533473035086020e-01
1.403947895791583189e+00 4.150166157368704867e-01
1.404368737474949835e+00 4.151409999744644086e-01
1.404789579158316704e+00 4.153162831227467655e-01
1.405210420841683350e+00 4.154598964283305329e-01
1.405631262525050218e+00 4.155718868894447970e-01
1.406052104208416864e+00 4.156894783888035461e-01
1.406472945891783510e+00 4.158474928777330382e-01
1.406893787575150379e+00 4.160052976438906591e-01
1.407314629258517025e+00 4.163648966113716043e-01
1.407735470941883893e+00 4.167924287870484190e-01
1.408156312625250539e+00 4.173127564777761589e-01
1.408577154308617185e+00 4.179901123501643667e-01
1.408997995991984054e+00 4.186668404337047233e-01
1.409418837675350700e+00 4.191415642964249066e-01
1.409839679358717568e+00 4.196149634876853440e-01
1.410260521042084214e+00 4.199942603845142064e-01
1.410681362725450860e+00 4.203154466270385692e-01
1.411102204408817729e+00 4.207320697998424563e-01
1.411523046092184375e+00 4.214470495183708643e-01
1.411943887775551243e+00 4.221615590018785169e-01
1.412364729458917889e+00 4.226535169536306258e-01
1.412785571142284535e+00 4.231109662737200794e-01
1.413206412825651404e+00 4.234527698457553058e-01
1.413627254509018050e+00 4.236743773561422732e-01
1.414048096192384696e+00 4.239380190345060639e-01
1.414468937875751564e+00 4.245293364344800979e-01
1.414889779559118210e+00 4.251202506627733690e-01
1.415310621242485078e+00 4.257073232637133553e-01
1.415731462925851725e+00 4.262926654312174102e-01
1.416152304609218371e+00 4.269131411274573740e-01
1.416573146292585239e+00 4.275960960823761425e-01
1.416993987975951885e+00 4.282786605908134869e-01
1.417414829659318753e+00 4.284945379614533145e-01
1.417835671342685400e+00 4.287033448208606434e-01
1.418256513026052046e+00 4.288877050047882333e-01
1.418677354709418914e+00 4.290563862563285258e-01
1.419098196392785560e+00 4.292559411812126857e-01
1.419519038076152428e+00 4.295572550796443179e-01
1.419939879759519075e+00 4.298582513633200652e-01
1.420360721442885721e+00 4.302264665249833642e-01
1.420781563126252589e+00 4.306056667015123463e-01
1.421202404809619235e+00 4.308506637690376895e-01
1.421623246492985881e+00 4.309509395974054913e-01
1.422044088176352750e+00 4.310722773412288822e-01
1.422464929859719396e+00 4.313748072059349070e-01
1.422885771543086264e+00 4.316770564091974571e-01
1.423306613226452910e+00 4.315981120435123941e-01
1.423727454909819556e+00 4.313771289671551323e-01
1.424148296593186425e+00 4.312418975004274069e-01
1.424569138276553071e+00 4.312641467113806915e-01
1.424989979959919939e+00 4.312863155694163786e-01
1.425410821643286585e+00 4.313694783436810010e-01
1.425831663326653231e+00 4.314540080738705763e-01
1.426252505010020100e+00 4.314141913849157683e-01
1.426673346693386746e+00 4.312914134423593837e-01
1.427094188376753614e+00 4.311461836439837714e-01
1.427515030060120260e+00 4.309231106010164014e-01
1.427935871743486906e+00 4.307001072602258951e-01
1.428356713426853775e+00 4.303304509046053661e-01
1.428777555110220421e+00 4.299345885573859771e-01
1.429198396793587289e+00 4.296614435172182445e-01
1.429619238476953935e+00 4.295257889577321908e-01
1.430040080160320581e+00 4.293761208867376000e-01
1.430460921843687450e+00 4.290928367026862200e-01
1.430881763527054096e+00 4.288096444019031117e-01
1.431302605210420964e+00 4.283449418675879250e-01
1.431723446893787610e+00 4.278095186263214389e-01
1.432144288577154256e+00 4.271750853536531167e-01
1.432565130260521125e+00 4.263507320512790466e-01
1.432985971943887771e+00 4.255268785480729177e-01
1.433406813627254639e+00 4.246742527210620177e-01
1.433827655310621285e+00 4.238209841828681768e-01
1.434248496993987931e+00 4.232448898096182743e-01
1.434669338677354800e+00 4.228610315898860827e-01
1.435090180360721446e+00 4.224475023019015341e-01
1.435511022044088314e+00 4.219244776961228460e-01
1.435931863727454960e+00 4.214016275560472091e-01
1.436352705410821606e+00 4.208947695460375504e-01
1.436773547094188475e+00 4.203912414119261864e-01
1.437194388777555121e+00 4.199600768275427720e-01
1.437615230460921989e+00 4.196130733649908739e-01
1.438036072144288635e+00 4.192597599748282833e-01
1.438456913827655281e+00 4.188383142995449337e-01
1.438877755511022150e+00 4.184171023731853567e-01
1.439298597194388796e+00 4.180597506930175955e-01
1.439719438877755442e+00 4.177285860328526779e-01
1.440140280561122310e+00 4.174667770958643831e-01
1.440561122244488956e+00 4.173435995356680195e-01
1.440981963927855825e+00 4.172204106895797682e-01
1.441402805611222471e+00 4.171869325011102747e-01
1.441823647294589117e+00 4.171574118042185031e-01
1.442244488977955985e+00 4.171859193373171903e-01
1.442665330661322631e+00 4.172562367158999530e-01
1.443086172344689277e+00 4.173613327317363675e-01
1.443507014028056146e+00 4.176019339404581920e-01
1.443927855711422792e+00 4.178422634082957776e-01
1.444348697394789660e+00 4.180414212817520347e-01
1.444769539078156306e+00 4.182318893773861457e-01
1.445190380761522952e+00 4.183792855154320200e-01
1.445611222444889821e+00 4.184746300333285762e-01
1.446032064128256467e+00 4.185769850598325958e-01
1.446452905811623335e+00 4.187658565614905126e-01
1.446873747494989981e+00 4.189545728121057411e-01
1.447294589178356627e+00 4.193018744736320969e-01
1.447715430861723496e+00 4.197167989425719115e-01
1.448136272545090142e+00 4.201243045556067868e-01
1.448557114228457010e+00 4.205169277455886312e-01
1.448977955911823656e+00 4.209092267090233097e-01
1.449398797595190302e+00 4.213780985084620845e-01
1.449819639278557171e+00 4.218508914523693143e-01
1.450240480961923817e+00 4.220391023505475347e-01
1.450661322645290685e+00 4.220138842298035153e-01
1.451082164328657331e+00 4.219972299389431747e-01
1.451503006012023977e+00 4.220161810299522531e-01
1.451923847695390846e+00 4.220350515056122687e-01
1.452344689378757492e+00 4.225950288438077851e-01
1.452765531062124360e+00 4.232741140619513120e-01
1.453186372745491006e+00 4.238616205900114786e-01
1.453607214428857652e+00 4.243341059175435581e-01
1.454028056112224521e+00 4.247919124598134588e-01
1.454448897795591167e+00 4.250492481254116162e-01
1.454869739478958035e+00 4.253063102423837449e-01
1.455290581162324681e+00 4.254964264216239411e-01
1.455711422845691327e+00 4.256564162871280255e-01
1.456132264529058196e+00 4.258590718738652359e-01
1.456553106212424842e+00 4.261551098760158474e-01
1.456973947895791710e+00 4.264509036390951580e-01
1.457394789579158356e+00 4.266574193393918302e-01
1.457815631262525002e+00 4.268578087170145641e-01
1.458236472945891871e+00 4.270307219232234996e-01
1.458657314629258517e+00 4.271821854836919674e-01
1.459078156312625385e+00 4.273369575837011602e-01
1.459498997995992031e+00 4.275068620356508031e-01
1.459919839679358677e+00 4.276765956216360687e-01
1.460340681362725546e+00 4.274287114078288985e-01
1.460761523046092192e+00 4.270826757377734761e-01
1.461182364729459060e+00 4.267934223817161365e-01
1.461603206412825706e+00 4.265782854973709792e-01
1.462024048096192352e+00 4.263528649541494242e-01
1.462444889779559221e+00 4.259555047693284191e-01
1.462865731462925867e+00 4.255583119625028221e-01
1.463286573146292513e+00 4.250915650314451844e-01
1.463707414829659381e+00 4.245924057029631937e-01
1.464128256513026027e+00 4.239569387043822801e-01
1.464549098196392896e+00 4.230103715943995812e-01
1.464969939879759542e+00 4.220643827046582364e-01
1.465390781563126188e+00 4.210134230654472565e-01
1.465811623246493056e+00 4.199549047050660788e-01
1.466232464929859702e+00 4.188584145658762470e-01
1.466653306613226349e+00 4.177314298046205798e-01
1.467074148296593217e+00 4.165227674449030193e-01
1.467494989979959863e+00 4.149294656866784337e-01
1.467915831663326731e+00 4.133373232545579645e-01
1.468336673346693377e+00 4.114136824305876794e-01
1.468757515030060024e+00 4.094079578779193374e-01
1.469178356713426892e+00 4.070802037308285382e-01
1.469599198396793538e+00 4.043144833707222885e-01
1.470020040080160406e+00 4.015115787186669949e-01
1.470440881763527052e+00 3.979242460690072258e-01
1.470861723446893699e+00 3.943391467492723956e-01
1.471282565130260567e+00 3.900355583795981906e-01
1.471703406813627213e+00 3.853814277707742764e-01
1.472124248496994081e+00 3.805179660565385924e-01
1.472545090180360727e+00 3.751515575552149540e-01
1.472965931863727373e+00 3.697889792151213828e-01
1.473386773547094242e+00 3.633240158519722707e-01
1.473807615230460888e+00 3.567661293921701726e-01
1.474228456913827756e+00 3.494509832070950006e-01
1.474649298597194402e+00 3.414980814679421384e-01
1.475070140280561048e+00 3.333647423184078473e-01
1.475490981963927917e+00 3.243167107098322011e-01
1.475911823647294563e+00 3.152752080175281191e-01
1.476332665330661431e+00 3.054944011729013309e-01
1.476753507014028077e+00 2.955228465921276859e-01
1.477174348697394723e+00 2.853612245863653141e-01
1.477595190380761592e+00 2.749254098268951174e-01
1.478016032064128238e+00 2.644772182724646759e-01
1.478436873747495106e+00 2.536287877429873605e-01
1.478857715430861752e+00 2.427893882956079497e-01
1.479278557114228398e+00 2.320687146200607343e-01
1.479699398797595267e+00 2.214111430658758650e-01
1.480120240480961913e+00 2.107439692549102905e-01
1.480541082164328781e+00 2.000437531411461134e-01
1.480961923847695427e+00 1.893515071700260788e-01
1.481382765531062073e+00 1.791830837790310549e-01
1.481803607214428942e+00 1.690708728054043652e-01
1.482224448897795588e+00 1.593861174503742317e-01
1.482645290581162456e+00 1.500781304991589127e-01
1.483066132264529102e+00 1.409462951548293985e-01
1.483486973947895748e+00 1.327291518818162486e-01
1.483907815631262617e+00 1.245181517718082082e-01
1.484328657314629263e+00 1.170090573829998537e-01
1.484749498997996131e+00 1.096988359937752094e-01
1.485170340681362777e+00 1.027510939913575116e-01
1.485591182364729423e+00 9.633587070702784305e-02
1.486012024048096292e+00 8.995041357892130662e-02
1.486432865731462938e+00 8.444634555089659822e-02
1.486853707414829584e+00 7.894698798235767756e-02
1.487274549098196452e+00 7.397216141889587093e-02
1.487695390781563098e+00 6.927759163218351335e-02
1.488116232464929967e+00 6.479708340386257370e-02
1.488537074148296613e+00 6.087215611789750097e-02
1.488957915831663259e+00 5.694904035703632350e-02
1.489378757515030127e+00 5.357796031106518142e-02
1.489799599198396773e+00 5.027059365890959586e-02
1.490220440881763420e+00 4.728695051000713495e-02
1.490641282565130288e+00 4.459759011211834878e-02
1.491062124248496934e+00 4.195765446498017637e-02
1.491482965931863802e+00 3.959293188777754380e-02
1.491903807615230448e+00 3.722982658489858154e-02
1.492324649298597095e+00 3.516329453348808476e-02
1.492745490981963963e+00 3.318538603826269584e-02
1.493166332665330609e+00 3.134723801993404002e-02
1.493587174348697477e+00 2.972262020316503509e-02
1.494008016032064123e+00 2.810418384082154913e-02
1.494428857715430770e+00 2.673763527994324138e-02
1.494849699398797638e+00 2.537202168894345244e-02
1.495270541082164284e+00 2.412756171927435758e-02
1.495691382765531152e+00 2.295090948947354353e-02
1.496112224448897798e+00 2.181119373734525385e-02
1.496533066132264445e+00 2.077122401838609259e-02
1.496953907815631313e+00 1.973178018046982396e-02
1.497374749498997959e+00 1.879292124091651306e-02
1.497795591182364827e+00 1.786708643005827102e-02
1.498216432865731473e+00 1.696843953919554421e-02
1.498637274549098120e+00 1.609541399181330448e-02
1.499058116232464988e+00 1.523399456070766329e-02
1.499478957915831634e+00 1.444194352155810969e-02
1.499899799599198502e+00 1.365043577612292877e-02
1.500320641282565148e+00 1.290082665552684874e-02
1.500741482965931795e+00 1.216453887526865695e-02
1.501162324649298663e+00 1.144235174583322495e-02
1.501583166332665309e+00 1.074238614949283958e-02
1.502004008016032177e+00 1.004332971923743191e-02
1.502424849699398823e+00 9.404502567047274067e-03
1.502845691382765470e+00 8.766117978271814604e-03
1.503266533066132338e+00 8.168259674927201563e-03
1.503687374749498984e+00 7.593967863405813069e-03
1.504108216432865852e+00 7.039289679929348724e-03
1.504529058116232498e+00 6.540693053738152150e-03
1.504949899799599145e+00 6.042442381929330475e-03
1.505370741482966013e+00 5.617145201061928862e-03
1.505791583166332659e+00 5.201865489413491465e-03
1.506212424849699527e+00 4.822347549714960449e-03
1.506633266533066173e+00 4.477919136406157546e-03
1.507054108216432819e+00 4.141559895577592507e-03
1.507474949899799688e+00 3.858959360420723995e-03
1.507895791583166334e+00 3.576524185259346688e-03
1.508316633266533202e+00 3.333994468854401330e-03
1.508737474949899848e+00 3.104706613278660540e-03
1.509158316633266494e+00 2.891485175962211877e-03
1.509579158316633363e+00 2.704783186263368978e-03
1.510000000000000009e+00 2.518191457075020546e-03
