7.900000000000000355e-01 1.223537582135694485e-03
7.904609218436874363e-01 1.976872621680674565e-03
7.909218436873748370e-01 2.742454732656665877e-03
7.913827655310621267e-01 3.978075981311892176e-03
7.918436873747495275e-01 5.327306651474395666e-03
7.923046092184369282e-01 7.094104007640692280e-03
7.927655310621243290e-01 9.093752056305295581e-03
7.932264529058116187e-01 1.136271502630361793e-02
7.936873747494990194e-01 1.391432333126356100e-02
7.941482965931864202e-01 1.656799580003459962e-02
7.946092184368738209e-01 1.939957246326356327e-02
7.950701402805611107e-01 2.226072804015406109e-02
7.955310621242485114e-01 2.508414337005118039e-02
7.959919839679359121e-01 2.794681121132352661e-02
7.964529058116233129e-01 3.063137493888992702e-02
7.969138276553106026e-01 3.335020236655615589e-02
7.973747494989980034e-01 3.577915852242203459e-02
7.978356713426854041e-01 3.816354102754017374e-02
7.982965931863728049e-01 4.014230108246848866e-02
7.987575150300602056e-01 4.190294511626074803e-02
7.992184368737474953e-01 4.355700097560644135e-02
7.996793587174348961e-01 4.508732303481645387e-02
8.001402805611222968e-01 4.650777903007948660e-02
8.006012024048096976e-01 4.765031915579135552e-02
8.010621242484969873e-01 4.877454715889829873e-02
8.015230460921843880e-01 4.971664910320178904e-02
8.019839679358717888e-01 5.066723169130875337e-02
8.024448897795591895e-01 5.155566641562393110e-02
8.029058116232464792e-01 5.244893506345678358e-02
8.033667334669338800e-01 5.320779959075293275e-02
8.038276553106212807e-01 5.393533711991505691e-02
8.042885771543086815e-01 5.466755152723084404e-02
8.047494989979959712e-01 5.540457952494499266e-02
8.052104208416833719e-01 5.587892899903713212e-02
8.056713426853707727e-01 5.603340875426546241e-02
8.061322645290581734e-01 5.611607696248825661e-02
8.065931863727455742e-01 5.602381600660628208e-02
8.070541082164328639e-01 5.587807280968425105e-02
8.075150300601202646e-01 5.536884289955178867e-02
8.079759519038076654e-01 5.484710764678395883e-02
8.084368737474950661e-01 5.459693025020667667e-02
8.088977955911823559e-01 5.435394317403857006e-02
8.093587174348697566e-01 5.421565222522607697e-02
8.098196392785571573e-01 5.410276486270611251e-02
8.102805611222445581e-01 5.415287718139295131e-02
8.107414829659318478e-01 5.430852118972299275e-02
8.112024048096192486e-01 5.460375524096014455e-02
8.116633266533066493e-01 5.508105299579485470e-02
8.121242484969940501e-01 5.557009761618800919e-02
8.125851703406814508e-01 5.608880576241136173e-02
8.130460921843687405e-01 5.658408023540267839e-02
8.135070140280561413e-01 5.685097113350651848e-02
8.139679358717435420e-01 5.711627939672327126e-02
8.144288577154309428e-01 5.722330657844443280e-02
8.148897795591182325e-01 5.731531939840606160e-02
8.153507014028056332e-01 5.738588753462175313e-02
8.158116232464930340e-01 5.744670160623321920e-02
8.162725450901804347e-01 5.765525495023969549e-02
8.167334669338677244e-01 5.796728068395601285e-02
8.171943887775551252e-01 5.847400627746526802e-02
8.176553106212425259e-01 5.925214186634278346e-02
8.181162324649299267e-01 6.015954495657411388e-02
8.185771543086172164e-01 6.144459463968389434e-02
8.190380761523046171e-01 6.273918104104617144e-02
8.194989979959920179e-01 6.402774594914316386e-02
8.199599198396794186e-01 6.532715708108333130e-02
8.204208416833668194e-01 6.667608790727115597e-02
8.208817635270541091e-01 6.803996957240855681e-02
8.213426853707415098e-01 6.910981220884045151e-02
8.218036072144289106e-01 7.008138257915565161e-02
8.222645290581163113e-01 7.095439137310949329e-02
8.227254509018036011e-01 7.175424583576101023e-02
8.231863727454910018e-01 7.233285187573199049e-02
8.236472945891784025e-01 7.257885076220862985e-02
8.241082164328658033e-01 7.274576397575406583e-02
8.245691382765530930e-01 7.265715975989467390e-02
8.250300601202404938e-01 7.255724992697130948e-02
8.254909819639278945e-01 7.238001228959106692e-02
8.259519038076152952e-01 7.219601049344993859e-02
8.264128256513025850e-01 7.210753230696162475e-02
8.268737474949899857e-01 7.202494411812378206e-02
8.273346693386773865e-01 7.214385326781011520e-02
8.277955911823647872e-01 7.233818307966508043e-02
8.282565130260521880e-01 7.272334371316328816e-02
8.287174348697394777e-01 7.326295603116876609e-02
8.291783567134268784e-01 7.377978063859523539e-02
8.296392785571142792e-01 7.425937206304482341e-02
8.301002004008016799e-01 7.473007372198056664e-02
8.305611222444889696e-01 7.516641769648023386e-02
8.310220440881763704e-01 7.560137890788401482e-02
8.314829659318637711e-01 7.600700344810641662e-02
8.319438877755511719e-01 7.641236551010489875e-02
8.324048096192384616e-01 7.654109861158510386e-02
8.328657314629258623e-01 7.662805360816273004e-02
8.333266533066132631e-01 7.656109477829330101e-02
8.337875751503006638e-01 7.642672608436408554e-02
8.342484969939880646e-01 7.638578858140838979e-02
8.347094188376753543e-01 7.642545165528603912e-02
8.351703406813627550e-01 7.649598103305492447e-02
8.356312625250501558e-01 7.662253483939507337e-02
8.360921843687375565e-01 7.684014105290604135e-02
8.365531062124248463e-01 7.743406603945807154e-02
8.370140280561122470e-01 7.803182561107477322e-02
8.374749498997996477e-01 7.869420235460164448e-02
8.379358717434870485e-01 7.935909860339232513e-02
8.383967935871743382e-01 8.002856125867108261e-02
8.388577154308617390e-01 8.070099442278606816e-02
8.393186372745491397e-01 8.127227468737918681e-02
8.397795591182365404e-01 8.179852517446052629e-02
8.402404809619238302e-01 8.234426885803954044e-02
8.407014028056112309e-01 8.290822105103012873e-02
8.411623246492986317e-01 8.356644383003052068e-02
8.416232464929860324e-01 8.439875563588068730e-02
8.420841683366733221e-01 8.517891848101254160e-02
8.425450901803607229e-01 8.570975952499294837e-02
8.430060120240481236e-01 8.624909520163594190e-02
8.434669338677355244e-01 8.735337560741844587e-02
8.439278557114229251e-01 8.846423672426018125e-02
8.443887775551102148e-01 8.929250663945795252e-02
8.448496993987976156e-01 9.007060374827395577e-02
8.453106212424850163e-01 9.070826332609996379e-02
8.457715430861724171e-01 9.127795808077812656e-02
8.462324649298597068e-01 9.206399254495041540e-02
8.466933867735471075e-01 9.306568649977924046e-02
8.471543086172345083e-01 9.383780993292993589e-02
8.476152304609219090e-01 9.414424423552664178e-02
8.480761523046091988e-01 9.454526201475080271e-02
8.485370741482965995e-01 9.543298529189180035e-02
8.489979959919840002e-01 9.632475891556074865e-02
8.494589178356714010e-01 9.691460692421850764e-02
8.499198396793588017e-01 9.750440830355744382e-02
8.503807615230460915e-01 9.812748201982708640e-02
8.508416833667334922e-01 9.875881924078211416e-02
8.513026052104208929e-01 9.924789300016927107e-02
8.517635270541082937e-01 9.966171391732291107e-02
8.522244488977955834e-01 9.997746696884692030e-02
8.526853707414829842e-01 1.001885930925313223e-01
8.531462925851703849e-01 1.003062923749921398e-01
8.536072144288577856e-01 1.002236527891616213e-01
8.540681362725450754e-01 1.001415109320622637e-01
8.545290581162324761e-01 1.000848880776930572e-01
8.549899799599198769e-01 1.000234969092168996e-01
8.554509018036072776e-01 1.001062915157368421e-01
8.559118236472946784e-01 1.001893179257790228e-01
8.563727454909819681e-01 1.002300061258808855e-01
8.568336673346693688e-01 1.002576562199852389e-01
8.572945891783567696e-01 1.003568237959461679e-01
8.577555110220440593e-01 1.004957788192323287e-01
8.582164328657314600e-01 1.005732426387020706e-01
8.586773547094188608e-01 1.005807468608321403e-01
8.591382765531062615e-01 1.005845596982076068e-01
8.595991983967936623e-01 1.005843424111883128e-01
8.600601202404809520e-01 1.005686210011679516e-01
8.605210420841683527e-01 1.004715336396603265e-01
8.609819639278557535e-01 1.003700675951510329e-01
8.614428857715431542e-01 1.003750432537763998e-01
8.619038076152305550e-01 1.003808564846901674e-01
8.623647294589178447e-01 1.005838827728485901e-01
8.628256513026052454e-01 1.008381431099531211e-01
8.632865731462926462e-01 1.014435377100962460e-01
8.637474949899799359e-01 1.022660173837012382e-01
8.642084168336673367e-01 1.030964356152843237e-01
8.646693386773547374e-01 1.039358478241167172e-01
8.651302605210421381e-01 1.047869168748104679e-01
8.655911823647295389e-01 1.056622770595672250e-01
8.660521042084168286e-01 1.065769860570600219e-01
8.665130260521042294e-01 1.077768668850645484e-01
8.669739478957916301e-01 1.089832281567942318e-01
8.674348697394790308e-01 1.100640896484109399e-01
8.678957915831663206e-01 1.111423861100398758e-01
8.683567134268537213e-01 1.124403717273454867e-01
8.688176352705411221e-01 1.138082623210144306e-01
8.692785571142285228e-01 1.151002675818251497e-01
8.697394789579158125e-01 1.163443620601721518e-01
8.702004008016032133e-01 1.174486391769210686e-01
8.706613226452906140e-01 1.183672262000026315e-01
8.711222444889780148e-01 1.192533623450209856e-01
8.715831663326654155e-01 1.200422542068499548e-01
8.720440881763527052e-01 1.208099357496377202e-01
8.725050100200401060e-01 1.213531082053442012e-01
8.729659318637275067e-01 1.218968504430197192e-01
8.734268537074149075e-01 1.222219402805208299e-01
8.738877755511021972e-01 1.225282179953726680e-01
8.743486973947895979e-01 1.227009201384987175e-01
8.748096192384769987e-01 1.228287102762654487e-01
8.752705410821643994e-01 1.227761113156237011e-01
8.757314629258516891e-01 1.225935675490562593e-01
8.761923847695390899e-01 1.224069508302662868e-01
8.766533066132264906e-01 1.222168391341702659e-01
8.771142284569138914e-01 1.219946705154305450e-01
8.775751503006012921e-01 1.216855786227549197e-01
8.780360721442885819e-01 1.213867483532140024e-01
8.784969939879759826e-01 1.212724104074560105e-01
8.789579158316633833e-01 1.211536273177582779e-01
8.794188376753506731e-01 1.214983294502271216e-01
8.798797595190380738e-01 1.218894247057124014e-01
8.803406813627254746e-01 1.222967683908068592e-01
8.808016032064128753e-01 1.227098224021305334e-01
8.812625250501002760e-01 1.228611620935644716e-01
8.817234468937875658e-01 1.228115986336525550e-01
8.821843687374749665e-01 1.225339800631439907e-01
8.826452905811623673e-01 1.219129589223749421e-01
8.831062124248497680e-01 1.213316619801164120e-01
8.835671342685370577e-01 1.209045560205927045e-01
8.840280561122244585e-01 1.204736749315107047e-01
8.844889779559118592e-01 1.200760678412387955e-01
8.849498997995992600e-01 1.196718561453479213e-01
8.854108216432865497e-01 1.193103706596459757e-01
8.858717434869739504e-01 1.189485978682607720e-01
8.863326653306613512e-01 1.189065924428716614e-01
8.867935871743487519e-01 1.189871502366668249e-01
8.872545090180361527e-01 1.192002657203305727e-01
8.877154308617234424e-01 1.195220678782624169e-01
8.881763527054108431e-01 1.202072160430670278e-01
8.886372745490982439e-01 1.214841183497751553e-01
8.890981963927856446e-01 1.228052794123551117e-01
8.895591182364729343e-01 1.242726922361183234e-01
8.900200400801603351e-01 1.257443883745516799e-01
8.904809619238477358e-01 1.271386226847072143e-01
8.909418837675351366e-01 1.285399860354526913e-01
8.914028056112224263e-01 1.302595965284327750e-01
8.918637274549098271e-01 1.320340347089893895e-01
8.923246492985972278e-01 1.343089793891080741e-01
8.927855711422846285e-01 1.368045863487348524e-01
8.932464929859720293e-01 1.390286758313833415e-01
8.937074148296593190e-01 1.410151474765432289e-01
8.941683366733467198e-01 1.425188347357415342e-01
8.946292585170341205e-01 1.431680372882267460e-01
8.950901803607214102e-01 1.438063337750033754e-01
8.955511022044088110e-01 1.443954790664822851e-01
8.960120240480962117e-01 1.449667521447930707e-01
8.964729458917836125e-01 1.448358259240343227e-01
8.969338677354710132e-01 1.447007269858419376e-01
8.973947895791583029e-01 1.446733571500404270e-01
8.978557114228457037e-01 1.446610981310309518e-01
8.983166332665331044e-01 1.446303977232068494e-01
8.987775551102205052e-01 1.445892452981723808e-01
8.992384769539079059e-01 1.444402984025114356e-01
8.996993987975951956e-01 1.441895275864817916e-01
9.001603206412825964e-01 1.439283290881631094e-01
9.006212424849699971e-01 1.436515761474578823e-01
9.010821643286572868e-01 1.433324056426346360e-01
9.015430861723446876e-01 1.428369700500990158e-01
9.020040080160320883e-01 1.423338725399526661e-01
9.024649298597194891e-01 1.417556063333781646e-01
9.029258517034068898e-01 1.411700481653146155e-01
9.033867735470941795e-01 1.406755950303761327e-01
9.038476953907815803e-01 1.401933035118141102e-01
9.043086172344689810e-01 1.400260182893945660e-01
9.047695390781563818e-01 1.400139160891927526e-01
9.052304609218436715e-01 1.400510370919418324e-01
9.056913827655310723e-01 1.401379047951029355e-01
9.061523046092184730e-01 1.402408093581365978e-01
9.066132264529058737e-01 1.403788555354672229e-01
9.070741482965931635e-01 1.405779992849010562e-01
9.075350701402805642e-01 1.411059976098254787e-01
9.079959919839679650e-01 1.416347761636768399e-01
9.084569138276553657e-01 1.423528814805230525e-01
9.089178356713427664e-01 1.430746515436784883e-01
9.093787575150300562e-01 1.441750463534416382e-01
9.098396793587174569e-01 1.453622517654667157e-01
9.103006012024048577e-01 1.466373564003048968e-01
9.107615230460922584e-01 1.479626168063621627e-01
9.112224448897795481e-01 1.493986441035997370e-01
9.116833667334669489e-01 1.509541315569314091e-01
9.121442885771543496e-01 1.525550062710750443e-01
9.126052104208417504e-01 1.542465403342176966e-01
9.130661322645290401e-01 1.559747560012746670e-01
9.135270541082164408e-01 1.578808169684225715e-01
9.139879759519038416e-01 1.597971345847919722e-01
9.144488977955912423e-01 1.618775492453554676e-01
9.149098196392786431e-01 1.639731703072936642e-01
9.153707414829659328e-01 1.658208385940452556e-01
9.158316633266533335e-01 1.676146359843126155e-01
9.162925851703407343e-01 1.694556109020708135e-01
9.167535070140280240e-01 1.713279951260188450e-01
9.172144288577154247e-01 1.730810913316736255e-01
9.176753507014028255e-01 1.746942610607681301e-01
9.181362725450902262e-01 1.761719122480119581e-01
9.185971943887776270e-01 1.773138152200101070e-01
9.190581162324649167e-01 1.784326282512345707e-01
9.195190380761523175e-01 1.793647433955916359e-01
9.199799599198397182e-01 1.802998274617713670e-01
9.204408817635271189e-01 1.810530604143376077e-01
9.209018036072145197e-01 1.817996547893498127e-01
9.213627254509018094e-01 1.823695642075545409e-01
9.218236472945892102e-01 1.828914795307732821e-01
9.222845691382766109e-01 1.833789322361394636e-01
9.227454909819639006e-01 1.838447318815786824e-01
9.232064128256513014e-01 1.839302137244497315e-01
9.236673346693387021e-01 1.835428119808638348e-01
9.241282565130261029e-01 1.830871399519995169e-01
9.245891783567135036e-01 1.824627845980519858e-01
9.250501002004007933e-01 1.818783690816015153e-01
9.255110220440881941e-01 1.816782628448413983e-01
9.259719438877755948e-01 1.814739584775633408e-01
9.264328657314628845e-01 1.811593278388496375e-01
9.268937875751503963e-01 1.808323986567628161e-01
9.273547094188376860e-01 1.806721883482316771e-01
9.278156312625250868e-01 1.805594800086566254e-01
9.282765531062124875e-01 1.804734832226835839e-01
9.287374749498997772e-01 1.804043296455344336e-01
9.291983967935871780e-01 1.804241166209891167e-01
9.296593186372745787e-01 1.805636717363562349e-01
9.301202404809619795e-01 1.807506526328379604e-01
9.305811623246493802e-01 1.810769179866125178e-01
9.310420841683366699e-01 1.814101424521764039e-01
9.315030060120240707e-01 1.818205327482670663e-01
9.319639278557114714e-01 1.822305272989884484e-01
9.324248496993987612e-01 1.826750493153501687e-01
9.328857715430861619e-01 1.831224202602816931e-01
9.333466933867735627e-01 1.835222380171773471e-01
9.338076152304609634e-01 1.839059166708844062e-01
9.342685370741483641e-01 1.842491168783942090e-01
9.347294589178356539e-01 1.845628887444959731e-01
9.351903807615230546e-01 1.850033238039208161e-01
9.356513026052104554e-01 1.856255766152719033e-01
9.361122244488978561e-01 1.862432623126007158e-01
9.365731462925852568e-01 1.868444870435293503e-01
9.370340681362725466e-01 1.874556398798032930e-01
9.374949899799599473e-01 1.881827490138445746e-01
9.379559118236473481e-01 1.889114774724905688e-01
9.384168336673346378e-01 1.900426563102634581e-01
9.388777555110220385e-01 1.912205966526787648e-01
9.393386773547094393e-01 1.926505179384497002e-01
9.397995991983968400e-01 1.941758550754035528e-01
9.402605210420842408e-01 1.957587906120885624e-01
9.407214428857715305e-01 1.973880271614089632e-01
9.411823647294589312e-01 1.990746333161807491e-01
9.416432865731463320e-01 2.008458025912246148e-01
9.421042084168337327e-01 2.026736256128918445e-01
9.425651302605211335e-01 2.046771412751703656e-01
9.430260521042084232e-01 2.066707331907320089e-01
9.434869739478958239e-01 2.083510654520142891e-01
9.439478957915832247e-01 2.100384008794085877e-01
9.444088176352705144e-01 2.113288580067281541e-01
9.448697394789579151e-01 2.125724965363090802e-01
9.453306613226453159e-01 2.136923409094013959e-01
9.457915831663327166e-01 2.147651034410787418e-01
9.462525050100201174e-01 2.155548448615698942e-01
9.467134268537074071e-01 2.161092340893171482e-01
9.471743486973948079e-01 2.165474625374970152e-01
9.476352705410822086e-01 2.167932983807535074e-01
9.480961923847694983e-01 2.170164542620964809e-01
9.485571142284570101e-01 2.171575199633601350e-01
9.490180360721442998e-01 2.172860925705905888e-01
9.494789579158317006e-01 2.171591388996758076e-01
9.499398797595191013e-01 2.170284812101475336e-01
9.504008016032063910e-01 2.170318924857988496e-01
9.508617234468937918e-01 2.170531815753693472e-01
9.513226452905811925e-01 2.172233839044122317e-01
9.517835671342685933e-01 2.174569172529932648e-01
9.522444889779559940e-01 2.176600286681687479e-01
9.527054108216432837e-01 2.178359639775880041e-01
9.531663326653306845e-01 2.178958502797320174e-01
9.536272545090180852e-01 2.177500213075106161e-01
9.540881763527053749e-01 2.176021250063720769e-01
9.545490981963927757e-01 2.174572140968666911e-01
9.550100200400801764e-01 2.173147507116874877e-01
9.554709418837675772e-01 2.174502485268401675e-01
9.559318637274549779e-01 2.175839201944245183e-01
9.563927855711422676e-01 2.177434074378380990e-01
9.568537074148296684e-01 2.179058710497643603e-01
9.573146292585170691e-01 2.181823881456878833e-01
9.577755511022044699e-01 2.185118730528691211e-01
9.582364729458918706e-01 2.191458401980594661e-01
9.586973947895791603e-01 2.200713314444327495e-01
9.591583166332665611e-01 2.210019793661521792e-01
9.596192384769539618e-01 2.219403145069684391e-01
9.600801603206412516e-01 2.229119971273054446e-01
9.605410821643286523e-01 2.240333446496890479e-01
9.610020040080160530e-01 2.251571439617000014e-01
9.614629258517034538e-01 2.260521180393010032e-01
9.619238476953908545e-01 2.269493570381395930e-01
9.623847695390781443e-01 2.279605523273715295e-01
9.628456913827655450e-01 2.289967300950298823e-01
9.633066132264529458e-01 2.303181054719778131e-01
9.637675350701403465e-01 2.317864729868752693e-01
9.642284569138277472e-01 2.334021108540238754e-01
9.646893787575150370e-01 2.351687328844182800e-01
9.651503006012024377e-01 2.369930410802595921e-01
9.656112224448898385e-01 2.389297133775512283e-01
9.660721442885771282e-01 2.407671819224777021e-01
9.665330661322645289e-01 2.420342643333270038e-01
9.669939879759519297e-01 2.433054519168937613e-01
9.674549098196393304e-01 2.442640884535122181e-01
9.679158316633267312e-01 2.452208914783665927e-01
9.683767535070140209e-01 2.462940906843564537e-01
9.688376753507014216e-01 2.473958276613900664e-01
9.692985971943888224e-01 2.484029834313629115e-01
9.697595190380761121e-01 2.493595267344400901e-01
9.702204408817635128e-01 2.501160612473841693e-01
9.706813627254509136e-01 2.506525011118929669e-01
9.711422845691383143e-01 2.511739364854060352e-01
9.716032064128257151e-01 2.516614005014624067e-01
9.720641282565130048e-01 2.521715151083595008e-01
9.725250501002004055e-01 2.528230157996200211e-01
9.729859719438878063e-01 2.534752404709572082e-01
9.734468937875752070e-01 2.540274536980586251e-01
9.739078156312626078e-01 2.545766764598742515e-01
9.743687374749498975e-01 2.552153394314510826e-01
9.748296593186372982e-01 2.558770233580580644e-01
9.752905811623246990e-01 2.562618330642919551e-01
9.757515030060119887e-01 2.564827694101297073e-01
9.762124248496993895e-01 2.566836292475312975e-01
9.766733466933867902e-01 2.568611611337167089e-01
9.771342685370741910e-01 2.569163855261105134e-01
9.775951903807615917e-01 2.566749794935420104e-01
9.780561122244488814e-01 2.563756501529493304e-01
9.785170340681362822e-01 2.556809488783262085e-01
9.789779559118236829e-01 2.549800980706402043e-01
9.794388777555110837e-01 2.549032161681176190e-01
9.798997995991984844e-01 2.548553346103246686e-01
9.803607214428857741e-01 2.552823659039196169e-01
9.808216432865731749e-01 2.558420434205471716e-01
9.812825651302605756e-01 2.564215950885950224e-01
9.817434869739478653e-01 2.570139375934790693e-01
9.822044088176352661e-01 2.578738744388276993e-01
9.826653306613226668e-01 2.590715463223881576e-01
9.831262525050100676e-01 2.604567383897640198e-01
9.835871743486974683e-01 2.623358793789883348e-01
9.840480961923847580e-01 2.642726766575280717e-01
9.845090180360721588e-01 2.666552771240203734e-01
9.849699398797595595e-01 2.690470795963463835e-01
9.854308617234468493e-01 2.715945684976696639e-01
9.858917835671343610e-01 2.741620743920565872e-01
9.863527054108216507e-01 2.763037695995016474e-01
9.868136272545090515e-01 2.783191754839622889e-01
9.872745490981964522e-01 2.798153772532241956e-01
9.877354709418837420e-01 2.809580763569279882e-01
9.881963927855711427e-01 2.822058610712148141e-01
9.886573146292585434e-01 2.835950622223728512e-01
9.891182364729459442e-01 2.847450569573412027e-01
9.895791583166333449e-01 2.851909905857404337e-01
9.900400801603206347e-01 2.856059816590825751e-01
9.905010020040080354e-01 2.856981016588660549e-01
9.909619238476954362e-01 2.857882269547059595e-01
9.914228456913827259e-01 2.858350755662484310e-01
9.918837675350701266e-01 2.858761423588397910e-01
9.923446893787575274e-01 2.858733160776532056e-01
9.928056112224449281e-01 2.858539625301527720e-01
9.932665330661323289e-01 2.857820267106216949e-01
9.937274549098196186e-01 2.856707384093427060e-01
9.941883767535070193e-01 2.854842245023601621e-01
9.946492985971944201e-01 2.851897237266395324e-01
9.951102204408818208e-01 2.849294351369117129e-01
9.955711422845692216e-01 2.847859552715331088e-01
9.960320641282565113e-01 2.846473004289357123e-01
9.964929859719439120e-01 2.846109524250670653e-01
9.969539078156313128e-01 2.845723883732732551e-01
9.974148296593186025e-01 2.845299275481001922e-01
9.978757515030060032e-01 2.844848532046186929e-01
9.983366733466934040e-01 2.843924718995896050e-01
9.987975951903808047e-01 2.842810343913714233e-01
9.992585170340682055e-01 2.839590680689517144e-01
9.997194388777554952e-01 2.834701521631041166e-01
1.000180360721442785e+00 2.818273116094088815e-01
1.000641282565130297e+00 2.783838765095636436e-01
1.001102204408817586e+00 2.739179999972231050e-01
1.001563126252505098e+00 2.658886618314115213e-01
1.002024048096192388e+00 2.575833092587402895e-01
1.002484969939879900e+00 2.448906762063173814e-01
1.002945891783567189e+00 2.321414283574582682e-01
1.003406813627254479e+00 2.151011870943373705e-01
1.003867735470941991e+00 1.974265939666438596e-01
1.004328657314629281e+00 1.788796535091171924e-01
1.004789579158316570e+00 1.599282166447349440e-01
1.005250501002004082e+00 1.432964263189924481e-01
1.005711422845691372e+00 1.286187033870226371e-01
1.006172344689378662e+00 1.153447444744509637e-01
1.006633266533066173e+00 1.044733809074649133e-01
1.007094188376753463e+00 9.403092681273243769e-02
1.007555110220440975e+00 8.538770870321878148e-02
1.008016032064128265e+00 7.677843961586526544e-02
1.008476953907815776e+00 7.014547434853882213e-02
1.008937875751503066e+00 6.348703132623839673e-02
1.009398797595190356e+00 5.818883783205303084e-02
1.009859719438877868e+00 5.308453046599091035e-02
1.010320641282565157e+00 4.884094429803609999e-02
1.010781563126252447e+00 4.496663829773669963e-02
1.011242484969939959e+00 4.150096802495797932e-02
1.011703406813627248e+00 3.840513409313941334e-02
1.012164328657314538e+00 3.570015958138237494e-02
1.012625250501002050e+00 3.371290276801308661e-02
1.013086172344689340e+00 3.170639828490656037e-02
1.013547094188376851e+00 2.964529251415418815e-02
1.014008016032064141e+00 2.758205415018915099e-02
1.014468937875751431e+00 2.584340165581791929e-02
1.014929859719438943e+00 2.409777913658357404e-02
1.015390781563126232e+00 2.270571987668428687e-02
1.015851703406813744e+00 2.137315102251291857e-02
1.016312625250501034e+00 2.034478881881593773e-02
1.016773547094188324e+00 1.945934420270998069e-02
1.017234468937875835e+00 1.844012825161454178e-02
1.017695390781563125e+00 1.729112467343112136e-02
1.018156312625250415e+00 1.616036569352697488e-02
1.018617234468937927e+00 1.506920173253652011e-02
1.019078156312625216e+00 1.395895215056122858e-02
1.019539078156312728e+00 1.277244832139711773e-02
1.020000000000000018e+00 1.158139804700743236e-02
