3.069999999999999840e+00 6.689460147066336043e-03
3.072184368737474802e+00 7.517216629605471233e-03
3.074368737474949764e+00 8.440701357271004554e-03
3.076553106212424726e+00 9.488697757165636543e-03
3.078737474949899688e+00 1.066814192457628610e-02
3.080921843687374651e+00 1.200379935444973768e-02
3.083106212424849613e+00 1.352454582524136896e-02
3.085290581162324575e+00 1.525253480295061560e-02
3.087474949899799537e+00 1.723027530983923736e-02
3.089659318637274499e+00 1.947543379969829749e-02
3.091843687374749461e+00 2.205304142546916923e-02
3.094028056112224423e+00 2.499378227485040543e-02
3.096212424849699385e+00 2.837551463691718318e-02
3.098396793587174347e+00 3.227043092150114895e-02
3.100581162324649309e+00 3.672311235435613691e-02
3.102765531062124271e+00 4.186229907808323297e-02
3.104949899799599233e+00 4.773363859336668402e-02
3.107134268537074195e+00 5.453794090103989550e-02
3.109318637274549157e+00 6.229458578689932302e-02
3.111503006012023675e+00 7.120677884864656804e-02
3.113687374749498638e+00 8.138239374843712903e-02
3.115871743486973600e+00 9.288988129838882113e-02
3.118056112224448562e+00 1.060518846286611083e-01
3.120240480961923524e+00 1.208188380349911190e-01
3.122424849699398486e+00 1.374486167846359075e-01
3.124609218436873448e+00 1.558689558658460372e-01
3.126793587174348410e+00 1.761765727917375679e-01
3.128977955911823372e+00 1.983333084186685857e-01
3.131162324649298334e+00 2.223165003654906657e-01
3.133346693386773296e+00 2.478583964266755646e-01
3.135531062124248258e+00 2.747682669181396586e-01
3.137715430861723220e+00 3.027922007298494145e-01
3.139899799599198182e+00 3.314770824064719457e-01
3.142084168336673144e+00 3.604892335715991214e-01
3.144268537074148107e+00 3.894221634649610020e-01
3.146452905811623069e+00 4.178059433002355161e-01
3.148637274549098031e+00 4.452480929701825851e-01
3.150821643286572993e+00 4.715520784820943501e-01
3.153006012024047955e+00 4.963452678292380460e-01
3.155190380761522917e+00 5.194955651273003294e-01
3.157374749498997879e+00 5.408986814194232107e-01
3.159559118236472841e+00 5.604627451579159425e-01
3.161743486973947803e+00 5.782782394050083319e-01
3.163927855711422765e+00 5.943144208100629156e-01
3.166112224448897727e+00 6.088510704487419822e-01
3.168296593186372689e+00 6.216882238947806227e-01
3.170480961923847651e+00 6.332110495132389216e-01
3.172665330661322614e+00 6.432696020847488150e-01
3.174849699398797576e+00 6.522775499634090313e-01
3.177034068136272538e+00 6.602839438515325510e-01
3.179218436873747500e+00 6.672067655281871401e-01
3.181402805611222462e+00 6.733038877621910778e-01
3.183587174348697424e+00 6.786898887247325707e-01
3.185771543086172386e+00 6.833744310023515123e-01
3.187955911823647348e+00 6.874561889844799101e-01
3.190140280561122310e+00 6.910773712500338783e-01
3.192324649298597272e+00 6.942620365444586161e-01
3.194509018036072234e+00 6.970904917858219418e-01
3.196693386773547196e+00 6.995234594790937788e-01
3.198877755511021714e+00 7.017444056763434412e-01
3.201062124248496676e+00 7.035481937881334913e-01
3.203246492985971638e+00 7.051599840685442988e-01
3.205430861723446601e+00 7.064995336449014784e-01
3.207615230460921563e+00 7.077274511431752568e-01
3.209799599198396525e+00 7.088083797755161397e-01
3.211983967935871487e+00 7.098394736155034801e-01
3.214168336673346449e+00 7.108862407967574404e-01
3.216352705410821411e+00 7.117756746107715138e-01
3.218537074148296373e+00 7.125158375664614185e-01
3.220721442885771335e+00 7.132293659532626950e-01
3.222905811623246297e+00 7.140514466780022440e-01
3.225090180360721259e+00 7.147582525243416640e-01
3.227274549098196221e+00 7.153628608220136131e-01
3.229458917835671183e+00 7.159590062746793437e-01
3.231643286573146145e+00 7.165160619849261225e-01
3.233827655310621108e+00 7.170252992578007856e-01
3.236012024048096070e+00 7.176974209431257190e-01
3.238196392785571032e+00 7.181190882353000182e-01
3.240380761523045994e+00 7.185401750292329526e-01
3.242565130260520956e+00 7.190781797844948420e-01
3.244749498997995918e+00 7.194398238599700734e-01
3.246933867735470880e+00 7.197810769338827130e-01
3.249118236472945842e+00 7.200849488084628547e-01
3.251302605210420804e+00 7.202471401029600928e-01
3.253486973947895766e+00 7.204321430728772846e-01
3.255671342685370728e+00 7.205742276781297306e-01
3.257855711422845690e+00 7.207465514328453837e-01
3.260040080160320652e+00 7.207241312305462388e-01
3.262224448897795614e+00 7.208445136595663660e-01
3.264408817635270577e+00 7.207800207019752214e-01
3.266593186372745539e+00 7.207382460024677195e-01
3.268777555110220501e+00 7.206391207008616684e-01
3.270961923847695463e+00 7.205505016892960191e-01
3.273146292585170425e+00 7.204033809079807282e-01
3.275330661322644943e+00 7.203035640769970271e-01
3.277515030060119905e+00 7.201711446564722507e-01
3.279699398797594867e+00 7.200422752093372791e-01
3.281883767535069829e+00 7.198156998927502936e-01
3.284068136272544791e+00 7.196695517212107207e-01
3.286252505010019753e+00 7.195118014742531987e-01
3.288436873747494715e+00 7.194528400846252891e-01
3.290621242484969677e+00 7.192842103892926886e-01
3.292805611222444639e+00 7.191150460845794345e-01
3.294989979959919602e+00 7.191240787419204139e-01
3.297174348697394564e+00 7.191000203436868077e-01
3.299358717434869526e+00 7.190965844992163181e-01
3.301543086172344488e+00 7.192000274094026979e-01
3.303727454909819450e+00 7.193805111329520940e-01
3.305911823647294412e+00 7.195804590228788156e-01
3.308096192384769374e+00 7.198086182594367610e-01
3.310280561122244336e+00 7.201516996623825717e-01
3.312464929859719298e+00 7.205621991016687433e-01
3.314649298597194260e+00 7.209567121274577106e-01
3.316833667334669222e+00 7.213882937002704665e-01
3.319018036072144184e+00 7.218191312489735667e-01
3.321202404809619146e+00 7.223868016337560150e-01
3.323386773547094108e+00 7.230564092162585776e-01
3.325571142284569071e+00 7.237197767461656106e-01
3.327755511022044033e+00 7.243418681991297126e-01
3.329939879759518995e+00 7.250379273421053705e-01
3.332124248496993957e+00 7.256772485021489860e-01
3.334308617234468919e+00 7.264443531565406564e-01
3.336492985971943881e+00 7.270667085370360327e-01
3.338677354709418843e+00 7.278049284117494855e-01
3.340861723446893805e+00 7.283379373871020634e-01
3.343046092184368767e+00 7.289316064558239994e-01
3.345230460921843729e+00 7.295540141098068032e-01
3.347414829659318691e+00 7.300361742697529799e-01
3.349599198396793653e+00 7.304587371195113699e-01
3.351783567134268615e+00 7.309894289872016504e-01
3.353967935871743578e+00 7.314275546005419848e-01
3.356152304609218540e+00 7.316618988832416237e-01
3.358336673346693502e+00 7.318897279539314793e-01
3.360521042084168464e+00 7.321670566732321195e-01
3.362705410821643426e+00 7.321920677005121503e-01
3.364889779559118388e+00 7.322411513919935278e-01
3.367074148296592906e+00 7.321534974089823899e-01
3.369258517034067868e+00 7.323057153153735843e-01
3.371442885771542830e+00 7.321053046436417633e-01
3.373627254509017792e+00 7.319427974172918461e-01
3.375811623246492754e+00 7.316854060082598199e-01
3.377995991983967716e+00 7.314553121303490890e-01
3.380180360721442678e+00 7.313665215333429170e-01
3.382364729458917640e+00 7.310404238098301422e-01
3.384549098196392602e+00 7.307831409804944611e-01
3.386733466933867565e+00 7.305141011623516034e-01
3.388917835671342527e+00 7.303974172322013070e-01
3.391102204408817489e+00 7.300657666877755636e-01
3.393286573146292451e+00 7.298134880664779445e-01
3.395470941883767413e+00 7.297519091956599091e-01
3.397655310621242375e+00 7.295646753293020259e-01
3.399839679358717337e+00 7.292982811225866557e-01
3.402024048096192299e+00 7.292731938769146938e-01
3.404208416833667261e+00 7.293098136912632423e-01
3.406392785571142223e+00 7.294419214672268614e-01
3.408577154308617185e+00 7.294969345764744650e-01
3.410761523046092147e+00 7.296849019520185164e-01
3.412945891783567109e+00 7.298429616975614653e-01
3.415130260521042072e+00 7.301078666067345457e-01
3.417314629258517034e+00 7.304510810016413558e-01
3.419498997995991996e+00 7.307820086462408771e-01
3.421683366733466958e+00 7.310730868876543775e-01
3.423867735470941920e+00 7.314925096073536803e-01
3.426052104208416882e+00 7.319175141511100602e-01
3.428236472945891844e+00 7.323750304694357505e-01
3.430420841683366806e+00 7.329331796715756742e-01
3.432605210420841768e+00 7.335554760744653624e-01
3.434789579158316730e+00 7.341132763396032157e-01
3.436973947895791692e+00 7.347997891704279860e-01
3.439158316633266210e+00 7.353063503923712441e-01
3.441342685370741172e+00 7.357489260122923591e-01
3.443527054108216134e+00 7.362114800759449462e-01
3.445711422845691096e+00 7.366182746161747952e-01
3.447895791583166059e+00 7.370419604325310070e-01
3.450080160320641021e+00 7.374994584852642143e-01
3.452264529058115983e+00 7.378272790059151598e-01
3.454448897795590945e+00 7.380289596889465509e-01
3.456633266533065907e+00 7.383467929232770954e-01
3.458817635270540869e+00 7.386065650795987647e-01
3.461002004008015831e+00 7.386337302951925254e-01
3.463186372745490793e+00 7.387675824961432713e-01
3.465370741482965755e+00 7.388848922567965438e-01
3.467555110220440717e+00 7.389085300198631190e-01
3.469739478957915679e+00 7.388899558099699671e-01
3.471923847695390641e+00 7.389312070618690997e-01
3.474108216432865603e+00 7.389695018130789661e-01
3.476292585170340566e+00 7.388017046371476715e-01
3.478476953907815528e+00 7.386792272749397315e-01
3.480661322645290490e+00 7.386391096487825436e-01
3.482845691382765452e+00 7.385639862851827164e-01
3.485030060120240414e+00 7.384633830995240844e-01
3.487214428857715376e+00 7.382486227271104484e-01
3.489398797595190338e+00 7.381392933986160587e-01
3.491583166332665300e+00 7.380982399279453210e-01
3.493767535070140262e+00 7.379711971993078157e-01
3.495951903807615224e+00 7.379465225510684068e-01
3.498136272545090186e+00 7.378065132901913126e-01
3.500320641282565148e+00 7.377945389228123263e-01
3.502505010020040110e+00 7.376891448496551984e-01
3.504689378757515072e+00 7.377521373837929719e-01
3.506873747494990035e+00 7.376539884832477023e-01
3.509058116232464997e+00 7.375878443981400689e-01
3.511242484969939959e+00 7.377404306890995578e-01
3.513426853707414921e+00 7.377847840449180961e-01
3.515611222444889883e+00 7.378300260659679255e-01
3.517795591182364845e+00 7.378975516273936774e-01
3.519979959919839807e+00 7.382028288585976705e-01
3.522164328657314769e+00 7.382534830136048276e-01
3.524348697394789731e+00 7.382170683942154144e-01
3.526533066132264693e+00 7.382891659224918302e-01
3.528717434869739655e+00 7.383759070685693704e-01
3.530901803607214173e+00 7.384695405936402279e-01
3.533086172344689135e+00 7.385690945514010730e-01
3.535270541082164097e+00 7.386462152704111883e-01
3.537454909819639060e+00 7.386792769196433017e-01
3.539639278557114022e+00 7.387519607913055619e-01
3.541823647294588984e+00 7.387857968054392099e-01
3.544008016032063946e+00 7.387342047957637936e-01
3.546192384769538908e+00 7.387534467626495349e-01
3.548376753507013870e+00 7.387726010250001973e-01
3.550561122244488832e+00 7.387504239755294799e-01
3.552745490981963794e+00 7.387538478327869695e-01
3.554929859719438756e+00 7.387797534652471576e-01
3.557114228456913718e+00 7.387176381644934287e-01
3.559298597194388680e+00 7.387286869388505206e-01
3.561482965931863642e+00 7.386546263444148108e-01
3.563667334669338604e+00 7.386524054803187411e-01
3.565851703406813566e+00 7.385814421569415478e-01
3.568036072144288529e+00 7.385717139171164014e-01
3.570220440881763491e+00 7.384603546580184030e-01
3.572404809619238453e+00 7.383127887193123851e-01
3.574589178356713415e+00 7.382679732314727516e-01
3.576773547094188377e+00 7.382104299896636856e-01
3.578957915831663339e+00 7.381958177651776198e-01
3.581142284569138301e+00 7.381380994318141875e-01
3.583326653306613263e+00 7.381029727837304932e-01
3.585511022044088225e+00 7.381208403996619705e-01
3.587695390781563187e+00 7.380032381776862049e-01
3.589879759519038149e+00 7.380046962673433297e-01
3.592064128256513111e+00 7.380146485462443229e-01
3.594248496993988073e+00 7.380355758863097471e-01
3.596432865731463036e+00 7.381193979515265902e-01
3.598617234468937554e+00 7.381661383289445100e-01
3.600801603206412516e+00 7.382324578993345598e-01
3.602985971943887478e+00 7.383093168055990807e-01
3.605170340681362440e+00 7.384781032724615502e-01
3.607354709418837402e+00 7.385770597144674099e-01
3.609539078156312364e+00 7.386833648660844354e-01
3.611723446893787326e+00 7.388123295676688462e-01
3.613907815631262288e+00 7.389616290835353540e-01
3.616092184368737250e+00 7.391162281079968199e-01
3.618276553106212212e+00 7.392745721498976685e-01
3.620460921843687174e+00 7.394312421820806724e-01
3.622645290581162136e+00 7.395763534662108674e-01
3.624829659318637098e+00 7.397095363413809244e-01
3.627014028056112060e+00 7.398674012050612259e-01
3.629198396793587023e+00 7.399428971426386115e-01
3.631382765531061985e+00 7.400932250200535911e-01
3.633567134268536947e+00 7.401895315103925732e-01
3.635751503006011909e+00 7.404251224339357673e-01
3.637935871743486871e+00 7.405787975153559355e-01
3.640120240480961833e+00 7.406320681423050889e-01
3.642304609218436795e+00 7.407268830434051710e-01
3.644488977955911757e+00 7.408195885256363411e-01
3.646673346693386719e+00 7.408181995086275951e-01
3.648857715430861681e+00 7.408845770817773513e-01
3.651042084168336643e+00 7.408675516896460200e-01
3.653226452905811605e+00 7.409234328207969789e-01
3.655410821643286567e+00 7.409337494534806723e-01
3.657595190380761530e+00 7.408631072141268481e-01
3.659779559118236492e+00 7.407622579939934226e-01
3.661963927855711454e+00 7.407957201183056339e-01
3.664148296593186416e+00 7.407426719130619786e-01
3.666332665330661378e+00 7.407677606403177961e-01
3.668517034068136340e+00 7.407120134898863562e-01
3.670701402805611302e+00 7.406567189198047796e-01
3.672885771543086264e+00 7.406705615374811202e-01
3.675070140280561226e+00 7.405413993217092594e-01
3.677254509018036188e+00 7.404694310302909477e-01
3.679438877755511150e+00 7.404008977785502266e-01
3.681623246492986112e+00 7.402276426957077327e-01
3.683807615230461074e+00 7.401896884434133739e-01
3.685991983967936036e+00 7.401165739790163123e-01
3.688176352705410999e+00 7.400398443175998375e-01
3.690360721442885961e+00 7.399595375100684880e-01
3.692545090180360923e+00 7.397306188687634565e-01
3.694729458917835885e+00 7.396494861440386925e-01
3.696913827655310847e+00 7.395668844466538605e-01
3.699098196392785809e+00 7.394624752933779410e-01
3.701282565130260771e+00 7.392861500684789755e-01
3.703466933867735289e+00 7.391229210381915493e-01
3.705651302605210251e+00 7.388480815220418441e-01
3.707835671342685213e+00 7.387148710740780722e-01
3.710020040080160175e+00 7.383519994116295448e-01
3.712204408817635137e+00 7.381702175382057751e-01
3.714388777555110099e+00 7.378553652205960267e-01
3.716573146292585061e+00 7.375352959466957570e-01
3.718757515030060024e+00 7.372619608711064032e-01
3.720941883767534986e+00 7.368864958105136864e-01
3.723126252505009948e+00 7.365000658173551651e-01
3.725310621242484910e+00 7.362531837017258773e-01
3.727494989979959872e+00 7.357702889660021617e-01
3.729679358717434834e+00 7.353970918923625755e-01
3.731863727454909796e+00 7.349864280452459431e-01
3.734048096192384758e+00 7.345427740589340893e-01
3.736232464929859720e+00 7.340942192914616804e-01
3.738416833667334682e+00 7.336534007799851986e-01
3.740601202404809644e+00 7.332560408794381868e-01
3.742785571142284606e+00 7.327508013797163766e-01
3.744969939879759568e+00 7.323616083655182241e-01
3.747154308617234530e+00 7.318584823324724153e-01
3.749338677354709493e+00 7.312796098034923808e-01
3.751523046092184455e+00 7.308441288811158287e-01
3.753707414829659417e+00 7.303458105170439474e-01
3.755891783567134379e+00 7.298594319076282533e-01
3.758076152304609341e+00 7.293767372639303748e-01
3.760260521042084303e+00 7.289580120071755820e-01
3.762444889779559265e+00 7.284338063596245139e-01
3.764629258517033783e+00 7.280384384889081462e-01
3.766813627254508745e+00 7.276980256469460784e-01
3.768997995991983707e+00 7.272096395012500603e-01
3.771182364729458669e+00 7.269529408626174138e-01
3.773366733466933631e+00 7.264793591740189571e-01
3.775551102204408593e+00 7.262370129988190426e-01
3.777735470941883555e+00 7.257836875746024319e-01
3.779919839679358518e+00 7.255798078251108896e-01
3.782104208416833480e+00 7.252651453688874206e-01
3.784288577154308442e+00 7.251020562976752126e-01
3.786472945891783404e+00 7.247703366011165604e-01
3.788657314629258366e+00 7.246499103184333990e-01
3.790841683366733328e+00 7.244672727627662345e-01
3.793026052104208290e+00 7.241172948064330539e-01
3.795210420841683252e+00 7.240158573847227386e-01
3.797394789579158214e+00 7.239281055517950980e-01
3.799579158316633176e+00 7.238502078636395165e-01
3.801763527054108138e+00 7.237005370965151618e-01
3.803947895791583100e+00 7.236278281715956551e-01
3.806132264529058062e+00 7.235450022129009673e-01
3.808316633266533024e+00 7.234557835097673584e-01
3.810501002004007987e+00 7.232704074410122308e-01
3.812685370741482949e+00 7.231495473819110620e-01
3.814869739478957911e+00 7.230156208745113222e-01
3.817054108216432873e+00 7.228666555757428114e-01
3.819238476953907835e+00 7.228570554379579738e-01
3.821422845691382797e+00 7.226542914330944534e-01
3.823607214428857759e+00 7.224600778223519981e-01
3.825791583166332721e+00 7.222489086126099300e-01
3.827975951903807683e+00 7.221772043144302211e-01
3.830160320641282645e+00 7.219423988217748001e-01
3.832344689378757607e+00 7.217391476471105571e-01
3.834529058116232569e+00 7.214739702934857002e-01
3.836713426853707531e+00 7.211713052667876322e-01
3.838897795591182494e+00 7.209887426189971471e-01
3.841082164328657456e+00 7.207133903034682598e-01
3.843266533066132418e+00 7.204960141798875117e-01
3.845450901803607380e+00 7.201335770514321055e-01
3.847635270541082342e+00 7.198539494591058574e-01
3.849819639278557304e+00 7.195315888722582098e-01
3.852004008016032266e+00 7.192820044361128984e-01
3.854188376753507228e+00 7.188818412660185064e-01
3.856372745490982190e+00 7.185666863435625773e-01
3.858557114228457152e+00 7.183170289401719089e-01
3.860741482965932114e+00 7.180584568635448584e-01
3.862925851703407076e+00 7.177499967063233344e-01
3.865110220440882038e+00 7.175641993859650514e-01
3.867294589178357000e+00 7.172439984572853700e-01
3.869478957915831518e+00 7.171271837010404493e-01
3.871663326653306481e+00 7.168622130173974982e-01
3.873847695390781443e+00 7.167220833290753879e-01
3.876032064128256405e+00 7.164586649238574578e-01
3.878216432865731367e+00 7.163729314002508231e-01
3.880400801603206329e+00 7.162675588107491054e-01
3.882585170340681291e+00 7.161774838671092214e-01
3.884769539078156253e+00 7.162001985303166895e-01
3.886953907815631215e+00 7.160963142149561200e-01
3.889138276553106177e+00 7.161280577524266056e-01
3.891322645290581139e+00 7.160797368930938989e-01
3.893507014028056101e+00 7.160320906686259423e-01
3.895691382765531063e+00 7.159833903852282910e-01
3.897875751503006025e+00 7.159886249764203514e-01
3.900060120240480988e+00 7.160331950929582634e-01
3.902244488977955950e+00 7.158797458495826938e-01
3.904428857715430912e+00 7.158171191640155806e-01
3.906613226452905874e+00 7.157727314162277699e-01
3.908797595190380836e+00 7.155780968794215324e-01
3.910981963927855798e+00 7.154520125973845568e-01
3.913166332665330760e+00 7.153861239299069696e-01
3.915350701402805722e+00 7.151399274571694775e-01
3.917535070140280684e+00 7.149733928628173585e-01
3.919719438877755646e+00 7.147958356853398865e-01
3.921903807615230608e+00 7.145537806964735728e-01
3.924088176352705570e+00 7.141715350189175027e-01
3.926272545090180532e+00 7.138117157562533510e-01
3.928456913827655494e+00 7.134097496544297146e-01
3.930641282565130012e+00 7.130222506476288080e-01
3.932825651302604975e+00 7.124805809246536059e-01
3.935010020040079937e+00 7.119528612516399235e-01
3.937194388777554899e+00 7.113228469503611873e-01
3.939378757515029861e+00 7.109110981810418117e-01
3.941563126252504823e+00 7.103187882663177799e-01
3.943747494989979785e+00 7.096592128647132292e-01
3.945931863727454747e+00 7.090334195388491301e-01
3.948116232464929709e+00 7.083535140476497904e-01
3.950300601202404671e+00 7.078411328715841222e-01
3.952484969939879633e+00 7.071529634636982697e-01
3.954669338677354595e+00 7.064816435170105935e-01
3.956853707414829557e+00 7.058550100844901420e-01
3.959038076152304519e+00 7.052523612595680280e-01
3.961222444889779482e+00 7.047654520039495774e-01
3.963406813627254444e+00 7.042146177887769198e-01
3.965591182364729406e+00 7.037060161566260907e-01
3.967775551102204368e+00 7.032143735165762299e-01
3.969959919839679330e+00 7.027837736009789893e-01
3.972144288577154292e+00 7.023983981575708802e-01
3.974328657314629254e+00 7.021709194448071401e-01
3.976513026052104216e+00 7.017857297898670854e-01
3.978697394789579178e+00 7.014025097337542869e-01
3.980881763527054140e+00 7.010515183206063039e-01
3.983066132264529102e+00 7.006631048533882300e-01
3.985250501002004064e+00 7.001840264911544098e-01
3.987434869739479026e+00 6.998245511042516798e-01
3.989619238476953988e+00 6.992766353511291610e-01
3.991803607214428951e+00 6.986072949999633241e-01
3.993987975951903913e+00 6.978540817521223794e-01
3.996172344689378875e+00 6.968612431147248598e-01
3.998356713426853837e+00 6.957380576197593758e-01
4.000541082164328799e+00 6.944863013538425944e-01
4.002725450901803761e+00 6.929375009449076916e-01
4.004909819639278723e+00 6.910778030679141093e-01
4.007094188376753685e+00 6.887735411907307537e-01
4.009278557114228647e+00 6.861541061724982793e-01
4.011462925851703609e+00 6.831035083397083429e-01
4.013647294589178571e+00 6.795587206834138305e-01
4.015831663326653533e+00 6.755466632904930657e-01
4.018016032064128495e+00 6.710058939501817310e-01
4.020200400801603458e+00 6.657963378659093046e-01
4.022384769539078420e+00 6.598988417112302551e-01
4.024569138276553382e+00 6.533086737347673090e-01
4.026753507014028344e+00 6.460065776668397763e-01
4.028937875751503306e+00 6.378944400838230111e-01
4.031122244488978268e+00 6.290246726159668400e-01
4.033306613226453230e+00 6.192980341033721414e-01
4.035490981963928192e+00 6.087588793999355596e-01
4.037675350701403154e+00 5.973251316728456217e-01
4.039859719438878116e+00 5.850765359993277404e-01
4.042044088176353078e+00 5.719176552137592573e-01
4.044228456913828040e+00 5.578617531360026138e-01
4.046412825651303002e+00 5.430067549015433759e-01
4.048597194388777964e+00 5.273499789423645723e-01
4.050781563126252927e+00 5.109391152316224982e-01
4.052965931863727889e+00 4.937174502756706551e-01
4.055150300601201963e+00 4.760006113799096217e-01
4.057334669338677813e+00 4.575489642922818678e-01
4.059519038076151887e+00 4.385667997971236520e-01
4.061703406813627737e+00 4.192004962544548241e-01
4.063887775551101811e+00 3.995027684736909279e-01
4.066072144288577661e+00 3.795752191050779101e-01
4.068256513026051735e+00 3.595355326276856722e-01
4.070440881763527585e+00 3.395421398305765726e-01
4.072625250501001659e+00 3.196891900475330450e-01
4.074809619238477509e+00 3.000433902210420944e-01
4.076993987975951583e+00 2.807329449035702584e-01
4.079178356713427434e+00 2.619154492135241097e-01
4.081362725450901507e+00 2.436132009459888448e-01
4.083547094188377358e+00 2.260016559909370226e-01
4.085731462925851432e+00 2.090861766842174729e-01
4.087915831663326394e+00 1.929403789691226945e-01
4.090100200400801356e+00 1.775621699224444183e-01
4.092284569138276318e+00 1.631007985879353028e-01
4.094468937875751280e+00 1.494693415775808221e-01
4.096653306613226242e+00 1.367242237142932970e-01
4.098837675350701204e+00 1.248490197310376804e-01
4.101022044088176166e+00 1.137508340874975737e-01
4.103206412825651128e+00 1.036042328320544020e-01
4.105390781563126090e+00 9.419359708993670088e-02
4.107575150300601052e+00 8.556504512387777539e-02
4.109759519038076014e+00 7.764510195935313275e-02
4.111943887775550976e+00 7.041354569924436479e-02
4.114128256513025939e+00 6.383323221119599489e-02
4.116312625250500901e+00 5.783029071882139771e-02
4.118496993987975863e+00 5.240394744949739697e-02
4.120681362725450825e+00 4.745775670046091521e-02
4.122865731462925787e+00 4.298924855329063627e-02
4.125050100200400749e+00 3.893147800317323104e-02
4.127234468937875711e+00 3.526959514891911396e-02
4.129418837675350673e+00 3.196830509521957076e-02
4.131603206412825635e+00 2.896966121885203096e-02
4.133787575150300597e+00 2.628042760813717460e-02
4.135971943887775559e+00 2.383844169828468196e-02
4.138156312625250521e+00 2.165327291774647028e-02
4.140340681362725483e+00 1.967650542474290443e-02
4.142525050100200446e+00 1.788705547426030010e-02
4.144709418837675408e+00 1.627574663618048048e-02
4.146893787575150370e+00 1.481128090343054871e-02
4.149078156312625332e+00 1.349637088077011889e-02
4.151262525050100294e+00 1.230166937287226203e-02
4.153446893787575256e+00 1.122817771511839917e-02
4.155631262525050218e+00 1.025255576147356303e-02
4.157815631262525180e+00 9.367680059832416556e-03
4.160000000000000142e+00 8.567963666044262766e-03
