1.300000000000000044e+00 3.269265840332931643e-03
1.300801603206412915e+00 3.813307955051014990e-03
1.301603206412825786e+00 4.454218385580834862e-03
1.302404809619238435e+00 5.204221044722162799e-03
1.303206412825651306e+00 6.076243470648817063e-03
1.304008016032064177e+00 7.083899689409213149e-03
1.304809619238477048e+00 8.227689520803969231e-03
1.305611222444889918e+00 9.375320786037116827e-03
1.306412825651302567e+00 1.052517990095209674e-02
1.307214428857715438e+00 1.163689869446289486e-02
1.308016032064128309e+00 1.263873735100293563e-02
1.308817635270541180e+00 1.350310072432251395e-02
1.309619238476954051e+00 1.439227055413291184e-02
1.310420841683366699e+00 1.545496781142770629e-02
1.311222444889779570e+00 1.675731400024592713e-02
1.312024048096192441e+00 1.829768285857357249e-02
1.312825651302605312e+00 2.002982617545086622e-02
1.313627254509018183e+00 2.193493909361808603e-02
1.314428857715430832e+00 2.405109115739322359e-02
1.315230460921843703e+00 2.644481350691149299e-02
1.316032064128256573e+00 2.918904296553402264e-02
1.316833667334669444e+00 3.225513426938641376e-02
1.317635270541082093e+00 3.596625947713086302e-02
1.318436873747494964e+00 4.031784290143151928e-02
1.319238476953907835e+00 4.546381471930668883e-02
1.320040080160320706e+00 5.161181890055525912e-02
1.320841683366733577e+00 5.884137397173444528e-02
1.321643286573146225e+00 6.715217780457660712e-02
1.322444889779559096e+00 7.645644161763509583e-02
1.323246492985971967e+00 8.687998909587528462e-02
1.324048096192384838e+00 9.858923175391227922e-02
1.324849699398797709e+00 1.115417112044864018e-01
1.325651302605210358e+00 1.261621129181433598e-01
1.326452905811623229e+00 1.423012606192344820e-01
1.327254509018036099e+00 1.600156665834371328e-01
1.328056112224448970e+00 1.793589446826745482e-01
1.328857715430861841e+00 2.002920581278188616e-01
1.329659318637274490e+00 2.225645741154346213e-01
1.330460921843687361e+00 2.455655679719930262e-01
1.331262525050100232e+00 2.687748939284441141e-01
1.332064128256513102e+00 2.916836135994002044e-01
1.332865731462925973e+00 3.139375426469622754e-01
1.333667334669338622e+00 3.352710981599012485e-01
1.334468937875751493e+00 3.551719281543003204e-01
1.335270541082164364e+00 3.732614746421128449e-01
1.336072144288577235e+00 3.893085859383022540e-01
1.336873747494990106e+00 4.030415625825640724e-01
1.337675350701402754e+00 4.146586394482775217e-01
1.338476953907815625e+00 4.241588337658552255e-01
1.339278557114228496e+00 4.315989960283798110e-01
1.340080160320641367e+00 4.372140217325860556e-01
1.340881763527054238e+00 4.414288973221245915e-01
1.341683366733466887e+00 4.448858474453933898e-01
1.342484969939879758e+00 4.473742026262257365e-01
1.343286573146292628e+00 4.490030883714710708e-01
1.344088176352705499e+00 4.500076769936988130e-01
1.344889779559118370e+00 4.505042349367172072e-01
1.345691382765531019e+00 4.514002457717542494e-01
1.346492985971943890e+00 4.526499660170082429e-01
1.347294589178356761e+00 4.537081382988672473e-01
1.348096192384769632e+00 4.541071533118476999e-01
1.348897795591182502e+00 4.543788127276228161e-01
1.349699398797595151e+00 4.540266035075611328e-01
1.350501002004008022e+00 4.539893855043334314e-01
1.351302605210420893e+00 4.540537642851771860e-01
1.352104208416833764e+00 4.538729558160131128e-01
1.352905811623246635e+00 4.536171222532955349e-01
1.353707414829659283e+00 4.534493732227283247e-01
1.354509018036072154e+00 4.531407871970372647e-01
1.355310621242485025e+00 4.527164444242928742e-01
1.356112224448897896e+00 4.521869692615165248e-01
1.356913827655310545e+00 4.512842992146935961e-01
1.357715430861723416e+00 4.507150568463811346e-01
1.358517034068136287e+00 4.504802589251700184e-01
1.359318637274549157e+00 4.504715001996352775e-01
1.360120240480962028e+00 4.505054866924577128e-01
1.360921843687374677e+00 4.502314243897860280e-01
1.361723446893787548e+00 4.500157418374104989e-01
1.362525050100200419e+00 4.496769406292324134e-01
1.363326653306613290e+00 4.492871111549773255e-01
1.364128256513026161e+00 4.489624100532970674e-01
1.364929859719438809e+00 4.488495353498195284e-01
1.365731462925851680e+00 4.486819310995141530e-01
1.366533066132264551e+00 4.483284338096912847e-01
1.367334669338677422e+00 4.477686779243119086e-01
1.368136272545090293e+00 4.469713166092721401e-01
1.368937875751502942e+00 4.457993599360132730e-01
1.369739478957915813e+00 4.450561738471307538e-01
1.370541082164328683e+00 4.446842892156936400e-01
1.371342685370741554e+00 4.443706205516316787e-01
1.372144288577154425e+00 4.438871091238094646e-01
1.372945891783567074e+00 4.432589512413183108e-01
1.373747494989979945e+00 4.422754245249717608e-01
1.374549098196392816e+00 4.414285478135219765e-01
1.375350701402805687e+00 4.407805621097178883e-01
1.376152304609218557e+00 4.403362511832207282e-01
1.376953907815631206e+00 4.400792373630537102e-01
1.377755511022044077e+00 4.397059640021316329e-01
1.378557114228456948e+00 4.390142658135132714e-01
1.379358717434869819e+00 4.383032763959521239e-01
1.380160320641282690e+00 4.377616904169887024e-01
1.380961923847695338e+00 4.373194243978502094e-01
1.381763527054108209e+00 4.370076619076619928e-01
1.382565130260521080e+00 4.362746118925032723e-01
1.383366733466933951e+00 4.353928891740033169e-01
1.384168336673346822e+00 4.345967700306800352e-01
1.384969939879759471e+00 4.339888557822298432e-01
1.385771543086172342e+00 4.333953668798652958e-01
1.386573146292585212e+00 4.326162863746398357e-01
1.387374749498998083e+00 4.318196566876904008e-01
1.388176352705410732e+00 4.310936252578209671e-01
1.388977955911823603e+00 4.303895169279235433e-01
1.389779559118236474e+00 4.307898837533654657e-01
1.390581162324649345e+00 4.310526603686739011e-01
1.391382765531062216e+00 4.312661070465556579e-01
1.392184368737475086e+00 4.314297720554520765e-01
1.392985971943887735e+00 4.313731927735073302e-01
1.393787575150300606e+00 4.313316161819590877e-01
1.394589178356713477e+00 4.314820700382600016e-01
1.395390781563126348e+00 4.315675268792361075e-01
1.396192384769538997e+00 4.315205174566351665e-01
1.396993987975951867e+00 4.314997400755317680e-01
1.397795591182364738e+00 4.313233109553490929e-01
1.398597194388777609e+00 4.310533692323907928e-01
1.399398797595190480e+00 4.307631782610057414e-01
1.400200400801603129e+00 4.304601768336470125e-01
1.401002004008016000e+00 4.300851006422843348e-01
1.401803607214428871e+00 4.299701524957569299e-01
1.402605210420841741e+00 4.297494922489725200e-01
1.403406813627254612e+00 4.297206142672970741e-01
1.404208416833667261e+00 4.299295686319665188e-01
1.405010020040080132e+00 4.301862551382815147e-01
1.405811623246493003e+00 4.300601547176254313e-01
1.406613226452905874e+00 4.299276212711881096e-01
1.407414829659318745e+00 4.299363220909160899e-01
1.408216432865731393e+00 4.302718717875621546e-01
1.409018036072144264e+00 4.311236320554717727e-01
1.409819639278557135e+00 4.317185668620572292e-01
1.410621242484970006e+00 4.319877859266272879e-01
1.411422845691382877e+00 4.322252711964438276e-01
1.412224448897795526e+00 4.325744732096333811e-01
1.413026052104208397e+00 4.330451266751170758e-01
1.413827655310621267e+00 4.328921408076810140e-01
1.414629258517034138e+00 4.331631732830093506e-01
1.415430861723447009e+00 4.335596250113152306e-01
1.416232464929859658e+00 4.339525215324363527e-01
1.417034068136272529e+00 4.342844539787619751e-01
1.417835671342685400e+00 4.338745591562762627e-01
1.418637274549098271e+00 4.336539535096651798e-01
1.419438877755510919e+00 4.334932093001085951e-01
1.420240480961923790e+00 4.335243272358172417e-01
1.421042084168336661e+00 4.339676391366498742e-01
1.421843687374749532e+00 4.341597365579730750e-01
1.422645290581162403e+00 4.347550383416634578e-01
1.423446893787575274e+00 4.352515273066665524e-01
1.424248496993987922e+00 4.355443693030224273e-01
1.425050100200400793e+00 4.356972312519546975e-01
1.425851703406813664e+00 4.353445167851467956e-01
1.426653306613226535e+00 4.352343221220663083e-01
1.427454909819639184e+00 4.352042382968145939e-01
1.428256513026052055e+00 4.352789119779346683e-01
1.429058116232464926e+00 4.354915335682569832e-01
1.429859719438877796e+00 4.351426092036853599e-01
1.430661322645290667e+00 4.346296848290066572e-01
1.431462925851703538e+00 4.341916232020536226e-01
1.432264529058116187e+00 4.337978277582554276e-01
1.433066132264529058e+00 4.333042111334359237e-01
1.433867735470941929e+00 4.325093300183083800e-01
1.434669338677354800e+00 4.315111178850248863e-01
1.435470941883767448e+00 4.304408560623534385e-01
1.436272545090180319e+00 4.294153917288088262e-01
1.437074148296593190e+00 4.285341134301571264e-01
1.437875751503006061e+00 4.277809033575639130e-01
1.438677354709418932e+00 4.271565889463168619e-01
1.439478957915831581e+00 4.269118856880169122e-01
1.440280561122244452e+00 4.269555571494682011e-01
1.441082164328657322e+00 4.271219085586497322e-01
1.441883767535070193e+00 4.275729204516667825e-01
1.442685370741483064e+00 4.281035319901801972e-01
1.443486973947895713e+00 4.280419869920783493e-01
1.444288577154308584e+00 4.275658407571766850e-01
1.445090180360721455e+00 4.270389972098760367e-01
1.445891783567134325e+00 4.264423786453879761e-01
1.446693386773547196e+00 4.265810862391525293e-01
1.447494989979959845e+00 4.267429588920406691e-01
1.448296593186372716e+00 4.269523485696367082e-01
1.449098196392785587e+00 4.273010779555823646e-01
1.449899799599198458e+00 4.273754602027718397e-01
1.450701402805611107e+00 4.275777407138028341e-01
1.451503006012023977e+00 4.275244882165606941e-01
1.452304609218436848e+00 4.273953464990867257e-01
1.453106212424849719e+00 4.274041293508566430e-01
1.453907815631262590e+00 4.273944605642899797e-01
1.454709418837675461e+00 4.276500869949075301e-01
1.455511022044088110e+00 4.276146915059836351e-01
1.456312625250500981e+00 4.272376772240061849e-01
1.457114228456913851e+00 4.266354868974695513e-01
1.457915831663326722e+00 4.261528869583455781e-01
1.458717434869739371e+00 4.256509814881948017e-01
1.459519038076152242e+00 4.249789784086587252e-01
1.460320641282565113e+00 4.240744839142035483e-01
1.461122244488977984e+00 4.229707559518151028e-01
1.461923847695390855e+00 4.219347575856763899e-01
1.462725450901803725e+00 4.203554716212597464e-01
1.463527054108216374e+00 4.188846248705380693e-01
1.464328657314629245e+00 4.173107487970769691e-01
1.465130260521042116e+00 4.155538835551405574e-01
1.465931863727454987e+00 4.142561418861668843e-01
1.466733466933867636e+00 4.127520830227433546e-01
1.467535070140280506e+00 4.110046516342373280e-01
1.468336673346693377e+00 4.090504904283809307e-01
1.469138276553106248e+00 4.069807793869270607e-01
1.469939879759519119e+00 4.049881540739788677e-01
1.470741482965931768e+00 4.032624334612260331e-01
1.471543086172344639e+00 4.017548984918286603e-01
1.472344689378757510e+00 4.007041031330875747e-01
1.473146292585170380e+00 4.001744409162014127e-01
1.473947895791583251e+00 3.998219009982879601e-01
1.474749498997995900e+00 3.995553487898367284e-01
1.475551102204408771e+00 3.992053781270623047e-01
1.476352705410821642e+00 3.990761860089194202e-01
1.477154308617234513e+00 3.993213522828848450e-01
1.477955911823647384e+00 3.997427111859748750e-01
1.478757515030060032e+00 4.000343157531900395e-01
1.479559118236472903e+00 4.006627947844109694e-01
1.480360721442885774e+00 4.017427981342761578e-01
1.481162324649298645e+00 4.032275169022494499e-01
1.481963927855711294e+00 4.048545543151155224e-01
1.482765531062124165e+00 4.057832668969675871e-01
1.483567134268537036e+00 4.067124667165258334e-01
1.484368737474949906e+00 4.077785165763524455e-01
1.485170340681362777e+00 4.089743138349221097e-01
1.485971943887775648e+00 4.101152428394516658e-01
1.486773547094188297e+00 4.109092817720427782e-01
1.487575150300601168e+00 4.117924805169594915e-01
1.488376753507014039e+00 4.125897994297044180e-01
1.489178356713426910e+00 4.132654279879209858e-01
1.489979959919839558e+00 4.140113143183496991e-01
1.490781563126252429e+00 4.143849597485949054e-01
1.491583166332665300e+00 4.146494232400248503e-01
1.492384769539078171e+00 4.144884406447916225e-01
1.493186372745491042e+00 4.137636089996600819e-01
1.493987975951903913e+00 4.125658368815298127e-01
1.494789579158316561e+00 4.119880856643950429e-01
1.495591182364729432e+00 4.119750820514593292e-01
1.496392785571142303e+00 4.124155589801655752e-01
1.497194388777555174e+00 4.129637476263539053e-01
1.497995991983967823e+00 4.130168670026871935e-01
1.498797595190380694e+00 4.129660381140824454e-01
1.499599198396793565e+00 4.129053886706388066e-01
1.500400801603206435e+00 4.127329051686395300e-01
1.501202404809619306e+00 4.124041878931076766e-01
1.502004008016032177e+00 4.119367396933369396e-01
1.502805611222444826e+00 4.119152493679482108e-01
1.503607214428857697e+00 4.124834945874427672e-01
1.504408817635270568e+00 4.130042897775904054e-01
1.505210420841683439e+00 4.132414823130319270e-01
1.506012024048096087e+00 4.133154414897034501e-01
1.506813627254508958e+00 4.131341515815215581e-01
1.507615230460921829e+00 4.131916094488878310e-01
1.508416833667334700e+00 4.134244150193095990e-01
1.509218436873747571e+00 4.137342264788257395e-01
1.510020040080160220e+00 4.140015918666657968e-01
1.510821643286573090e+00 4.144782696168188285e-01
1.511623246492985961e+00 4.147115104370069916e-01
1.512424849699398832e+00 4.150506708208713258e-01
1.513226452905811703e+00 4.153975726049565220e-01
1.514028056112224352e+00 4.153683821155704781e-01
1.514829659318637223e+00 4.153239921287953385e-01
1.515631262525050094e+00 4.153604214017098673e-01
1.516432865731462964e+00 4.153593805867966671e-01
1.517234468937875835e+00 4.152031151500636952e-01
1.518036072144288484e+00 4.147959152875371203e-01
1.518837675350701355e+00 4.144384795501775409e-01
1.519639278557114226e+00 4.141479337969061203e-01
1.520440881763527097e+00 4.136351618704162125e-01
1.521242484969939746e+00 4.128417736392088755e-01
1.522044088176352616e+00 4.118323937102563170e-01
1.522845691382765487e+00 4.104732334927881920e-01
1.523647294589178358e+00 4.093474785771556990e-01
1.524448897795591229e+00 4.086789080905096627e-01
1.525250501002004100e+00 4.082394465249452042e-01
1.526052104208416749e+00 4.076109417821072722e-01
1.526853707414829620e+00 4.069859911093333671e-01
1.527655310621242490e+00 4.063017875062662210e-01
1.528456913827655361e+00 4.052770904839502197e-01
1.529258517034068010e+00 4.041789880891902276e-01
1.530060120240480881e+00 4.034861655799483748e-01
1.530861723446893752e+00 4.033079977303651309e-01
1.531663326653306623e+00 4.032400506367413429e-01
1.532464929859719494e+00 4.029885399195107798e-01
1.533266533066132364e+00 4.025347893006643862e-01
1.534068136272545013e+00 4.019829924584835679e-01
1.534869739478957884e+00 4.015151493938900473e-01
1.535671342685370755e+00 4.011690577816913184e-01
1.536472945891783626e+00 4.011021805556838071e-01
1.537274549098196275e+00 4.010939123197727607e-01
1.538076152304609145e+00 4.008938150429448011e-01
1.538877755511022016e+00 4.010391134384883594e-01
1.539679358717434887e+00 4.003921281481944150e-01
1.540480961923847758e+00 3.999650494118513477e-01
1.541282565130260407e+00 3.996730837022013372e-01
1.542084168336673278e+00 3.992223305530154809e-01
1.542885771543086149e+00 3.990822148968505845e-01
1.543687374749499019e+00 3.983068996160915587e-01
1.544488977955911890e+00 3.973460337349657978e-01
1.545290581162324539e+00 3.963872658769956869e-01
1.546092184368737410e+00 3.954999931523620615e-01
1.546893787575150281e+00 3.944446798930557052e-01
1.547695390781563152e+00 3.933639871829556212e-01
1.548496993987976023e+00 3.925524731644575160e-01
1.549298597194388671e+00 3.919210390863897553e-01
1.550100200400801542e+00 3.913501518955785352e-01
1.550901803607214413e+00 3.910509282365403627e-01
1.551703406813627284e+00 3.902195551745590851e-01
1.552505010020039933e+00 3.895892256162141187e-01
1.553306613226452804e+00 3.892265140797239731e-01
1.554108216432865675e+00 3.890458233757289053e-01
1.554909819639278545e+00 3.889351162071829626e-01
1.555711422845691416e+00 3.887791285766159510e-01
1.556513026052104287e+00 3.887989136025795101e-01
1.557314629258516936e+00 3.890795356124697735e-01
1.558116232464929807e+00 3.895940070195911820e-01
1.558917835671342678e+00 3.900387037699433179e-01
1.559719438877755548e+00 3.898169412552524027e-01
1.560521042084168197e+00 3.895457694603683962e-01
1.561322645290581068e+00 3.893152848129383115e-01
1.562124248496993939e+00 3.891215742531883293e-01
1.562925851703406810e+00 3.889153083863489679e-01
1.563727454909819681e+00 3.889969453757355367e-01
1.564529058116232552e+00 3.892474784135622201e-01
1.565330661322645200e+00 3.897252598184036687e-01
1.566132264529058071e+00 3.903043912884528455e-01
1.566933867735470942e+00 3.902762001291125715e-01
1.567735470941883813e+00 3.900893506407277500e-01
1.568537074148296462e+00 3.897028083261629416e-01
1.569338677354709333e+00 3.893285136753452114e-01
1.570140280561122204e+00 3.890969787031847149e-01
1.570941883767535074e+00 3.888717872300737066e-01
1.571743486973947945e+00 3.891098747873457664e-01
1.572545090180360816e+00 3.893636836594975281e-01
1.573346693386773465e+00 3.894197738767006256e-01
1.574148296593186336e+00 3.892041234800194260e-01
1.574949899799599207e+00 3.888778512027549206e-01
1.575751503006011855e+00 3.889773380137803716e-01
1.576553106212424726e+00 3.893977753966978983e-01
1.577354709418837597e+00 3.899495281185310636e-01
1.578156312625250468e+00 3.904978891717593714e-01
1.578957915831663339e+00 3.910331820219069554e-01
1.579759519038076210e+00 3.917033365030844205e-01
1.580561122244489081e+00 3.924066756337220574e-01
1.581362725450901729e+00 3.930677351178366585e-01
1.582164328657314600e+00 3.936343783999506907e-01
1.582965931863727471e+00 3.940859156693485854e-01
1.583767535070140120e+00 3.946624357825800899e-01
1.584569138276552991e+00 3.951923171396250489e-01
1.585370741482965862e+00 3.956017487821143486e-01
1.586172344689378733e+00 3.958684806154121882e-01
1.586973947895791603e+00 3.960334648848279904e-01
1.587775551102204474e+00 3.963857136349177024e-01
1.588577154308617123e+00 3.969064687876521225e-01
1.589378757515029994e+00 3.973044092205944011e-01
1.590180360721442865e+00 3.974038788736748984e-01
1.590981963927855736e+00 3.971894041467698977e-01
1.591783567134268385e+00 3.967364174575687130e-01
1.592585170340681255e+00 3.965760741631985664e-01
1.593386773547094126e+00 3.963859050446743026e-01
1.594188376753506997e+00 3.961369545391895119e-01
1.594989979959919868e+00 3.961852542144341238e-01
1.595791583166332739e+00 3.958273144930064547e-01
1.596593186372745388e+00 3.952545610630254780e-01
1.597394789579158259e+00 3.946799013257384914e-01
1.598196392785571129e+00 3.942242398324105057e-01
1.598997995991984000e+00 3.939076202915959835e-01
1.599799599198396649e+00 3.940308238695999221e-01
1.600601202404809520e+00 3.935543531050527122e-01
1.601402805611222391e+00 3.930018232900310826e-01
1.602204408817635262e+00 3.926625801272495830e-01
1.603006012024048133e+00 3.925919978448475511e-01
1.603807615230461003e+00 3.931432294840033759e-01
1.604609218436873652e+00 3.931120307692265725e-01
1.605410821643286523e+00 3.925275803727138468e-01
1.606212424849699394e+00 3.918148516270831272e-01
1.607014028056112265e+00 3.917196977320847040e-01
1.607815631262524914e+00 3.916247755776653960e-01
1.608617234468937784e+00 3.917976772869735114e-01
1.609418837675350655e+00 3.918864616005560131e-01
1.610220440881763526e+00 3.920088857323230647e-01
1.611022044088176397e+00 3.926062853129829167e-01
1.611823647294589268e+00 3.929020034553846741e-01
1.612625250501001917e+00 3.929879403389324732e-01
1.613426853707414788e+00 3.928884104865363880e-01
1.614228456913827658e+00 3.927071796394974168e-01
1.615030060120240307e+00 3.925819996216931007e-01
1.615831663326653178e+00 3.920186144568634234e-01
1.616633266533066049e+00 3.915358927168289815e-01
1.617434869739478920e+00 3.909749551830911107e-01
1.618236472945891791e+00 3.903990243221248102e-01
1.619038076152304662e+00 3.899852356026055622e-01
1.619839679358717310e+00 3.895199174322520608e-01
1.620641282565130181e+00 3.887810703111883592e-01
1.621442885771543052e+00 3.880177988866032046e-01
1.622244488977955923e+00 3.873320030158203253e-01
1.623046092184368572e+00 3.867578445153788125e-01
1.623847695390781443e+00 3.864551601745248033e-01
1.624649298597194313e+00 3.862192365605903732e-01
1.625450901803607184e+00 3.860052020269956752e-01
1.626252505010020055e+00 3.858476286990791260e-01
1.627054108216432926e+00 3.858166094638085797e-01
1.627855711422845575e+00 3.859845235266762820e-01
1.628657314629258446e+00 3.858866987938501802e-01
1.629458917835671317e+00 3.856296729028355075e-01
1.630260521042084187e+00 3.852563426056967999e-01
1.631062124248496836e+00 3.848145093738891132e-01
1.631863727454909707e+00 3.845694063901803350e-01
1.632665330661322578e+00 3.847663823261258109e-01
1.633466933867735449e+00 3.852817538696907684e-01
1.634268537074148320e+00 3.857116009418166680e-01
1.635070140280561191e+00 3.856067719526629634e-01
1.635871743486973839e+00 3.850750932189171416e-01
1.636673346693386710e+00 3.844453202106729583e-01
1.637474949899799581e+00 3.839935768596623999e-01
1.638276553106212452e+00 3.837779528219714131e-01
1.639078156312625101e+00 3.837222193163726258e-01
1.639879759519037972e+00 3.833743961400942757e-01
1.640681362725450843e+00 3.829160329321544265e-01
1.641482965931863713e+00 3.823785606903181145e-01
1.642284569138276584e+00 3.816656178866594806e-01
1.643086172344689455e+00 3.807371785298465650e-01
1.643887775551102104e+00 3.800764820171746994e-01
1.644689378757514975e+00 3.794036018768984775e-01
1.645490981963927846e+00 3.788831072945443301e-01
1.646292585170340494e+00 3.784533163269940825e-01
1.647094188376753365e+00 3.779793458883338730e-01
1.647895791583166236e+00 3.772638005738832012e-01
1.648697394789579107e+00 3.766487364247005365e-01
1.649498997995991978e+00 3.761882216642169485e-01
1.650300601202404849e+00 3.758944410929793145e-01
1.651102204408817720e+00 3.757720269206637487e-01
1.651903807615230368e+00 3.758858622732959009e-01
1.652705410821643239e+00 3.762347177267543197e-01
1.653507014028056110e+00 3.767796408343465075e-01
1.654308617234468759e+00 3.772619441704722076e-01
1.655110220440881630e+00 3.775770846188177821e-01
1.655911823647294501e+00 3.784275769119262445e-01
1.656713426853707372e+00 3.785187466132982625e-01
1.657515030060120242e+00 3.781060615596057994e-01
1.658316633266533113e+00 3.770769717598553283e-01
1.659118236472945762e+00 3.753022734250818782e-01
1.659919839679358633e+00 3.726587946941004037e-01
1.660721442885771504e+00 3.689119190499762779e-01
1.661523046092184375e+00 3.633603414282871591e-01
1.662324649298597024e+00 3.559844932307324461e-01
1.663126252505009894e+00 3.468656748762822817e-01
1.663927855711422765e+00 3.357359512811449731e-01
1.664729458917835636e+00 3.227600374138225869e-01
1.665531062124248507e+00 3.077682654195976197e-01
1.666332665330661378e+00 2.911072612621872779e-01
1.667134268537074027e+00 2.731909936514756998e-01
1.667935871743486898e+00 2.541825882012932469e-01
1.668737474949899768e+00 2.349367469122818353e-01
1.669539078156312639e+00 2.154218006675066299e-01
1.670340681362725288e+00 1.960069697199052219e-01
1.671142284569138159e+00 1.770090101528098148e-01
1.671943887775551030e+00 1.585791122416322085e-01
1.672745490981963901e+00 1.414025723028297654e-01
1.673547094188376771e+00 1.254300700130993873e-01
1.674348697394789642e+00 1.107689895347826053e-01
1.675150300601202291e+00 9.753985339302988222e-02
1.675951903807615162e+00 8.605574216035472013e-02
1.676753507014028033e+00 7.650937768278365247e-02
1.677555110220440904e+00 6.828989374025253023e-02
1.678356713426853553e+00 6.120948849176544027e-02
1.679158316633266423e+00 5.502544073279482667e-02
1.679959919839679294e+00 4.940226327415907226e-02
1.680761523046092165e+00 4.449236678666456529e-02
1.681563126252505036e+00 3.999289467340528398e-02
1.682364729458917907e+00 3.603604841979434620e-02
1.683166332665330556e+00 3.264338737711195565e-02
1.683967935871743427e+00 2.965066494854679338e-02
1.684769539078156297e+00 2.712537756037187303e-02
1.685571142284568946e+00 2.466384095428740542e-02
1.686372745490981817e+00 2.224191261355727353e-02
1.687174348697394688e+00 1.984673206516922653e-02
1.687975951903807559e+00 1.745295625098733719e-02
1.688777555110220430e+00 1.528007484743259571e-02
1.689579158316633301e+00 1.332096698631449368e-02
1.690380761523045949e+00 1.158725127967399904e-02
1.691182364729458820e+00 1.006682524030440978e-02
1.691983967935871691e+00 8.721879182341157888e-03
1.692785571142284562e+00 7.597747831084442766e-03
1.693587174348697211e+00 6.603698278345023973e-03
1.694388777555110082e+00 5.736261286002381811e-03
1.695190380761522952e+00 4.984631491596616497e-03
1.695991983967935823e+00 4.330102986826883833e-03
1.696793587174348694e+00 3.789342775784061354e-03
1.697595190380761565e+00 3.315745254779184012e-03
1.698396793587174214e+00 2.902249282506781398e-03
1.699198396793587085e+00 2.541713607778338206e-03
1.699999999999999956e+00 2.226490326892440006e-03
