3.799999999999999822e+00 6.876807251051782199e-03
3.802665330661322507e+00 7.666452105749295420e-03
3.805330661322645192e+00 8.560196738857875007e-03
3.807995991983967876e+00 9.582026389317025231e-03
3.810661322645290561e+00 1.075616171358440183e-02
3.813326653306613245e+00 1.210097699380519726e-02
3.815991983967935486e+00 1.365089086639627997e-02
3.818657314629258170e+00 1.546074097945052822e-02
3.821322645290580855e+00 1.755026456854822184e-02
3.823987975951903540e+00 1.997031822447175101e-02
3.826653306613226224e+00 2.283103677002091408e-02
3.829318637274548909e+00 2.615886062001952436e-02
3.831983967935871593e+00 3.003483956292930801e-02
3.834649298597194278e+00 3.463167380689075037e-02
3.837314629258516963e+00 4.001362079981835712e-02
3.839979959919839647e+00 4.630101053278215528e-02
3.842645290581162332e+00 5.373460295638590040e-02
3.845310621242484572e+00 6.243840911212276273e-02
3.847975951903807257e+00 7.256395524209452441e-02
3.850641282565129941e+00 8.437956702659077379e-02
3.853306613226452626e+00 9.812106299422969358e-02
3.855971943887775311e+00 1.138411564037181550e-01
3.858637274549097995e+00 1.318641306280933234e-01
3.861302605210420680e+00 1.522480633563006724e-01
3.863967935871743364e+00 1.749262001279267009e-01
3.866633266533066049e+00 1.999698864581057334e-01
3.869298597194388734e+00 2.271716369460194951e-01
3.871963927855711418e+00 2.561622510332002833e-01
3.874629258517034103e+00 2.866118734958486014e-01
3.877294589178356343e+00 3.179847983743219753e-01
3.879959919839679028e+00 3.496516992238163923e-01
3.882625250501001712e+00 3.810869484289359788e-01
3.885290581162324397e+00 4.117672638076230185e-01
3.887955911823647082e+00 4.410203836475284356e-01
3.890621242484969766e+00 4.687580036846357157e-01
3.893286573146292451e+00 4.945387536177655585e-01
3.895951903807615135e+00 5.182892466635239392e-01
3.898617234468937820e+00 5.400243412065004467e-01
3.901282565130260505e+00 5.596228818268972338e-01
3.903947895791583189e+00 5.771088762076052037e-01
3.906613226452905430e+00 5.928559831838418059e-01
3.909278557114228114e+00 6.067382710728330686e-01
3.911943887775550799e+00 6.191946626812701027e-01
3.914609218436873483e+00 6.299260060023922358e-01
3.917274549098196168e+00 6.394035969189219015e-01
3.919939879759518853e+00 6.476943513913316908e-01
3.922605210420841537e+00 6.546666910435144926e-01
3.925270541082164222e+00 6.605653376616514860e-01
3.927935871743486906e+00 6.655678972491625434e-01
3.930601202404809591e+00 6.697816496309442202e-01
3.933266533066132276e+00 6.730832794194400170e-01
3.935931863727454960e+00 6.757704926948819857e-01
3.938597194388777201e+00 6.779024088520348990e-01
3.941262525050099885e+00 6.796004075262663813e-01
3.943927855711422570e+00 6.807870856876628851e-01
3.946593186372745254e+00 6.816410246564751363e-01
3.949258517034067939e+00 6.823582524170123120e-01
3.951923847695390624e+00 6.826337222830005658e-01
3.954589178356713308e+00 6.828159849559468642e-01
3.957254509018035993e+00 6.828972084662547903e-01
3.959919839679358677e+00 6.829140759868019828e-01
3.962585170340681362e+00 6.830451118178422210e-01
3.965250501002004047e+00 6.830229146269694018e-01
3.967915831663326287e+00 6.829814097786658378e-01
3.970581162324648972e+00 6.829806992047350311e-01
3.973246492985971656e+00 6.830818479826327172e-01
3.975911823647294341e+00 6.832452988494719381e-01
3.978577154308617025e+00 6.833587589901564119e-01
3.981242484969939710e+00 6.834829490215964531e-01
3.983907815631262395e+00 6.836150193035598344e-01
3.986573146292585079e+00 6.838486682216143864e-01
3.989238476953907764e+00 6.840778517624803712e-01
3.991903807615230448e+00 6.842598617500694758e-01
3.994569138276553133e+00 6.844622164328795222e-01
3.997234468937875818e+00 6.846634167819830585e-01
3.999899799599198058e+00 6.848589996110312494e-01
4.002565130260521187e+00 6.851889487873586981e-01
4.005230460921843871e+00 6.854399676969351596e-01
4.007895791583166556e+00 6.856490199359496218e-01
4.010561122244489241e+00 6.858386410113527232e-01
4.013226452905811925e+00 6.860185018092359588e-01
4.015891783567133722e+00 6.862629266500681613e-01
4.018557114228456406e+00 6.865634630203725219e-01
4.021222444889779091e+00 6.867166626914568139e-01
4.023887775551101775e+00 6.868821346958829954e-01
4.026553106212424460e+00 6.871004893777207245e-01
4.029218436873747144e+00 6.872371815874209755e-01
4.031883767535069829e+00 6.873662892040773853e-01
4.034549098196392514e+00 6.874907114771067196e-01
4.037214428857715198e+00 6.876731503357359498e-01
4.039879759519037883e+00 6.877733637980775194e-01
4.042545090180360567e+00 6.878628462006388666e-01
4.045210420841683252e+00 6.879427072876362903e-01
4.047875751503005937e+00 6.879953623945893604e-01
4.050541082164328621e+00 6.880177577647048626e-01
4.053206412825651306e+00 6.880132486691626914e-01
4.055871743486973990e+00 6.881408140053164590e-01
4.058537074148296675e+00 6.881289737593091482e-01
4.061202404809619360e+00 6.881025177205335464e-01
4.063867735470942044e+00 6.880581938977594625e-01
4.066533066132264729e+00 6.879355629135106565e-01
4.069198396793587413e+00 6.877957921237578542e-01
4.071863727454909210e+00 6.878439902058163247e-01
4.074529058116231894e+00 6.877017259734238275e-01
4.077194388777554579e+00 6.875539637057500597e-01
4.079859719438877264e+00 6.874379104442296384e-01
4.082525050100199948e+00 6.872902990779395926e-01
4.085190380761522633e+00 6.872712011302885005e-01
4.087855711422845317e+00 6.871493626543642153e-01
4.090521042084168002e+00 6.869548847741848707e-01
4.093186372745490686e+00 6.868424833628697934e-01
4.095851703406813371e+00 6.867911044926572339e-01
4.098517034068136056e+00 6.867268871239231576e-01
4.101182364729458740e+00 6.865083977314526686e-01
4.103847695390781425e+00 6.865600220537758647e-01
4.106513026052104109e+00 6.864470145953480706e-01
4.109178356713426794e+00 6.863415029418585833e-01
4.111843687374749479e+00 6.864242012958341466e-01
4.114509018036072163e+00 6.863140872393800329e-01
4.117174348697394848e+00 6.863447858101646704e-01
4.119839679358717532e+00 6.862960410575635883e-01
4.122505010020040217e+00 6.862703850529535687e-01
4.125170340681362902e+00 6.862268554079165028e-01
4.127835671342685586e+00 6.862254512720790123e-01
4.130501002004008271e+00 6.861308261439323930e-01
4.133166332665330955e+00 6.860362746289637714e-01
4.135831663326652752e+00 6.860199133080956413e-01
4.138496993987975436e+00 6.859363840439485216e-01
4.141162324649298121e+00 6.858106134888366512e-01
4.143827655310620806e+00 6.855828662928333816e-01
4.146492985971943490e+00 6.854803686782188210e-01
4.149158316633266175e+00 6.852536736769033743e-01
4.151823647294588859e+00 6.851157796424757196e-01
4.154488977955911544e+00 6.848365689361646247e-01
4.157154308617234229e+00 6.846569757338026863e-01
4.159819639278556913e+00 6.842590021027273872e-01
4.162484969939879598e+00 6.840747397974898947e-01
4.165150300601202282e+00 6.837477993384989405e-01
4.167815631262524967e+00 6.834581559517352023e-01
4.170480961923847651e+00 6.831480832320658836e-01
4.173146292585170336e+00 6.827970420042432931e-01
4.175811623246493021e+00 6.825163912145638667e-01
4.178476953907815705e+00 6.821532505285944348e-01
4.181142284569138390e+00 6.817381161962546843e-01
4.183807615230461074e+00 6.815075154735641405e-01
4.186472945891783759e+00 6.810966855036503231e-01
4.189138276553106444e+00 6.806937798174009790e-01
4.191803607214429128e+00 6.805044118022293143e-01
4.194468937875750925e+00 6.800939752998887977e-01
4.197134268537073609e+00 6.797612444149249145e-01
4.199799599198396294e+00 6.793871750036922785e-01
4.202464929859718978e+00 6.790140306393892544e-01
4.205130260521041663e+00 6.786654733525310235e-01
4.207795591182364348e+00 6.783481780109542614e-01
4.210460921843687032e+00 6.780635308355565938e-01
4.213126252505009717e+00 6.778327133949221261e-01
4.215791583166332401e+00 6.775826482475114654e-01
4.218456913827655086e+00 6.772793899987383792e-01
4.221122244488977771e+00 6.770555475185031646e-01
4.223787575150300455e+00 6.768264627903016750e-01
4.226452905811623140e+00 6.766013045544407856e-01
4.229118236472945824e+00 6.763642727185539272e-01
4.231783567134268509e+00 6.761281176029579898e-01
4.234448897795591193e+00 6.758415305636914505e-01
4.237114228456913878e+00 6.754405286276321529e-01
4.239779559118236563e+00 6.752007503974156721e-01
4.242444889779559247e+00 6.749748657877745472e-01
4.245110220440881932e+00 6.747765464166771698e-01
4.247775551102204616e+00 6.745815395483232280e-01
4.250440881763527301e+00 6.742086939037471582e-01
4.253106212424849986e+00 6.739234473708654027e-01
4.255771543086172670e+00 6.736437589279941074e-01
4.258436873747494467e+00 6.734549292100339146e-01
4.261102204408817151e+00 6.732160738612923412e-01
4.263767535070139836e+00 6.729341580381236199e-01
4.266432865731462520e+00 6.727670976950080872e-01
4.269098196392785205e+00 6.725744699311471120e-01
4.271763527054107890e+00 6.723331133814226535e-01
4.274428857715430574e+00 6.721070397721616851e-01
4.277094188376753259e+00 6.717975983069696122e-01
4.279759519038075943e+00 6.716189949701892870e-01
4.282424849699398628e+00 6.714215557141310908e-01
4.285090180360721313e+00 6.712021317051571900e-01
4.287755511022043997e+00 6.707627549365343667e-01
4.290420841683366682e+00 6.704893462351422251e-01
4.293086172344689366e+00 6.701927884681578851e-01
4.295751503006012051e+00 6.699485328035570397e-01
4.298416833667334735e+00 6.697102666020495754e-01
4.301082164328657420e+00 6.694557131737060018e-01
4.303747494989980105e+00 6.691874211199109190e-01
4.306412825651302789e+00 6.688684674180461753e-01
4.309078156312625474e+00 6.685890529736212562e-01
4.311743486973947270e+00 6.682254999483675517e-01
4.314408817635269955e+00 6.679324175107762551e-01
4.317074148296592639e+00 6.675709071726773081e-01
4.319739478957915324e+00 6.672744458578822035e-01
4.322404809619238009e+00 6.670068234090009707e-01
4.325070140280560693e+00 6.667245652535839229e-01
4.327735470941883378e+00 6.663481463789510117e-01
4.330400801603206062e+00 6.660246836978848117e-01
4.333066132264528747e+00 6.656744079594401065e-01
4.335731462925851432e+00 6.652983873723892216e-01
4.338396793587174116e+00 6.648395670779145838e-01
4.341062124248496801e+00 6.645680493393605337e-01
4.343727454909819485e+00 6.642138435393175611e-01
4.346392785571142170e+00 6.637542372786540135e-01
4.349058116232464855e+00 6.632727610899697979e-01
4.351723446893787539e+00 6.628366585472956762e-01
4.354388777555110224e+00 6.623026918416738962e-01
4.357054108216432908e+00 6.617501764843786161e-01
4.359719438877755593e+00 6.612523511134840160e-01
4.362384769539078277e+00 6.607305366040041594e-01
4.365050100200400962e+00 6.602899671717664676e-01
4.367715430861723647e+00 6.597277362196879436e-01
4.370380761523046331e+00 6.591287909897428632e-01
4.373046092184369016e+00 6.585121445315769151e-01
4.375711422845691700e+00 6.578900508884132359e-01
4.378376753507014385e+00 6.572613713124666468e-01
4.381042084168336181e+00 6.565555726265369652e-01
4.383707414829658866e+00 6.560201325416553653e-01
4.386372745490981551e+00 6.554239883276222756e-01
4.389038076152304235e+00 6.547903287437987219e-01
4.391703406813626920e+00 6.541673335478148665e-01
4.394368737474949604e+00 6.535933410991798809e-01
4.397034068136272289e+00 6.530614975776911635e-01
4.399699398797594974e+00 6.525755416763671102e-01
4.402364729458917658e+00 6.520934725686472477e-01
4.405030060120240343e+00 6.517472735114431259e-01
4.407695390781563027e+00 6.512767605058915610e-01
4.410360721442885712e+00 6.509336144910198296e-01
4.413026052104208397e+00 6.507133261355552145e-01
4.415691382765531081e+00 6.504159224970820219e-01
4.418356713426853766e+00 6.501999358196951517e-01
4.421022044088176450e+00 6.501384134183568753e-01
4.423687374749499135e+00 6.499534208519024414e-01
4.426352705410821819e+00 6.498526003128763939e-01
4.429018036072144504e+00 6.498404172034391024e-01
4.431683366733467189e+00 6.497790278971611322e-01
4.434348697394788985e+00 6.497409152001001331e-01
4.437014028056111670e+00 6.496572390905233085e-01
4.439679358717434354e+00 6.498637837815142149e-01
4.442344689378757039e+00 6.498190810873318846e-01
4.445010020040079723e+00 6.499198842349800387e-01
4.447675350701402408e+00 6.499067382240516499e-01
4.450340681362725093e+00 6.500484307315715915e-01
4.453006012024047777e+00 6.501403232806046706e-01
4.455671342685370462e+00 6.501693142828163241e-01
4.458336673346693146e+00 6.501738594687394013e-01
4.461002004008015831e+00 6.502938024476281331e-01
4.463667334669338516e+00 6.502686871272389535e-01
4.466332665330661200e+00 6.503054946726435359e-01
4.468997995991983885e+00 6.503922329397824331e-01
4.471663326653306569e+00 6.503727274311503770e-01
4.474328657314629254e+00 6.503430930598684823e-01
4.476993987975951939e+00 6.504407092945163615e-01
4.479659318637274623e+00 6.503862112880692825e-01
4.482324649298597308e+00 6.503170692005799669e-01
4.484989979959919992e+00 6.503034598341650430e-01
4.487655310621242677e+00 6.501057472377363977e-01
4.490320641282565362e+00 6.500278568364692422e-01
4.492985971943888046e+00 6.499928807763294403e-01
4.495651302605210731e+00 6.497375777112219808e-01
4.498316633266533415e+00 6.495871937559651865e-01
4.500981963927856100e+00 6.493425164538636496e-01
4.503647294589177896e+00 6.491349270171619112e-01
4.506312625250500581e+00 6.488420813276410959e-01
4.508977955911823265e+00 6.485943335882050631e-01
4.511643286573145950e+00 6.482778186849225133e-01
4.514308617234468635e+00 6.479044037343683060e-01
4.516973947895791319e+00 6.475291146084203309e-01
4.519639278557114004e+00 6.470759645937224080e-01
4.522304609218436688e+00 6.466749103109620256e-01
4.524969939879759373e+00 6.463404795348492993e-01
4.527635270541082058e+00 6.458582937415157099e-01
4.530300601202404742e+00 6.454641808892578325e-01
4.532965931863727427e+00 6.448548738348778286e-01
4.535631262525050111e+00 6.444271843266021760e-01
4.538296593186372796e+00 6.439253280861829687e-01
4.540961923847695481e+00 6.433920483845990690e-01
4.543627254509018165e+00 6.429166847272130836e-01
4.546292585170340850e+00 6.424060700763591925e-01
4.548957915831663534e+00 6.419017565449046669e-01
4.551623246492986219e+00 6.413936601782996849e-01
4.554288577154308904e+00 6.409269604273470922e-01
4.556953907815630700e+00 6.403593706363456262e-01
4.559619238476953385e+00 6.398868745160694038e-01
4.562284569138276069e+00 6.394413209440427126e-01
4.564949899799598754e+00 6.390359248940505887e-01
4.567615230460921438e+00 6.386082870757545660e-01
4.570280561122244123e+00 6.381578472562243753e-01
4.572945891783566807e+00 6.378332702331935833e-01
4.575611222444889492e+00 6.374355938295197532e-01
4.578276553106212177e+00 6.370851280108856818e-01
4.580941883767534861e+00 6.366984969322782018e-01
4.583607214428857546e+00 6.364051033423375747e-01
4.586272545090180230e+00 6.361160228581612675e-01
4.588937875751502915e+00 6.358724964096009735e-01
4.591603206412825600e+00 6.355839754293755028e-01
4.594268537074148284e+00 6.353617885294919887e-01
4.596933867735470969e+00 6.350635241159569011e-01
4.599599198396793653e+00 6.349911254728823895e-01
4.602264529058116338e+00 6.347974549456241178e-01
4.604929859719439023e+00 6.347076162218492357e-01
4.607595190380761707e+00 6.345056470413554806e-01
4.610260521042084392e+00 6.344433038654141432e-01
4.612925851703407076e+00 6.344258050432343143e-01
4.615591182364729761e+00 6.342297132029074413e-01
4.618256513026052446e+00 6.341801836095392053e-01
4.620921843687375130e+00 6.341478499976593852e-01
4.623587174348696927e+00 6.339939756737367205e-01
4.626252505010019611e+00 6.339107543779735066e-01
4.628917835671342296e+00 6.338540856695273895e-01
4.631583166332664980e+00 6.338219322808704703e-01
4.634248496993987665e+00 6.337366677551846683e-01
4.636913827655310349e+00 6.336792202950130015e-01
4.639579158316633034e+00 6.335369791486353819e-01
4.642244488977955719e+00 6.334536350041540809e-01
4.644909819639278403e+00 6.333313519173746631e-01
4.647575150300601088e+00 6.332546299040958671e-01
4.650240480961923772e+00 6.331683594222101696e-01
4.652905811623246457e+00 6.330475165428539608e-01
4.655571142284569142e+00 6.330588164436379284e-01
4.658236472945891826e+00 6.329589005722903172e-01
4.660901803607214511e+00 6.329035889602807607e-01
4.663567134268537195e+00 6.328172534741303146e-01
4.666232464929859880e+00 6.329292511919475395e-01
4.668897795591182565e+00 6.328581848315756320e-01
4.671563126252505249e+00 6.328102925266363421e-01
4.674228456913827934e+00 6.329222795654446676e-01
4.676893787575149730e+00 6.328875265348091750e-01
4.679559118236472415e+00 6.329273898404733645e-01
4.682224448897795099e+00 6.330248251379304580e-01
4.684889779559117784e+00 6.331575760301305644e-01
4.687555110220440469e+00 6.331731676439397161e-01
4.690220440881763153e+00 6.333460671174624412e-01
4.692885771543085838e+00 6.334246641788675580e-01
4.695551102204408522e+00 6.335422702162711861e-01
4.698216432865731207e+00 6.338099938189389881e-01
4.700881763527053891e+00 6.339740055905406235e-01
4.703547094188376576e+00 6.342046499111912983e-01
4.706212424849699261e+00 6.344185274988446421e-01
4.708877755511021945e+00 6.347388916980158946e-01
4.711543086172344630e+00 6.349850076146660305e-01
4.714208416833667314e+00 6.351936375958424641e-01
4.716873747494989999e+00 6.355934700346649313e-01
4.719539078156312684e+00 6.358938141070201722e-01
4.722204408817635368e+00 6.361296469039443569e-01
4.724869739478958053e+00 6.366156007781751391e-01
4.727535070140280737e+00 6.368718643283849401e-01
4.730200400801603422e+00 6.371751203471567315e-01
4.732865731462926107e+00 6.374104576034446135e-01
4.735531062124248791e+00 6.377749217496769818e-01
4.738196392785571476e+00 6.380839026375042522e-01
4.740861723446894160e+00 6.383253877343424421e-01
4.743527054108216845e+00 6.387570863089667705e-01
4.746192384769538641e+00 6.389876898996030841e-01
4.748857715430861326e+00 6.392609477280094543e-01
4.751523046092184011e+00 6.396019752935735436e-01
4.754188376753506695e+00 6.397884271547121804e-01
4.756853707414829380e+00 6.399625473736234582e-01
4.759519038076152064e+00 6.401292352873863001e-01
4.762184368737474749e+00 6.404196553543275439e-01
4.764849699398797434e+00 6.405775231059153141e-01
4.767515030060120118e+00 6.407049636429494877e-01
4.770180360721442803e+00 6.408594124800258696e-01
4.772845691382765487e+00 6.410802754239882661e-01
4.775511022044088172e+00 6.411412475821293144e-01
4.778176352705410856e+00 6.412002175069397847e-01
4.780841683366733541e+00 6.412741735757586659e-01
4.783507014028056226e+00 6.413304777998641848e-01
4.786172344689378910e+00 6.414614448752825604e-01
4.788837675350701595e+00 6.414572863378491530e-01
4.791503006012024279e+00 6.414946109512084105e-01
4.794168336673346964e+00 6.415378167095732165e-01
4.796833667334669649e+00 6.415902821302946757e-01
4.799498997995991445e+00 6.416186943353325844e-01
4.802164328657314130e+00 6.416545332993588424e-01
4.804829659318636814e+00 6.416846366349384656e-01
4.807494989979959499e+00 6.417089899729704339e-01
4.810160320641282183e+00 6.417440396225800869e-01
4.812825651302604868e+00 6.416850616365725735e-01
4.815490981963927553e+00 6.416319427179248969e-01
4.818156312625250237e+00 6.415491630814127433e-01
4.820821643286572922e+00 6.415499540194250505e-01
4.823486973947895606e+00 6.415062498925603318e-01
4.826152304609218291e+00 6.414395415878499929e-01
4.828817635270540976e+00 6.412975334527531990e-01
4.831482965931863660e+00 6.411719498608837720e-01
4.834148296593186345e+00 6.410488160864991070e-01
4.836813627254509029e+00 6.408801363002232243e-01
4.839478957915831714e+00 6.405857196481509197e-01
4.842144288577154398e+00 6.403234495883396438e-01
4.844809619238477083e+00 6.400780566285992901e-01
4.847474949899799768e+00 6.397114356838552451e-01
4.850140280561122452e+00 6.390969794029247586e-01
4.852805611222445137e+00 6.386642498490000541e-01
4.855470941883767821e+00 6.381958442999966508e-01
4.858136272545090506e+00 6.375318582685124413e-01
4.860801603206413191e+00 6.369301710814903039e-01
4.863466933867735875e+00 6.362203922027668268e-01
4.866132264529058560e+00 6.354877079705537612e-01
4.868797595190381244e+00 6.345866688829481239e-01
4.871462925851703041e+00 6.336777050282895729e-01
4.874128256513025725e+00 6.327755534256830350e-01
4.876793587174348410e+00 6.315542902463266994e-01
4.879458917835671095e+00 6.304873828978745376e-01
4.882124248496993779e+00 6.294846898090781240e-01
4.884789579158316464e+00 6.283781091366515970e-01
4.887454909819639148e+00 6.271321538289800213e-01
4.890120240480961833e+00 6.259947454056502547e-01
4.892785571142284518e+00 6.249136010929227103e-01
4.895450901803607202e+00 6.237623115344844704e-01
4.898116232464929887e+00 6.226097079603988282e-01
4.900781563126252571e+00 6.214813240026950680e-01
4.903446893787575256e+00 6.203689018872756700e-01
4.906112224448897940e+00 6.191509292371860651e-01
4.908777555110220625e+00 6.180404873755775963e-01
4.911442885771543310e+00 6.170205934884652743e-01
4.914108216432865994e+00 6.160362744812967195e-01
4.916773547094187791e+00 6.150675636794361578e-01
4.919438877755510475e+00 6.140971556772168993e-01
4.922104208416833160e+00 6.132193558285472523e-01
4.924769539078155844e+00 6.122586917566134046e-01
4.927434869739478529e+00 6.112160793422347638e-01
4.930100200400801214e+00 6.101970197352886149e-01
4.932765531062123898e+00 6.090596742059728452e-01
4.935430861723446583e+00 6.078797414674934618e-01
4.938096192384769267e+00 6.065701684242760239e-01
4.940761523046091952e+00 6.050932848357818417e-01
4.943426853707414637e+00 6.034755020023463423e-01
4.946092184368737321e+00 6.016122359691616905e-01
4.948757515030060006e+00 5.994718416134641181e-01
4.951422845691382690e+00 5.970199978115267037e-01
4.954088176352705375e+00 5.943463500536266819e-01
4.956753507014028060e+00 5.911535756481277604e-01
4.959418837675350744e+00 5.875304839614264862e-01
4.962084168336673429e+00 5.834300171507434962e-01
4.964749498997996113e+00 5.787817937576125171e-01
4.967414829659318798e+00 5.735871762611842728e-01
4.970080160320641482e+00 5.678497651491383191e-01
4.972745490981964167e+00 5.614584699693593306e-01
4.975410821643286852e+00 5.544121370844204977e-01
4.978076152304609536e+00 5.466933924147374668e-01
4.980741482965932221e+00 5.382109967059318656e-01
4.983406813627254905e+00 5.290840545815367335e-01
4.986072144288577590e+00 5.192919548853704992e-01
4.988737474949900275e+00 5.087358063993147050e-01
4.991402805611222071e+00 4.975328863992791173e-01
4.994068136272544756e+00 4.857611663480376762e-01
4.996733466933867440e+00 4.733068547082550648e-01
4.999398797595190125e+00 4.601943613998868976e-01
5.002064128256512809e+00 4.465822612252300372e-01
5.004729458917835494e+00 4.323635090315738339e-01
5.007394789579158179e+00 4.176052141433879150e-01
5.010060120240480863e+00 4.024499175579334120e-01
5.012725450901803548e+00 3.868686327858587015e-01
5.015390781563126232e+00 3.709199862403478876e-01
5.018056112224448917e+00 3.546890648519953615e-01
5.020721442885771602e+00 3.381688218225856191e-01
5.023386773547094286e+00 3.214598289518982299e-01
5.026052104208416971e+00 3.045912325740215421e-01
5.028717434869739655e+00 2.877067037251524462e-01
5.031382765531062340e+00 2.708053725734418382e-01
5.034048096192385024e+00 2.540553061344626995e-01
5.036713426853706821e+00 2.374142423045603190e-01
5.039378757515029505e+00 2.210714047933103887e-01
5.042044088176352190e+00 2.050547917864818936e-01
5.044709418837674875e+00 1.895031252136672173e-01
5.047374749498997559e+00 1.744747339910557860e-01
5.050040080160320244e+00 1.600410741746757792e-01
5.052705410821642928e+00 1.463008140502473076e-01
5.055370741482965613e+00 1.332484509684919161e-01
5.058036072144288298e+00 1.209587826449856490e-01
5.060701402805610982e+00 1.094940490989180781e-01
5.063366733466933667e+00 9.878772891351510210e-02
5.066032064128256351e+00 8.888730096129185410e-02
5.068697394789579036e+00 7.981737110613412733e-02
5.071362725450901721e+00 7.148371146398782572e-02
5.074028056112224405e+00 6.389183412475540891e-02
5.076693386773547090e+00 5.704689133725345668e-02
5.079358717434869774e+00 5.084849096186611767e-02
5.082024048096192459e+00 4.525299533954929565e-02
5.084689378757515144e+00 4.027222374283673245e-02
5.087354709418837828e+00 3.580053394188836141e-02
5.090020040080160513e+00 3.179285238191562751e-02
5.092685370741483197e+00 2.825569696282491036e-02
5.095350701402805882e+00 2.510588559998691918e-02
5.098016032064128567e+00 2.229867111691797091e-02
5.100681362725451251e+00 1.981843506312445588e-02
5.103346693386773936e+00 1.762353204577911045e-02
5.106012024048096620e+00 1.567543372401758450e-02
5.108677354709419305e+00 1.395754780024127673e-02
5.111342685370741989e+00 1.244171465570575834e-02
5.114008016032063786e+00 1.109622184511079718e-02
5.116673346693386470e+00 9.903822906996763778e-03
5.119338677354709155e+00 8.848395694495988714e-03
5.122004008016031840e+00 7.907116999344333472e-03
5.124669338677354524e+00 7.074264806854317113e-03
5.127334669338677209e+00 6.337015072140398352e-03
5.129999999999999893e+00 5.682322641441801651e-03
