8.299999999999999600e-01 1.452904327702784493e-01
8.339679358717434488e-01 1.497897189257545447e-01
8.379358717434869375e-01 1.540738751314641164e-01
8.419038076152304262e-01 1.587423083713893623e-01
8.458717434869739149e-01 1.632884802288227521e-01
8.498396793587174036e-01 1.679090024182391117e-01
8.538076152304608923e-01 1.729461410287167766e-01
8.577755511022043811e-01 1.778967393334558722e-01
8.617434869739478698e-01 1.830303377472505821e-01
8.657114228456913585e-01 1.879055579431371525e-01
8.696793587174348472e-01 1.928947283639239341e-01
8.736472945891783359e-01 1.977553237501220029e-01
8.776152304609218247e-01 2.027935043716148078e-01
8.815831663326653134e-01 2.078233817762243918e-01
8.855511022044088021e-01 2.132649434896120855e-01
8.895190380761522908e-01 2.192485778053997469e-01
8.934869739478957795e-01 2.249099887328699920e-01
8.974549098196392682e-01 2.302633293592172836e-01
9.014228456913827570e-01 2.359670424094154895e-01
9.053907815631262457e-01 2.418191727554385440e-01
9.093587174348697344e-01 2.477728832282209137e-01
9.133266533066132231e-01 2.535212682188131006e-01
9.172945891783567118e-01 2.596166333689132188e-01
9.212625250501002006e-01 2.658310428669967140e-01
9.252304609218436893e-01 2.716108314929969736e-01
9.291983967935871780e-01 2.777088458215655753e-01
9.331663326653306667e-01 2.838212995761336677e-01
9.371342685370741554e-01 2.897891893839292798e-01
9.411022044088175331e-01 2.958627595888131401e-01
9.450701402805610218e-01 3.021186264187810666e-01
9.490380761523045106e-01 3.081452569040329936e-01
9.530060120240479993e-01 3.139310627200588288e-01
9.569739478957914880e-01 3.202196970732948400e-01
9.609418837675349767e-01 3.259650445121046736e-01
9.649098196392784654e-01 3.322378504046281655e-01
9.688777555110219541e-01 3.380724097858551214e-01
9.728456913827654429e-01 3.439372466560270403e-01
9.768136272545089316e-01 3.498835482795138452e-01
9.807815631262524203e-01 3.559090686710203455e-01
9.847494989979959090e-01 3.615116655723064065e-01
9.887174348697393977e-01 3.672531271842904288e-01
9.926853707414828865e-01 3.729721525814435057e-01
9.966533066132263752e-01 3.783878308267792367e-01
1.000621242484969864e+00 3.838742135142999556e-01
1.004589178356713353e+00 3.895996119290385251e-01
1.008557114228456841e+00 3.949540666261973643e-01
1.012525050100200330e+00 4.003664259741704368e-01
1.016492985971943819e+00 4.059062372844813305e-01
1.020460921843687307e+00 4.110644262643828317e-01
1.024428857715430796e+00 4.160977703337831457e-01
1.028396793587174285e+00 4.211455548887603206e-01
1.032364729458917774e+00 4.263785759270472542e-01
1.036332665330661262e+00 4.311029693828076770e-01
1.040300601202404751e+00 4.357515550951135963e-01
1.044268537074148240e+00 4.402104954984450425e-01
1.048236472945891729e+00 4.450820767906831232e-01
1.052204408817635217e+00 4.494095000291715714e-01
1.056172344689378706e+00 4.538374201807539032e-01
1.060140280561122195e+00 4.581564701664146977e-01
1.064108216432865683e+00 4.628879353088349302e-01
1.068076152304609172e+00 4.669544666778764341e-01
1.072044088176352661e+00 4.710956973349808563e-01
1.076012024048096150e+00 4.751264000990726988e-01
1.079979959919839638e+00 4.795965388772383542e-01
1.083947895791583127e+00 4.834569266868927184e-01
1.087915831663326616e+00 4.877336462473654266e-01
1.091883767535070104e+00 4.918523188414464231e-01
1.095851703406813593e+00 4.953489477355364490e-01
1.099819639278557082e+00 4.986769771884695390e-01
1.103787575150300571e+00 5.026204354352177273e-01
1.107755511022044059e+00 5.060253048062280934e-01
1.111723446893787548e+00 5.090857256340407533e-01
1.115691382765531037e+00 5.125460967774918553e-01
1.119659318637274525e+00 5.154266930458920593e-01
1.123627254509018014e+00 5.185926426868334715e-01
1.127595190380761503e+00 5.211569069341190907e-01
1.131563126252504992e+00 5.236146798588514617e-01
1.135531062124248480e+00 5.264577954336306931e-01
1.139498997995991969e+00 5.284954322228542223e-01
1.143466933867735458e+00 5.308658703853892380e-01
1.147434869739478946e+00 5.331102598866628295e-01
1.151402805611222435e+00 5.349437454065465447e-01
1.155370741482965924e+00 5.364914969292033931e-01
1.159338677354709413e+00 5.380207789095560189e-01
1.163306613226452901e+00 5.396277633918200589e-01
1.167274549098196390e+00 5.412966894076800539e-01
1.171242484969939879e+00 5.428616392729976869e-01
1.175210420841683367e+00 5.439091872842337638e-01
1.179178356713426856e+00 5.446331499221050976e-01
1.183146292585170345e+00 5.453004037470037257e-01
1.187114228456913834e+00 5.468767788952618725e-01
1.191082164328657322e+00 5.476103520121371471e-01
1.195050100200400811e+00 5.477722057209654105e-01
1.199018036072144300e+00 5.487683653155902563e-01
1.202985971943887789e+00 5.496577110986523573e-01
1.206953907815631277e+00 5.502957843823053086e-01
1.210921843687374766e+00 5.505502517237288451e-01
1.214889779559118255e+00 5.505427982767908679e-01
1.218857715430861743e+00 5.512524175949748972e-01
1.222825651302605232e+00 5.509808270449338963e-01
1.226793587174348721e+00 5.510637599360511674e-01
1.230761523046092210e+00 5.506887940177459528e-01
1.234729458917835698e+00 5.509466035835982600e-01
1.238697394789579187e+00 5.505370993954279424e-01
1.242665330661322676e+00 5.501439772094007807e-01
1.246633266533066164e+00 5.497742231904124699e-01
1.250601202404809653e+00 5.503460651660466718e-01
1.254569138276553142e+00 5.494965567840146559e-01
1.258537074148296631e+00 5.484444117158164822e-01
1.262505010020040119e+00 5.475214507695842503e-01
1.266472945891783608e+00 5.468953602634921696e-01
1.270440881763527097e+00 5.456116743369726629e-01
1.274408817635270363e+00 5.450976404799956487e-01
1.278376753507013852e+00 5.444500146116122430e-01
1.282344689378757341e+00 5.426726010796907307e-01
1.286312625250500830e+00 5.419285947341200282e-01
1.290280561122244318e+00 5.412032451347420503e-01
1.294248496993987807e+00 5.400261263557336600e-01
1.298216432865731296e+00 5.387757471124670072e-01
1.302184368737474784e+00 5.380704088468303281e-01
1.306152304609218273e+00 5.372079657093656868e-01
1.310120240480961762e+00 5.358408108490644306e-01
1.314088176352705251e+00 5.343615639397188977e-01
1.318056112224448739e+00 5.333033026845170887e-01
1.322024048096192228e+00 5.317142234767501252e-01
1.325991983967935717e+00 5.300618181327003686e-01
1.329959919839679205e+00 5.284412340370686634e-01
1.333927855711422694e+00 5.273485142258126368e-01
1.337895791583166183e+00 5.257004276902897955e-01
1.341863727454909672e+00 5.245408626791882023e-01
1.345831663326653160e+00 5.229598982710202959e-01
1.349799599198396649e+00 5.212935755616990852e-01
1.353767535070140138e+00 5.201550716288747545e-01
1.357735470941883626e+00 5.185387861651993280e-01
1.361703406813627115e+00 5.168472546806325285e-01
1.365671342685370604e+00 5.148491045965607471e-01
1.369639278557114093e+00 5.129443257089691954e-01
1.373607214428857581e+00 5.115670659133232379e-01
1.377575150300601070e+00 5.098648030857005908e-01
1.381543086172344559e+00 5.077257434080909571e-01
1.385511022044088048e+00 5.062596604581240944e-01
1.389478957915831536e+00 5.046569402513676472e-01
1.393446893787575025e+00 5.029269167901226911e-01
1.397414829659318514e+00 5.016757921908484574e-01
1.401382765531062002e+00 4.998442197858026237e-01
1.405350701402805491e+00 4.979276972631447307e-01
1.409318637274548980e+00 4.955946871265566323e-01
1.413286573146292469e+00 4.938941735043110293e-01
1.417254509018035957e+00 4.921292889256124181e-01
1.421222444889779446e+00 4.902191075868694847e-01
1.425190380761522935e+00 4.883268254624341109e-01
1.429158316633266423e+00 4.864447475572050705e-01
1.433126252505009912e+00 4.851232420536304990e-01
1.437094188376753401e+00 4.832570968625324315e-01
1.441062124248496890e+00 4.814219807751322633e-01
1.445030060120240378e+00 4.792460029589004078e-01
1.448997995991983867e+00 4.772447829668984842e-01
1.452965931863727356e+00 4.759473551614858966e-01
1.456933867735470844e+00 4.736992442127689329e-01
1.460901803607214333e+00 4.721552289506963929e-01
1.464869739478957822e+00 4.696602297847839447e-01
1.468837675350701311e+00 4.680029204687153332e-01
1.472805611222444799e+00 4.661661227947008213e-01
1.476773547094188288e+00 4.643462524497454225e-01
1.480741482965931777e+00 4.622688506796143737e-01
1.484709418837675265e+00 4.604956418962900533e-01
1.488677354709418754e+00 4.590160537880169089e-01
1.492645290581162243e+00 4.571771060028874123e-01
1.496613226452905732e+00 4.553033787622152162e-01
1.500581162324649220e+00 4.529770873432740763e-01
1.504549098196392709e+00 4.513594773487819012e-01
1.508517034068136198e+00 4.497823999801603412e-01
1.512484969939879687e+00 4.482612810588006980e-01
1.516452905811623175e+00 4.465218135417866607e-01
1.520420841683366664e+00 4.447182021501260296e-01
1.524388777555110153e+00 4.432360660795764962e-01
1.528356713426853641e+00 4.414519847383306939e-01
1.532324649298597130e+00 4.395227223813111816e-01
1.536292585170340619e+00 4.383950188519054603e-01
1.540260521042084108e+00 4.364474923993458821e-01
1.544228456913827596e+00 4.352929768383153042e-01
1.548196392785571085e+00 4.333706617224634683e-01
1.552164328657314574e+00 4.323716568021629958e-01
1.556132264529058062e+00 4.305795895689704667e-01
1.560100200400801551e+00 4.288395748799535556e-01
1.564068136272545040e+00 4.273952167446080641e-01
1.568036072144288529e+00 4.263588386838257360e-01
1.572004008016032017e+00 4.245020873393436922e-01
1.575971943887775506e+00 4.230789099262654562e-01
1.579939879759518995e+00 4.219953353905951388e-01
1.583907815631262483e+00 4.202838393631486702e-01
1.587875751503005972e+00 4.188727486965871383e-01
1.591843687374749461e+00 4.172155882404652849e-01
1.595811623246492950e+00 4.158487934577940748e-01
1.599779559118236438e+00 4.146401811813866800e-01
1.603747494989979927e+00 4.138359245678626674e-01
1.607715430861723416e+00 4.122067459211649076e-01
1.611683366733466904e+00 4.106579122570929719e-01
1.615651302605210393e+00 4.093956312500623973e-01
1.619619238476953882e+00 4.083529743114456267e-01
1.623587174348697371e+00 4.072042348592036509e-01
1.627555110220440859e+00 4.061117247036777900e-01
1.631523046092184348e+00 4.050272459872811814e-01
1.635490981963927837e+00 4.039565091382151807e-01
1.639458917835671325e+00 4.028491949053115140e-01
1.643426853707414814e+00 4.015093871566233763e-01
1.647394789579158303e+00 4.002250929516281142e-01
1.651362725450901792e+00 3.993543658030027088e-01
1.655330661322645280e+00 3.981059149459675872e-01
1.659298597194388769e+00 3.970872347592864782e-01
1.663266533066132258e+00 3.958936211757744794e-01
1.667234468937875747e+00 3.949605133969354975e-01
1.671202404809619235e+00 3.941130340605150106e-01
1.675170340681362724e+00 3.926171144775232325e-01
1.679138276553106213e+00 3.920909599355904551e-01
1.683106212424849701e+00 3.912116126435568608e-01
1.687074148296593190e+00 3.902243016760618688e-01
1.691042084168336679e+00 3.893085321319954550e-01
1.695010020040080168e+00 3.882916737766886617e-01
1.698977955911823656e+00 3.871954370449374183e-01
1.702945891783567145e+00 3.860454126461776436e-01
1.706913827655310634e+00 3.848016624009473752e-01
1.710881763527054122e+00 3.839353417363373655e-01
1.714849699398797611e+00 3.827885471382821980e-01
1.718817635270541100e+00 3.819569022029896121e-01
1.722785571142284589e+00 3.809557424102293366e-01
1.726753507014028077e+00 3.801572605608619648e-01
1.730721442885771566e+00 3.793306014657149006e-01
1.734689378757515055e+00 3.784064322712423212e-01
1.738657314629258543e+00 3.774360021901053130e-01
1.742625250501002032e+00 3.765464095977177905e-01
1.746593186372745521e+00 3.756963693738757937e-01
1.750561122244489010e+00 3.748046271147456032e-01
1.754529058116232498e+00 3.739257850139932060e-01
1.758496993987975987e+00 3.729837776393902793e-01
1.762464929859719476e+00 3.717100379910757701e-01
1.766432865731462964e+00 3.707552621111677160e-01
1.770400801603206453e+00 3.697870335622623350e-01
1.774368737474949942e+00 3.687895050134850639e-01
1.778336673346693431e+00 3.677586341391671509e-01
1.782304609218436919e+00 3.669014782465663260e-01
1.786272545090180408e+00 3.659122422299774247e-01
1.790240480961923897e+00 3.649234730019058626e-01
1.794208416833667386e+00 3.639370527603627559e-01
1.798176352705410874e+00 3.629083400048218611e-01
1.802144288577154363e+00 3.619624122060218774e-01
1.806112224448897852e+00 3.610008578272203006e-01
1.810080160320641340e+00 3.601268874405197384e-01
1.814048096192384829e+00 3.588956060313740482e-01
1.818016032064128318e+00 3.579199261395175080e-01
1.821983967935871807e+00 3.569158351028847154e-01
1.825951903807615295e+00 3.559593959475427227e-01
1.829919839679358784e+00 3.549672562846833412e-01
1.833887775551102273e+00 3.541970636608948730e-01
1.837855711422845761e+00 3.533331086519682085e-01
1.841823647294589250e+00 3.521398743077279736e-01
1.845791583166332739e+00 3.513075996798998291e-01
1.849759519038076228e+00 3.507653225339621428e-01
1.853727454909819716e+00 3.498293665889435355e-01
1.857695390781563205e+00 3.486282906799549886e-01
1.861663326653306694e+00 3.478110984423741225e-01
1.865631262525050182e+00 3.467843924797420763e-01
1.869599198396793671e+00 3.456611122696058858e-01
1.873567134268537160e+00 3.442443123782335523e-01
1.877535070140280649e+00 3.431386599718173613e-01
1.881503006012024137e+00 3.420846970383289443e-01
1.885470941883767626e+00 3.410507250224519282e-01
1.889438877755511115e+00 3.400209994927730350e-01
1.893406813627254603e+00 3.390390316258238834e-01
1.897374749498998092e+00 3.382135149303724941e-01
1.901342685370741581e+00 3.375620767218489027e-01
1.905310621242485070e+00 3.363724467983290056e-01
1.909278557114228558e+00 3.352399712685827926e-01
1.913246492985972047e+00 3.344390221172262589e-01
1.917214428857715536e+00 3.333042822156006002e-01
1.921182364729459024e+00 3.320541845863994590e-01
1.925150300601202513e+00 3.313863563175304394e-01
1.929118236472946002e+00 3.300876910706735390e-01
1.933086172344689491e+00 3.290168798481373225e-01
1.937054108216432979e+00 3.280700747479694535e-01
1.941022044088176468e+00 3.270951688588696893e-01
1.944989979959919957e+00 3.261524733728203840e-01
1.948957915831663446e+00 3.251906280531434712e-01
1.952925851703406934e+00 3.243809068423314512e-01
1.956893787575150423e+00 3.232367829023672923e-01
1.960861723446893912e+00 3.222892309172640801e-01
1.964829659318637400e+00 3.213381138261137693e-01
1.968797595190380889e+00 3.205907486556768271e-01
1.972765531062124378e+00 3.198458682387886887e-01
1.976733466933867867e+00 3.189022975583166164e-01
1.980701402805611355e+00 3.180137778466851639e-01
1.984669338677354844e+00 3.172021147122816020e-01
1.988637274549098333e+00 3.164235253591610730e-01
1.992605210420841821e+00 3.157848066705372103e-01
1.996573146292585310e+00 3.152330566035053128e-01
2.000541082164328799e+00 3.159333461854636482e-01
2.004509018036072288e+00 3.156401096602017287e-01
2.008476953907815776e+00 3.154398130327675243e-01
2.012444889779559265e+00 3.153508159316130710e-01
2.016412825651302754e+00 3.153136983484920997e-01
2.020380761523046242e+00 3.153194150653587102e-01
2.024348697394789731e+00 3.153942866519667265e-01
2.028316633266533220e+00 3.155187228078704109e-01
2.032284569138276709e+00 3.157318467353827374e-01
2.036252505010020197e+00 3.159220515962395948e-01
2.040220440881763686e+00 3.161312577146761504e-01
2.044188376753507175e+00 3.163640980332775299e-01
2.048156312625250663e+00 3.169111453808657330e-01
2.052124248496994152e+00 3.171431381311762832e-01
2.056092184368737641e+00 3.172167655510140793e-01
2.060060120240481130e+00 3.177923919898771876e-01
2.064028056112224618e+00 3.179668567797556133e-01
2.067995991983968107e+00 3.181234810566778703e-01
2.071963927855711596e+00 3.182037072660602872e-01
2.075931863727455085e+00 3.183515732513732543e-01
2.079899799599198573e+00 3.183958495112129694e-01
2.083867735470942062e+00 3.185660848699432002e-01
2.087835671342685551e+00 3.185690068434333666e-01
2.091803607214429039e+00 3.188260233237439900e-01
2.095771543086172528e+00 3.190787493170808009e-01
2.099739478957916017e+00 3.189453063392063692e-01
2.103707414829659061e+00 3.186919603567605064e-01
2.107675350701402550e+00 3.183893066175987330e-01
2.111643286573146039e+00 3.180009396138254729e-01
2.115611222444889528e+00 3.175755882723382828e-01
2.119579158316633016e+00 3.171115588347480641e-01
2.123547094188376505e+00 3.165303490971691502e-01
2.127515030060119994e+00 3.161250553186825130e-01
2.131482965931863482e+00 3.156842942374452066e-01
2.135450901803606971e+00 3.150700856604699007e-01
2.139418837675350460e+00 3.144595438445468849e-01
2.143386773547093949e+00 3.137347106390486196e-01
2.147354709418837437e+00 3.129964647701692915e-01
2.151322645290580926e+00 3.122370288222648393e-01
2.155290581162324415e+00 3.113026449634676007e-01
2.159258517034067903e+00 3.103414887875021733e-01
2.163226452905811392e+00 3.094198911901636651e-01
2.167194388777554881e+00 3.086729661477773945e-01
2.171162324649298370e+00 3.079397325808257424e-01
2.175130260521041858e+00 3.070383241753946169e-01
2.179098196392785347e+00 3.060686390091156284e-01
2.183066132264528836e+00 3.051286287668952268e-01
2.187034068136272325e+00 3.041159546117152557e-01
2.191002004008015813e+00 3.031482208387435984e-01
2.194969939879759302e+00 3.022222813857269874e-01
2.198937875751502791e+00 3.012915627911263439e-01
2.202905811623246279e+00 3.006372196819321330e-01
2.206873747494989768e+00 2.999965824794707525e-01
2.210841683366733257e+00 2.991551711136311020e-01
2.214809619238476746e+00 2.982379203986387783e-01
2.218777555110220234e+00 2.974299695349942319e-01
2.222745490981963723e+00 2.966488871941578287e-01
2.226713426853707212e+00 2.959054894779440392e-01
2.230681362725450700e+00 2.951397602547695675e-01
2.234649298597194189e+00 2.943567785225258415e-01
2.238617234468937678e+00 2.938008474913718082e-01
2.242585170340681167e+00 2.929843422600349467e-01
2.246553106212424655e+00 2.920034176786758806e-01
2.250521042084168144e+00 2.910208053697930231e-01
2.254488977955911633e+00 2.900961506724109018e-01
2.258456913827655121e+00 2.891525539519597676e-01
2.262424849699398610e+00 2.882464439966739289e-01
2.266392785571142099e+00 2.875255062536385964e-01
2.270360721442885588e+00 2.870060993006108285e-01
2.274328657314629076e+00 2.863126940269253295e-01
2.278296593186372565e+00 2.856268827320076475e-01
2.282264529058116054e+00 2.850045911052450642e-01
2.286232464929859542e+00 2.844601956654153607e-01
2.290200400801603031e+00 2.839463432331509329e-01
2.294168336673346520e+00 2.832870035232613048e-01
2.298136272545090009e+00 2.826244399219041137e-01
2.302104208416833497e+00 2.818665733421015784e-01
2.306072144288576986e+00 2.812471076105894086e-01
2.310040080160320475e+00 2.807322368347660579e-01
2.314008016032063964e+00 2.799131254193108487e-01
2.317975951903807452e+00 2.791629495354951418e-01
2.321943887775550941e+00 2.783385199542315891e-01
2.325911823647294430e+00 2.774761288048629981e-01
2.329879759519037918e+00 2.766113231331135403e-01
2.333847695390781407e+00 2.758213986629876047e-01
2.337815631262524896e+00 2.752709197935843122e-01
2.341783567134268385e+00 2.746408635046190816e-01
2.345751503006011873e+00 2.738992308379767926e-01
2.349719438877755362e+00 2.731172291621920545e-01
2.353687374749498851e+00 2.724427707596858150e-01
2.357655310621242339e+00 2.717403595250674764e-01
2.361623246492985828e+00 2.710276979285080601e-01
2.365591182364729317e+00 2.702926859796235259e-01
2.369559118236472806e+00 2.695489024837409153e-01
2.373527054108216294e+00 2.687884151570361091e-01
2.377494989979959783e+00 2.682326817986348533e-01
2.381462925851703272e+00 2.676187265337028887e-01
2.385430861723446760e+00 2.669003065367469563e-01
2.389398797595190249e+00 2.661670105364499772e-01
2.393366733466933738e+00 2.655147646760892544e-01
2.397334669338677227e+00 2.648389989592522253e-01
2.401302605210420715e+00 2.641509582022803504e-01
2.405270541082164204e+00 2.633610649802172188e-01
2.409238476953907693e+00 2.625831207203600526e-01
2.413206412825651181e+00 2.618429991105469812e-01
2.417174348697394670e+00 2.612073118737603949e-01
2.421142284569138159e+00 2.606261293850526406e-01
2.425110220440881648e+00 2.599451277053267950e-01
2.429078156312625136e+00 2.593531095202986081e-01
2.433046092184368625e+00 2.587670583666319968e-01
2.437014028056112114e+00 2.582091028022954760e-01
2.440981963927855602e+00 2.576592721020095067e-01
2.444949899799599091e+00 2.571389863692724043e-01
2.448917835671342580e+00 2.565617109082297120e-01
2.452885771543086069e+00 2.559742849263266229e-01
2.456853707414829557e+00 2.554260886840141742e-01
2.460821643286573046e+00 2.548369600856155714e-01
2.464789579158316535e+00 2.541535765640393629e-01
2.468757515030060024e+00 2.534208011527716575e-01
2.472725450901803512e+00 2.528032965068924831e-01
2.476693386773547001e+00 2.521627309959830199e-01
2.480661322645290490e+00 2.515479200042023966e-01
2.484629258517033978e+00 2.511315955145281831e-01
2.488597194388777467e+00 2.504791049490670551e-01
2.492565130260520956e+00 2.497180696257547960e-01
2.496533066132264445e+00 2.489684805392910760e-01
2.500501002004007933e+00 2.481969502434795971e-01
2.504468937875751422e+00 2.473921548366311562e-01
2.508436873747494911e+00 2.465612367149998263e-01
2.512404809619238399e+00 2.457726784577224655e-01
2.516372745490981888e+00 2.450104047688149156e-01
2.520340681362725377e+00 2.442193401130443031e-01
2.524308617234468866e+00 2.434624960534844396e-01
2.528276553106212354e+00 2.426824926043957831e-01
2.532244488977955843e+00 2.419265062751297657e-01
2.536212424849699332e+00 2.413300565016051613e-01
2.540180360721442820e+00 2.408235525057842719e-01
2.544148296593186309e+00 2.400661173930290493e-01
2.548116232464929798e+00 2.393120921472959850e-01
2.552084168336673287e+00 2.385521603485724340e-01
2.556052104208416775e+00 2.378303876744949086e-01
2.560020040080160264e+00 2.370601357827216149e-01
2.563987975951903753e+00 2.363051170091044206e-01
2.567955911823647241e+00 2.355552353836297685e-01
2.571923847695390730e+00 2.349388835691920419e-01
2.575891783567134219e+00 2.343308788401851916e-01
2.579859719438877708e+00 2.335872089978358324e-01
2.583827655310621196e+00 2.328702087302643720e-01
2.587795591182364685e+00 2.321564617808044573e-01
2.591763527054108174e+00 2.314550884706384759e-01
2.595731462925851663e+00 2.307601268908813508e-01
2.599699398797595151e+00 2.300407675612643754e-01
2.603667334669338640e+00 2.293467949224280433e-01
2.607635270541082129e+00 2.286479291821724991e-01
2.611603206412825617e+00 2.279705025478784841e-01
2.615571142284569106e+00 2.272952355972141791e-01
2.619539078156312595e+00 2.266221698677334806e-01
2.623507014028056084e+00 2.259578502133296196e-01
2.627474949899799572e+00 2.253316880061576599e-01
2.631442885771543061e+00 2.246070345754291597e-01
2.635410821643286550e+00 2.237789966369200523e-01
2.639378757515030038e+00 2.231076386923801502e-01
2.643346693386773527e+00 2.224449269138633334e-01
2.647314629258517016e+00 2.219244766271184777e-01
2.651282565130260505e+00 2.213984057907525393e-01
2.655250501002003993e+00 2.207178517746582191e-01
2.659218436873747482e+00 2.200611369477719625e-01
2.663186372745490971e+00 2.193464471662404380e-01
2.667154308617234459e+00 2.186522228085716613e-01
2.671122244488977948e+00 2.179528129597084474e-01
2.675090180360721437e+00 2.172979127881691785e-01
2.679058116232464926e+00 2.166080274485075174e-01
2.683026052104208414e+00 2.158117285208976110e-01
2.686993987975951903e+00 2.150874512097555313e-01
2.690961923847695392e+00 2.143802295105472211e-01
2.694929859719438880e+00 2.136816595122928153e-01
2.698897795591182369e+00 2.129434128823533834e-01
2.702865731462925858e+00 2.121370322218502635e-01
2.706833667334669347e+00 2.114027232560216629e-01
2.710801603206412835e+00 2.107887370212530032e-01
2.714769539078156324e+00 2.100715995499985445e-01
2.718737474949899813e+00 2.093979427245654945e-01
2.722705410821643301e+00 2.085678145323991706e-01
2.726673346693386790e+00 2.077968508941160086e-01
2.730641282565130279e+00 2.071001479126126366e-01
2.734609218436873768e+00 2.062276057116595729e-01
2.738577154308617256e+00 2.055706247498188255e-01
2.742545090180360745e+00 2.047874310725628089e-01
2.746513026052104234e+00 2.038880377526988974e-01
2.750480961923847723e+00 2.030355235396574809e-01
2.754448897795591211e+00 2.022872963439122929e-01
2.758416833667334700e+00 2.013943010436929915e-01
2.762384769539078189e+00 2.004591657104639046e-01
2.766352705410821677e+00 1.996260766116542129e-01
2.770320641282565166e+00 1.988690410842853529e-01
2.774288577154308655e+00 1.979038813951439491e-01
2.778256513026052144e+00 1.968844952856322605e-01
2.782224448897795632e+00 1.959386252574502607e-01
2.786192384769539121e+00 1.949709431332791731e-01
2.790160320641282610e+00 1.940454834246691240e-01
2.794128256513026098e+00 1.931928719692800334e-01
2.798096192384769587e+00 1.922094909583333677e-01
2.802064128256513076e+00 1.911447022912335370e-01
2.806032064128256565e+00 1.900347446132149287e-01
2.810000000000000053e+00 1.889529901570535519e-01
