1.300000000000000044e+00 2.914161515737912194e-03
1.300420841683366691e+00 3.168948295546043358e-03
1.300841683366733559e+00 3.423638507511254925e-03
1.301262525050100205e+00 3.715424893102861788e-03
1.301683366733467073e+00 4.029574419807622869e-03
1.302104208416833719e+00 4.360020936176231196e-03
1.302525050100200366e+00 4.740126103126717991e-03
1.302945891783567234e+00 5.120017440427958137e-03
1.303366733466933880e+00 5.559323296362128110e-03
1.303787575150300748e+00 6.007248569469266636e-03
1.304208416833667394e+00 6.489742613034124065e-03
1.304629258517034041e+00 7.007459919249789740e-03
1.305050100200400909e+00 7.532709384205338830e-03
1.305470941883767555e+00 8.115036985104550835e-03
1.305891783567134201e+00 8.697143895168436833e-03
1.306312625250501069e+00 9.332343070114375999e-03
1.306733466933867716e+00 9.985749590421030136e-03
1.307154308617234584e+00 1.064725748358322233e-02
1.307575150300601230e+00 1.132293977127421178e-02
1.307995991983967876e+00 1.199836284186412555e-02
1.308416833667334744e+00 1.272926626623662252e-02
1.308837675350701391e+00 1.346030475886397966e-02
1.309258517034068259e+00 1.421597915246686043e-02
1.309679358717434905e+00 1.498712071416241111e-02
1.310100200400801551e+00 1.577276917612250098e-02
1.310521042084168419e+00 1.660530681049946986e-02
1.310941883767535066e+00 1.743749455133517326e-02
1.311362725450901934e+00 1.832841190093783060e-02
1.311783567134268580e+00 1.922828616789307166e-02
1.312204408817635226e+00 2.018128672050358008e-02
1.312625250501002094e+00 2.119074279029729141e-02
1.313046092184368741e+00 2.221386470917995418e-02
1.313466933867735609e+00 2.335032771718966588e-02
1.313887775551102255e+00 2.448631153419614931e-02
1.314308617234468901e+00 2.573937685630848030e-02
1.314729458917835769e+00 2.703445425665639695e-02
1.315150300601202416e+00 2.841791451370404703e-02
1.315571142284569284e+00 2.996127488959600405e-02
1.315991983967935930e+00 3.150398337029419737e-02
1.316412825651302576e+00 3.332235729383621614e-02
1.316833667334669444e+00 3.514564975413349973e-02
1.317254509018036090e+00 3.717700417065129825e-02
1.317675350701402959e+00 3.934352445892935063e-02
1.318096192384769605e+00 4.160144638141891754e-02
1.318517034068136251e+00 4.417142684614808884e-02
1.318937875751503119e+00 4.674031919001525592e-02
1.319358717434869765e+00 4.968315482907915276e-02
1.319779559118236412e+00 5.268992985667703133e-02
1.320200400801603280e+00 5.595039046452901510e-02
1.320621242484969926e+00 5.948974009623272940e-02
1.321042084168336794e+00 6.308860622985722200e-02
1.321462925851703440e+00 6.723652070471489162e-02
1.321883767535070087e+00 7.138184628010889321e-02
1.322304609218436955e+00 7.609243290944683880e-02
1.322725450901803601e+00 8.101753192726565689e-02
1.323146292585170469e+00 8.627409679731308512e-02
1.323567134268537115e+00 9.215439990302377871e-02
1.323987975951903762e+00 9.803261295199179604e-02
1.324408817635270630e+00 1.048355332009339030e-01
1.324829659318637276e+00 1.116617575452566319e-01
1.325250501002004144e+00 1.191975249310061047e-01
1.325671342685370790e+00 1.272152116596142191e-01
1.326092184368737437e+00 1.354638554813574480e-01
1.326513026052104305e+00 1.445449470329344399e-01
1.326933867735470951e+00 1.536227975594330331e-01
1.327354709418837819e+00 1.639657920016600323e-01
1.327775551102204465e+00 1.745417333761289935e-01
1.328196392785571112e+00 1.857881492107498755e-01
1.328617234468937980e+00 1.977990189669895371e-01
1.329038076152304626e+00 2.099236256786822519e-01
1.329458917835671272e+00 2.232605058733136694e-01
1.329879759519038140e+00 2.365914442143410568e-01
1.330300601202404787e+00 2.506758589120304248e-01
1.330721442885771655e+00 2.650591744893976975e-01
1.331142284569138301e+00 2.796697077874251147e-01
1.331563126252504947e+00 2.947291436920277397e-01
1.331983967935871815e+00 3.097821611004988873e-01
1.332404809619238462e+00 3.253433616709507370e-01
1.332825651302605330e+00 3.409155404333411576e-01
1.333246492985971976e+00 3.564087971419993006e-01
1.333667334669338622e+00 3.718467666790112314e-01
1.334088176352705490e+00 3.872020546873948810e-01
1.334509018036072137e+00 4.022587695684998743e-01
1.334929859719439005e+00 4.173090319396379755e-01
1.335350701402805651e+00 4.311836503191256442e-01
1.335771543086172297e+00 4.448183684223149248e-01
1.336192384769539165e+00 4.576205906385670819e-01
1.336613226452905812e+00 4.694362560805659945e-01
1.337034068136272680e+00 4.811258533148429217e-01
1.337454909819639326e+00 4.914359859650452855e-01
1.337875751503005972e+00 5.017416573544210001e-01
1.338296593186372840e+00 5.106971631810880430e-01
1.338717434869739487e+00 5.190847773796117837e-01
1.339138276553106355e+00 5.269099050114463001e-01
1.339559118236473001e+00 5.335900637673131053e-01
1.339979959919839647e+00 5.402673013757167686e-01
1.340400801603206515e+00 5.450835125592956576e-01
1.340821643286573162e+00 5.498042376471702353e-01
1.341242484969940030e+00 5.535519057262847653e-01
1.341663326653306676e+00 5.565835325918752075e-01
1.342084168336673322e+00 5.594511902504114564e-01
1.342505010020040190e+00 5.616669470785741192e-01
1.342925851703406837e+00 5.638817452390876284e-01
1.343346693386773483e+00 5.658046856100318323e-01
1.343767535070140351e+00 5.676648618593667095e-01
1.344188376753506997e+00 5.691204745814423260e-01
1.344609218436873865e+00 5.700763587119000997e-01
1.345030060120240512e+00 5.709966231274736792e-01
1.345450901803607158e+00 5.714614197877267987e-01
1.345871743486974026e+00 5.719259525521874776e-01
1.346292585170340672e+00 5.720701504470787624e-01
1.346713426853707540e+00 5.720740073109954471e-01
1.347134268537074187e+00 5.721384888924285761e-01
1.347555110220440833e+00 5.723325924912741058e-01
1.347975951903807701e+00 5.725265396878767010e-01
1.348396793587174347e+00 5.724230216259356130e-01
1.348817635270541215e+00 5.723014129699890429e-01
1.349238476953907861e+00 5.722038771154729364e-01
1.349659318637274508e+00 5.721247386050732908e-01
1.350080160320641376e+00 5.719352658929905964e-01
1.350501002004008022e+00 5.712768952802862454e-01
1.350921843687374890e+00 5.706186624665030571e-01
1.351342685370741536e+00 5.701373411037721217e-01
1.351763527054108183e+00 5.696964956077691378e-01
1.352184368737475051e+00 5.693345074289014596e-01
1.352605210420841697e+00 5.690735965920348249e-01
1.353026052104208343e+00 5.687966715959866804e-01
1.353446893787575211e+00 5.682758676257011476e-01
1.353867735470941858e+00 5.677551289001389057e-01
1.354288577154308726e+00 5.674147480551490208e-01
1.354709418837675372e+00 5.671571276739640899e-01
1.355130260521042018e+00 5.667650838134553615e-01
1.355551102204408886e+00 5.660731936495910777e-01
1.355971943887775533e+00 5.653815103820853949e-01
1.356392785571142401e+00 5.650030505644660916e-01
1.356813627254509047e+00 5.646471099652169423e-01
1.357234468937875693e+00 5.645176413877258659e-01
1.357655310621242561e+00 5.645682628265503711e-01
1.358076152304609208e+00 5.646687673013027764e-01
1.358496993987976076e+00 5.649953641286085126e-01
1.358917835671342722e+00 5.653217445840420519e-01
1.359338677354709368e+00 5.656091032511847416e-01
1.359759519038076236e+00 5.658868542106985089e-01
1.360180360721442883e+00 5.659830859487279264e-01
1.360601202404809751e+00 5.658374522018014829e-01
1.361022044088176397e+00 5.657073634831943920e-01
1.361442885771543043e+00 5.658594020707095051e-01
1.361863727454909911e+00 5.660113180201394867e-01
1.362284569138276558e+00 5.663974833787549512e-01
1.362705410821643426e+00 5.668955666297182949e-01
1.363126252505010072e+00 5.673483188047989678e-01
1.363547094188376718e+00 5.676957778829692103e-01
1.363967935871743586e+00 5.680430091242990587e-01
1.364388777555110233e+00 5.680675520233264830e-01
1.364809619238477101e+00 5.680653618832492979e-01
1.365230460921843747e+00 5.679954262501474282e-01
1.365651302605210393e+00 5.678695483241102959e-01
1.366072144288577261e+00 5.676879194144306418e-01
1.366492985971943908e+00 5.672367623996122932e-01
1.366913827655310554e+00 5.667857035166832258e-01
1.367334669338677422e+00 5.660251990100801933e-01
1.367755511022044068e+00 5.651851317510905304e-01
1.368176352705410936e+00 5.645041831027323154e-01
1.368597194388777583e+00 5.640437399659520290e-01
1.369018036072144229e+00 5.635817992344290817e-01
1.369438877755511097e+00 5.630823173023953299e-01
1.369859719438877743e+00 5.625829698501484399e-01
1.370280561122244611e+00 5.618140735327210589e-01
1.370701402805611258e+00 5.609103617544082265e-01
1.371122244488977904e+00 5.598683035114059292e-01
1.371543086172344772e+00 5.584881005491062478e-01
1.371963927855711418e+00 5.571086505076744411e-01
1.372384769539078286e+00 5.562464351114555505e-01
1.372805611222444933e+00 5.554328532348523639e-01
1.373226452905811579e+00 5.546055982333011336e-01
1.373647294589178447e+00 5.537666325558306957e-01
1.374068136272545093e+00 5.529227556001676813e-01
1.374488977955911739e+00 5.520525620101279785e-01
1.374909819639278608e+00 5.511826092030844837e-01
1.375330661322645254e+00 5.503674210846114523e-01
1.375751503006012122e+00 5.495674811081447952e-01
1.376172344689378768e+00 5.486325419313794471e-01
1.376593186372745414e+00 5.475026436175806088e-01
1.377014028056112283e+00 5.463724237743884382e-01
1.377434869739478929e+00 5.452232915517606360e-01
1.377855711422845797e+00 5.440744910940471524e-01
1.378276553106212443e+00 5.431374669508238773e-01
1.378697394789579089e+00 5.423111413584613683e-01
1.379118236472945958e+00 5.415259871905120370e-01
1.379539078156312604e+00 5.408455870491807316e-01
1.379959919839679472e+00 5.401654079200787217e-01
1.380380761523046118e+00 5.395710663699155862e-01
1.380801603206412764e+00 5.389858183129530023e-01
1.381222444889779633e+00 5.380966875555230899e-01
1.381643286573146279e+00 5.369366545777627397e-01
1.382064128256513147e+00 5.358514442501111086e-01
1.382484969939879793e+00 5.351804902799843777e-01
1.382905811623246439e+00 5.345097777002748574e-01
1.383326653306613307e+00 5.337672329713333275e-01
1.383747494989979954e+00 5.330041175529215414e-01
1.384168336673346822e+00 5.323709609043263402e-01
1.384589178356713468e+00 5.319326147197952492e-01
1.385010020040080114e+00 5.314953217252361695e-01
1.385430861723446982e+00 5.310999175018978891e-01
1.385851703406813629e+00 5.307046418891597783e-01
1.386272545090180497e+00 5.301032450842148025e-01
1.386693386773547143e+00 5.293897238551317219e-01
1.387114228456913789e+00 5.287599599487879942e-01
1.387535070140280657e+00 5.283549445678236145e-01
1.387955911823647304e+00 5.279499912015186425e-01
1.388376753507014172e+00 5.276632701749146559e-01
1.388797595190380818e+00 5.273904303982518416e-01
1.389218436873747464e+00 5.274645960964503555e-01
1.389639278557114332e+00 5.278603243280686197e-01
1.390060120240480979e+00 5.281860759230617708e-01
1.390480961923847625e+00 5.280919746746287613e-01
1.390901803607214493e+00 5.279978356398237205e-01
1.391322645290581139e+00 5.280373961973058305e-01
1.391743486973948007e+00 5.281175976618249779e-01
1.392164328657314654e+00 5.280789280555511223e-01
1.392585170340681300e+00 5.278548937144028619e-01
1.393006012024048168e+00 5.276264403098901434e-01
1.393426853707414814e+00 5.270855728184493660e-01
1.393847695390781682e+00 5.265448400243607496e-01
1.394268537074148329e+00 5.262977477199325405e-01
1.394689378757514975e+00 5.262172159796765225e-01
1.395110220440881843e+00 5.262465330483856452e-01
1.395531062124248489e+00 5.265853418323626078e-01
1.395951903807615357e+00 5.269240345430881156e-01
1.396372745490982004e+00 5.265900736246027503e-01
1.396793587174348650e+00 5.261693951698845906e-01
1.397214428857715518e+00 5.256442556961691270e-01
1.397635270541082164e+00 5.250184950604659395e-01
1.398056112224448810e+00 5.244512091566720935e-01
1.398476953907815679e+00 5.242630041414136910e-01
1.398897795591182325e+00 5.240748028948984949e-01
1.399318637274549193e+00 5.238825515864138360e-01
1.399739478957915839e+00 5.236890158769377246e-01
1.400160320641282485e+00 5.234037963251573222e-01
1.400581162324649354e+00 5.229694863695734108e-01
1.401002004008016000e+00 5.225387534615237861e-01
1.401422845691382868e+00 5.228433309614745061e-01
1.401843687374749514e+00 5.231476101996279660e-01
1.402264529058116160e+00 5.235846550103792074e-01
1.402685370741483029e+00 5.241001122828388148e-01
1.403106212424849675e+00 5.244241620778089530e-01
1.403527054108216543e+00 5.241809839199363941e-01
1.403947895791583189e+00 5.239378173802998750e-01
1.404368737474949835e+00 5.241261486302322137e-01
1.404789579158316704e+00 5.243753160268990188e-01
1.405210420841683350e+00 5.245984533118414062e-01
1.405631262525050218e+00 5.247956276003978848e-01
1.406052104208416864e+00 5.249999197568192555e-01
1.406472945891783510e+00 5.252553280436471628e-01
1.406893787575150379e+00 5.255105257208353420e-01
1.407314629258517025e+00 5.260207098744078547e-01
1.407735470941883893e+00 5.266168335539220813e-01
1.408156312625250539e+00 5.273303472695817229e-01
1.408577154308617185e+00 5.282424662587320574e-01
1.408997995991984054e+00 5.291539858706901800e-01
1.409418837675350700e+00 5.298103419784032653e-01
1.409839679358717568e+00 5.304651630449048749e-01
1.410260521042084214e+00 5.310186425552579914e-01
1.410681362725450860e+00 5.315095802034131012e-01
1.411102204408817729e+00 5.321145020499644662e-01
1.411523046092184375e+00 5.330755147885581913e-01
1.411943887775551243e+00 5.340361373466696593e-01
1.412364729458917889e+00 5.347153912084965377e-01
1.412785571142284535e+00 5.353511245980974165e-01
1.413206412825651404e+00 5.358406659666249405e-01
1.413627254509018050e+00 5.361782104760968171e-01
1.414048096192384696e+00 5.365690266964362465e-01
1.414468937875751564e+00 5.373746872440530176e-01
1.414889779559118210e+00 5.381800090778027235e-01
1.415310621242485078e+00 5.389806412478036490e-01
1.415731462925851725e+00 5.397792538631850379e-01
1.416152304609218371e+00 5.406225269119460108e-01
1.416573146292585239e+00 5.415451067425948173e-01
1.416993987975951885e+00 5.424673887247847270e-01
1.417414829659318753e+00 5.427986879124506725e-01
1.417835671342685400e+00 5.431211001718149189e-01
1.418256513026052046e+00 5.434302781617323941e-01
1.418677354709418914e+00 5.437310002877724369e-01
1.419098196392785560e+00 5.440641759594531113e-01
1.419519038076152428e+00 5.445041561378698436e-01
1.419939879759519075e+00 5.449438275441231827e-01
1.420360721442885721e+00 5.454688231395451448e-01
1.420781563126252589e+00 5.460078607763158010e-01
1.421202404809619235e+00 5.463768308262200168e-01
1.421623246492985881e+00 5.465623393987879552e-01
1.422044088176352750e+00 5.467776553546461749e-01
1.422464929859719396e+00 5.472490178139121086e-01
1.422885771543086264e+00 5.477201751691499476e-01
1.423306613226452910e+00 5.476864518177827490e-01
1.423727454909819556e+00 5.474645173942158660e-01
1.424148296593186425e+00 5.473513666975944325e-01
1.424569138276553071e+00 5.474380788414097143e-01
1.424989979959919939e+00 5.475247075035373223e-01
1.425410821643286585e+00 5.477173630593424880e-01
1.425831663326653231e+00 5.479125180769816028e-01
1.426252505010020100e+00 5.479322481287668412e-01
1.426673346693386746e+00 5.478348878139673861e-01
1.427094188376753614e+00 5.477089809277772003e-01
1.427515030060120260e+00 5.474841343831128304e-01
1.427935871743486906e+00 5.472593283136645281e-01
1.428356713426853775e+00 5.468729014557223156e-01
1.428777555110220421e+00 5.464575003693662447e-01
1.429198396793587289e+00 5.461842004906042325e-01
1.429619238476953935e+00 5.460701903421409931e-01
1.430040080160320581e+00 5.459411152337521056e-01
1.430460921843687450e+00 5.456685243796167706e-01
1.430881763527054096e+00 5.453959628423690198e-01
1.431302605210420964e+00 5.448714320789964649e-01
1.431723446893787610e+00 5.442486126597544382e-01
1.432144288577154256e+00 5.435096643922061599e-01
1.432565130260521125e+00 5.425479566208342153e-01
1.432985971943887771e+00 5.415865759221910603e-01
1.433406813627254639e+00 5.405602935620127392e-01
1.433827655310621285e+00 5.395320005211704517e-01
1.434248496993987931e+00 5.388734081136093979e-01
1.434669338677354800e+00 5.384712308223285060e-01
1.435090180360721446e+00 5.380249590642894875e-01
1.435511022044088314e+00 5.374164386720889919e-01
1.435931863727454960e+00 5.368080100588256132e-01
1.436352705410821606e+00 5.362439393109370567e-01
1.436773547094188475e+00 5.356886033587595630e-01
1.437194388777555121e+00 5.352120455698250456e-01
1.437615230460921989e+00 5.348271779770190637e-01
1.438036072144288635e+00 5.344366431979621357e-01
1.438456913827655281e+00 5.339853404991511399e-01
1.438877755511022150e+00 5.335341905799356743e-01
1.439298597194388796e+00 5.331440662505958494e-01
1.439719438877755442e+00 5.327789391821056153e-01
1.440140280561122310e+00 5.325117220363170256e-01
1.440561122244488956e+00 5.324403496320572193e-01
1.440981963927855825e+00 5.323689398304567444e-01
1.441402805611222471e+00 5.324119855462624562e-01
1.441823647294589117e+00 5.324600960423827578e-01
1.442244488977955985e+00 5.325656791859991745e-01
1.442665330661322631e+00 5.327126718927055471e-01
1.443086172344689277e+00 5.329099674685655597e-01
1.443507014028056146e+00 5.333031726172587916e-01
1.443927855711422792e+00 5.336961575255915191e-01
1.444348697394789660e+00 5.340366509367094894e-01
1.444769539078156306e+00 5.343661467495066653e-01
1.445190380761522952e+00 5.346277032108994742e-01
1.445611222444889821e+00 5.348070504091877453e-01
1.446032064128256467e+00 5.349975833150540927e-01
1.446452905811623335e+00 5.353253740825508755e-01
1.446873747494989981e+00 5.356530721823199448e-01
1.447294589178356627e+00 5.361836725340802801e-01
1.447715430861723496e+00 5.368009331781712357e-01
1.448136272545090142e+00 5.373995339247664704e-01
1.448557114228457010e+00 5.379596637977192009e-01
1.448977955911823656e+00 5.385194994642953370e-01
1.449398797595190302e+00 5.392049546418445916e-01
1.449819639278557171e+00 5.398971780558061706e-01
1.450240480961923817e+00 5.402253498814391097e-01
1.450661322645290685e+00 5.402803867580423525e-01
1.451082164328657331e+00 5.403464049532917812e-01
1.451503006012023977e+00 5.404580344019082050e-01
1.451923847695390846e+00 5.405695966940531338e-01
1.452344689378757492e+00 5.413744058268653569e-01
1.452765531062124360e+00 5.423320888992154698e-01
1.453186372745491006e+00 5.431597511806808276e-01
1.453607214428857652e+00 5.438238722834000116e-01
1.454028056112224521e+00 5.444712803774526266e-01
1.454448897795591167e+00 5.448892851869844289e-01
1.454869739478958035e+00 5.453070745839221356e-01
1.455290581162324681e+00 5.456391505287734311e-01
1.455711422845691327e+00 5.459326950061218486e-01
1.456132264529058196e+00 5.462810738804387833e-01
1.456553106212424842e+00 5.467493928960474037e-01
1.456973947895791710e+00 5.472175502836340577e-01
1.457394789579158356e+00 5.475712536743893022e-01
1.457815631262525002e+00 5.479172061669136395e-01
1.458236472945891871e+00 5.482279965056910953e-01
1.458657314629258517e+00 5.485113457834182027e-01
1.459078156312625385e+00 5.487990378304075101e-01
1.459498997995992031e+00 5.491062683997275373e-01
1.459919839679358677e+00 5.494133791299679048e-01
1.460340681362725546e+00 5.491599842059357028e-01
1.460761523046092192e+00 5.487747562406208868e-01
1.461182364729459060e+00 5.484752568614694734e-01
1.461603206412825706e+00 5.482877238339904924e-01
1.462024048096192352e+00 5.480869112582960057e-01
1.462444889779559221e+00 5.476649850512759210e-01
1.462865731462925867e+00 5.472431370748735979e-01
1.463286573146292513e+00 5.467316950278069410e-01
1.463707414829659381e+00 5.461783928624407425e-01
1.464128256513026027e+00 5.454495386000919321e-01
1.464549098196392896e+00 5.443201236388041098e-01
1.464969939879759542e+00 5.431910858416860721e-01
1.465390781563126188e+00 5.419265632388692300e-01
1.465811623246493056e+00 5.406518984698049923e-01
1.466232464929859702e+00 5.393279320834785118e-01
1.466653306613226349e+00 5.379642681580322217e-01
1.467074148296593217e+00 5.364949585053357950e-01
1.467494989979959863e+00 5.345296678517832412e-01
1.467915831663326731e+00 5.325652314691280420e-01
1.468336673346693377e+00 5.301729528784687728e-01
1.468757515030060024e+00 5.276740969974326179e-01
1.469178356713426892e+00 5.247593099256600002e-01
1.469599198396793538e+00 5.212789140255134068e-01
1.470020040080160406e+00 5.177507714037921094e-01
1.470440881763527052e+00 5.132362970375067279e-01
1.470861723446893699e+00 5.087227430958078944e-01
1.471282565130260567e+00 5.032617836827838476e-01
1.471703406813627213e+00 4.973375835230584574e-01
1.472124248496994081e+00 4.911412682006577324e-01
1.472545090180360727e+00 4.842936717046268380e-01
1.472965931863727373e+00 4.774487879423550685e-01
1.473386773547094242e+00 4.691781083571009980e-01
1.473807615230460888e+00 4.607847156704897862e-01
1.474228456913827756e+00 4.514103827322106244e-01
1.474649298597194402e+00 4.412090259094604838e-01
1.475070140280561048e+00 4.307711780761788178e-01
1.475490981963927917e+00 4.191477614101851712e-01
1.475911823647294563e+00 4.075289906279379037e-01
1.476332665330661431e+00 3.949506428371681310e-01
1.476753507014028077e+00 3.821215461376948341e-01
1.477174348697394723e+00 3.690424528720940844e-01
1.477595190380761592e+00 3.556044271298450798e-01
1.478016032064128238e+00 3.421467083408543108e-01
1.478436873747495106e+00 3.281838673874393209e-01
1.478857715430861752e+00 3.142266308692536758e-01
1.479278557114228398e+00 3.004061777257779342e-01
1.479699398797595267e+00 2.866571126956642956e-01
1.480120240480961913e+00 2.728911165683010065e-01
1.480541082164328781e+00 2.590778217642376591e-01
1.480961923847695427e+00 2.452703332129782809e-01
1.481382765531062073e+00 2.321369557701153385e-01
1.481803607214428942e+00 2.190721184275387645e-01
1.482224448897795588e+00 2.065569744134830299e-01
1.482645290581162456e+00 1.945260928854758153e-01
1.483066132264529102e+00 1.827211952894929325e-01
1.483486973947895748e+00 1.721061394111564891e-01
1.483907815631262617e+00 1.614944161485405150e-01
1.484328657314629263e+00 1.517821270474340178e-01
1.484749498997996131e+00 1.423227427600349815e-01
1.485170340681362777e+00 1.333306154921247433e-01
1.485591182364729423e+00 1.250266555242746658e-01
1.486012024048096292e+00 1.167587925494153467e-01
1.486432865731462938e+00 1.096382780133638019e-01
1.486853707414829584e+00 1.025207670902600621e-01
1.487274549098196452e+00 9.607802128912504291e-02
1.487695390781563098e+00 8.999528147064141115e-02
1.488116232464929967e+00 8.418866921553781746e-02
1.488537074148296613e+00 7.910211785147501506e-02
1.488957915831663259e+00 7.401625174709658417e-02
1.489378757515030127e+00 6.964631217992874046e-02
1.489799599198396773e+00 6.535777312615841106e-02
1.490220440881763420e+00 6.149053632282800580e-02
1.490641282565130288e+00 5.800606963581806524e-02
1.491062124248496934e+00 5.458393464394017958e-02
1.491482965931863802e+00 5.151605878599335026e-02
1.491903807615230448e+00 4.844927955762508981e-02
1.492324649298597095e+00 4.576943801410935514e-02
1.492745490981963963e+00 4.320440945884632816e-02
1.493166332665330609e+00 4.081936762098467564e-02
1.493587174348697477e+00 3.871020671019776566e-02
1.494008016032064123e+00 3.660840395511583134e-02
1.494428857715430770e+00 3.483407048500868075e-02
1.494849699398797638e+00 3.306037162806135105e-02
1.495270541082164284e+00 3.144509058099674570e-02
1.495691382765531152e+00 2.991814166405112191e-02
1.496112224448897798e+00 2.843826625902007993e-02
1.496533066132264445e+00 2.708677308329167713e-02
1.496953907815631313e+00 2.573552068667963807e-02
1.497374749498997959e+00 2.451623267951893656e-02
1.497795591182364827e+00 2.331355803351395362e-02
1.498216432865731473e+00 2.214521326448228022e-02
1.498637274549098120e+00 2.100930502682903794e-02
1.499058116232464988e+00 1.988817419100177841e-02
1.499478957915831634e+00 1.885724971335596065e-02
1.499899799599198502e+00 1.782669477818319553e-02
1.500320641282565148e+00 1.685123176678852280e-02
1.500741482965931795e+00 1.589297735332521194e-02
1.501162324649298663e+00 1.495241079653691386e-02
1.501583166332665309e+00 1.404003972269807048e-02
1.502004008016032177e+00 1.312856270049462572e-02
1.502424849699398823e+00 1.229619880341045225e-02
1.502845691382765470e+00 1.146404716177936052e-02
1.503266533066132338e+00 1.068416697633987715e-02
1.503687374749498984e+00 9.934627898468389659e-03
1.504108216432865852e+00 9.210634916347543513e-03
1.504529058116232498e+00 8.560126392665347653e-03
1.504949899799599145e+00 7.909784019777306094e-03
1.505370741482966013e+00 7.354317638858901517e-03
1.505791583166332659e+00 6.811733354393495823e-03
1.506212424849699527e+00 6.315982383653489553e-03
1.506633266533066173e+00 5.866166815905942550e-03
1.507054108216432819e+00 5.426687532034736063e-03
1.507474949899799688e+00 5.057232586273222724e-03
1.507895791583166334e+00 4.687872101267100654e-03
1.508316633266533202e+00 4.370884825715140587e-03
1.508737474949899848e+00 4.071185648219839519e-03
1.509158316633266494e+00 3.792426634546034424e-03
1.509579158316633363e+00 3.548334730158190630e-03
1.510000000000000009e+00 3.304279659219970956e-03
