6.300000000000000044e-01 9.591986121999702963e-02
6.312625250501001650e-01 9.854781451644727130e-02
6.325250501002004366e-01 1.012351448336977489e-01
6.337875751503005972e-01 1.039969512513733430e-01
6.350501002004007578e-01 1.067186341278822809e-01
6.363126252505010294e-01 1.095219496028975448e-01
6.375751503006011900e-01 1.124332917779439639e-01
6.388376753507014616e-01 1.153377555492743900e-01
6.401002004008016222e-01 1.182652314322694131e-01
6.413627254509017828e-01 1.212453259351867069e-01
6.426252505010020544e-01 1.242713565907625911e-01
6.438877755511022150e-01 1.273475419441401912e-01
6.451503006012023755e-01 1.305109824954122921e-01
6.464128256513026471e-01 1.336532034979760197e-01
6.476753507014028077e-01 1.366929111701518373e-01
6.489378757515029683e-01 1.397266197648567021e-01
6.502004008016032399e-01 1.426943397116679779e-01
6.514629258517034005e-01 1.456029212984916166e-01
6.527254509018035611e-01 1.485028270170842546e-01
6.539879759519038327e-01 1.514009569356334906e-01
6.552505010020039933e-01 1.543261040137390572e-01
6.565130260521042649e-01 1.572257532518795409e-01
6.577755511022044255e-01 1.601313554555596208e-01
6.590380761523045861e-01 1.631509946529006716e-01
6.603006012024048577e-01 1.661654971417998172e-01
6.615631262525050182e-01 1.689968838910073101e-01
6.628256513026051788e-01 1.717702004474390698e-01
6.640881763527054504e-01 1.744495029903501970e-01
6.653507014028056110e-01 1.770803383639267259e-01
6.666132264529057716e-01 1.797817850674977846e-01
6.678757515030060432e-01 1.824684826905868529e-01
6.691382765531062038e-01 1.850677530098493451e-01
6.704008016032063644e-01 1.875874281420218115e-01
6.716633266533066360e-01 1.901041170359352717e-01
6.729258517034067966e-01 1.926769593261681568e-01
6.741883767535070682e-01 1.952608900975295603e-01
6.754509018036072288e-01 1.976943453088280955e-01
6.767134268537073893e-01 2.001356202367622628e-01
6.779759519038076609e-01 2.025360343410960440e-01
6.792384769539078215e-01 2.049494501585845674e-01
6.805010020040079821e-01 2.071941280182813816e-01
6.817635270541082537e-01 2.092145286507149093e-01
6.830260521042084143e-01 2.113360618241789113e-01
6.842885771543085749e-01 2.134480332523854551e-01
6.855511022044088465e-01 2.155291492371168849e-01
6.868136272545090071e-01 2.174735652665692742e-01
6.880761523046092787e-01 2.193718711296395729e-01
6.893386773547094393e-01 2.212774764145560846e-01
6.906012024048095999e-01 2.230583301325159973e-01
6.918637274549098715e-01 2.246270021272630257e-01
6.931262525050100320e-01 2.261808615880093465e-01
6.943887775551101926e-01 2.276253134732507954e-01
6.956513026052104642e-01 2.290439866574782157e-01
6.969138276553106248e-01 2.304162888154492606e-01
6.981763527054107854e-01 2.317627527961639011e-01
6.994388777555110570e-01 2.329977688622772158e-01
7.007014028056112176e-01 2.342925705442358009e-01
7.019639278557114892e-01 2.356248441655177661e-01
7.032264529058116498e-01 2.368840397952353127e-01
7.044889779559118104e-01 2.380601466371239650e-01
7.057515030060119710e-01 2.391772355292603458e-01
7.070140280561122426e-01 2.400946953973750742e-01
7.082765531062124031e-01 2.409988953833858971e-01
7.095390781563126747e-01 2.419447028530341826e-01
7.108016032064128353e-01 2.427154489481925248e-01
7.120641282565129959e-01 2.433768820489053686e-01
7.133266533066132675e-01 2.440834373275651004e-01
7.145891783567134281e-01 2.446898463883412922e-01
7.158517034068136997e-01 2.451568851073880062e-01
7.171142284569138603e-01 2.457165349005676902e-01
7.183767535070140209e-01 2.461713336663957641e-01
7.196392785571141815e-01 2.464785174670406365e-01
7.209018036072144531e-01 2.466905617537917539e-01
7.221643286573146137e-01 2.468033947703703601e-01
7.234268537074148853e-01 2.469198190473905208e-01
7.246893787575150458e-01 2.469948889956300742e-01
7.259519038076152064e-01 2.469678989477525066e-01
7.272144288577154780e-01 2.469128341548217920e-01
7.284769539078156386e-01 2.467536278775376291e-01
7.297394789579157992e-01 2.465439318729414631e-01
7.310020040080160708e-01 2.463387399526571764e-01
7.322645290581162314e-01 2.459948861997297287e-01
7.335270541082163920e-01 2.456085943987464659e-01
7.347895791583166636e-01 2.451770970712179587e-01
7.360521042084168242e-01 2.447426718473817153e-01
7.373146292585170958e-01 2.441899184343141738e-01
7.385771543086172564e-01 2.436250715700630232e-01
7.398396793587174169e-01 2.429983198548535672e-01
7.411022044088176886e-01 2.423111053787642410e-01
7.423647294589178491e-01 2.416042305402815171e-01
7.436272545090180097e-01 2.408402943121231710e-01
7.448897795591182813e-01 2.400219305702419592e-01
7.461523046092184419e-01 2.391575124934722796e-01
7.474148296593186025e-01 2.382837347102232106e-01
7.486773547094188741e-01 2.373779552485167088e-01
7.499398797595190347e-01 2.364755360034453968e-01
7.512024048096193063e-01 2.353786098697799312e-01
7.524649298597194669e-01 2.343059147282880728e-01
7.537274549098196275e-01 2.331954605268945491e-01
7.549899799599198991e-01 2.320700512702703888e-01
7.562525050100200597e-01 2.308704617778817858e-01
7.575150300601202202e-01 2.296604574291180312e-01
7.587775551102204918e-01 2.283434373844693555e-01
7.600400801603206524e-01 2.269395209455863094e-01
7.613026052104208130e-01 2.256198519188387097e-01
7.625651302605210846e-01 2.243715723689373442e-01
7.638276553106212452e-01 2.230204748400583803e-01
7.650901803607215168e-01 2.217009955374158459e-01
7.663527054108216774e-01 2.202684435515824546e-01
7.676152304609218380e-01 2.188417578051292667e-01
7.688777555110219986e-01 2.173885844501780851e-01
7.701402805611222702e-01 2.160223429846274412e-01
7.714028056112224307e-01 2.148263632460497563e-01
7.726653306613227024e-01 2.135391791351925472e-01
7.739278557114228629e-01 2.120767576057129566e-01
7.751903807615230235e-01 2.106784598521095897e-01
7.764529058116232951e-01 2.092796156932670293e-01
7.777154308617234557e-01 2.078423131702350490e-01
7.789779559118237273e-01 2.063513644804195468e-01
7.802404809619238879e-01 2.049115066405346186e-01
7.815030060120240485e-01 2.033770417249406159e-01
7.827655310621242091e-01 2.018841280810384220e-01
7.840280561122244807e-01 2.003566167963098665e-01
7.852905811623246413e-01 1.989778563839144088e-01
7.865531062124249129e-01 1.975242089145400337e-01
7.878156312625250735e-01 1.959583235617780306e-01
7.890781563126252340e-01 1.944161774333976189e-01
7.903406813627255056e-01 1.928927701792357563e-01
7.916032064128256662e-01 1.914629638716985327e-01
7.928657314629258268e-01 1.899681113163318447e-01
7.941282565130260984e-01 1.883927749549461073e-01
7.953907815631262590e-01 1.869996957105426738e-01
7.966533066132264196e-01 1.854984355930776319e-01
7.979158316633266912e-01 1.839328480770833218e-01
7.991783567134268518e-01 1.825322406830794109e-01
8.004408817635271234e-01 1.811158132316351976e-01
8.017034068136272840e-01 1.796694386885565320e-01
8.029659318637274446e-01 1.783161066835148856e-01
8.042284569138276051e-01 1.769762713116863062e-01
8.054909819639278767e-01 1.755475237589595450e-01
8.067535070140280373e-01 1.741754849577037967e-01
8.080160320641283089e-01 1.728471282016260380e-01
8.092785571142284695e-01 1.715002778098205782e-01
8.105410821643286301e-01 1.701160617708602774e-01
8.118036072144289017e-01 1.686496259889773974e-01
8.130661322645290623e-01 1.672678158493831058e-01
8.143286573146293339e-01 1.659073241515779673e-01
8.155911823647294945e-01 1.645657658207632379e-01
8.168537074148296551e-01 1.632184148855876649e-01
8.181162324649298156e-01 1.618547633752619175e-01
8.193787575150300873e-01 1.605196229580738432e-01
8.206412825651302478e-01 1.591162115233236973e-01
8.219038076152305194e-01 1.576653148512568159e-01
8.231663326653306800e-01 1.563488669164903866e-01
8.244288577154308406e-01 1.550424610258946401e-01
8.256913827655311122e-01 1.537244806628009497e-01
8.269539078156312728e-01 1.524250401081279904e-01
8.282164328657315444e-01 1.511470782636244736e-01
8.294789579158317050e-01 1.498683191060995457e-01
8.307414829659318656e-01 1.485595734194582462e-01
8.320040080160320262e-01 1.472501761514015406e-01
8.332665330661322978e-01 1.459769798838778943e-01
8.345290581162324584e-01 1.446967309099597421e-01
8.357915831663327300e-01 1.434173471909518660e-01
8.370541082164328905e-01 1.420530664028895329e-01
8.383166332665330511e-01 1.407463688818926806e-01
8.395791583166333227e-01 1.396112195903442266e-01
8.408416833667334833e-01 1.384062750491575622e-01
8.421042084168337549e-01 1.371911873615769550e-01
8.433667334669339155e-01 1.359935372522464991e-01
8.446292585170340761e-01 1.348027320312593924e-01
8.458917835671342367e-01 1.336313392280319423e-01
8.471543086172345083e-01 1.324771547447617659e-01
8.484168336673346689e-01 1.313513933159117797e-01
8.496793587174349405e-01 1.302194824990079713e-01
8.509418837675351011e-01 1.292002045615326944e-01
8.522044088176352616e-01 1.281839506254479344e-01
8.534669338677354222e-01 1.271149855988110977e-01
8.547294589178356938e-01 1.260616079927773525e-01
8.559919839679358544e-01 1.250143605877628572e-01
8.572545090180361260e-01 1.239720118995688430e-01
8.585170340681362866e-01 1.229468836558522821e-01
8.597795591182364472e-01 1.219286931447232658e-01
8.610420841683367188e-01 1.209789090811707463e-01
8.623046092184368794e-01 1.199977304012528473e-01
8.635671342685371510e-01 1.189645438737207545e-01
8.648296593186373116e-01 1.179378596630303866e-01
8.660921843687374722e-01 1.169000014709614121e-01
8.673547094188376327e-01 1.158767712866512478e-01
8.686172344689379043e-01 1.149047785250214698e-01
8.698797595190380649e-01 1.139653052638436165e-01
8.711422845691383365e-01 1.129720475026881749e-01
8.724048096192384971e-01 1.119755012031123376e-01
8.736673346693386577e-01 1.109831775586307828e-01
8.749298597194389293e-01 1.099872229553381375e-01
8.761923847695390899e-01 1.090476286680729379e-01
8.774549098196393615e-01 1.081600564958969807e-01
8.787174348697395221e-01 1.072377776697320123e-01
8.799799599198396827e-01 1.062849316912217179e-01
8.812424849699398433e-01 1.053951022434588131e-01
8.825050100200401149e-01 1.045438310403895565e-01
8.837675350701402754e-01 1.037296994733528654e-01
8.850300601202405471e-01 1.028767625640123057e-01
8.862925851703407076e-01 1.020182164239194500e-01
8.875551102204408682e-01 1.011556832769153619e-01
8.888176352705410288e-01 1.005028988344573299e-01
8.900801603206413004e-01 9.993070314871749238e-02
8.913426853707415720e-01 9.909166447232399533e-02
8.926052104208417326e-01 9.827883979380193369e-02
8.938677354709418932e-01 9.751897967254768984e-02
8.951302605210420538e-01 9.671082296494377950e-02
8.963927855711423254e-01 9.590324368388247755e-02
8.976553106212424860e-01 9.509915503403801318e-02
8.989178356713427576e-01 9.434700361627483545e-02
9.001803607214429181e-01 9.362429100780325641e-02
9.014428857715430787e-01 9.282987598535233364e-02
9.027054108216432393e-01 9.207814586204747520e-02
9.039679358717435109e-01 9.134007645587120805e-02
9.052304609218437825e-01 9.055950000075563278e-02
9.064929859719439431e-01 8.981784146173935057e-02
9.077555110220441037e-01 8.911965494607378135e-02
9.090180360721442643e-01 8.835733636498381560e-02
9.102805611222445359e-01 8.761097448611480931e-02
9.115430861723446965e-01 8.687440098668404442e-02
9.128056112224449681e-01 8.612313575151089862e-02
9.140681362725451287e-01 8.541123517577473012e-02
9.153306613226452892e-01 8.473164621242977590e-02
9.165931863727454498e-01 8.403979933633624888e-02
9.178557114228457214e-01 8.333502961329404546e-02
9.191182364729459930e-01 8.266963263890521330e-02
9.203807615230461536e-01 8.202215151784912617e-02
9.216432865731463142e-01 8.132736094176019892e-02
9.229058116232464748e-01 8.059251991311018604e-02
9.241683366733466354e-01 7.987707632550919423e-02
9.254308617234469070e-01 7.924872465961972645e-02
9.266933867735471786e-01 7.860693545398364512e-02
9.279559118236473392e-01 7.793385516060526153e-02
9.292184368737474998e-01 7.728421304998848995e-02
9.304809619238476603e-01 7.662362278625270418e-02
9.317434869739479320e-01 7.596144984568510561e-02
9.330060120240480925e-01 7.536249672249802078e-02
9.342685370741483641e-01 7.473887209025338596e-02
9.355310621242485247e-01 7.410028669880944219e-02
9.367935871743486853e-01 7.345510756263121110e-02
9.380561122244488459e-01 7.280693768380694375e-02
9.393186372745491175e-01 7.218669776992099607e-02
9.405811623246493891e-01 7.158057278059201667e-02
9.418436873747495497e-01 7.101296012342638020e-02
9.431062124248497103e-01 7.040147510018028576e-02
9.443687374749498709e-01 6.980253577319529834e-02
9.456312625250501425e-01 6.924466211905840052e-02
9.468937875751503030e-01 6.865392666674036137e-02
9.481563126252505747e-01 6.804868087532296717e-02
9.494188376753507352e-01 6.745925599740423828e-02
9.506813627254508958e-01 6.683853048380060391e-02
9.519438877755510564e-01 6.619624451876364446e-02
9.532064128256513280e-01 6.554915679126731287e-02
9.544689378757515996e-01 6.494853180110601865e-02
9.557314629258517602e-01 6.437591891029684210e-02
9.569939879759519208e-01 6.376572163119899328e-02
9.582565130260520814e-01 6.314791085562522499e-02
9.595190380761523530e-01 6.253515018606208009e-02
9.607815631262525136e-01 6.192172700238523370e-02
9.620440881763527852e-01 6.133644497333202994e-02
9.633066132264529458e-01 6.078041188259265121e-02
9.645691382765531063e-01 6.021908511881392950e-02
9.658316633266532669e-01 5.963486972198293878e-02
9.670941883767535385e-01 5.906183619267404983e-02
9.683567134268538101e-01 5.848430283303286681e-02
9.696192384769539707e-01 5.792301648063567093e-02
9.708817635270541313e-01 5.735679020025946651e-02
9.721442885771542919e-01 5.680440603091645169e-02
9.734068136272545635e-01 5.625320657033801991e-02
9.746693386773547241e-01 5.570506872440928597e-02
9.759318637274549957e-01 5.516391329200004412e-02
9.771943887775551563e-01 5.464838324029737404e-02
9.784569138276553169e-01 5.414331811085729834e-02
9.797194388777554774e-01 5.361327435808139336e-02
9.809819639278557490e-01 5.308288247736824006e-02
9.822444889779560206e-01 5.255535908457309446e-02
9.835070140280561812e-01 5.202618690050548472e-02
9.847695390781563418e-01 5.151200053595823836e-02
9.860320641282565024e-01 5.100140552753745088e-02
9.872945891783566630e-01 5.048465479118129789e-02
9.885571142284569346e-01 4.999614985848230969e-02
9.898196392785572062e-01 4.952940570878968524e-02
9.910821643286573668e-01 4.903918322744189179e-02
9.923446893787575274e-01 4.853592648596848774e-02
9.936072144288576879e-01 4.804991532034263990e-02
9.948697394789579596e-01 4.755599331427497883e-02
9.961322645290581201e-01 4.707490067210702567e-02
9.973947895791583917e-01 4.659437701014636918e-02
9.986573146292585523e-01 4.611587830303710139e-02
9.999198396793587129e-01 4.564925284964728436e-02
1.001182364729458873e+00 4.516735091605443564e-02
1.002444889779559034e+00 4.468849408501830711e-02
1.003707414829659417e+00 4.418284005470856507e-02
1.004969939879759577e+00 4.368930380914341077e-02
1.006232464929859738e+00 4.319967072099278882e-02
1.007494989979959898e+00 4.271096979761759838e-02
1.008757515030060059e+00 4.222529026225214921e-02
1.010020040080160442e+00 4.175469346923988551e-02
1.011282565130260602e+00 4.127991406178319750e-02
1.012545090180360763e+00 4.082218351857421629e-02
1.013807615230460923e+00 4.038667611308389277e-02
1.015070140280561084e+00 3.993394452577558873e-02
1.016332665330661467e+00 3.947692073283854547e-02
1.017595190380761627e+00 3.902731878287255679e-02
1.018857715430861788e+00 3.858295364501800745e-02
1.020120240480961948e+00 3.814022667611533662e-02
1.021382765531062109e+00 3.770508468926878076e-02
1.022645290581162492e+00 3.727037262783595983e-02
1.023907815631262430e+00 3.683907286554853611e-02
1.025170340681362813e+00 3.641542408404217085e-02
1.026432865731462973e+00 3.599937774095914034e-02
1.027695390781563134e+00 3.558776445864978571e-02
1.028957915831663295e+00 3.516971429056203746e-02
1.030220440881763455e+00 3.476256221821807935e-02
1.031482965931863838e+00 3.438126184095896543e-02
1.032745490981963998e+00 3.398557783285654360e-02
1.034008016032064159e+00 3.358913381278009341e-02
1.035270541082164319e+00 3.319360638116974210e-02
1.036533066132264480e+00 3.280051908432352059e-02
1.037795591182364863e+00 3.241480959978849941e-02
1.039058116232465023e+00 3.202844829147930006e-02
1.040320641282565184e+00 3.165301547220999989e-02
1.041583166332665344e+00 3.127148078063932135e-02
1.042845691382765505e+00 3.090035816520253498e-02
1.044108216432865888e+00 3.053166868542772985e-02
1.045370741482965826e+00 3.016459642008427824e-02
1.046633266533066209e+00 2.981407663118167822e-02
1.047895791583166369e+00 2.947832614313266805e-02
1.049158316633266530e+00 2.912476327503697379e-02
1.050420841683366691e+00 2.875726090441467486e-02
1.051683366733466851e+00 2.837501907271848187e-02
1.052945891783567234e+00 2.799976126239668572e-02
1.054208416833667394e+00 2.762749977770045939e-02
1.055470941883767555e+00 2.725716181008069547e-02
1.056733466933867716e+00 2.689523428012215167e-02
1.057995991983967876e+00 2.653552573594742878e-02
1.059258517034068259e+00 2.617674778645767350e-02
1.060521042084168419e+00 2.583325245563959649e-02
1.061783567134268580e+00 2.550336465394824684e-02
1.063046092184368741e+00 2.516030381349173770e-02
1.064308617234468901e+00 2.482616901136643767e-02
1.065571142284569284e+00 2.448943989899624377e-02
1.066833667334669444e+00 2.415636513415236192e-02
1.068096192384769605e+00 2.382843908139649705e-02
1.069358717434869765e+00 2.352289951058005729e-02
1.070621242484969926e+00 2.320291474322487904e-02
1.071883767535070309e+00 2.287506128406164782e-02
1.073146292585170247e+00 2.256054143234192608e-02
1.074408817635270630e+00 2.225462323477113424e-02
1.075671342685370790e+00 2.195413667821744311e-02
1.076933867735470951e+00 2.165440264144995186e-02
1.078196392785571112e+00 2.135694337123314815e-02
1.079458917835671272e+00 2.108094085462287187e-02
1.080721442885771655e+00 2.080214020741882192e-02
1.081983967935871815e+00 2.051387080330677182e-02
1.083246492985971976e+00 2.023441125210129546e-02
1.084509018036072137e+00 1.996087598226151116e-02
1.085771543086172297e+00 1.969933968850080472e-02
1.087034068136272680e+00 1.943066533915165442e-02
1.088296593186372840e+00 1.916396782270179955e-02
1.089559118236473001e+00 1.889920623637905001e-02
1.090821643286573162e+00 1.864413428587534741e-02
1.092084168336673322e+00 1.839569504998206373e-02
1.093346693386773705e+00 1.813732281206638722e-02
1.094609218436873643e+00 1.788453179085798539e-02
1.095871743486974026e+00 1.762988811157522803e-02
1.097134268537074187e+00 1.737062914965464486e-02
1.098396793587174347e+00 1.712487310689276773e-02
1.099659318637274508e+00 1.689047920599632061e-02
1.100921843687374668e+00 1.663869830601261840e-02
1.102184368737475051e+00 1.637302451314193857e-02
1.103446893787575211e+00 1.612623896784763644e-02
1.104709418837675372e+00 1.587660127846421063e-02
1.105971943887775533e+00 1.562385999707879489e-02
1.107234468937875693e+00 1.537141044086811834e-02
1.108496993987976076e+00 1.512766330380061267e-02
1.109759519038076236e+00 1.488457933487577836e-02
1.111022044088176397e+00 1.464398540463821702e-02
1.112284569138276558e+00 1.440991144301945887e-02
1.113547094188376718e+00 1.417754729801417105e-02
1.114809619238477101e+00 1.395704507825982522e-02
1.116072144288577261e+00 1.373859179718073600e-02
1.117334669338677422e+00 1.351307475731226664e-02
1.118597194388777583e+00 1.329545465717957287e-02
1.119859719438877743e+00 1.307602392933676465e-02
1.121122244488978126e+00 1.286514997068752102e-02
1.122384769539078064e+00 1.265462227227475735e-02
1.123647294589178447e+00 1.245546667958891476e-02
1.124909819639278608e+00 1.225333713927682922e-02
1.126172344689378768e+00 1.205400987458891786e-02
1.127434869739478929e+00 1.184997367987688198e-02
1.128697394789579089e+00 1.165664624292342064e-02
1.129959919839679472e+00 1.146294405234237097e-02
1.131222444889779633e+00 1.127355310492769887e-02
1.132484969939879793e+00 1.108962287757112204e-02
1.133747494989979954e+00 1.091041201219659397e-02
1.135010020040080114e+00 1.073140706388946847e-02
1.136272545090180497e+00 1.055521220934393760e-02
1.137535070140280435e+00 1.037887788806234057e-02
1.138797595190380818e+00 1.020237390501897191e-02
1.140060120240480979e+00 1.003479654552052319e-02
1.141322645290581139e+00 9.867037854131151600e-03
1.142585170340681522e+00 9.704942591289983378e-03
1.143847695390781460e+00 9.542618249686224061e-03
1.145110220440881843e+00 9.381756848968039741e-03
1.146372745490982004e+00 9.228879711672901762e-03
1.147635270541082164e+00 9.070009028099425968e-03
1.148897795591182547e+00 8.919531762212497619e-03
1.150160320641282485e+00 8.769072615754016503e-03
1.151422845691382868e+00 8.593327778583965959e-03
1.152685370741483029e+00 8.420819167103450395e-03
1.153947895791583189e+00 8.254795966436828669e-03
1.155210420841683572e+00 8.098445594398281586e-03
1.156472945891783510e+00 7.943895296150875820e-03
1.157735470941883893e+00 7.787283037534987150e-03
1.158997995991984054e+00 7.632316977514510409e-03
1.160260521042084214e+00 7.484406663899470860e-03
1.161523046092184375e+00 7.337482473743985219e-03
1.162785571142284535e+00 7.194486684451889200e-03
1.164048096192384918e+00 7.054553585283661679e-03
1.165310621242484856e+00 6.914423741872375434e-03
1.166573146292585239e+00 6.779308859630928455e-03
1.167835671342685400e+00 6.647041810056670413e-03
1.169098196392785560e+00 6.516037695606493110e-03
1.170360721442885943e+00 6.387075527395846483e-03
1.171623246492985881e+00 6.267111950148600112e-03
1.172885771543086264e+00 6.145418736087610717e-03
1.174148296593186425e+00 6.022361376282771815e-03
1.175410821643286585e+00 5.900697195709762519e-03
1.176673346693386968e+00 5.780243961548172694e-03
1.177935871743486906e+00 5.662077501171028891e-03
1.179198396793587289e+00 5.553776723952664161e-03
1.180460921843687450e+00 5.440951080250795019e-03
1.181723446893787610e+00 5.334044366629552697e-03
1.182985971943887771e+00 5.226897358634891196e-03
1.184248496993987931e+00 5.125411289537361824e-03
1.185511022044088314e+00 5.024956166934150224e-03
1.186773547094188253e+00 4.929613585740410392e-03
1.188036072144288635e+00 4.836544077958413075e-03
1.189298597194388796e+00 4.739168836246843673e-03
1.190561122244488956e+00 4.645001696538170188e-03
1.191823647294589339e+00 4.551139477898426614e-03
1.193086172344689277e+00 4.461129972909455565e-03
1.194348697394789660e+00 4.372415953169992743e-03
1.195611222444889821e+00 4.289667391912300835e-03
1.196873747494989981e+00 4.207750528655971115e-03
1.198136272545090364e+00 4.124714884286500606e-03
1.199398797595190302e+00 4.044824832209963951e-03
1.200661322645290685e+00 3.961796642182123518e-03
1.201923847695390846e+00 3.870134264240014752e-03
1.203186372745491006e+00 3.780827304308073157e-03
1.204448897795591389e+00 3.694418318036224620e-03
1.205711422845691327e+00 3.608263631365579618e-03
1.206973947895791710e+00 3.525222507421359869e-03
1.208236472945891871e+00 3.448652519524654601e-03
1.209498997995992031e+00 3.369288745911879802e-03
1.210761523046092192e+00 3.289213045044173719e-03
1.212024048096192352e+00 3.213667529996024844e-03
1.213286573146292735e+00 3.145066846745974733e-03
1.214549098196392674e+00 3.070613263432753724e-03
1.215811623246493056e+00 3.001594523334122789e-03
1.217074148296593217e+00 2.934822439049408933e-03
1.218336673346693377e+00 2.871036206543781631e-03
1.219599198396793760e+00 2.808537064412857265e-03
1.220861723446893699e+00 2.748224716397547254e-03
1.222124248496994081e+00 2.683839277885737788e-03
1.223386773547094242e+00 2.628576255189482482e-03
1.224649298597194402e+00 2.574381183718625968e-03
1.225911823647294785e+00 2.516613970603774880e-03
1.227174348697394723e+00 2.465134968627311508e-03
1.228436873747495106e+00 2.410008575128236644e-03
1.229699398797595267e+00 2.360302128432873597e-03
1.230961923847695427e+00 2.310955671280188941e-03
1.232224448897795588e+00 2.262476876138265480e-03
1.233486973947895748e+00 2.221298568759552498e-03
1.234749498997996131e+00 2.175165047232575661e-03
1.236012024048096070e+00 2.132257085491487403e-03
1.237274549098196452e+00 2.090945429429366068e-03
1.238537074148296613e+00 2.053289169675516068e-03
1.239799599198396773e+00 2.014722193836202338e-03
1.241062124248497156e+00 1.973892685343190713e-03
1.242324649298597095e+00 1.940640714969743552e-03
1.243587174348697477e+00 1.907601350147048163e-03
1.244849699398797638e+00 1.874590089060164388e-03
1.246112224448897798e+00 1.841153745214492649e-03
1.247374749498998181e+00 1.807917708456915993e-03
1.248637274549098120e+00 1.779055162686550085e-03
1.249899799599198502e+00 1.754142505714810941e-03
1.251162324649298663e+00 1.715022347711235530e-03
1.252424849699398823e+00 1.681896523526734549e-03
1.253687374749499206e+00 1.648863686255801946e-03
1.254949899799599145e+00 1.615672621003029670e-03
1.256212424849699527e+00 1.582698168758230484e-03
1.257474949899799688e+00 1.552606070745900235e-03
1.258737474949899848e+00 1.523002113072817465e-03
1.260000000000000009e+00 1.496204373645264145e-03
