1.719999999999999973e+00 5.618861013330335268e-03
1.721082164328657349e+00 6.502945719187678587e-03
1.722164328657314503e+00 7.549427570046629739e-03
1.723246492985971878e+00 8.801399118781005546e-03
1.724328657314629254e+00 1.030625733812108417e-02
1.725410821643286630e+00 1.211403626741525477e-02
1.726492985971943783e+00 1.428346763477090532e-02
1.727575150300601159e+00 1.689623820816071528e-02
1.728657314629258535e+00 2.004982177734445509e-02
1.729739478957915910e+00 2.378381974767583562e-02
1.730821643286573064e+00 2.788506444696949374e-02
1.731903807615230440e+00 3.198674363815683097e-02
1.732985971943887815e+00 3.583362921206909718e-02
1.734068136272544969e+00 3.962128126005853151e-02
1.735150300601202344e+00 4.376169442025435591e-02
1.736232464929859720e+00 4.854796454286455093e-02
1.737314629258517096e+00 5.423730939932384226e-02
1.738396793587174249e+00 6.106187725149166828e-02
1.739478957915831625e+00 6.909572311496157970e-02
1.740561122244489001e+00 7.825535371317343669e-02
1.741643286573146154e+00 8.863886903335101153e-02
1.742725450901803530e+00 1.008254741473212368e-01
1.743807615230460906e+00 1.156353556546232675e-01
1.744889779559118281e+00 1.339677939874227841e-01
1.745971943887775435e+00 1.558362002180873063e-01
1.747054108216432811e+00 1.810660418350859835e-01
1.748136272545090186e+00 2.090613755228195036e-01
1.749218436873747562e+00 2.392137653618717219e-01
1.750300601202404716e+00 2.707554896665771982e-01
1.751382765531062091e+00 3.025354933151159775e-01
1.752464929859719467e+00 3.331666337127902056e-01
1.753547094188376620e+00 3.612223115669498941e-01
1.754629258517033996e+00 3.861721643638686974e-01
1.755711422845691372e+00 4.079681564437207530e-01
1.756793587174348747e+00 4.268769195764490765e-01
1.757875751503005901e+00 4.433319171403534709e-01
1.758957915831663277e+00 4.573860350478652914e-01
1.760040080160320652e+00 4.699128033705733953e-01
1.761122244488977806e+00 4.814828005905054109e-01
1.762204408817635182e+00 4.920565628564778637e-01
1.763286573146292557e+00 5.019896021147367549e-01
1.764368737474949933e+00 5.116553762882363188e-01
1.765450901803607087e+00 5.209835098118748009e-01
1.766533066132264462e+00 5.298218271401118340e-01
1.767615230460921838e+00 5.380979596992078173e-01
1.768697394789579214e+00 5.453233897966012211e-01
1.769779559118236367e+00 5.513093977232972343e-01
1.770861723446893743e+00 5.558446347345736838e-01
1.771943887775551119e+00 5.595633811585465356e-01
1.773026052104208272e+00 5.621819304317011712e-01
1.774108216432865648e+00 5.633064536431552360e-01
1.775190380761523024e+00 5.640132016041220497e-01
1.776272545090180399e+00 5.645839959531220309e-01
1.777354709418837553e+00 5.644841108580426203e-01
1.778436873747494928e+00 5.639713518533717718e-01
1.779519038076152304e+00 5.635642711148031170e-01
1.780601202404809680e+00 5.631621006718733335e-01
1.781683366733466833e+00 5.630529122436191969e-01
1.782765531062124209e+00 5.636791879664521110e-01
1.783847695390781585e+00 5.648914008555969701e-01
1.784929859719438738e+00 5.655076081400656207e-01
1.786012024048096114e+00 5.654502568989954181e-01
1.787094188376753490e+00 5.654909026426715446e-01
1.788176352705410865e+00 5.659567853565733442e-01
1.789258517034068019e+00 5.662716071188866884e-01
1.790340681362725395e+00 5.656676185101783272e-01
1.791422845691382770e+00 5.645403896651400855e-01
1.792505010020040146e+00 5.636529433841830361e-01
1.793587174348697300e+00 5.629700408514197729e-01
1.794669338677354675e+00 5.622024906747103978e-01
1.795751503006012051e+00 5.611231367370537182e-01
1.796833667334669205e+00 5.594206336631429854e-01
1.797915831663326580e+00 5.573982827227265124e-01
1.798997995991983956e+00 5.555401617982252960e-01
1.800080160320641331e+00 5.538484351964418906e-01
1.801162324649298485e+00 5.523236688189135934e-01
1.802244488977955861e+00 5.513247845225646149e-01
1.803326653306613236e+00 5.501337940895906220e-01
1.804408817635270390e+00 5.489641875522933701e-01
1.805490981963927766e+00 5.482127444208373390e-01
1.806573146292585141e+00 5.480366105816222300e-01
1.807655310621242517e+00 5.481711484552510560e-01
1.808737474949899671e+00 5.481281173652734484e-01
1.809819639278557046e+00 5.483767892815054612e-01
1.810901803607214422e+00 5.491145531659430423e-01
1.811983967935871576e+00 5.501712299986103449e-01
1.813066132264528951e+00 5.519505714338176494e-01
1.814148296593186327e+00 5.538129335268244802e-01
1.815230460921843703e+00 5.556893389280687101e-01
1.816312625250500856e+00 5.572830680606933873e-01
1.817394789579158232e+00 5.589116190553469199e-01
1.818476953907815608e+00 5.602904939096320369e-01
1.819559118236472983e+00 5.614946400142832861e-01
1.820641282565130137e+00 5.626440283218863136e-01
1.821723446893787512e+00 5.636361435357813976e-01
1.822805611222444888e+00 5.654034395524970558e-01
1.823887775551102042e+00 5.674902116416978837e-01
1.824969939879759417e+00 5.693328410248940097e-01
1.826052104208416793e+00 5.704189521992247824e-01
1.827134268537074169e+00 5.716670050699315109e-01
1.828216432865731322e+00 5.729179647305788770e-01
1.829298597194388698e+00 5.737186852904656575e-01
1.830380761523046074e+00 5.744305572797772097e-01
1.831462925851703449e+00 5.749126078252791983e-01
1.832545090180360603e+00 5.752150827034923086e-01
1.833627254509017979e+00 5.760552847879228944e-01
1.834709418837675354e+00 5.768795560482345985e-01
1.835791583166332508e+00 5.777565468163216034e-01
1.836873747494989884e+00 5.783783929046686367e-01
1.837955911823647259e+00 5.786269429445898282e-01
1.839038076152304635e+00 5.790055588759694949e-01
1.840120240480961789e+00 5.792455803090593713e-01
1.841202404809619164e+00 5.795430976259542399e-01
1.842284569138276540e+00 5.788329254629661635e-01
1.843366733466933916e+00 5.780176924666742266e-01
1.844448897795591069e+00 5.777525186732870299e-01
1.845531062124248445e+00 5.781784410241034289e-01
1.846613226452905820e+00 5.781477470315863343e-01
1.847695390781562974e+00 5.769355375875260261e-01
1.848777555110220350e+00 5.755868289544037175e-01
1.849859719438877725e+00 5.750159511644760135e-01
1.850941883767534879e+00 5.748025985937765814e-01
1.852024048096192255e+00 5.750343871523094785e-01
1.853106212424849630e+00 5.747505645700105026e-01
1.854188376753507006e+00 5.735516211652406104e-01
1.855270541082164382e+00 5.723630348816988178e-01
1.856352705410821535e+00 5.712440828155783690e-01
1.857434869739478911e+00 5.707629099080790969e-01
1.858517034068136287e+00 5.707099968900698483e-01
1.859599198396793440e+00 5.706123990059710493e-01
1.860681362725450816e+00 5.703646212671052984e-01
1.861763527054108192e+00 5.697842462520618101e-01
1.862845691382765345e+00 5.691926833903456773e-01
1.863927855711422721e+00 5.687320057979533550e-01
1.865010020040080096e+00 5.687055664890227069e-01
1.866092184368737472e+00 5.690734287364264121e-01
1.867174348697394626e+00 5.694445335019335808e-01
1.868256513026052001e+00 5.697395481422012908e-01
1.869338677354709377e+00 5.698526288003370466e-01
1.870420841683366753e+00 5.703821082323955460e-01
1.871503006012023906e+00 5.712868025807047445e-01
1.872585170340681282e+00 5.723786739156825343e-01
1.873667334669338658e+00 5.733144567295176408e-01
1.874749498997995811e+00 5.743864451455239495e-01
1.875831663326653187e+00 5.758105573953602452e-01
1.876913827655310563e+00 5.767799717666222126e-01
1.877995991983967938e+00 5.775159385274940549e-01
1.879078156312625092e+00 5.782425128390498159e-01
1.880160320641282468e+00 5.788379919110056004e-01
1.881242484969939843e+00 5.795535482025199192e-01
1.882324649298597219e+00 5.803506826394279061e-01
1.883406813627254373e+00 5.816886625766319874e-01
1.884488977955911748e+00 5.832280587771252467e-01
1.885571142284569124e+00 5.839337110057418734e-01
1.886653306613226277e+00 5.839993943311181379e-01
1.887735470941883653e+00 5.840360652955666199e-01
1.888817635270541029e+00 5.842447097684023705e-01
1.889899799599198404e+00 5.843188098331881797e-01
1.890981963927855558e+00 5.843710244832849288e-01
1.892064128256512934e+00 5.846244734732708448e-01
1.893146292585170309e+00 5.850477262492751462e-01
1.894228456913827685e+00 5.851312848002196976e-01
1.895310621242484839e+00 5.854952705352644005e-01
1.896392785571142214e+00 5.855939534192193818e-01
1.897474949899799590e+00 5.860090157983931514e-01
1.898557114228456744e+00 5.868365184425019532e-01
1.899639278557114119e+00 5.878175942570710300e-01
1.900721442885771495e+00 5.883652115404850447e-01
1.901803607214428871e+00 5.884820720452350606e-01
1.902885771543086024e+00 5.891136957687154174e-01
1.903967935871743400e+00 5.901374379831112460e-01
1.905050100200400776e+00 5.912316257399604646e-01
1.906132264529058151e+00 5.911656552415098798e-01
1.907214428857715305e+00 5.913820192975749457e-01
1.908296593186372681e+00 5.919420655259377551e-01
1.909378757515030056e+00 5.925674673020467909e-01
1.910460921843687210e+00 5.933942530378294444e-01
1.911543086172344585e+00 5.940888127998751322e-01
1.912625250501001961e+00 5.943634044928409743e-01
1.913707414829659115e+00 5.945619708215547083e-01
1.914789579158316490e+00 5.946955486413809666e-01
1.915871743486973866e+00 5.948145211270899901e-01
1.916953907815631242e+00 5.954886037891106154e-01
1.918036072144288395e+00 5.957416499502306007e-01
1.919118236472945771e+00 5.963064901042061106e-01
1.920200400801603147e+00 5.965598200517322480e-01
1.921282565130260522e+00 5.968153271426509532e-01
1.922364729458917676e+00 5.961336202466360756e-01
1.923446893787575052e+00 5.946383168241652362e-01
1.924529058116232427e+00 5.931677815235129048e-01
1.925611222444889581e+00 5.922677938429085076e-01
1.926693386773546957e+00 5.913074999202363458e-01
1.927775551102204332e+00 5.909243387295958216e-01
1.928857715430861708e+00 5.905949504055498789e-01
1.929939879759518861e+00 5.907158086931574292e-01
1.931022044088176237e+00 5.904558380163718034e-01
1.932104208416833613e+00 5.903393993364685066e-01
1.933186372745490988e+00 5.898619456135359984e-01
1.934268537074148142e+00 5.895417562253629784e-01
1.935350701402805518e+00 5.893987286510754542e-01
1.936432865731462893e+00 5.891431911648952191e-01
1.937515030060120047e+00 5.891077023110837807e-01
1.938597194388777423e+00 5.892431909940401003e-01
1.939679358717434798e+00 5.896708417280742687e-01
1.940761523046092174e+00 5.898720802033743382e-01
1.941843687374749328e+00 5.902374292961025670e-01
1.942925851703406703e+00 5.906846859388542592e-01
1.944008016032064079e+00 5.911098859920043136e-01
1.945090180360721455e+00 5.919667811592221884e-01
1.946172344689378608e+00 5.926262206366765817e-01
1.947254509018035984e+00 5.925826992015573724e-01
1.948336673346693360e+00 5.929501940978439967e-01
1.949418837675350513e+00 5.931380971209914144e-01
1.950501002004007889e+00 5.931466932541477055e-01
1.951583166332665265e+00 5.932493019939104606e-01
1.952665330661322640e+00 5.936948017873623362e-01
1.953747494989979794e+00 5.943050541959585820e-01
1.954829659318637169e+00 5.944389940080712087e-01
1.955911823647294545e+00 5.942203123107558937e-01
1.956993987975951921e+00 5.938454748999141275e-01
1.958076152304609074e+00 5.944626518041535856e-01
1.959158316633266450e+00 5.950708863373579405e-01
1.960240480961923826e+00 5.954546412610263184e-01
1.961322645290580979e+00 5.953908869174474594e-01
1.962404809619238355e+00 5.949485930811840850e-01
1.963486973947895731e+00 5.943432514853469462e-01
1.964569138276552884e+00 5.939721442679619656e-01
1.965651302605210260e+00 5.935283226553362823e-01
1.966733466933867636e+00 5.921996684494268415e-01
1.967815631262525011e+00 5.909651991711869501e-01
1.968897795591182165e+00 5.903134323994481125e-01
1.969979959919839541e+00 5.905810821851861236e-01
1.971062124248496916e+00 5.899751357450764289e-01
1.972144288577154292e+00 5.891507114156401270e-01
1.973226452905811446e+00 5.882476464458394894e-01
1.974308617234468821e+00 5.878193687496159336e-01
1.975390781563126197e+00 5.868025586368073032e-01
1.976472945891783350e+00 5.858580754068366536e-01
1.977555110220440726e+00 5.854560389207191795e-01
1.978637274549098102e+00 5.851369142429709846e-01
1.979719438877755477e+00 5.841228839051482158e-01
1.980801603206412853e+00 5.831326689196381086e-01
1.981883767535070007e+00 5.827718749596487724e-01
1.982965931863727382e+00 5.831779254267648316e-01
1.984048096192384758e+00 5.839495525795411757e-01
1.985130260521041912e+00 5.841388823716521239e-01
1.986212424849699287e+00 5.837136453604873099e-01
1.987294589178356663e+00 5.831150080949442094e-01
1.988376753507013817e+00 5.824122861596198186e-01
1.989458917835671192e+00 5.821641697254394954e-01
1.990541082164328568e+00 5.820594018672554659e-01
1.991623246492985944e+00 5.818646988630390426e-01
1.992705410821643097e+00 5.811280752686259765e-01
1.993787575150300473e+00 5.805062412830807039e-01
1.994869739478957849e+00 5.800294609571154947e-01
1.995951903807615224e+00 5.792843165440065833e-01
1.997034068136272378e+00 5.790254603299115344e-01
1.998116232464929753e+00 5.786991163392477544e-01
1.999198396793587129e+00 5.778216032248036926e-01
2.000280561122244283e+00 5.770900581208271429e-01
2.001362725450901880e+00 5.770604591300318997e-01
2.002444889779559034e+00 5.771208726363339370e-01
2.003527054108216188e+00 5.764543806528030778e-01
2.004609218436873785e+00 5.751814457579013107e-01
2.005691382765530939e+00 5.738879185246010817e-01
2.006773547094188093e+00 5.727443092825879045e-01
2.007855711422845690e+00 5.712161479358041083e-01
2.008937875751502844e+00 5.700339782422602086e-01
2.010020040080160442e+00 5.696900673788704017e-01
2.011102204408817595e+00 5.697474996185707408e-01
2.012184368737474749e+00 5.693159873789379599e-01
2.013266533066132347e+00 5.688255279113877405e-01
2.014348697394789500e+00 5.690376851477622067e-01
2.015430861723446654e+00 5.695933490676086119e-01
2.016513026052104252e+00 5.697600489659394585e-01
2.017595190380761405e+00 5.701713166374648978e-01
2.018677354709418559e+00 5.707938069500821943e-01
2.019759519038076157e+00 5.715299594314714460e-01
2.020841683366733310e+00 5.721180549633350099e-01
2.021923847695390464e+00 5.722624409444468929e-01
2.023006012024048061e+00 5.722588415391206551e-01
2.024088176352705215e+00 5.728640569266406635e-01
2.025170340681362369e+00 5.741728634037098766e-01
2.026252505010019966e+00 5.749917471526571067e-01
2.027334669338677120e+00 5.752039322623320183e-01
2.028416833667334718e+00 5.750941180050812562e-01
2.029498997995991871e+00 5.753800369914228163e-01
2.030581162324649025e+00 5.758561461333902010e-01
2.031663326653306623e+00 5.760317986065439655e-01
2.032745490981963776e+00 5.759580532584938073e-01
2.033827655310620930e+00 5.764105605898451890e-01
2.034909819639278528e+00 5.769708441596886894e-01
2.035991983967935681e+00 5.768409854171724360e-01
2.037074148296593279e+00 5.764246565030776148e-01
2.038156312625250433e+00 5.762144528935229104e-01
2.039238476953907586e+00 5.764574431481980232e-01
2.040320641282565184e+00 5.766515891598023025e-01
2.041402805611222337e+00 5.765322059735892291e-01
2.042484969939879491e+00 5.762478992428685665e-01
2.043567134268537089e+00 5.759755120241755177e-01
2.044649298597194242e+00 5.758155343904192147e-01
2.045731462925851396e+00 5.753144694607272847e-01
2.046813627254508994e+00 5.748675567356148486e-01
2.047895791583166147e+00 5.747399923083125195e-01
2.048977955911823301e+00 5.749247463898479182e-01
2.050060120240480899e+00 5.756626438417398184e-01
2.051142284569138052e+00 5.763403234902519934e-01
2.052224448897795650e+00 5.776167892194480347e-01
2.053306613226452804e+00 5.788065710313937684e-01
2.054388777555109957e+00 5.793950104053897654e-01
2.055470941883767555e+00 5.798840121576765982e-01
2.056553106212424709e+00 5.806381727710868690e-01
2.057635270541081862e+00 5.813664843091944645e-01
2.058717434869739460e+00 5.826184592900860437e-01
2.059799599198396614e+00 5.847721926874366316e-01
2.060881763527054211e+00 5.873070687293887593e-01
2.061963927855711365e+00 5.895459983471018628e-01
2.063046092184368518e+00 5.910564249866645525e-01
2.064128256513026116e+00 5.929207338262036942e-01
2.065210420841683270e+00 5.949624593538306305e-01
2.066292585170340423e+00 5.973535440499488924e-01
2.067374749498998021e+00 5.998918557811961927e-01
2.068456913827655175e+00 6.022314097491808793e-01
2.069539078156312328e+00 6.044548715322719534e-01
2.070621242484969926e+00 6.066708259062194575e-01
2.071703406813627080e+00 6.091730368425996023e-01
2.072785571142284233e+00 6.118142226294926989e-01
2.073867735470941831e+00 6.142047641500868460e-01
2.074949899799598985e+00 6.163181621023635648e-01
2.076032064128256138e+00 6.179134232566363405e-01
2.077114228456913736e+00 6.193497063641238976e-01
2.078196392785570890e+00 6.205899606688312087e-01
2.079278557114228487e+00 6.227983014178635202e-01
2.080360721442885641e+00 6.251455712604861992e-01
2.081442885771542795e+00 6.276927826029947699e-01
2.082525050100200392e+00 6.297933490539519008e-01
2.083607214428857546e+00 6.308171453840100140e-01
2.084689378757514699e+00 6.315357564420536196e-01
2.085771543086172297e+00 6.327352517071466176e-01
2.086853707414829451e+00 6.338235419650870561e-01
2.087935871743487048e+00 6.347323558220885342e-01
2.089018036072144202e+00 6.356969734417541318e-01
2.090100200400801356e+00 6.370814936774397141e-01
2.091182364729458953e+00 6.388420646959065419e-01
2.092264529058116107e+00 6.402643984383488140e-01
2.093346693386773261e+00 6.412849472453160393e-01
2.094428857715430858e+00 6.421949588314760371e-01
2.095511022044088012e+00 6.438582432895298968e-01
2.096593186372745166e+00 6.456654919931495984e-01
2.097675350701402763e+00 6.466341693247447120e-01
2.098757515030059917e+00 6.473230728195799033e-01
2.099839679358717071e+00 6.483559261675186924e-01
2.100921843687374668e+00 6.500666229962662745e-01
2.102004008016031822e+00 6.518274173046658682e-01
2.103086172344689420e+00 6.526328793783843230e-01
2.104168336673346573e+00 6.536334709787446906e-01
2.105250501002003727e+00 6.548785338293005021e-01
2.106332665330661325e+00 6.564582364149212923e-01
2.107414829659318478e+00 6.570531984440904916e-01
2.108496993987975632e+00 6.574309334217736112e-01
2.109579158316633229e+00 6.587136787597906995e-01
2.110661322645290383e+00 6.610354840708717594e-01
2.111743486973947981e+00 6.627071550611155493e-01
2.112825651302605134e+00 6.634090551502627164e-01
2.113907815631262288e+00 6.635675043909615711e-01
2.114989979959919886e+00 6.642430897253488453e-01
2.116072144288577039e+00 6.644738940224180768e-01
2.117154308617234193e+00 6.647001661798425109e-01
2.118236472945891791e+00 6.647658621584789929e-01
2.119318637274548944e+00 6.650671951415124683e-01
2.120400801603206098e+00 6.659587767731308672e-01
2.121482965931863696e+00 6.670037062271260142e-01
2.122565130260520849e+00 6.676710546341690922e-01
2.123647294589178003e+00 6.673039177853958837e-01
2.124729458917835601e+00 6.672063731700960121e-01
2.125811623246492754e+00 6.677041623291888328e-01
2.126893787575149908e+00 6.678954994014512092e-01
2.127975951903807506e+00 6.682545220996630730e-01
2.129058116232464659e+00 6.686782842439942254e-01
2.130140280561122257e+00 6.704537137713649786e-01
2.131222444889779410e+00 6.713987746540549528e-01
2.132304609218436564e+00 6.720598948861212785e-01
2.133386773547094162e+00 6.728011193042862104e-01
2.134468937875751315e+00 6.734127057534959881e-01
2.135551102204408913e+00 6.740681008672846364e-01
2.136633266533066067e+00 6.748961880196768792e-01
2.137715430861723220e+00 6.759100998542993954e-01
2.138797595190380818e+00 6.768701964341771182e-01
2.139879759519037972e+00 6.784470257245217573e-01
2.140961923847695125e+00 6.806563290369271879e-01
2.142044088176352723e+00 6.823608860230589990e-01
2.143126252505009877e+00 6.826857891688634661e-01
2.144208416833667030e+00 6.834857049026862308e-01
2.145290581162324628e+00 6.845776849805205178e-01
2.146372745490981782e+00 6.855162844995182914e-01
2.147454909819638935e+00 6.860182304119678554e-01
2.148537074148296533e+00 6.870197094463277310e-01
2.149619238476953687e+00 6.879019283061122980e-01
2.150701402805610840e+00 6.879074590499875130e-01
2.151783567134268438e+00 6.876974464159265610e-01
2.152865731462925591e+00 6.884762324978379588e-01
2.153947895791583189e+00 6.893986771381288570e-01
2.155030060120240343e+00 6.889882512659313285e-01
2.156112224448897496e+00 6.878075500711957613e-01
2.157194388777555094e+00 6.864181447512810452e-01
2.158276553106212248e+00 6.854571776375983916e-01
2.159358717434869401e+00 6.846660777889344018e-01
2.160440881763526999e+00 6.839804026848963492e-01
2.161523046092184153e+00 6.829499818675237588e-01
2.162605210420841750e+00 6.818577841678922224e-01
2.163687374749498904e+00 6.804937926470789877e-01
2.164769539078156058e+00 6.790803618055265556e-01
2.165851703406813655e+00 6.773749101607549061e-01
2.166933867735470809e+00 6.755829480214888827e-01
2.168016032064127963e+00 6.742227816345720548e-01
2.169098196392785560e+00 6.732767900990498378e-01
2.170180360721442714e+00 6.722493329987839772e-01
2.171262525050099867e+00 6.711737795497957348e-01
2.172344689378757465e+00 6.704157603701863533e-01
2.173426853707414619e+00 6.703767387226798879e-01
2.174509018036071772e+00 6.706040709479905715e-01
2.175591182364729370e+00 6.703981734555926053e-01
2.176673346693386524e+00 6.699073397668701135e-01
2.177755511022043677e+00 6.700415243241356622e-01
2.178837675350701275e+00 6.706982088446783452e-01
2.179919839679358429e+00 6.707521506298873559e-01
2.181002004008016026e+00 6.711313176074883424e-01
2.182084168336673180e+00 6.717395455207113564e-01
2.183166332665330334e+00 6.725192434388845841e-01
2.184248496993987931e+00 6.723787980460503855e-01
2.185330661322645085e+00 6.726586028705939801e-01
2.186412825651302683e+00 6.734396721810412823e-01
2.187494989979959836e+00 6.735846888063924398e-01
2.188577154308616990e+00 6.731569777617303352e-01
2.189659318637274588e+00 6.732716554815451060e-01
2.190741482965931741e+00 6.743020474366715478e-01
2.191823647294588895e+00 6.753646156141460688e-01
2.192905811623246493e+00 6.759215741925069798e-01
2.193987975951903646e+00 6.766558900604919824e-01
2.195070140280560800e+00 6.773118561703097562e-01
2.196152304609218398e+00 6.784141597000306056e-01
2.197234468937875551e+00 6.795098357248436916e-01
2.198316633266532705e+00 6.805985901066765598e-01
2.199398797595190302e+00 6.817357009985109961e-01
2.200480961923847456e+00 6.827237917802700951e-01
2.201563126252504610e+00 6.836808905243312307e-01
2.202645290581162207e+00 6.846742822489798597e-01
2.203727454909819361e+00 6.860032138982838923e-01
2.204809619238476959e+00 6.865166767976664808e-01
2.205891783567134112e+00 6.863268251088626704e-01
2.206973947895791266e+00 6.852206637099924613e-01
2.208056112224448864e+00 6.838966341687108264e-01
2.209138276553106017e+00 6.816241843014664292e-01
2.210220440881763171e+00 6.784949581241680461e-01
2.211302605210420769e+00 6.739044990648270783e-01
2.212384769539077922e+00 6.665282940588502791e-01
2.213466933867735520e+00 6.566639830193277128e-01
2.214549098196392674e+00 6.445320423659980369e-01
2.215631262525049827e+00 6.300840142570121039e-01
2.216713426853707425e+00 6.132736930982402024e-01
2.217795591182364578e+00 5.935330258296450667e-01
2.218877755511021732e+00 5.707866509920498377e-01
2.219959919839679330e+00 5.450348269552921510e-01
2.221042084168336483e+00 5.173124438885478016e-01
2.222124248496993637e+00 4.872823575972164423e-01
2.223206412825651235e+00 4.550174223694408715e-01
2.224288577154308388e+00 4.203925904254340873e-01
2.225370741482965542e+00 3.857757050635503004e-01
2.226452905811623140e+00 3.526590635172744959e-01
2.227535070140280293e+00 3.216954690148782769e-01
2.228617234468937447e+00 2.929022604683645392e-01
2.229699398797595045e+00 2.662461235562912365e-01
2.230781563126252198e+00 2.418131589909880141e-01
2.231863727454909796e+00 2.193231509663660928e-01
2.232945891783566950e+00 1.986612666093755530e-01
2.234028056112224103e+00 1.793365533116727806e-01
2.235110220440881701e+00 1.613522571221029378e-01
2.236192384769538855e+00 1.446722975798087896e-01
2.237274549098196452e+00 1.291049880413938089e-01
2.238356713426853606e+00 1.145888126233239324e-01
2.239438877755510759e+00 1.012524729500093174e-01
2.240521042084168357e+00 8.910667141955129489e-02
2.241603206412825511e+00 7.812988938611482859e-02
2.242685370741482664e+00 6.826544516349362934e-02
2.243767535070140262e+00 5.939263772250439472e-02
2.244849699398797416e+00 5.150226271194018740e-02
2.245931863727454569e+00 4.455409021365065725e-02
2.247014028056112167e+00 3.848042159472552654e-02
2.248096192384769321e+00 3.324299904988507054e-02
2.249178356713426474e+00 2.869351031342033329e-02
2.250260521042084072e+00 2.475478234723999665e-02
2.251342685370741226e+00 2.136456069188226448e-02
2.252424849699398379e+00 1.843673945816783066e-02
2.253507014028055977e+00 1.591490736127542521e-02
2.254589178356713131e+00 1.374969603820450428e-02
2.255671342685370284e+00 1.188505038422113871e-02
2.256753507014027882e+00 1.026860096764808765e-02
2.257835671342685036e+00 8.883878742383336663e-03
2.258917835671342633e+00 7.690339117665797274e-03
2.259999999999999787e+00 6.662028643059424680e-03
