5.000000000000000000e-01 2.498274901881814003e-03
5.055000185966491699e-01 2.581773558631539345e-03
5.109999775886535645e-01 2.666870830580592155e-03
5.164999961853027344e-01 2.753566484898328781e-03
5.220000147819519043e-01 2.841859823092818260e-03
5.274999737739562988e-01 2.931748516857624054e-03
5.329999923706054688e-01 3.023229772225022316e-03
5.385000109672546387e-01 3.116300562396645546e-03
5.440000295639038086e-01 3.210955532267689705e-03
5.494999885559082031e-01 3.307190025225281715e-03
5.550000071525573730e-01 3.404997056350111961e-03
5.605000257492065430e-01 3.504369873553514481e-03
5.659999847412109375e-01 3.605300094932317734e-03
5.715000033378601074e-01 3.707778407260775566e-03
5.770000219345092773e-01 3.811794798821210861e-03
5.824999809265136719e-01 3.917338326573371887e-03
5.879999995231628418e-01 4.024397116154432297e-03
5.935000181198120117e-01 4.132957663387060165e-03
5.989999771118164062e-01 4.243006464093923569e-03
6.044999957084655762e-01 4.354528151452541351e-03
6.100000143051147461e-01 4.467506892979145050e-03
6.154999732971191406e-01 4.581925924867391586e-03
6.209999918937683105e-01 4.697767551988363266e-03
6.265000104904174805e-01 4.815012216567993164e-03
6.320000290870666504e-01 4.933640360832214355e-03
6.374999880790710449e-01 5.053631030023097992e-03
6.430000066757202148e-01 5.174962803721427917e-03
6.485000252723693848e-01 5.297611933201551437e-03
6.539999842643737793e-01 5.421555135399103165e-03
6.595000028610229492e-01 5.546767730265855789e-03
6.650000214576721191e-01 5.673224106431007385e-03
6.704999804496765137e-01 5.800896789878606796e-03
6.759999990463256836e-01 5.929759237915277481e-03
6.815000176429748535e-01 6.059782579541206360e-03
6.869999766349792480e-01 6.190937012434005737e-03
6.924999952316284180e-01 6.323192734271287918e-03
6.980000138282775879e-01 6.456518080085515976e-03
7.034999728202819824e-01 6.590881384909152985e-03
7.089999914169311523e-01 6.726250052452087402e-03
7.145000100135803223e-01 6.862590089440345764e-03
7.200000286102294922e-01 6.999867036938667297e-03
7.254999876022338867e-01 7.138045504689216614e-03
7.310000061988830566e-01 7.277090102434158325e-03
7.365000247955322266e-01 7.416964042931795120e-03
7.419999837875366211e-01 7.557629607617855072e-03
7.475000023841857910e-01 7.699049077928066254e-03
7.530000209808349609e-01 7.841183803975582123e-03
7.584999799728393555e-01 7.983994670212268829e-03
7.639999985694885254e-01 8.127441629767417908e-03
7.695000171661376953e-01 8.271484635770320892e-03
7.749999761581420898e-01 8.416082710027694702e-03
7.804999947547912598e-01 8.561194874346256256e-03
7.860000133514404297e-01 8.706778287887573242e-03
7.914999723434448242e-01 8.852792903780937195e-03
7.969999909400939941e-01 8.999194018542766571e-03
8.025000095367431641e-01 9.145940653979778290e-03
8.080000281333923340e-01 9.292988106608390808e-03
8.134999871253967285e-01 9.440293535590171814e-03
8.190000057220458984e-01 9.587815031409263611e-03
8.245000243186950684e-01 9.735506027936935425e-03
8.299999833106994629e-01 9.883324615657329559e-03
8.355000019073486328e-01 1.003122702240943909e-02
8.410000205039978027e-01 1.017916854470968246e-02
8.464999794960021973e-01 1.032710447907447815e-02
8.519999980926513672e-01 1.047499198466539383e-02
8.575000166893005371e-01 1.062278635799884796e-02
8.629999756813049316e-01 1.077044475823640823e-02
8.684999942779541016e-01 1.091792341321706772e-02
8.740000128746032715e-01 1.106517668813467026e-02
8.794999718666076660e-01 1.121216360479593277e-02
8.849999904632568359e-01 1.135884132236242294e-02
8.905000090599060059e-01 1.150516513735055923e-02
8.960000276565551758e-01 1.165109407156705856e-02
9.014999866485595703e-01 1.179658621549606323e-02
9.070000052452087402e-01 1.194159872829914093e-02
9.125000238418579102e-01 1.208609249442815781e-02
9.179999828338623047e-01 1.223002374172210693e-02
9.235000014305114746e-01 1.237335521727800369e-02
9.290000200271606445e-01 1.251604501157999039e-02
9.344999790191650391e-01 1.265805680304765701e-02
9.399999976158142090e-01 1.279934961348772049e-02
9.455000162124633789e-01 1.293988525867462158e-02
9.509999752044677734e-01 1.307962834835052490e-02
9.564999938011169434e-01 1.321854162961244583e-02
9.620000123977661133e-01 1.335658784955739975e-02
9.674999713897705078e-01 1.349373348057270050e-02
9.729999899864196777e-01 1.362994499504566193e-02
9.785000085830688477e-01 1.376518700271844864e-02
9.840000271797180176e-01 1.389942690730094910e-02
9.894999861717224121e-01 1.403263397514820099e-02
9.950000047683715820e-01 1.416477560997009277e-02
1.000499963760375977e+00 1.429582294076681137e-02
1.006000041961669922e+00 1.442574523389339447e-02
1.011500000953674316e+00 1.455451548099517822e-02
1.016999959945678711e+00 1.468210481107234955e-02
1.022500038146972656e+00 1.480848621577024460e-02
1.027999997138977051e+00 1.493363454937934875e-02
1.033499956130981445e+00 1.505752559751272202e-02
1.039000034332275391e+00 1.518013421446084976e-02
1.044499993324279785e+00 1.530143804848194122e-02
1.049999952316284180e+00 1.542141474783420563e-02
1.055500030517578125e+00 1.554004382342100143e-02
1.060999989509582520e+00 1.565730385482311249e-02
1.066499948501586914e+00 1.577317714691162109e-02
1.072000026702880859e+00 1.588764414191246033e-02
1.077499985694885254e+00 1.600068807601928711e-02
1.082999944686889648e+00 1.611229218542575836e-02
1.088500022888183594e+00 1.622244343161582947e-02
1.093999981880187988e+00 1.633112318813800812e-02
1.099499940872192383e+00 1.643832027912139893e-02
1.105000019073486328e+00 1.654402352869510651e-02
1.110499978065490723e+00 1.664821803569793701e-02
1.116000056266784668e+00 1.675089448690414429e-02
1.121500015258789062e+00 1.685204356908798218e-02
1.126999974250793457e+00 1.695165596902370453e-02
1.132500052452087402e+00 1.704972237348556519e-02
1.138000011444091797e+00 1.714623719453811646e-02
1.143499970436096191e+00 1.724119484424591064e-02
1.149000048637390137e+00 1.733458787202835083e-02
1.154500007629394531e+00 1.742641068994998932e-02
1.159999966621398926e+00 1.751666143536567688e-02
1.165500044822692871e+00 1.760533824563026428e-02
1.171000003814697266e+00 1.769243553280830383e-02
1.176499962806701660e+00 1.777795329689979553e-02
1.182000041007995605e+00 1.786189153790473938e-02
1.187500000000000000e+00 1.794425025582313538e-02
1.192999958992004395e+00 1.802502758800983429e-02
1.198500037193298340e+00 1.810422912240028381e-02
1.203999996185302734e+00 1.818185113370418549e-02
1.209499955177307129e+00 1.825790293514728546e-02
1.215000033378601074e+00 1.833238266408443451e-02
1.220499992370605469e+00 1.840529777109622955e-02
1.225999951362609863e+00 1.847665198147296906e-02
1.231500029563903809e+00 1.854644902050495148e-02
1.236999988555908203e+00 1.861469633877277374e-02
1.242499947547912598e+00 1.868140138685703278e-02
1.248000025749206543e+00 1.874656975269317627e-02
1.253499984741210938e+00 1.881020702421665192e-02
1.258999943733215332e+00 1.887232251465320587e-02
1.264500021934509277e+00 1.893292739987373352e-02
1.269999980926513672e+00 1.899202540516853333e-02
1.275500059127807617e+00 1.904963143169879913e-02
1.281000018119812012e+00 1.910575106739997864e-02
1.286499977111816406e+00 1.916039362549781799e-02
1.292000055313110352e+00 1.921357400715351105e-02
1.297500014305114746e+00 1.926530152559280396e-02
1.302999973297119141e+00 1.931558735668659210e-02
1.308500051498413086e+00 1.936444081366062164e-02
1.314000010490417480e+00 1.941187679767608643e-02
1.319499969482421875e+00 1.945790648460388184e-02
1.325000047683715820e+00 1.950254291296005249e-02
1.330500006675720215e+00 1.954579725861549377e-02
1.335999965667724609e+00 1.958768442273139954e-02
1.341500043869018555e+00 1.962821744382381439e-02
1.347000002861022949e+00 1.966740749776363373e-02
1.352499961853027344e+00 1.970527134835720062e-02
1.358000040054321289e+00 1.974182203412055969e-02
1.363499999046325684e+00 1.977707445621490479e-02
1.368999958038330078e+00 1.981103979051113129e-02
1.374500036239624023e+00 1.984373480081558228e-02
1.379999995231628418e+00 1.987517438828945160e-02
1.385499954223632812e+00 1.990537345409393311e-02
1.391000032424926758e+00 1.993434503674507141e-02
1.396499991416931152e+00 1.996210590004920959e-02
1.401999950408935547e+00 1.998866908252239227e-02
1.407500028610229492e+00 2.001405134797096252e-02
1.412999987602233887e+00 2.003826573491096497e-02
1.418499946594238281e+00 2.006132900714874268e-02
1.424000024795532227e+00 2.008325606584548950e-02
1.429499983787536621e+00 2.010406367480754852e-02
1.434999942779541016e+00 2.012376487255096436e-02
1.440500020980834961e+00 2.014237456023693085e-02
1.445999979972839355e+00 2.015991136431694031e-02
1.451500058174133301e+00 2.017638832330703735e-02
1.457000017166137695e+00 2.019182033836841583e-02
1.462499976158142090e+00 2.020622231066226959e-02
1.468000054359436035e+00 2.021961100399494171e-02
1.473500013351440430e+00 2.023200131952762604e-02
1.478999972343444824e+00 2.024340815842151642e-02
1.484500050544738770e+00 2.025384642183780670e-02
1.490000009536743164e+00 2.026333101093769073e-02
1.495499968528747559e+00 2.027187682688236237e-02
1.501000046730041504e+00 2.027949877083301544e-02
1.506500005722045898e+00 2.028621360659599304e-02
1.511999964714050293e+00 2.029203251004219055e-02
1.517500042915344238e+00 2.029697410762310028e-02
1.523000001907348633e+00 2.030104957520961761e-02
1.528499960899353027e+00 2.030427381396293640e-02
1.534000039100646973e+00 2.030666358768939972e-02
1.539499998092651367e+00 2.030823379755020142e-02
1.544999957084655762e+00 2.030899375677108765e-02
1.550500035285949707e+00 2.030896209180355072e-02
1.555999994277954102e+00 2.030814997851848602e-02
1.561499953269958496e+00 2.030657045543193817e-02
1.567000031471252441e+00 2.030424214899539948e-02
1.572499990463256836e+00 2.030117437243461609e-02
1.577999949455261230e+00 2.029738202691078186e-02
1.583500027656555176e+00 2.029287628829479218e-02
1.588999986648559570e+00 2.028767392039299011e-02
1.594499945640563965e+00 2.028178609907627106e-02
1.600000023841857910e+00 2.027522586286067963e-02
1.605499982833862305e+00 2.026800625026226044e-02
1.610999941825866699e+00 2.026013843715190887e-02
1.616500020027160645e+00 2.025163732469081879e-02
1.621999979019165039e+00 2.024251222610473633e-02
1.627500057220458984e+00 2.023277804255485535e-02
1.633000016212463379e+00 2.022244781255722046e-02
1.638499975204467773e+00 2.021152898669242859e-02
1.644000053405761719e+00 2.020003646612167358e-02
1.649500012397766113e+00 2.018798328936100006e-02
1.654999971389770508e+00 2.017537690699100494e-02
1.660500049591064453e+00 2.016223222017288208e-02
1.666000008583068848e+00 2.014855854213237762e-02
1.671499967575073242e+00 2.013436704874038696e-02
1.677000045776367188e+00 2.011966891586780548e-02
1.682500004768371582e+00 2.010447531938552856e-02
1.687999963760375977e+00 2.008879557251930237e-02
1.693500041961669922e+00 2.007264085114002228e-02
1.699000000953674316e+00 2.005602233111858368e-02
1.704499959945678711e+00 2.003895118832588196e-02
1.710000038146972656e+00 2.002143301069736481e-02
1.715499997138977051e+00 2.000348083674907684e-02
1.720999956130981445e+00 1.998510584235191345e-02
1.726500034332275391e+00 1.996631361544132233e-02
1.731999993324279785e+00 1.994711719453334808e-02
1.737499952316284180e+00 1.992752216756343842e-02
1.743000030517578125e+00 1.990754157304763794e-02
1.748499989509582520e+00 1.988718099892139435e-02
1.753999948501586914e+00 1.986645348370075226e-02
1.759500026702880859e+00 1.984536275267601013e-02
1.764999985694885254e+00 1.982392184436321259e-02
1.770499944686889648e+00 1.980213634669780731e-02
1.776000022888183594e+00 1.978001557290554047e-02
1.781499981880187988e+00 1.975756883621215820e-02
1.786999940872192383e+00 1.973480172455310822e-02
1.792500019073486328e+00 1.971172355115413666e-02
1.797999978065490723e+00 1.968834362924098969e-02
1.803500056266784668e+00 1.966466754674911499e-02
1.809000015258789062e+00 1.964070275425910950e-02
1.814499974250793457e+00 1.961645670235157013e-02
1.820000052452087402e+00 1.959193684160709381e-02
1.825500011444091797e+00 1.956715248525142670e-02
1.830999970436096191e+00 1.954210922122001648e-02
1.836500048637390137e+00 1.951681077480316162e-02
1.842000007629394531e+00 1.949127018451690674e-02
1.847499966621398926e+00 1.946548931300640106e-02
1.853000044822692871e+00 1.943947561085224152e-02
1.858500003814697266e+00 1.941323652863502502e-02
1.863999962806701660e+00 1.938677951693534851e-02
1.869500041007995605e+00 1.936010830104351044e-02
1.875000000000000000e+00 1.933323033154010773e-02
1.880499958992004395e+00 1.930614933371543884e-02
1.886000037193298340e+00 1.927887648344039917e-02
1.891499996185302734e+00 1.925141178071498871e-02
1.896999955177307129e+00 1.922376267611980438e-02
1.902500033378601074e+00 1.919593848288059235e-02
1.907999992370605469e+00 1.916793920099735260e-02
1.913499951362609863e+00 1.913977414369583130e-02
1.919000029563903809e+00 1.911144517362117767e-02
1.924499988555908203e+00 1.908295974135398865e-02
1.929999947547912598e+00 1.905432343482971191e-02
1.935500025749206543e+00 1.902554184198379517e-02
1.940999984741210938e+00 1.899661496281623840e-02
1.946499943733215332e+00 1.896755397319793701e-02
1.952000021934509277e+00 1.893835887312889099e-02
1.957499980926513672e+00 1.890903711318969727e-02
1.963000059127807617e+00 1.887959055602550507e-02
1.968500018119812012e+00 1.885002665221691132e-02
1.973999977111816406e+00 1.882034726440906525e-02
1.979500055313110352e+00 1.879055984318256378e-02
1.985000014305114746e+00 1.876066438853740692e-02
1.990499973297119141e+00 1.873066648840904236e-02
1.996000051498413086e+00 1.870057359337806702e-02
2.001499891281127930e+00 1.867038384079933167e-02
2.006999969482421875e+00 1.864010654389858246e-02
2.012500047683715820e+00 1.860974170267581940e-02
2.017999887466430664e+00 1.857929490506649017e-02
2.023499965667724609e+00 1.854876801371574402e-02
2.029000043869018555e+00 1.851816661655902863e-02
2.034499883651733398e+00 1.848749257624149323e-02
2.039999961853027344e+00 1.845675148069858551e-02
2.045500040054321289e+00 1.842594519257545471e-02
2.051000118255615234e+00 1.839507743716239929e-02
2.056499958038330078e+00 1.836415007710456848e-02
2.062000036239624023e+00 1.833316683769226074e-02
2.067500114440917969e+00 1.830213330686092377e-02
2.072999954223632812e+00 1.827104948461055756e-02
2.078500032424926758e+00 1.823991909623146057e-02
2.084000110626220703e+00 1.820874586701393127e-02
2.089499950408935547e+00 1.817753165960311890e-02
2.095000028610229492e+00 1.814628019928932190e-02
2.100500106811523438e+00 1.811499334871768951e-02
2.105999946594238281e+00 1.808367483317852020e-02
2.111500024795532227e+00 1.805232465267181396e-02
2.117000102996826172e+00 1.802094839513301849e-02
2.122499942779541016e+00 1.798954792320728302e-02
2.128000020980834961e+00 1.795812509953975677e-02
2.133500099182128906e+00 1.792668178677558899e-02
2.138999938964843750e+00 1.789522171020507812e-02
2.144500017166137695e+00 1.786374486982822418e-02
2.150000095367431641e+00 1.783225685358047485e-02
2.155499935150146484e+00 1.780075766146183014e-02
2.161000013351440430e+00 1.776924915611743927e-02
2.166500091552734375e+00 1.773773320019245148e-02
2.171999931335449219e+00 1.770621351897716522e-02
2.177500009536743164e+00 1.767469197511672974e-02
2.183000087738037109e+00 1.764317043125629425e-02
2.188499927520751953e+00 1.761164888739585876e-02
2.194000005722045898e+00 1.758013106882572174e-02
2.199500083923339844e+00 1.754861697554588318e-02
2.204999923706054688e+00 1.751711219549179077e-02
2.210500001907348633e+00 1.748561300337314606e-02
2.216000080108642578e+00 1.745412684977054596e-02
2.221499919891357422e+00 1.742265000939369202e-02
2.226999998092651367e+00 1.739118993282318115e-02
2.232500076293945312e+00 1.735974289476871490e-02
2.237999916076660156e+00 1.732831262052059174e-02
2.243499994277954102e+00 1.729690097272396088e-02
2.249000072479248047e+00 1.726550981402397156e-02
2.254499912261962891e+00 1.723413914442062378e-02
2.259999990463256836e+00 1.720279082655906677e-02
2.265500068664550781e+00 1.717146672308444977e-02
2.270999908447265625e+00 1.714016869664192200e-02
2.276499986648559570e+00 1.710889674723148346e-02
2.282000064849853516e+00 1.707765273749828339e-02
2.287499904632568359e+00 1.704643666744232178e-02
2.292999982833862305e+00 1.701525226235389709e-02
2.298500061035156250e+00 1.698409952223300934e-02
2.303999900817871094e+00 1.695298030972480774e-02
2.309499979019165039e+00 1.692189276218414307e-02
2.315000057220458984e+00 1.689084246754646301e-02
2.320499897003173828e+00 1.685982756316661835e-02
2.325999975204467773e+00 1.682884991168975830e-02
2.331500053405761719e+00 1.679790951311588287e-02
2.336999893188476562e+00 1.676700823009014130e-02
2.342499971389770508e+00 1.673614792525768280e-02
2.348000049591064453e+00 1.670532859861850739e-02
2.353499889373779297e+00 1.667455211281776428e-02
2.358999967575073242e+00 1.664381846785545349e-02
2.364500045776367188e+00 1.661312766373157501e-02
2.369999885559082031e+00 1.658248156309127808e-02
2.375499963760375977e+00 1.655188016593456268e-02
2.381000041961669922e+00 1.652132533490657806e-02
2.386499881744384766e+00 1.649081893265247345e-02
2.391999959945678711e+00 1.646035909652709961e-02
2.397500038146972656e+00 1.642994955182075500e-02
2.403000116348266602e+00 1.639958843588829041e-02
2.408499956130981445e+00 1.636927574872970581e-02
2.414000034332275391e+00 1.633901521563529968e-02
2.419500112533569336e+00 1.630880683660507202e-02
2.424999952316284180e+00 1.627864874899387360e-02
2.430500030517578125e+00 1.624854467809200287e-02
2.436000108718872070e+00 1.621849276125431061e-02
2.441499948501586914e+00 1.618849486112594604e-02
2.447000026702880859e+00 1.615855097770690918e-02
2.452500104904174805e+00 1.612866297364234924e-02
2.457999944686889648e+00 1.609883084893226624e-02
2.463500022888183594e+00 1.606905274093151093e-02
2.469000101089477539e+00 1.603933237493038177e-02
2.474499940872192383e+00 1.600966975092887878e-02
2.480000019073486328e+00 1.598006300628185272e-02
2.485500097274780273e+00 1.595051586627960205e-02
2.490999937057495117e+00 1.592102646827697754e-02
2.496500015258789062e+00 1.589159481227397919e-02
2.502000093460083008e+00 1.586222462356090546e-02
2.507499933242797852e+00 1.583291217684745789e-02
2.513000011444091797e+00 1.580365933477878571e-02
2.518500089645385742e+00 1.577446796000003815e-02
2.523999929428100586e+00 1.574533805251121521e-02
2.529500007629394531e+00 1.571626774966716766e-02
2.535000085830688477e+00 1.568726077675819397e-02
2.540499925613403320e+00 1.565831340849399567e-02
2.546000003814697266e+00 1.562942937016487122e-02
2.551500082015991211e+00 1.560060773044824600e-02
2.556999921798706055e+00 1.557184848934412003e-02
2.562500000000000000e+00 1.554315257817506790e-02
2.568000078201293945e+00 1.551451999694108963e-02
2.573499917984008789e+00 1.548595074564218521e-02
2.578999996185302734e+00 1.545744482427835464e-02
2.584500074386596680e+00 1.542900316417217255e-02
2.589999914169311523e+00 1.540062576532363892e-02
2.595499992370605469e+00 1.537231262773275375e-02
2.601000070571899414e+00 1.534406375139951706e-02
2.606499910354614258e+00 1.531588006764650345e-02
2.611999988555908203e+00 1.528776064515113831e-02
2.617500066757202148e+00 1.525970734655857086e-02
2.622999906539916992e+00 1.523171924054622650e-02
2.628499984741210938e+00 1.520379725843667984e-02
2.634000062942504883e+00 1.517593953758478165e-02
2.639499902725219727e+00 1.514814887195825577e-02
2.644999980926513672e+00 1.512042246758937836e-02
2.650500059127807617e+00 1.509276404976844788e-02
2.655999898910522461e+00 1.506517082452774048e-02
2.661499977111816406e+00 1.503764372318983078e-02
2.667000055313110352e+00 1.501018367707729340e-02
2.672499895095825195e+00 1.498278975486755371e-02
2.677999973297119141e+00 1.495546288788318634e-02
2.683500051498413086e+00 1.492820214480161667e-02
2.688999891281127930e+00 1.490100845694541931e-02
2.694499969482421875e+00 1.487388089299201965e-02
2.700000047683715820e+00 1.484682131558656693e-02
2.705499887466430664e+00 1.481982786208391190e-02
2.710999965667724609e+00 1.479290146380662918e-02
2.716500043869018555e+00 1.476604212075471878e-02
2.721999883651733398e+00 1.473924983292818069e-02
2.727499961853027344e+00 1.471252460032701492e-02
2.733000040054321289e+00 1.468586735427379608e-02
2.738500118255615234e+00 1.465927623212337494e-02
2.743999958038330078e+00 1.463275309652090073e-02
2.749500036239624023e+00 1.460629608482122421e-02
2.755000114440917969e+00 1.457990705966949463e-02
2.760499954223632812e+00 1.455358508974313736e-02
2.766000032424926758e+00 1.452733017504215240e-02
2.771500110626220703e+00 1.450114231556653976e-02
2.776999950408935547e+00 1.447502151131629944e-02
2.782500028610229492e+00 1.444896869361400604e-02
2.788000106811523438e+00 1.442298199981451035e-02
2.793499946594238281e+00 1.439706329256296158e-02
2.799000024795532227e+00 1.437121070921421051e-02
2.804500102996826172e+00 1.434542611241340637e-02
2.809999942779541016e+00 1.431970763951539993e-02
2.815500020980834961e+00 1.429405622184276581e-02
2.821000099182128906e+00 1.426847185939550400e-02
2.826499938964843750e+00 1.424295455217361450e-02
2.832000017166137695e+00 1.421750336885452271e-02
2.837500095367431641e+00 1.419211924076080322e-02
2.842999935150146484e+00 1.416680216789245605e-02
2.848500013351440430e+00 1.414155121892690659e-02
2.854000091552734375e+00 1.411636732518672943e-02
2.859499931335449219e+00 1.409124955534934998e-02
2.865000009536743164e+00 1.406619790941476822e-02
2.870500087738037109e+00 1.404121238738298416e-02
2.875999927520751953e+00 1.401629392057657242e-02
2.881500005722045898e+00 1.399144064635038376e-02
2.887000083923339844e+00 1.396665349602699280e-02
2.892499923706054688e+00 1.394193246960639954e-02
2.898000001907348633e+00 1.391727756708860397e-02
2.903500080108642578e+00 1.389268878847360611e-02
2.908999919891357422e+00 1.386816427111625671e-02
2.914499998092651367e+00 1.384370680898427963e-02
2.920000076293945312e+00 1.381931360810995102e-02
2.925499916076660156e+00 1.379498653113842010e-02
2.930999994277954102e+00 1.377072464674711227e-02
2.936500072479248047e+00 1.374652702361345291e-02
2.941999912261962891e+00 1.372239552438259125e-02
2.947499990463256836e+00 1.369832828640937805e-02
2.953000068664550781e+00 1.367432624101638794e-02
2.958499908447265625e+00 1.365038845688104630e-02
2.963999986648559570e+00 1.362651493400335312e-02
2.969500064849853516e+00 1.360270660370588303e-02
2.974999904632568359e+00 1.357896160334348679e-02
2.980499982833862305e+00 1.355528179556131363e-02
2.986000061035156250e+00 1.353166531771421432e-02
2.991499900817871094e+00 1.350811310112476349e-02
2.996999979019165039e+00 1.348462421447038651e-02
3.002500057220458984e+00 1.346119958907365799e-02
3.007999897003173828e+00 1.343783736228942871e-02
3.013499975204467773e+00 1.341453939676284790e-02
3.019000053405761719e+00 1.339130476117134094e-02
3.024499893188476562e+00 1.336813252419233322e-02
3.029999971389770508e+00 1.334502361714839935e-02
3.035500049591064453e+00 1.332197710871696472e-02
3.040999889373779297e+00 1.329899393022060394e-02
3.046499967575073242e+00 1.327607315033674240e-02
3.052000045776367188e+00 1.325321383774280548e-02
3.057499885559082031e+00 1.323041785508394241e-02
3.062999963760375977e+00 1.320768333971500397e-02
3.068500041961669922e+00 1.318501122295856476e-02
3.073999881744384766e+00 1.316239964216947556e-02
3.079499959945678711e+00 1.313985139131546021e-02
3.085000038146972656e+00 1.311736367642879486e-02
3.090500116348266602e+00 1.309493742883205414e-02
3.095999956130981445e+00 1.307257171720266342e-02
3.101500034332275391e+00 1.305026747286319733e-02
3.107000112533569336e+00 1.302802376449108124e-02
3.112499952316284180e+00 1.300584152340888977e-02
3.118000030517578125e+00 1.298371888697147369e-02
3.123500108718872070e+00 1.296165771782398224e-02
3.128999948501586914e+00 1.293965615332126617e-02
3.134500026702880859e+00 1.291771419346332550e-02
3.140000104904174805e+00 1.289583183825016022e-02
3.145499944686889648e+00 1.287401001900434494e-02
3.151000022888183594e+00 1.285224780440330505e-02
3.156500101089477539e+00 1.283054426312446594e-02
3.161999940872192383e+00 1.280890125781297684e-02
3.167500019073486328e+00 1.278731599450111389e-02
3.173000097274780273e+00 1.276579033583402634e-02
3.178499937057495117e+00 1.274432241916656494e-02
3.184000015258789062e+00 1.272291410714387894e-02
3.189500093460083008e+00 1.270156446844339371e-02
3.194999933242797852e+00 1.268027257174253464e-02
3.200500011444091797e+00 1.265903841704130173e-02
3.206000089645385742e+00 1.263786200433969498e-02
3.211499929428100586e+00 1.261674426496028900e-02
3.217000007629394531e+00 1.259568333625793457e-02
3.222500085830688477e+00 1.257468014955520630e-02
3.227999925613403320e+00 1.255373377352952957e-02
3.233500003814697266e+00 1.253284513950347900e-02
3.239000082015991211e+00 1.251201331615447998e-02
3.244499921798706055e+00 1.249123737215995789e-02
3.250000000000000000e+00 1.247051917016506195e-02
3.255500078201293945e+00 1.244985684752464294e-02
3.260999917984008789e+00 1.242925040423870087e-02
3.266499996185302734e+00 1.240869984030723572e-02
3.272000074386596680e+00 1.238820608705282211e-02
3.277499914169311523e+00 1.236776728183031082e-02
3.282999992370605469e+00 1.234738435596227646e-02
3.288500070571899414e+00 1.232705637812614441e-02
3.293999910354614258e+00 1.230678427964448929e-02
3.299499988555908203e+00 1.228656619787216187e-02
3.305000066757202148e+00 1.226640399545431137e-02
3.310499906539916992e+00 1.224629580974578857e-02
3.315999984741210938e+00 1.222624257206916809e-02
3.321500062942504883e+00 1.220624428242444992e-02
3.326999902725219727e+00 1.218629907816648483e-02
3.332499980926513672e+00 1.216640789061784744e-02
3.338000059127807617e+00 1.214657165110111237e-02
3.343499898910522461e+00 1.212678756564855576e-02
3.348999977111816406e+00 1.210705842822790146e-02
3.354500055313110352e+00 1.208738144487142563e-02
3.359999895095825195e+00 1.206775847822427750e-02
3.365499973297119141e+00 1.204818766564130783e-02
3.371000051498413086e+00 1.202867086976766586e-02
3.376499891281127930e+00 1.200920529663562775e-02
3.381999969482421875e+00 1.198979374021291733e-02
3.387500047683715820e+00 1.197043340653181076e-02
3.392999887466430664e+00 1.195112522691488266e-02
3.398499965667724609e+00 1.193186920136213303e-02
3.404000043869018555e+00 1.191266532987356186e-02
3.409499883651733398e+00 1.189351268112659454e-02
3.414999961853027344e+00 1.187441125512123108e-02
3.420500040054321289e+00 1.185536198318004608e-02
3.426000118255615234e+00 1.183636300265789032e-02
3.431499958038330078e+00 1.181741617619991302e-02
3.437000036239624023e+00 1.179851870983839035e-02
3.442500114440917969e+00 1.177967246621847153e-02
3.447999954223632812e+00 1.176087744534015656e-02
3.453500032424926758e+00 1.174213178455829620e-02
3.459000110626220703e+00 1.172343641519546509e-02
3.464499950408935547e+00 1.170479133725166321e-02
3.470000028610229492e+00 1.168619561940431595e-02
3.475500106811523438e+00 1.166764926165342331e-02
3.480999946594238281e+00 1.164915319532155991e-02
3.486500024795532227e+00 1.163070648908615112e-02
3.492000102996826172e+00 1.161230821162462234e-02
3.497499942779541016e+00 1.159395929425954819e-02
3.503000020980834961e+00 1.157565880566835403e-02
3.508500099182128906e+00 1.155740767717361450e-02
3.513999938964843750e+00 1.153920497745275497e-02
3.519500017166137695e+00 1.152104977518320084e-02
3.525000095367431641e+00 1.150294300168752670e-02
3.530499935150146484e+00 1.148488465696573257e-02
3.536000013351440430e+00 1.146687380969524384e-02
3.541500091552734375e+00 1.144891139119863510e-02
3.546999931335449219e+00 1.143099553883075714e-02
3.552500009536743164e+00 1.141312718391418457e-02
3.558000087738037109e+00 1.139530632644891739e-02
3.563499927520751953e+00 1.137753296643495560e-02
3.569000005722045898e+00 1.135980524122714996e-02
3.574500083923339844e+00 1.134212501347064972e-02
3.579999923706054688e+00 1.132449135184288025e-02
3.585500001907348633e+00 1.130690425634384155e-02
3.591000080108642578e+00 1.128936279565095901e-02
3.596499919891357422e+00 1.127186790108680725e-02
3.601999998092651367e+00 1.125441864132881165e-02
3.607500076293945312e+00 1.123701501637697220e-02
3.612999916076660156e+00 1.121965795755386353e-02
3.618499994277954102e+00 1.120234560221433640e-02
3.624000072479248047e+00 1.118507888168096542e-02
3.629499912261962891e+00 1.116785686463117599e-02
3.634999990463256836e+00 1.115067955106496811e-02
3.640500068664550781e+00 1.113354787230491638e-02
3.645999908447265625e+00 1.111645996570587158e-02
3.651499986648559570e+00 1.109941769391298294e-02
3.657000064849853516e+00 1.108241919428110123e-02
3.662499904632568359e+00 1.106546539813280106e-02
3.667999982833862305e+00 1.104855444282293320e-02
3.673500061035156250e+00 1.103168819099664688e-02
3.678999900817871094e+00 1.101486664265394211e-02
3.684499979019165039e+00 1.099808700382709503e-02
3.690000057220458984e+00 1.098135206848382950e-02
3.695499897003173828e+00 1.096465997397899628e-02
3.700999975204467773e+00 1.094801072031259537e-02
3.706500053405761719e+00 1.093140523880720139e-02
3.711999893188476562e+00 1.091484259814023972e-02
3.717499971389770508e+00 1.089832186698913574e-02
3.723000049591064453e+00 1.088184490799903870e-02
3.728499889373779297e+00 1.086540892720222473e-02
3.733999967575073242e+00 1.084901671856641769e-02
3.739500045776367188e+00 1.083266548812389374e-02
3.744999885559082031e+00 1.081635709851980209e-02
3.750499963760375977e+00 1.080008968710899353e-02
3.756000041961669922e+00 1.078386418521404266e-02
3.761499881744384766e+00 1.076768059283494949e-02
3.766999959945678711e+00 1.075153797864913940e-02
3.772500038146972656e+00 1.073543727397918701e-02
3.778000116348266602e+00 1.071937754750251770e-02
3.783499956130981445e+00 1.070335786789655685e-02
3.789000034332275391e+00 1.068738009780645370e-02
3.794500112533569336e+00 1.067144330590963364e-02
3.799999952316284180e+00 1.065554562956094742e-02
3.805500030517578125e+00 1.063968986272811890e-02
3.811000108718872070e+00 1.062387321144342422e-02
3.816499948501586914e+00 1.060809753835201263e-02
3.822000026702880859e+00 1.059236098080873489e-02
3.827500104904174805e+00 1.057666540145874023e-02
3.832999944686889648e+00 1.056100893765687943e-02
3.838500022888183594e+00 1.054539158940315247e-02
3.844000101089477539e+00 1.052981428802013397e-02
3.849499940872192383e+00 1.051427610218524933e-02
3.855000019073486328e+00 1.049877703189849854e-02
3.860500097274780273e+00 1.048331707715988159e-02
3.865999937057495117e+00 1.046789623796939850e-02
3.871500015258789062e+00 1.045251358300447464e-02
3.877000093460083008e+00 1.043717004358768463e-02
3.882499933242797852e+00 1.042186468839645386e-02
3.888000011444091797e+00 1.040659844875335693e-02
3.893500089645385742e+00 1.039136946201324463e-02
3.898999929428100586e+00 1.037617959082126617e-02
3.904500007629394531e+00 1.036102697253227234e-02
3.910000085830688477e+00 1.034591160714626312e-02
3.915499925613403320e+00 1.033083535730838776e-02
3.921000003814697266e+00 1.031579542905092239e-02
3.926500082015991211e+00 1.030079368501901627e-02
3.931999921798706055e+00 1.028582919389009476e-02
3.937500000000000000e+00 1.027090102434158325e-02
3.943000078201293945e+00 1.025601103901863098e-02
3.948499917984008789e+00 1.024115737527608871e-02
3.953999996185302734e+00 1.022634096443653107e-02
3.959500074386596680e+00 1.021156087517738342e-02
3.964999914169311523e+00 1.019681710749864578e-02
3.970499992370605469e+00 1.018210966140031815e-02
3.976000070571899414e+00 1.016743946820497513e-02
3.981499910354614258e+00 1.015280466526746750e-02
3.986999988555908203e+00 1.013820618391036987e-02
3.992500066757202148e+00 1.012364309281110764e-02
3.997999906539916992e+00 1.010911632329225540e-02
4.003499984741210938e+00 1.009462494403123856e-02
4.008999824523925781e+00 1.008016895502805710e-02
4.014500141143798828e+00 1.006574928760528564e-02
4.019999980926513672e+00 1.005136407911777496e-02
4.025499820709228516e+00 1.003701426088809967e-02
4.031000137329101562e+00 1.002269890159368515e-02
4.036499977111816406e+00 1.000841893255710602e-02
4.041999816894531250e+00 9.994174353778362274e-03
4.047500133514404297e+00 9.979964233934879303e-03
4.052999973297119141e+00 9.965788573026657104e-03
4.058499813079833984e+00 9.951646439731121063e-03
4.064000129699707031e+00 9.937539696693420410e-03
4.069499969482421875e+00 9.923466481268405914e-03
4.074999809265136719e+00 9.909427724778652191e-03
4.080500125885009766e+00 9.895423427224159241e-03
4.085999965667724609e+00 9.881452657282352448e-03
4.091499805450439453e+00 9.867515414953231812e-03
4.097000122070312500e+00 9.853611700236797333e-03
4.102499961853027344e+00 9.839741513133049011e-03
4.107999801635742188e+00 9.825904853641986847e-03
4.113500118255615234e+00 9.812101721763610840e-03
4.118999958038330078e+00 9.798331186175346375e-03
4.124499797821044922e+00 9.784594178199768066e-03
4.130000114440917969e+00 9.770889766514301300e-03
4.135499954223632812e+00 9.757218882441520691e-03
4.140999794006347656e+00 9.743579663336277008e-03
4.146500110626220703e+00 9.729973971843719482e-03
4.151999950408935547e+00 9.716399945318698883e-03
4.157499790191650391e+00 9.702859446406364441e-03
4.163000106811523438e+00 9.689349681138992310e-03
4.168499946594238281e+00 9.675873443484306335e-03
4.173999786376953125e+00 9.662428870797157288e-03
4.179500102996826172e+00 9.649015963077545166e-03
4.184999942779541016e+00 9.635634720325469971e-03
4.190499782562255859e+00 9.622285142540931702e-03
4.196000099182128906e+00 9.608968161046504974e-03
4.201499938964843750e+00 9.595681913197040558e-03
4.206999778747558594e+00 9.582426398992538452e-03
4.212500095367431641e+00 9.569203481078147888e-03
4.217999935150146484e+00 9.556011296808719635e-03
4.223499774932861328e+00 9.542849846184253693e-03
4.229000091552734375e+00 9.529719129204750061e-03
4.234499931335449219e+00 9.516620077192783356e-03
4.239999771118164062e+00 9.503550827503204346e-03
4.245500087738037109e+00 9.490513242781162262e-03
4.250999927520751953e+00 9.477505460381507874e-03
4.256499767303466797e+00 9.464528411626815796e-03
4.262000083923339844e+00 9.451582096517086029e-03
4.267499923706054688e+00 9.438665583729743958e-03
4.272999763488769531e+00 9.425778873264789581e-03
4.278500080108642578e+00 9.412922896444797516e-03
4.283999919891357422e+00 9.400096721947193146e-03
4.289500236511230469e+00 9.387300349771976471e-03
4.295000076293945312e+00 9.374532848596572876e-03
4.300499916076660156e+00 9.361796081066131592e-03
4.306000232696533203e+00 9.349088184535503387e-03
4.311500072479248047e+00 9.336410090327262878e-03
4.316999912261962891e+00 9.323760867118835449e-03
4.322500228881835938e+00 9.311141446232795715e-03
4.328000068664550781e+00 9.298550896346569061e-03
4.333499908447265625e+00 9.285989217460155487e-03
4.339000225067138672e+00 9.273457340896129608e-03
4.344500064849853516e+00 9.260953404009342194e-03
4.349999904632568359e+00 9.248478338122367859e-03
4.355500221252441406e+00 9.236032143235206604e-03
4.361000061035156250e+00 9.223613888025283813e-03
4.366499900817871094e+00 9.211224503815174103e-03
4.372000217437744141e+00 9.198863990604877472e-03
4.377500057220458984e+00 9.186530485749244690e-03
4.382999897003173828e+00 9.174225851893424988e-03
4.388500213623046875e+00 9.161950089037418365e-03
4.394000053405761719e+00 9.149701334536075592e-03
4.399499893188476562e+00 9.137480519711971283e-03
4.405000209808349609e+00 9.125287644565105438e-03
4.410500049591064453e+00 9.113122709095478058e-03
4.415999889373779297e+00 9.100984781980514526e-03
4.421500205993652344e+00 9.088874794542789459e-03
4.427000045776367188e+00 9.076791815459728241e-03
4.432499885559082031e+00 9.064736776053905487e-03
4.438000202178955078e+00 9.052708745002746582e-03
4.443500041961669922e+00 9.040707722306251526e-03
4.448999881744384766e+00 9.028733707964420319e-03
4.454500198364257812e+00 9.016786701977252960e-03
4.460000038146972656e+00 9.004866704344749451e-03
4.465499877929687500e+00 8.992973715066909790e-03
4.471000194549560547e+00 8.981106802821159363e-03
4.476500034332275391e+00 8.969266898930072784e-03
4.481999874114990234e+00 8.957454003393650055e-03
4.487500190734863281e+00 8.945666253566741943e-03
4.493000030517578125e+00 8.933905512094497681e-03
4.498499870300292969e+00 8.922171778976917267e-03
4.504000186920166016e+00 8.910463191568851471e-03
4.509500026702880859e+00 8.898780681192874908e-03
4.514999866485595703e+00 8.887125179171562195e-03
4.520500183105468750e+00 8.875494822859764099e-03
4.526000022888183594e+00 8.863890543580055237e-03
4.531499862670898438e+00 8.852311410009860992e-03
4.537000179290771484e+00 8.840758353471755981e-03
4.542500019073486328e+00 8.829231373965740204e-03
4.547999858856201172e+00 8.817729540169239044e-03
4.553500175476074219e+00 8.806252852082252502e-03
4.559000015258789062e+00 8.794801309704780579e-03
4.564499855041503906e+00 8.783374913036823273e-03
4.570000171661376953e+00 8.771974593400955200e-03
4.575500011444091797e+00 8.760598488152027130e-03
4.580999851226806641e+00 8.749247528612613678e-03
4.586500167846679688e+00 8.737921714782714844e-03
4.592000007629394531e+00 8.726621046662330627e-03
4.597499847412109375e+00 8.715344592928886414e-03
4.603000164031982422e+00 8.704093284904956818e-03
4.608500003814697266e+00 8.692866191267967224e-03
4.613999843597412109e+00 8.681663312017917633e-03
4.619500160217285156e+00 8.670485578477382660e-03
4.625000000000000000e+00 8.659331128001213074e-03
4.630499839782714844e+00 8.648201823234558105e-03
4.636000156402587891e+00 8.637096732854843140e-03
4.641499996185302734e+00 8.626014925539493561e-03
4.646999835968017578e+00 8.614958263933658600e-03
4.652500152587890625e+00 8.603924885392189026e-03
4.657999992370605469e+00 8.592915721237659454e-03
4.663499832153320312e+00 8.581929840147495270e-03
4.669000148773193359e+00 8.570968173444271088e-03
4.674499988555908203e+00 8.560029789805412292e-03
4.679999828338623047e+00 8.549115620553493500e-03
4.685500144958496094e+00 8.538223803043365479e-03
4.690999984741210938e+00 8.527356199920177460e-03
4.696499824523925781e+00 8.516511879861354828e-03
4.702000141143798828e+00 8.505690842866897583e-03
4.707499980926513672e+00 8.494893088936805725e-03
4.712999820709228516e+00 8.484117686748504639e-03
4.718500137329101562e+00 8.473366498947143555e-03
4.723999977111816406e+00 8.462636731564998627e-03
4.729499816894531250e+00 8.451931178569793701e-03
4.735000133514404297e+00 8.441247977316379547e-03
4.740499973297119141e+00 8.430588059127330780e-03
4.745999813079833984e+00 8.419949561357498169e-03
4.751500129699707031e+00 8.409335277974605560e-03
4.756999969482421875e+00 8.398742415010929108e-03
4.762499809265136719e+00 8.388171903789043427e-03
4.768000125885009766e+00 8.377624675631523132e-03
4.773499965667724609e+00 8.367098867893218994e-03
4.778999805450439453e+00 8.356595411896705627e-03
4.784500122070312500e+00 8.346114307641983032e-03
4.789999961853027344e+00 8.335655555129051208e-03
4.795499801635742188e+00 8.325219154357910156e-03
4.801000118255615234e+00 8.314804174005985260e-03
4.806499958038330078e+00 8.304410614073276520e-03
4.811999797821044922e+00 8.294039405882358551e-03
4.817500114440917969e+00 8.283689618110656738e-03
4.822999954223632812e+00 8.273362182080745697e-03
4.828499794006347656e+00 8.263056166470050812e-03
4.834000110626220703e+00 8.252771571278572083e-03
4.839499950408935547e+00 8.242508396506309509e-03
4.844999790191650391e+00 8.232266642153263092e-03
4.850500106811523438e+00 8.222046308219432831e-03
4.855999946594238281e+00 8.211846463382244110e-03
4.861499786376953125e+00 8.201668970286846161e-03
4.867000102996826172e+00 8.191511966288089752e-03
4.872499942779541016e+00 8.181376382708549500e-03
4.877999782562255859e+00 8.171261288225650787e-03
4.883500099182128906e+00 8.161167614161968231e-03
4.888999938964843750e+00 8.151094429194927216e-03
4.894499778747558594e+00 8.141042664647102356e-03
4.900000095367431641e+00 8.131011389195919037e-03
4.905499935150146484e+00 8.121000602841377258e-03
4.910999774932861328e+00 8.111010305583477020e-03
4.916500091552734375e+00 8.101040497422218323e-03
4.921999931335449219e+00 8.091091178357601166e-03
4.927499771118164062e+00 8.081163279712200165e-03
4.933000087738037109e+00 8.071254938840866089e-03
4.938499927520751953e+00 8.061367087066173553e-03
4.943999767303466797e+00 8.051498793065547943e-03
4.949500083923339844e+00 8.041650988161563873e-03
4.954999923706054688e+00 8.031823672354221344e-03
4.960499763488769531e+00 8.022015914320945740e-03
4.966000080108642578e+00 8.012228645384311676e-03
4.971499919891357422e+00 8.002460934221744537e-03
4.977000236511230469e+00 7.992713712155818939e-03
4.982500076293945312e+00 7.982986047863960266e-03
4.987999916076660156e+00 7.973277010023593903e-03
4.993500232696533203e+00 7.963588461279869080e-03
4.999000072479248047e+00 7.953920401632785797e-03
5.004499912261962891e+00 7.944270968437194824e-03
5.010000228881835938e+00 7.934641093015670776e-03
5.015500068664550781e+00 7.925030775368213654e-03
5.020999908447265625e+00 7.915439084172248840e-03
5.026500225067138672e+00 7.905867882072925568e-03
5.032000064849853516e+00 7.896315306425094604e-03
5.037499904632568359e+00 7.886781357228755951e-03
5.043000221252441406e+00 7.877267897129058838e-03
5.048500061035156250e+00 7.867772132158279419e-03
5.053999900817871094e+00 7.858295924961566925e-03
5.059500217437744141e+00 7.848839275538921356e-03
5.065000057220458984e+00 7.839401252567768097e-03
5.070499897003173828e+00 7.829981856048107147e-03
5.076000213623046875e+00 7.820581085979938507e-03
5.081500053405761719e+00 7.811198942363262177e-03
5.086999893188476562e+00 7.801835890859365463e-03
5.092500209808349609e+00 7.792491000145673752e-03
5.098000049591064453e+00 7.783165201544761658e-03
5.103499889373779297e+00 7.773857563734054565e-03
5.109000205993652344e+00 7.764568552374839783e-03
5.114500045776367188e+00 7.755297701805830002e-03
5.119999885559082031e+00 7.746045012027025223e-03
5.125500202178955078e+00 7.736810948699712753e-03
5.131000041961669922e+00 7.727595046162605286e-03
5.136499881744384766e+00 7.718397304415702820e-03
5.142000198364257812e+00 7.709217723459005356e-03
5.147500038146972656e+00 7.700056303292512894e-03
5.152999877929687500e+00 7.690912578254938126e-03
5.158500194549560547e+00 7.681787014007568359e-03
5.164000034332275391e+00 7.672679144889116287e-03
5.169499874114990234e+00 7.663589436560869217e-03
5.175000190734863281e+00 7.654516957700252533e-03
5.180500030517578125e+00 7.645462639629840851e-03
5.185999870300292969e+00 7.636426016688346863e-03
5.191500186920166016e+00 7.627407088875770569e-03
5.197000026702880859e+00 7.618405390530824661e-03
5.202499866485595703e+00 7.609421387314796448e-03
5.208000183105468750e+00 7.600454613566398621e-03
5.213500022888183594e+00 7.591505534946918488e-03
5.218999862670898438e+00 7.582573685795068741e-03
5.224500179290771484e+00 7.573659066110849380e-03
5.230000019073486328e+00 7.564762141555547714e-03
5.235499858856201172e+00 7.555881980806589127e-03
5.241000175476074219e+00 7.547019049525260925e-03
5.246500015258789062e+00 7.538173347711563110e-03
5.251999855041503906e+00 7.529344875365495682e-03
5.257500171661376953e+00 7.520533166825771332e-03
5.263000011444091797e+00 7.511738222092390060e-03
5.268499851226806641e+00 7.502960506826639175e-03
5.274000167846679688e+00 7.494199555367231369e-03
5.279500007629394531e+00 7.485455367714166641e-03
5.284999847412109375e+00 7.476727478206157684e-03
5.290500164031982422e+00 7.468016818165779114e-03
5.296000003814697266e+00 7.459322921931743622e-03
5.301499843597412109e+00 7.450645323842763901e-03
5.307000160217285156e+00 7.441984489560127258e-03
5.312500000000000000e+00 7.433339953422546387e-03
5.317999839782714844e+00 7.424711715430021286e-03
5.323500156402587891e+00 7.416100241243839264e-03
5.328999996185302734e+00 7.407505065202713013e-03
5.334499835968017578e+00 7.398926187306642532e-03
5.340000152587890625e+00 7.390363607555627823e-03
5.345499992370605469e+00 7.381816860288381577e-03
5.350999832153320312e+00 7.373286876827478409e-03
5.356500148773193359e+00 7.364772260189056396e-03
5.361999988555908203e+00 7.356274407356977463e-03
5.367499828338623047e+00 7.347792387008666992e-03
5.373000144958496094e+00 7.339326199144124985e-03
5.378499984741210938e+00 7.330875843763351440e-03
5.383999824523925781e+00 7.322441786527633667e-03
5.389500141143798828e+00 7.314023096114397049e-03
5.394999980926513672e+00 7.305620703846216202e-03
5.400499820709228516e+00 7.297233678400516510e-03
5.406000137329101562e+00 7.288862485438585281e-03
5.411499977111816406e+00 7.280507124960422516e-03
5.416999816894531250e+00 7.272167131304740906e-03
5.422500133514404297e+00 7.263842504471540451e-03
5.427999973297119141e+00 7.255533710122108459e-03
5.433499813079833984e+00 7.247240282595157623e-03
5.439000129699707031e+00 7.238962221890687943e-03
5.444499969482421875e+00 7.230699993669986725e-03
5.449999809265136719e+00 7.222452666610479355e-03
5.455500125885009766e+00 7.214220706373453140e-03
5.460999965667724609e+00 7.206004112958908081e-03
5.466499805450439453e+00 7.197802420705556870e-03
5.472000122070312500e+00 7.189616095274686813e-03
5.477499961853027344e+00 7.181445136666297913e-03
5.482999801635742188e+00 7.173288613557815552e-03
5.488500118255615234e+00 7.165147457271814346e-03
5.493999958038330078e+00 7.157021667808294296e-03
5.499499797821044922e+00 7.148910313844680786e-03
5.505000114440917969e+00 7.140814326703548431e-03
5.510499954223632812e+00 7.132732775062322617e-03
5.515999794006347656e+00 7.124666124582290649e-03
5.521500110626220703e+00 7.116614375263452530e-03
5.526999950408935547e+00 7.108577061444520950e-03
5.532499790191650391e+00 7.100554648786783218e-03
5.538000106811523438e+00 7.092547137290239334e-03
5.543499946594238281e+00 7.084554061293601990e-03
5.548999786376953125e+00 7.076575420796871185e-03
5.554500102996826172e+00 7.068611215800046921e-03
5.559999942779541016e+00 7.060661911964416504e-03
5.565499782562255859e+00 7.052726577967405319e-03
5.571000099182128906e+00 7.044806145131587982e-03
5.576499938964843750e+00 7.036899682134389877e-03
5.581999778747558594e+00 7.029007654637098312e-03
5.587500095367431641e+00 7.021129596978425980e-03
5.592999935150146484e+00 7.013266440480947495e-03
5.598499774932861328e+00 7.005416788160800934e-03
5.604000091552734375e+00 6.997582037001848221e-03
5.609499931335449219e+00 6.989760790020227432e-03
5.614999771118164062e+00 6.981953978538513184e-03
5.620500087738037109e+00 6.974160671234130859e-03
5.625999927520751953e+00 6.966381799429655075e-03
5.631499767303466797e+00 6.958616897463798523e-03
5.637000083923339844e+00 6.950865965336561203e-03
5.642499923706054688e+00 6.943128537386655807e-03
5.647999763488769531e+00 6.935405544936656952e-03
5.653500080108642578e+00 6.927695591002702713e-03
5.658999919891357422e+00 6.920000072568655014e-03
5.664500236511230469e+00 6.912318058311939240e-03
5.670000076293945312e+00 6.904649548232555389e-03
5.675499916076660156e+00 6.896995007991790771e-03
5.681000232696533203e+00 6.889353971928358078e-03
5.686500072479248047e+00 6.881726440042257309e-03
5.691999912261962891e+00 6.874112412333488464e-03
5.697500228881835938e+00 6.866511888802051544e-03
5.703000068664550781e+00 6.858924869447946548e-03
5.708499908447265625e+00 6.851350888609886169e-03
5.714000225067138672e+00 6.843790877610445023e-03
5.719500064849853516e+00 6.836243905127048492e-03
5.724999904632568359e+00 6.828710436820983887e-03
5.730500221252441406e+00 6.821190007030963898e-03
5.736000061035156250e+00 6.813683081418275833e-03
5.741499900817871094e+00 6.806189194321632385e-03
5.747000217437744141e+00 6.798708345741033554e-03
5.752500057220458984e+00 6.791241001337766647e-03
5.757999897003173828e+00 6.783786229789257050e-03
5.763500213623046875e+00 6.776344962418079376e-03
5.769000053405761719e+00 6.768916733562946320e-03
5.774499893188476562e+00 6.761501077562570572e-03
5.780000209808349609e+00 6.754098460078239441e-03
5.785500049591064453e+00 6.746708881109952927e-03
5.790999889373779297e+00 6.739332340657711029e-03
5.796500205993652344e+00 6.731968373060226440e-03
5.802000045776367188e+00 6.724617443978786469e-03
5.807499885559082031e+00 6.717279087752103806e-03
5.813000202178955078e+00 6.709953770041465759e-03
5.818500041961669922e+00 6.702640559524297714e-03
5.823999881744384766e+00 6.695340387523174286e-03
5.829500198364257812e+00 6.688052788376808167e-03
5.835000038146972656e+00 6.680778227746486664e-03
5.840499877929687500e+00 6.673515774309635162e-03
5.846000194549560547e+00 6.666265893727540970e-03
5.851500034332275391e+00 6.659028586000204086e-03
5.856999874114990234e+00 6.651803385466337204e-03
5.862500190734863281e+00 6.644591223448514938e-03
5.868000030517578125e+00 6.637390702962875366e-03
5.873499870300292969e+00 6.630203220993280411e-03
5.879000186920166016e+00 6.623027846217155457e-03
5.884500026702880859e+00 6.615864578634500504e-03
5.889999866485595703e+00 6.608713883906602859e-03
5.895500183105468750e+00 6.601575296372175217e-03
5.901000022888183594e+00 6.594448816031217575e-03
5.906499862670898438e+00 6.587334442883729935e-03
5.912000179290771484e+00 6.580232176929712296e-03
5.917500019073486328e+00 6.573142018169164658e-03
5.922999858856201172e+00 6.566063966602087021e-03
5.928500175476074219e+00 6.558998022228479385e-03
5.934000015258789062e+00 6.551944185048341751e-03
5.939499855041503906e+00 6.544901989400386810e-03
5.945000171661376953e+00 6.537871900945901871e-03
5.950500011444091797e+00 6.530853919684886932e-03
5.955999851226806641e+00 6.523847579956054688e-03
5.961500167846679688e+00 6.516852881759405136e-03
5.967000007629394531e+00 6.509870290756225586e-03
5.972499847412109375e+00 6.502899341285228729e-03
5.978000164031982422e+00 6.495940033346414566e-03
5.983500003814697266e+00 6.488992832601070404e-03
5.988999843597412109e+00 6.482056807726621628e-03
5.994500160217285156e+00 6.475132890045642853e-03
6.000000000000000000e+00 6.468220148235559464e-03
