1.659999999999999920e+00 2.277411497065909285e-01
1.662784509018035983e+00 2.328416345983371771e-01
1.665569018036072046e+00 2.379835508649063569e-01
1.668353527054108110e+00 2.414868516380213603e-01
1.671138036072144173e+00 2.430749578814949963e-01
1.673922545090180236e+00 2.442645797060658819e-01
1.676707054108216299e+00 2.447942357932686164e-01
1.679491563126252363e+00 2.453094136772912548e-01
1.682276072144288426e+00 2.447528420637782864e-01
1.685060581162324489e+00 2.439653111995639112e-01
1.687845090180360552e+00 2.429916853703907587e-01
1.690629599198396615e+00 2.422849645830431886e-01
1.693414108216432901e+00 2.419601176644340379e-01
1.696198617234468964e+00 2.418105627465189367e-01
1.698983126252505027e+00 2.420603903082061137e-01
1.701767635270541090e+00 2.431834161568160735e-01
1.704552144288577153e+00 2.443963511575565906e-01
1.707336653306613217e+00 2.459523655636422224e-01
1.710121162324649280e+00 2.475134945240340389e-01
1.712905671342685343e+00 2.497726602858361400e-01
1.715690180360721406e+00 2.522898991346224085e-01
1.718474689378757470e+00 2.550736599831486817e-01
1.721259198396793533e+00 2.578925522572891871e-01
1.724043707414829596e+00 2.610866538287699434e-01
1.726828216432865659e+00 2.647086766120861356e-01
1.729612725450901722e+00 2.683452068523756173e-01
1.732397234468937786e+00 2.719427772315951009e-01
1.735181743486973849e+00 2.765353622778544129e-01
1.737966252505009912e+00 2.811674565753621291e-01
1.740750761523045975e+00 2.852895397428792390e-01
1.743535270541082038e+00 2.886388990155027701e-01
1.746319779559118102e+00 2.920301760448762440e-01
1.749104288577154165e+00 2.954237145133529752e-01
1.751888797595190228e+00 2.987245704236621280e-01
1.754673306613226291e+00 3.015697303310060917e-01
1.757457815631262354e+00 3.044459099438852068e-01
1.760242324649298418e+00 3.071464044524490622e-01
1.763026833667334703e+00 3.096316546301765560e-01
1.765811342685370766e+00 3.113021737992947013e-01
1.768595851703406829e+00 3.127678936835016077e-01
1.771380360721442893e+00 3.140891626768947953e-01
1.774164869739478956e+00 3.148570283345755172e-01
1.776949378757515019e+00 3.156256996799943759e-01
1.779733887775551082e+00 3.163056649251695385e-01
1.782518396793587145e+00 3.169644363702597833e-01
1.785302905811623209e+00 3.175345500431731027e-01
1.788087414829659272e+00 3.171031847609109833e-01
1.790871923847695335e+00 3.169482411416919554e-01
1.793656432865731398e+00 3.172582568359419986e-01
1.796440941883767461e+00 3.175670187208909923e-01
1.799225450901803525e+00 3.178858650833458199e-01
1.802009959919839588e+00 3.162691410231042721e-01
1.804794468937875651e+00 3.141144178109523954e-01
1.807578977955911714e+00 3.124986533010797318e-01
1.810363486973947778e+00 3.108792142680302240e-01
1.813147995991983841e+00 3.096280783387347912e-01
1.815932505010019904e+00 3.085494169303770184e-01
1.818717014028055967e+00 3.074579239136027708e-01
1.821501523046092030e+00 3.065309674240436766e-01
1.824286032064128094e+00 3.061126774610747892e-01
1.827070541082164379e+00 3.056757598629979977e-01
1.829855050100200220e+00 3.057337918814925226e-01
1.832639559118236505e+00 3.061201978819536595e-01
1.835424068136272568e+00 3.061962387908571670e-01
1.838208577154308632e+00 3.062775441738519455e-01
1.840993086172344695e+00 3.063732110188090441e-01
1.843777595190380758e+00 3.068258895791949881e-01
1.846562104208416821e+00 3.076066934182036805e-01
1.849346613226452885e+00 3.083786497655279790e-01
1.852131122244488948e+00 3.113518065055712047e-01
1.854915631262525011e+00 3.151851303988607023e-01
1.857700140280561074e+00 3.194835118535075402e-01
1.860484649298597137e+00 3.236845865181070536e-01
1.863269158316633201e+00 3.269321683469025297e-01
1.866053667334669264e+00 3.303529312279007701e-01
1.868838176352705327e+00 3.338347335365480784e-01
1.871622685370741390e+00 3.373832718951998988e-01
1.874407194388777453e+00 3.408637998681588455e-01
1.877191703406813517e+00 3.440505473659575264e-01
1.879976212424849580e+00 3.469474566916856406e-01
1.882760721442885643e+00 3.498535384541073268e-01
1.885545230460921706e+00 3.527454365754090770e-01
1.888329739478957769e+00 3.552441733215720432e-01
1.891114248496993833e+00 3.577727799590920132e-01
1.893898757515029896e+00 3.602980615886316462e-01
1.896683266533066181e+00 3.627731434666255361e-01
1.899467775551102022e+00 3.652537377678942709e-01
1.902252284569138308e+00 3.672454983588840927e-01
1.905036793587174371e+00 3.689068393564461923e-01
1.907821302605210434e+00 3.705657800826045456e-01
1.910605811623246497e+00 3.721874457318056773e-01
1.913390320641282560e+00 3.737655303850556665e-01
1.916174829659318624e+00 3.753608902127124614e-01
1.918959338677354687e+00 3.771094259967618378e-01
1.921743847695390750e+00 3.788682676649063330e-01
1.924528356713426813e+00 3.807248257212291209e-01
1.927312865731462876e+00 3.827223297431966431e-01
1.930097374749498940e+00 3.847283444364381633e-01
1.932881883767535003e+00 3.868665316939653431e-01
1.935666392785571066e+00 3.892095515135302053e-01
1.938450901803607129e+00 3.916144794160179021e-01
1.941235410821643192e+00 3.941178985686892844e-01
1.944019919839679256e+00 3.967488140321281942e-01
1.946804428857715319e+00 3.993991675703950084e-01
1.949588937875751382e+00 4.021008497363723344e-01
1.952373446893787445e+00 4.039863141745480557e-01
1.955157955911823509e+00 4.056800174834375161e-01
1.957942464929859572e+00 4.074754183497792392e-01
1.960726973947895857e+00 4.094476793084668165e-01
1.963511482965931698e+00 4.114432595887286825e-01
1.966295991983967983e+00 4.135156719643247047e-01
1.969080501002003825e+00 4.153009656995694243e-01
1.971865010020040110e+00 4.168969095362542454e-01
1.974649519038076173e+00 4.184686314094764881e-01
1.977434028056112236e+00 4.200873404358160257e-01
1.980218537074148299e+00 4.215034420263318871e-01
1.983003046092184363e+00 4.228404457296909280e-01
1.985787555110220426e+00 4.241714792192133321e-01
1.988572064128256489e+00 4.254834742917871782e-01
1.991356573146292552e+00 4.268110081303420622e-01
1.994141082164328616e+00 4.281308514803695564e-01
1.996925591182364679e+00 4.292589459734877377e-01
1.999710100200400742e+00 4.299971913349761587e-01
2.002494609218437027e+00 4.306307370538153823e-01
2.005279118236472868e+00 4.312929514942037690e-01
2.008063627254509154e+00 4.319658681409038747e-01
2.010848136272544995e+00 4.326523739829916670e-01
2.013632645290581280e+00 4.333062866731919871e-01
2.016417154308617121e+00 4.340866134602779369e-01
2.019201663326653406e+00 4.349222607880829927e-01
2.021986172344689248e+00 4.357852861662921407e-01
2.024770681362725533e+00 4.366284817680683439e-01
2.027555190380761374e+00 4.374436599540547643e-01
2.030339699398797659e+00 4.383713858961489906e-01
2.033124208416833500e+00 4.393932600360788698e-01
2.035908717434869786e+00 4.403772391697630684e-01
2.038693226452905627e+00 4.413235324270405324e-01
2.041477735470941912e+00 4.424123205436871764e-01
2.044262244488977753e+00 4.437206825791927822e-01
2.047046753507014039e+00 4.450319198334259374e-01
2.049831262525049880e+00 4.463454415982754386e-01
2.052615771543086165e+00 4.474583055649097307e-01
2.055400280561122006e+00 4.484469639381835071e-01
2.058184789579158291e+00 4.494337804356522414e-01
2.060969298597194133e+00 4.503933823777981904e-01
2.063753807615230418e+00 4.512770190164869244e-01
2.066538316633266703e+00 4.522344529169359806e-01
2.069322825651302544e+00 4.532821531395347381e-01
2.072107334669338385e+00 4.544133539471276184e-01
2.074891843687374671e+00 4.554771675549926235e-01
2.077676352705410956e+00 4.563857281753964101e-01
2.080460861723446797e+00 4.572353198210201142e-01
2.083245370741483082e+00 4.581814821030849583e-01
2.086029879759518924e+00 4.591244684066599357e-01
2.088814388777555209e+00 4.599392141351895669e-01
2.091598897795591050e+00 4.604361131085096814e-01
2.094383406813627335e+00 4.609756353577220134e-01
2.097167915831663176e+00 4.614313299630228293e-01
2.099952424849699462e+00 4.618636506878723846e-01
2.102736933867735303e+00 4.622099068896258767e-01
2.105521442885771588e+00 4.622454331651481008e-01
2.108305951903807429e+00 4.622528395830075576e-01
2.111090460921843714e+00 4.622618757751380536e-01
2.113874969939879556e+00 4.622974534326547147e-01
2.116659478957915841e+00 4.620097836723170981e-01
2.119443987975951682e+00 4.616441588422587339e-01
2.122228496993987967e+00 4.612266359158752604e-01
2.125013006012023808e+00 4.607612409887832383e-01
2.127797515030060094e+00 4.602601600738686072e-01
2.130582024048096379e+00 4.597695659563830750e-01
2.133366533066132220e+00 4.593509767336968475e-01
2.136151042084168061e+00 4.589552647829318599e-01
2.138935551102204347e+00 4.583593180828204883e-01
2.141720060120240632e+00 4.577737020687560054e-01
2.144504569138276473e+00 4.571606080529136418e-01
2.147289078156312758e+00 4.566613241284199765e-01
2.150073587174348599e+00 4.562391703880036009e-01
2.152858096192384885e+00 4.555820144670705285e-01
2.155642605210420726e+00 4.550868190886902531e-01
2.158427114228457011e+00 4.550231564758507874e-01
2.161211623246492852e+00 4.549878381488946522e-01
2.163996132264529138e+00 4.549865452381435249e-01
2.166780641282564979e+00 4.550753830424463242e-01
2.169565150300601264e+00 4.552524716424578011e-01
2.172349659318637105e+00 4.554723024421031830e-01
2.175134168336673390e+00 4.558131834738708976e-01
2.177918677354709232e+00 4.561554247444719601e-01
2.180703186372745517e+00 4.565067739626770260e-01
2.183487695390781358e+00 4.568191474621388637e-01
2.186272204408817643e+00 4.573422811399502352e-01
2.189056713426853484e+00 4.578677725905977991e-01
2.191841222444889770e+00 4.584391931969459266e-01
2.194625731462926055e+00 4.592883255470695536e-01
2.197410240480961896e+00 4.603476814110503690e-01
2.200194749498997737e+00 4.614140108962805908e-01
2.202979258517034022e+00 4.624590242509641902e-01
2.205763767535070308e+00 4.638584648121762966e-01
2.208548276553106149e+00 4.652203977522429423e-01
2.211332785571141990e+00 4.664673153071575706e-01
2.214117294589178275e+00 4.676332222936714356e-01
2.216901803607214561e+00 4.687850168715460564e-01
2.219686312625250402e+00 4.699069811478206460e-01
2.222470821643286687e+00 4.712418368418191950e-01
2.225255330661322528e+00 4.727966504183117591e-01
2.228039839679358813e+00 4.743702860118600428e-01
2.230824348697394655e+00 4.758395024043191035e-01
2.233608857715430940e+00 4.772614200229459147e-01
2.236393366733466781e+00 4.786814304393480213e-01
2.239177875751503066e+00 4.800250455026851548e-01
2.241962384769538907e+00 4.811407283235680232e-01
2.244746893787575193e+00 4.822545657828504750e-01
2.247531402805611034e+00 4.833794705741311648e-01
2.250315911823647319e+00 4.843325621058911512e-01
2.253100420841683160e+00 4.852450333986458864e-01
2.255884929859719445e+00 4.861765477624081511e-01
2.258669438877755731e+00 4.869667664079161407e-01
2.261453947895791572e+00 4.875477876460096449e-01
2.264238456913827413e+00 4.881380616476762579e-01
2.267022965931863698e+00 4.887128339805626442e-01
2.269807474949899984e+00 4.892406373998085534e-01
2.272591983967935825e+00 4.895141810401987814e-01
2.275376492985971666e+00 4.897517731366761162e-01
2.278161002004007951e+00 4.899874341067076977e-01
2.280945511022044236e+00 4.902433273568100325e-01
2.283730020040080078e+00 4.905508911048534482e-01
2.286514529058115919e+00 4.904164902686972138e-01
2.289299038076152204e+00 4.902798071027249516e-01
2.292083547094188489e+00 4.900670376057613131e-01
2.294868056112224330e+00 4.898489636917720547e-01
2.297652565130260616e+00 4.895773308608221130e-01
2.300437074148296457e+00 4.892347306099600335e-01
2.303221583166332742e+00 4.887544253664622418e-01
2.306006092184368583e+00 4.882486704896890073e-01
2.308790601202404869e+00 4.875592205894637710e-01
2.311575110220440710e+00 4.867768179911465265e-01
2.314359619238476995e+00 4.859566007144228150e-01
2.317144128256512836e+00 4.854986182569483999e-01
2.319928637274549121e+00 4.851297204656114803e-01
2.322713146292585407e+00 4.845668044313699019e-01
2.325497655310621248e+00 4.839804335977771488e-01
2.328282164328657089e+00 4.834525774775215168e-01
2.331066673346693374e+00 4.830369735288426170e-01
2.333851182364729659e+00 4.827563288466952818e-01
2.336635691382765501e+00 4.824860330128089569e-01
2.339420200400801342e+00 4.820912126113805485e-01
2.342204709418837627e+00 4.817572674560727797e-01
2.344989218436873912e+00 4.815558472484484653e-01
2.347773727454909753e+00 4.813592566446495136e-01
2.350558236472945595e+00 4.812130743545189326e-01
2.353342745490981880e+00 4.810954808261112547e-01
2.356127254509018165e+00 4.810409539311065741e-01
2.358911763527054006e+00 4.809829688026151517e-01
2.361696272545090292e+00 4.809375485368528325e-01
2.364480781563126133e+00 4.808718936159027679e-01
2.367265290581162418e+00 4.807716364516215757e-01
2.370049799599198259e+00 4.808566424263561179e-01
2.372834308617234544e+00 4.808690368195338016e-01
2.375618817635270386e+00 4.808839221927618257e-01
2.378403326653306671e+00 4.809759624628316410e-01
2.381187835671342512e+00 4.810762371992059472e-01
2.383972344689378797e+00 4.812053947983264135e-01
2.386756853707414638e+00 4.813550111428343548e-01
2.389541362725450924e+00 4.815581855639467501e-01
2.392325871743486765e+00 4.818391935409312432e-01
2.395110380761523050e+00 4.821542511699826727e-01
2.397894889779559335e+00 4.824598747883294680e-01
2.400679398797595177e+00 4.827478590148769899e-01
2.403463907815631018e+00 4.829272033252527407e-01
2.406248416833667303e+00 4.831849120350368287e-01
2.409032925851703588e+00 4.834398681029430933e-01
2.411817434869739429e+00 4.837285542014392314e-01
2.414601943887775271e+00 4.840298240847674682e-01
2.417386452905811556e+00 4.842946838445734703e-01
2.420170961923847841e+00 4.845485065859307383e-01
2.422955470941883682e+00 4.848640398826606357e-01
2.425739979959919967e+00 4.851907881122197730e-01
2.428524488977955809e+00 4.855482681033485570e-01
2.431308997995992094e+00 4.859580961565086454e-01
2.434093507014027935e+00 4.863750507942770640e-01
2.436878016032064220e+00 4.867932335284736456e-01
2.439662525050100061e+00 4.872232154856423469e-01
2.442447034068136347e+00 4.876735951096110022e-01
2.445231543086172188e+00 4.881397275987887641e-01
2.448016052104208473e+00 4.885883049382290788e-01
2.450800561122244314e+00 4.891145848495145332e-01
2.453585070140280600e+00 4.898900884703936143e-01
2.456369579158316441e+00 4.906243336269600075e-01
2.459154088176352726e+00 4.913959561540572341e-01
2.461938597194389011e+00 4.921252872439065840e-01
2.464723106212424852e+00 4.927909257687283495e-01
2.467507615230460694e+00 4.934502377263297879e-01
2.470292124248496979e+00 4.941497094254214684e-01
2.473076633266533264e+00 4.949612210731736961e-01
2.475861142284569105e+00 4.956915547978025249e-01
2.478645651302604946e+00 4.964207499179491556e-01
2.481430160320641232e+00 4.970975634372353791e-01
2.484214669338677517e+00 4.977238116182765570e-01
2.486999178356713358e+00 4.983266621096150151e-01
2.489783687374749199e+00 4.989094904115809470e-01
2.492568196392785485e+00 4.993777673149938368e-01
2.495352705410821770e+00 4.998261952538497477e-01
2.498137214428857611e+00 5.002032273358303360e-01
2.500921723446893896e+00 5.003131798656026419e-01
2.503706232464929737e+00 5.000181405751916719e-01
2.506490741482966023e+00 4.997499436564850073e-01
2.509275250501001864e+00 4.994807253823816406e-01
2.512059759519038149e+00 4.992442280165045321e-01
2.514844268537073990e+00 4.990182372069858485e-01
2.517628777555110275e+00 4.987912509776982195e-01
2.520413286573146117e+00 4.985721697394744356e-01
2.523197795591182402e+00 4.983941391253867703e-01
2.525982304609218687e+00 4.982148957825480728e-01
2.528766813627254528e+00 4.980344037051631645e-01
2.531551322645290369e+00 4.979126092936357884e-01
2.534335831663326655e+00 4.978376165387470853e-01
2.537120340681362940e+00 4.977612820231880342e-01
2.539904849699398781e+00 4.977004049604579761e-01
2.542689358717434622e+00 4.975866826666049958e-01
2.545473867735470908e+00 4.974690450400853781e-01
2.548258376753507193e+00 4.973489218806632084e-01
2.551042885771543034e+00 4.972345661322954968e-01
2.553827394789578875e+00 4.971289973986165456e-01
2.556611903807615160e+00 4.970206128749614649e-01
2.559396412825651446e+00 4.969108042208382758e-01
2.562180921843687287e+00 4.967536474473103203e-01
2.564965430861723572e+00 4.965667958202251708e-01
2.567749939879759413e+00 4.963793620101087378e-01
2.570534448897795698e+00 4.961859886570313405e-01
2.573318957915831540e+00 4.959828993425018373e-01
2.576103466933867825e+00 4.957781158779827613e-01
2.578887975951903666e+00 4.955722745060618384e-01
2.581672484969939951e+00 4.953623474049576592e-01
2.584456993987975792e+00 4.951429761785470784e-01
2.587241503006012078e+00 4.948139624662934999e-01
2.590026012024047919e+00 4.944849179833558095e-01
2.592810521042084204e+00 4.941582214636274784e-01
2.595595030060120045e+00 4.938315821209804946e-01
2.598379539078156331e+00 4.935019150881727601e-01
2.601164048096192616e+00 4.930693022025564032e-01
2.603948557114228457e+00 4.926123344166288831e-01
2.606733066132264298e+00 4.921546640965306918e-01
2.609517575150300583e+00 4.916954911627969271e-01
2.612302084168336869e+00 4.912294155200925827e-01
2.615086593186372710e+00 4.906032212061816056e-01
2.617871102204408551e+00 4.899333301899088111e-01
2.620655611222444836e+00 4.892360024738302005e-01
2.623440120240481122e+00 4.885342150938585815e-01
2.626224629258516963e+00 4.877577659026595125e-01
2.629009138276553248e+00 4.869842037305062710e-01
2.631793647294589089e+00 4.862054785989677330e-01
2.634578156312625374e+00 4.854207663678912210e-01
2.637362665330661216e+00 4.846541191846299168e-01
2.640147174348697501e+00 4.837391333514513003e-01
2.642931683366733342e+00 4.826034288845844622e-01
2.645716192384769627e+00 4.814719511301940869e-01
2.648500701402805468e+00 4.803513290970755079e-01
2.651285210420841754e+00 4.794579849158495111e-01
2.654069719438877595e+00 4.785372128970309946e-01
2.656854228456913880e+00 4.775992231132586974e-01
2.659638737474949721e+00 4.766242054058398847e-01
2.662423246492986006e+00 4.749875682724017945e-01
2.665207755511022292e+00 4.730765561411264808e-01
2.667992264529058133e+00 4.709055321610687295e-01
2.670776773547093974e+00 4.672915103329911557e-01
2.673561282565130259e+00 4.647899916322476010e-01
2.676345791583166545e+00 4.628845771169892709e-01
2.679130300601202386e+00 4.614344674628676479e-01
2.681914809619238227e+00 4.599842513291073631e-01
2.684699318637274512e+00 4.579676224420994868e-01
2.687483827655310797e+00 4.559514293222244330e-01
2.690268336673346639e+00 4.537655684327290273e-01
2.693052845691382480e+00 4.512641649482095896e-01
2.695837354709418765e+00 4.487776910420202547e-01
2.698621863727455050e+00 4.463443600234739961e-01
2.701406372745490891e+00 4.444296973761869829e-01
2.704190881763526733e+00 4.430113611511475868e-01
2.706975390781563018e+00 4.418226206719774729e-01
2.709759899799599303e+00 4.409091588554251984e-01
2.712544408817635144e+00 4.398669419788605595e-01
2.715328917835671430e+00 4.389768541898146359e-01
2.718113426853707715e+00 4.381020334439881814e-01
2.720897935871743556e+00 4.373683764772508531e-01
2.723682444889779397e+00 4.369148982113201796e-01
2.726466953907815682e+00 4.364492820954000152e-01
2.729251462925851968e+00 4.359853139311050674e-01
2.732035971943887809e+00 4.359452232361680779e-01
2.734820480961923650e+00 4.359563776486590769e-01
2.737604989979959935e+00 4.359683327378894857e-01
2.740389498997996220e+00 4.361039446260463470e-01
2.743174008016032062e+00 4.363523354785198705e-01
2.745958517034067903e+00 4.366053215513139296e-01
2.748743026052104188e+00 4.368717920061732096e-01
2.751527535070140473e+00 4.367237709704152593e-01
2.754312044088176314e+00 4.360814429591502450e-01
2.757096553106212156e+00 4.354295118118000074e-01
2.759881062124248441e+00 4.347736951587435339e-01
2.762665571142284726e+00 4.341894878210264541e-01
2.765450080160320567e+00 4.336936062146058979e-01
2.768234589178356408e+00 4.332088255442920199e-01
2.771019098196392694e+00 4.326819465329870829e-01
2.773803607214428979e+00 4.320664839915339117e-01
2.776588116232464820e+00 4.314482368188948258e-01
2.779372625250500661e+00 4.310425338178784926e-01
2.782157134268537391e+00 4.308067426929516608e-01
2.784941643286573232e+00 4.306051494799071899e-01
2.787726152304609073e+00 4.304018110249775431e-01
2.790510661322645358e+00 4.301807312890376656e-01
2.793295170340681643e+00 4.298731052387143037e-01
2.796079679358717485e+00 4.295578830718186913e-01
2.798864188376753326e+00 4.292420197868101472e-01
2.801648697394789611e+00 4.289740245754337655e-01
2.804433206412825896e+00 4.287161121787162466e-01
2.807217715430861738e+00 4.284625444699199370e-01
2.810002224448897579e+00 4.283009532985838641e-01
2.812786733466933864e+00 4.282149865008570422e-01
2.815571242484970149e+00 4.281260493908095044e-01
2.818355751503005990e+00 4.280250643721714154e-01
2.821140260521041832e+00 4.279154082324824748e-01
2.823924769539078117e+00 4.277696030964682761e-01
2.826709278557114402e+00 4.276212685239076383e-01
2.829493787575150243e+00 4.274147186572877510e-01
2.832278296593186084e+00 4.271986250628115878e-01
2.835062805611222370e+00 4.269918103631995532e-01
2.837847314629258655e+00 4.267830501298081614e-01
2.840631823647294496e+00 4.265722774289248953e-01
2.843416332665330337e+00 4.263256536374601668e-01
2.846200841683366622e+00 4.260808487729021987e-01
2.848985350701402908e+00 4.258347353457062612e-01
2.851769859719438749e+00 4.256127814872619486e-01
2.854554368737475034e+00 4.254025694762633147e-01
2.857338877755511319e+00 4.251971020168956450e-01
2.860123386773547161e+00 4.249994697670951282e-01
2.862907895791583002e+00 4.248488698830792942e-01
2.865692404809619287e+00 4.246050710137055928e-01
2.868476913827655572e+00 4.243525327978063810e-01
2.871261422845691413e+00 4.240943039871832299e-01
2.874045931863727255e+00 4.238257418960024725e-01
2.876830440881763540e+00 4.235477285468020048e-01
2.879614949899799825e+00 4.232484513239047064e-01
2.882399458917835666e+00 4.229358442937573015e-01
2.885183967935871507e+00 4.226236549760559735e-01
2.887968476953907793e+00 4.222975135923248136e-01
2.890752985971944078e+00 4.219514617213612206e-01
2.893537494989979919e+00 4.216318042066508620e-01
2.896322004008015760e+00 4.213343225691662530e-01
2.899106513026052045e+00 4.210407320009023624e-01
2.901891022044088331e+00 4.207903677609977633e-01
2.904675531062124172e+00 4.205564773266903256e-01
2.907460040080160013e+00 4.203223906283813927e-01
2.910244549098196298e+00 4.200871661707811788e-01
2.913029058116232584e+00 4.198501908280524164e-01
2.915813567134268425e+00 4.196073349043865086e-01
2.918598076152304710e+00 4.193604874548073069e-01
2.921382585170340995e+00 4.191029454685529787e-01
2.924167094188376836e+00 4.188348762919612556e-01
2.926951603206412678e+00 4.185589864387018189e-01
2.929736112224448963e+00 4.182757564723066368e-01
2.932520621242485248e+00 4.179872180100606682e-01
2.935305130260521089e+00 4.176977444504258452e-01
2.938089639278556930e+00 4.174109594793768974e-01
2.940874148296593216e+00 4.170783189385835477e-01
2.943658657314629501e+00 4.167185180859016569e-01
2.946443166332665342e+00 4.163662963300547304e-01
2.949227675350701183e+00 4.160298344480238275e-01
2.952012184368737469e+00 4.157396805713153287e-01
2.954796693386773754e+00 4.154747989423535071e-01
2.957581202404809595e+00 4.152156727992709628e-01
2.960365711422845436e+00 4.149725778422961864e-01
2.963150220440881721e+00 4.147292945079347204e-01
2.965934729458918007e+00 4.144953724381726379e-01
2.968719238476953848e+00 4.142816654775383078e-01
2.971503747494989689e+00 4.140325531500616552e-01
2.974288256513025974e+00 4.137572070324701534e-01
2.977072765531062259e+00 4.134737289064804866e-01
2.979857274549098101e+00 4.131869360098647803e-01
2.982641783567133942e+00 4.129132565717494874e-01
2.985426292585170671e+00 4.126366150644681374e-01
2.988210801603206512e+00 4.123460138009862885e-01
2.990995310621242353e+00 4.120092457697903665e-01
2.993779819639278639e+00 4.116182574845385078e-01
2.996564328657314924e+00 4.112245241273935203e-01
2.999348837675350765e+00 4.108392344587148415e-01
3.002133346693386606e+00 4.104712165615863051e-01
3.004917855711422892e+00 4.101273730457443700e-01
3.007702364729459177e+00 4.097857238425837156e-01
3.010486873747495018e+00 4.094308828412833723e-01
3.013271382765530859e+00 4.090581874572605248e-01
3.016055891783567144e+00 4.086863811566041615e-01
3.018840400801603430e+00 4.083141390525092396e-01
3.021624909819639271e+00 4.079478121818894687e-01
3.024409418837675112e+00 4.075765776276703001e-01
3.027193927855711397e+00 4.072105758646751839e-01
3.029978436873747683e+00 4.068446245472953637e-01
3.032762945891783524e+00 4.064344210830850290e-01
3.035547454909819365e+00 4.060199560791320494e-01
3.038331963927855650e+00 4.055973902073163884e-01
3.041116472945891935e+00 4.051857102793204879e-01
3.043900981963927777e+00 4.047896088386753743e-01
3.046685490981963618e+00 4.043936513724853410e-01
3.049469999999999903e+00 4.040052762221374438e-01
