2.500000000000000000e+00 1.800005207769572735e-03
2.503499984741210938e+00 1.799998804926872253e-03
2.506999969482421875e+00 1.799992402084171772e-03
2.510499954223632812e+00 1.799985882826149464e-03
2.513999938964843750e+00 1.799979363568127155e-03
2.517499923706054688e+00 1.799972844310104847e-03
2.520999908447265625e+00 1.799966325052082539e-03
2.524499893188476562e+00 1.799959689378738403e-03
2.528000116348266602e+00 1.799953053705394268e-03
2.531500101089477539e+00 1.799946418032050133e-03
2.535000085830688477e+00 1.799939782358705997e-03
2.538500070571899414e+00 1.799933146685361862e-03
2.542000055313110352e+00 1.799926394596695900e-03
2.545500040054321289e+00 1.799919758923351765e-03
2.549000024795532227e+00 1.799913006834685802e-03
2.552500009536743164e+00 1.799906138330698013e-03
2.555999994277954102e+00 1.799899386242032051e-03
2.559499979019165039e+00 1.799892517738044262e-03
2.562999963760375977e+00 1.799885765649378300e-03
2.566499948501586914e+00 1.799878897145390511e-03
2.569999933242797852e+00 1.799871912226080894e-03
2.573499917984008789e+00 1.799865043722093105e-03
2.576999902725219727e+00 1.799858058802783489e-03
2.580499887466430664e+00 1.799851190298795700e-03
2.584000110626220703e+00 1.799844205379486084e-03
2.587500095367431641e+00 1.799837104044854641e-03
2.591000080108642578e+00 1.799830119125545025e-03
2.594500064849853516e+00 1.799823017790913582e-03
2.598000049591064453e+00 1.799816032871603966e-03
2.601500034332275391e+00 1.799808931536972523e-03
2.605000019073486328e+00 1.799801713787019253e-03
2.608500003814697266e+00 1.799794612452387810e-03
2.611999988555908203e+00 1.799787394702434540e-03
2.615499973297119141e+00 1.799780176952481270e-03
2.618999958038330078e+00 1.799772959202528000e-03
2.622499942779541016e+00 1.799765741452574730e-03
2.625999927520751953e+00 1.799758523702621460e-03
2.629499912261962891e+00 1.799751189537346363e-03
2.632999897003173828e+00 1.799743855372071266e-03
2.636499881744384766e+00 1.799736521206796169e-03
2.640000104904174805e+00 1.799729187041521072e-03
2.643500089645385742e+00 1.799721852876245975e-03
2.647000074386596680e+00 1.799714402295649052e-03
2.650500059127807617e+00 1.799706951715052128e-03
2.654000043869018555e+00 1.799699501134455204e-03
2.657500028610229492e+00 1.799692050553858280e-03
2.661000013351440430e+00 1.799684483557939529e-03
2.664499998092651367e+00 1.799677032977342606e-03
2.667999982833862305e+00 1.799669465981423855e-03
2.671499967575073242e+00 1.799661898985505104e-03
2.674999952316284180e+00 1.799654331989586353e-03
2.678499937057495117e+00 1.799646648578345776e-03
2.681999921798706055e+00 1.799638965167105198e-03
2.685499906539916992e+00 1.799631398171186447e-03
2.688999891281127930e+00 1.799623714759945869e-03
2.692500114440917969e+00 1.799615914933383465e-03
2.696000099182128906e+00 1.799608231522142887e-03
2.699500083923339844e+00 1.799600431695580482e-03
2.703000068664550781e+00 1.799592631869018078e-03
2.706500053405761719e+00 1.799584832042455673e-03
2.710000038146972656e+00 1.799577032215893269e-03
2.713500022888183594e+00 1.799569232389330864e-03
2.717000007629394531e+00 1.799561316147446632e-03
2.720499992370605469e+00 1.799553399905562401e-03
2.723999977111816406e+00 1.799545483663678169e-03
2.727499961853027344e+00 1.799537567421793938e-03
2.730999946594238281e+00 1.799529651179909706e-03
2.734499931335449219e+00 1.799521618522703648e-03
2.737999916076660156e+00 1.799513585865497589e-03
2.741499900817871094e+00 1.799505553208291531e-03
2.744999885559082031e+00 1.799497520551085472e-03
2.748500108718872070e+00 1.799489487893879414e-03
2.752000093460083008e+00 1.799481338821351528e-03
2.755500078201293945e+00 1.799473189748823643e-03
2.759000062942504883e+00 1.799465040676295757e-03
2.762500047683715820e+00 1.799456891603767872e-03
2.766000032424926758e+00 1.799448742531239986e-03
2.769500017166137695e+00 1.799440477043390274e-03
2.773000001907348633e+00 1.799432211555540562e-03
2.776499986648559570e+00 1.799424062483012676e-03
2.779999971389770508e+00 1.799415680579841137e-03
2.783499956130981445e+00 1.799407415091991425e-03
2.786999940872192383e+00 1.799399033188819885e-03
2.790499925613403320e+00 1.799390767700970173e-03
2.793999910354614258e+00 1.799382385797798634e-03
2.797499895095825195e+00 1.799374003894627094e-03
2.801000118255615234e+00 1.799365505576133728e-03
2.804500102996826172e+00 1.799357123672962189e-03
2.808000087738037109e+00 1.799348625354468822e-03
2.811500072479248047e+00 1.799340127035975456e-03
2.815000057220458984e+00 1.799331628717482090e-03
2.818500041961669922e+00 1.799323130398988724e-03
2.822000026702880859e+00 1.799314515665173531e-03
2.825500011444091797e+00 1.799306017346680164e-03
2.828999996185302734e+00 1.799297402612864971e-03
2.832499980926513672e+00 1.799288787879049778e-03
2.835999965667724609e+00 1.799280056729912758e-03
2.839499950408935547e+00 1.799271441996097565e-03
2.842999935150146484e+00 1.799262710846960545e-03
2.846499919891357422e+00 1.799254096113145351e-03
2.849999904632568359e+00 1.799245248548686504e-03
2.853499889373779297e+00 1.799236517399549484e-03
2.857000112533569336e+00 1.799227786250412464e-03
2.860500097274780273e+00 1.799218938685953617e-03
2.864000082015991211e+00 1.799210091121494770e-03
2.867500066757202148e+00 1.799201243557035923e-03
2.871000051498413086e+00 1.799192395992577076e-03
2.874500036239624023e+00 1.799183548428118229e-03
2.878000020980834961e+00 1.799174584448337555e-03
2.881500005722045898e+00 1.799165736883878708e-03
2.884999990463256836e+00 1.799156772904098034e-03
2.888499975204467773e+00 1.799147692508995533e-03
2.891999959945678711e+00 1.799138728529214859e-03
2.895499944686889648e+00 1.799129764549434185e-03
2.898999929428100586e+00 1.799120684154331684e-03
2.902499914169311523e+00 1.799111603759229183e-03
2.905999898910522461e+00 1.799102523364126682e-03
2.909499883651733398e+00 1.799093442969024181e-03
2.913000106811523438e+00 1.799084246158599854e-03
2.916500091552734375e+00 1.799075049348175526e-03
2.920000076293945312e+00 1.799065968953073025e-03
2.923500061035156250e+00 1.799056772142648697e-03
2.927000045776367188e+00 1.799047458916902542e-03
2.930500030517578125e+00 1.799038262106478214e-03
2.934000015258789062e+00 1.799028948880732059e-03
2.937500000000000000e+00 1.799019635654985905e-03
2.940999984741210938e+00 1.799010322429239750e-03
2.944499969482421875e+00 1.799001009203493595e-03
2.947999954223632812e+00 1.798991695977747440e-03
2.951499938964843750e+00 1.798982266336679459e-03
2.954999923706054688e+00 1.798972953110933304e-03
2.958499908447265625e+00 1.798963523469865322e-03
2.961999893188476562e+00 1.798953977413475513e-03
2.965500116348266602e+00 1.798944547772407532e-03
2.969000101089477539e+00 1.798935118131339550e-03
2.972500085830688477e+00 1.798925572074949741e-03
2.976000070571899414e+00 1.798916026018559933e-03
2.979500055313110352e+00 1.798906479962170124e-03
2.983000040054321289e+00 1.798896933905780315e-03
2.986500024795532227e+00 1.798887271434068680e-03
2.990000009536743164e+00 1.798877725377678871e-03
2.993499994277954102e+00 1.798868062905967236e-03
2.996999979019165039e+00 1.798858400434255600e-03
3.000499963760375977e+00 1.798848737962543964e-03
3.003999948501586914e+00 1.798838959075510502e-03
3.007499933242797852e+00 1.798829296603798866e-03
3.010999917984008789e+00 1.798819517716765404e-03
3.014499902725219727e+00 1.798809738829731941e-03
3.017999887466430664e+00 1.798799959942698479e-03
3.021500110626220703e+00 1.798790064640343189e-03
3.025000095367431641e+00 1.798780285753309727e-03
3.028500080108642578e+00 1.798770390450954437e-03
3.032000064849853516e+00 1.798760495148599148e-03
3.035500049591064453e+00 1.798750599846243858e-03
3.039000034332275391e+00 1.798740704543888569e-03
3.042500019073486328e+00 1.798730809241533279e-03
3.046000003814697266e+00 1.798720797523856163e-03
3.049499988555908203e+00 1.798710785806179047e-03
3.052999973297119141e+00 1.798700774088501930e-03
3.056499958038330078e+00 1.798690762370824814e-03
3.059999942779541016e+00 1.798680750653147697e-03
3.063499927520751953e+00 1.798670622520148754e-03
3.066999912261962891e+00 1.798660494387149811e-03
3.070499897003173828e+00 1.798650366254150867e-03
3.073999881744384766e+00 1.798640238121151924e-03
3.077500104904174805e+00 1.798630109988152981e-03
3.081000089645385742e+00 1.798619865439832211e-03
3.084500074386596680e+00 1.798609737306833267e-03
3.088000059127807617e+00 1.798599492758512497e-03
3.091500043869018555e+00 1.798589248210191727e-03
3.095000028610229492e+00 1.798579003661870956e-03
3.098500013351440430e+00 1.798568642698228359e-03
3.101999998092651367e+00 1.798558398149907589e-03
3.105499982833862305e+00 1.798548037186264992e-03
3.108999967575073242e+00 1.798537676222622395e-03
3.112499952316284180e+00 1.798527315258979797e-03
3.115999937057495117e+00 1.798516837880015373e-03
3.119499921798706055e+00 1.798506476916372776e-03
3.122999906539916992e+00 1.798495999537408352e-03
3.126499891281127930e+00 1.798485522158443928e-03
3.130000114440917969e+00 1.798475044779479504e-03
3.133500099182128906e+00 1.798464567400515079e-03
3.137000083923339844e+00 1.798454090021550655e-03
3.140500068664550781e+00 1.798443496227264404e-03
3.144000053405761719e+00 1.798432902432978153e-03
3.147500038146972656e+00 1.798422308638691902e-03
3.151000022888183594e+00 1.798411714844405651e-03
3.154500007629394531e+00 1.798401121050119400e-03
3.157999992370605469e+00 1.798390410840511322e-03
3.161499977111816406e+00 1.798379700630903244e-03
3.164999961853027344e+00 1.798368990421295166e-03
3.168499946594238281e+00 1.798358280211687088e-03
3.171999931335449219e+00 1.798347570002079010e-03
3.175499916076660156e+00 1.798336859792470932e-03
3.178999900817871094e+00 1.798326033167541027e-03
3.182499885559082031e+00 1.798315206542611122e-03
3.186000108718872070e+00 1.798304379917681217e-03
3.189500093460083008e+00 1.798293553292751312e-03
3.193000078201293945e+00 1.798282726667821407e-03
3.196500062942504883e+00 1.798271783627569675e-03
3.200000047683715820e+00 1.798260840587317944e-03
3.203500032424926758e+00 1.798249897547066212e-03
3.207000017166137695e+00 1.798238954506814480e-03
3.210500001907348633e+00 1.798228011466562748e-03
3.213999986648559570e+00 1.798217068426311016e-03
3.217499971389770508e+00 1.798206008970737457e-03
3.220999956130981445e+00 1.798194949515163898e-03
3.224499940872192383e+00 1.798183890059590340e-03
3.227999925613403320e+00 1.798172830604016781e-03
3.231499910354614258e+00 1.798161771148443222e-03
3.234999895095825195e+00 1.798150595277547836e-03
3.238500118255615234e+00 1.798139419406652451e-03
3.242000102996826172e+00 1.798128243535757065e-03
3.245500087738037109e+00 1.798117067664861679e-03
3.249000072479248047e+00 1.798105891793966293e-03
3.252500057220458984e+00 1.798094715923070908e-03
3.256000041961669922e+00 1.798083423636853695e-03
3.259500026702880859e+00 1.798072131350636482e-03
3.263000011444091797e+00 1.798060839064419270e-03
3.266499996185302734e+00 1.798049546778202057e-03
3.269999980926513672e+00 1.798038254491984844e-03
3.273499965667724609e+00 1.798026845790445805e-03
3.276999950408935547e+00 1.798015437088906765e-03
3.280499935150146484e+00 1.798004144802689552e-03
3.283999919891357422e+00 1.797992619685828686e-03
3.287499904632568359e+00 1.797981210984289646e-03
3.290999889373779297e+00 1.797969802282750607e-03
3.294500112533569336e+00 1.797958277165889740e-03
3.298000097274780273e+00 1.797946752049028873e-03
3.301500082015991211e+00 1.797935226932168007e-03
3.305000066757202148e+00 1.797923701815307140e-03
3.308500051498413086e+00 1.797912176698446274e-03
3.312000036239624023e+00 1.797900535166263580e-03
3.315500020980834961e+00 1.797889010049402714e-03
3.319000005722045898e+00 1.797877368517220020e-03
3.322499990463256836e+00 1.797865726985037327e-03
3.325999975204467773e+00 1.797854085452854633e-03
3.329499959945678711e+00 1.797842327505350113e-03
3.332999944686889648e+00 1.797830685973167419e-03
3.336499929428100586e+00 1.797818928025662899e-03
3.339999914169311523e+00 1.797807170078158379e-03
3.343499898910522461e+00 1.797795412130653858e-03
3.346999883651733398e+00 1.797783537767827511e-03
3.350500106811523438e+00 1.797771779820322990e-03
3.354000091552734375e+00 1.797759905457496643e-03
3.357500076293945312e+00 1.797748031094670296e-03
3.361000061035156250e+00 1.797736156731843948e-03
3.364500045776367188e+00 1.797724282369017601e-03
3.368000030517578125e+00 1.797712408006191254e-03
3.371500015258789062e+00 1.797700417228043079e-03
3.375000000000000000e+00 1.797688542865216732e-03
3.378499984741210938e+00 1.797676552087068558e-03
3.381999969482421875e+00 1.797664561308920383e-03
3.385499954223632812e+00 1.797652454115450382e-03
3.388999938964843750e+00 1.797640463337302208e-03
3.392499923706054688e+00 1.797628356143832207e-03
3.395999908447265625e+00 1.797616248950362206e-03
3.399499893188476562e+00 1.797604141756892204e-03
3.403000116348266602e+00 1.797592034563422203e-03
3.406500101089477539e+00 1.797579927369952202e-03
3.410000085830688477e+00 1.797567703761160374e-03
3.413500070571899414e+00 1.797555596567690372e-03
3.417000055313110352e+00 1.797543372958898544e-03
3.420500040054321289e+00 1.797531149350106716e-03
3.424000024795532227e+00 1.797518925741314888e-03
3.427500009536743164e+00 1.797506585717201233e-03
3.430999994277954102e+00 1.797494362108409405e-03
3.434499979019165039e+00 1.797482022084295750e-03
3.437999963760375977e+00 1.797469682060182095e-03
3.441499948501586914e+00 1.797457342036068439e-03
3.444999933242797852e+00 1.797445002011954784e-03
3.448499917984008789e+00 1.797432545572519302e-03
3.451999902725219727e+00 1.797420089133083820e-03
3.455499887466430664e+00 1.797407749108970165e-03
3.459000110626220703e+00 1.797395292669534683e-03
3.462500095367431641e+00 1.797382719814777374e-03
3.466000080108642578e+00 1.797370263375341892e-03
3.469500064849853516e+00 1.797357806935906410e-03
3.473000049591064453e+00 1.797345234081149101e-03
3.476500034332275391e+00 1.797332661226391792e-03
3.480000019073486328e+00 1.797320088371634483e-03
3.483500003814697266e+00 1.797307515516877174e-03
3.486999988555908203e+00 1.797294826246798038e-03
3.490499973297119141e+00 1.797282253392040730e-03
3.493999958038330078e+00 1.797269564121961594e-03
3.497499942779541016e+00 1.797256874851882458e-03
3.500999927520751953e+00 1.797244185581803322e-03
3.504499912261962891e+00 1.797231496311724186e-03
3.507999897003173828e+00 1.797218690626323223e-03
3.511499881744384766e+00 1.797206001356244087e-03
3.515000104904174805e+00 1.797193195670843124e-03
3.518500089645385742e+00 1.797180389985442162e-03
3.522000074386596680e+00 1.797167584300041199e-03
3.525500059127807617e+00 1.797154662199318409e-03
3.529000043869018555e+00 1.797141856513917446e-03
3.532500028610229492e+00 1.797128934413194656e-03
3.536000013351440430e+00 1.797116012312471867e-03
3.539499998092651367e+00 1.797103090211749077e-03
3.542999982833862305e+00 1.797090168111026287e-03
3.546499967575073242e+00 1.797077129594981670e-03
3.549999952316284180e+00 1.797064207494258881e-03
3.553499937057495117e+00 1.797051168978214264e-03
3.556999921798706055e+00 1.797038130462169647e-03
3.560499906539916992e+00 1.797025091946125031e-03
3.563999891281127930e+00 1.797012053430080414e-03
3.567500114440917969e+00 1.796998898498713970e-03
3.571000099182128906e+00 1.796985859982669353e-03
3.574500083923339844e+00 1.796972705051302910e-03
3.578000068664550781e+00 1.796959550119936466e-03
3.581500053405761719e+00 1.796946395188570023e-03
3.585000038146972656e+00 1.796933240257203579e-03
3.588500022888183594e+00 1.796919968910515308e-03
3.592000007629394531e+00 1.796906697563827038e-03
3.595499992370605469e+00 1.796893542632460594e-03
3.598999977111816406e+00 1.796880154870450497e-03
3.602499961853027344e+00 1.796866883523762226e-03
3.605999946594238281e+00 1.796853612177073956e-03
3.609499931335449219e+00 1.796840224415063858e-03
3.612999916076660156e+00 1.796826953068375587e-03
3.616499900817871094e+00 1.796813565306365490e-03
3.619999885559082031e+00 1.796800177544355392e-03
3.623500108718872070e+00 1.796786673367023468e-03
3.627000093460083008e+00 1.796773285605013371e-03
3.630500078201293945e+00 1.796759781427681446e-03
3.634000062942504883e+00 1.796746393665671349e-03
3.637500047683715820e+00 1.796732889488339424e-03
3.641000032424926758e+00 1.796719385311007500e-03
3.644500017166137695e+00 1.796705764718353748e-03
3.648000001907348633e+00 1.796692260541021824e-03
3.651499986648559570e+00 1.796678639948368073e-03
3.654999971389770508e+00 1.796665019355714321e-03
3.658499956130981445e+00 1.796651398763060570e-03
3.661999940872192383e+00 1.796637778170406818e-03
3.665499925613403320e+00 1.796624157577753067e-03
3.668999910354614258e+00 1.796610420569777489e-03
3.672499895095825195e+00 1.796596799977123737e-03
3.676000118255615234e+00 1.796583062969148159e-03
3.679500102996826172e+00 1.796569325961172581e-03
3.683000087738037109e+00 1.796555588953197002e-03
3.686500072479248047e+00 1.796541735529899597e-03
3.690000057220458984e+00 1.796527998521924019e-03
3.693500041961669922e+00 1.796514145098626614e-03
3.697000026702880859e+00 1.796500291675329208e-03
3.700500011444091797e+00 1.796486438252031803e-03
3.703999996185302734e+00 1.796472584828734398e-03
3.707499980926513672e+00 1.796458614990115166e-03
3.710999965667724609e+00 1.796444761566817760e-03
3.714499950408935547e+00 1.796430791728198528e-03
3.717999935150146484e+00 1.796416821889579296e-03
3.721499919891357422e+00 1.796402852050960064e-03
3.724999904632568359e+00 1.796388882212340832e-03
3.728499889373779297e+00 1.796374795958399773e-03
3.732000112533569336e+00 1.796360709704458714e-03
3.735500097274780273e+00 1.796346739865839481e-03
3.739000082015991211e+00 1.796332653611898422e-03
3.742500066757202148e+00 1.796318450942635536e-03
3.746000051498413086e+00 1.796304364688694477e-03
3.749500036239624023e+00 1.796290278434753418e-03
3.753000020980834961e+00 1.796276075765490532e-03
3.756500005722045898e+00 1.796261873096227646e-03
3.759999990463256836e+00 1.796247670426964760e-03
3.763499975204467773e+00 1.796233467757701874e-03
3.766999959945678711e+00 1.796219265088438988e-03
3.770499944686889648e+00 1.796204946003854275e-03
3.773999929428100586e+00 1.796190626919269562e-03
3.777499914169311523e+00 1.796176307834684849e-03
3.780999898910522461e+00 1.796161988750100136e-03
3.784499883651733398e+00 1.796147669665515423e-03
3.788000106811523438e+00 1.796133350580930710e-03
3.791500091552734375e+00 1.796118915081024170e-03
3.795000076293945312e+00 1.796104479581117630e-03
3.798500061035156250e+00 1.796090044081211090e-03
3.802000045776367188e+00 1.796075608581304550e-03
3.805500030517578125e+00 1.796061173081398010e-03
3.809000015258789062e+00 1.796046737581491470e-03
3.812500000000000000e+00 1.796032185666263103e-03
3.815999984741210938e+00 1.796017633751034737e-03
3.819499969482421875e+00 1.796003081835806370e-03
3.822999954223632812e+00 1.795988529920578003e-03
3.826499938964843750e+00 1.795973978005349636e-03
3.829999923706054688e+00 1.795959309674799442e-03
3.833499908447265625e+00 1.795944757759571075e-03
3.836999893188476562e+00 1.795930089429020882e-03
3.840500116348266602e+00 1.795915421098470688e-03
3.844000101089477539e+00 1.795900752767920494e-03
3.847500085830688477e+00 1.795885968022048473e-03
3.851000070571899414e+00 1.795871299691498280e-03
3.854500055313110352e+00 1.795856514945626259e-03
3.858000040054321289e+00 1.795841730199754238e-03
3.861500024795532227e+00 1.795826945453882217e-03
3.865000009536743164e+00 1.795812160708010197e-03
3.868499994277954102e+00 1.795797259546816349e-03
3.871999979019165039e+00 1.795782474800944328e-03
3.875499963760375977e+00 1.795767573639750481e-03
3.878999948501586914e+00 1.795752672478556633e-03
3.882499933242797852e+00 1.795737771317362785e-03
3.885999917984008789e+00 1.795722870156168938e-03
3.889499902725219727e+00 1.795707968994975090e-03
3.892999887466430664e+00 1.795692951418459415e-03
3.896500110626220703e+00 1.795677933841943741e-03
3.900000095367431641e+00 1.795662916265428066e-03
3.903500080108642578e+00 1.795647898688912392e-03
3.907000064849853516e+00 1.795632881112396717e-03
3.910500049591064453e+00 1.795617747120559216e-03
3.914000034332275391e+00 1.795602729544043541e-03
3.917500019073486328e+00 1.795587595552206039e-03
3.921000003814697266e+00 1.795572461560368538e-03
3.924499988555908203e+00 1.795557327568531036e-03
3.927999973297119141e+00 1.795542193576693535e-03
3.931499958038330078e+00 1.795526943169534206e-03
3.934999942779541016e+00 1.795511692762374878e-03
3.938499927520751953e+00 1.795496558770537376e-03
3.941999912261962891e+00 1.795481191948056221e-03
3.945499897003173828e+00 1.795465941540896893e-03
3.948999881744384766e+00 1.795450691133737564e-03
3.952500104904174805e+00 1.795435324311256409e-03
3.956000089645385742e+00 1.795420073904097080e-03
3.959500074386596680e+00 1.795404707081615925e-03
3.963000059127807617e+00 1.795389340259134769e-03
3.966500043869018555e+00 1.795373973436653614e-03
3.970000028610229492e+00 1.795358490198850632e-03
3.973500013351440430e+00 1.795343123376369476e-03
3.976999998092651367e+00 1.795327640138566494e-03
3.980499982833862305e+00 1.795312156900763512e-03
3.983999967575073242e+00 1.795296673662960529e-03
3.987499952316284180e+00 1.795281190425157547e-03
3.990999937057495117e+00 1.795265590772032738e-03
3.994499921798706055e+00 1.795250107534229755e-03
3.997999906539916992e+00 1.795234507881104946e-03
4.001500129699707031e+00 1.795218908227980137e-03
4.005000114440917969e+00 1.795203308574855328e-03
4.008500099182128906e+00 1.795187708921730518e-03
4.012000083923339844e+00 1.795171992853283882e-03
4.015500068664550781e+00 1.795156276784837246e-03
4.019000053405761719e+00 1.795140677131712437e-03
4.022500038146972656e+00 1.795124961063265800e-03
4.026000022888183594e+00 1.795109244994819164e-03
4.029500007629394531e+00 1.795093412511050701e-03
4.032999992370605469e+00 1.795077696442604065e-03
4.036499977111816406e+00 1.795061863958835602e-03
4.039999961853027344e+00 1.795046031475067139e-03
4.043499946594238281e+00 1.795030198991298676e-03
4.046999931335449219e+00 1.795014366507530212e-03
4.050499916076660156e+00 1.794998534023761749e-03
4.053999900817871094e+00 1.794982585124671459e-03
4.057499885559082031e+00 1.794966636225581169e-03
4.060999870300292969e+00 1.794950803741812706e-03
4.064499855041503906e+00 1.794934738427400589e-03
4.067999839782714844e+00 1.794918789528310299e-03
4.071499824523925781e+00 1.794902840629220009e-03
4.074999809265136719e+00 1.794886775314807892e-03
4.078499794006347656e+00 1.794870826415717602e-03
4.081999778747558594e+00 1.794854761101305485e-03
4.085499763488769531e+00 1.794838695786893368e-03
4.089000225067138672e+00 1.794822514057159424e-03
4.092500209808349609e+00 1.794806448742747307e-03
4.096000194549560547e+00 1.794790267013013363e-03
4.099500179290771484e+00 1.794774201698601246e-03
4.103000164031982422e+00 1.794758019968867302e-03
4.106500148773193359e+00 1.794741721823811531e-03
4.110000133514404297e+00 1.794725540094077587e-03
4.113500118255615234e+00 1.794709358364343643e-03
4.117000102996826172e+00 1.794693060219287872e-03
4.120500087738037109e+00 1.794676762074232101e-03
4.124000072479248047e+00 1.794660463929176331e-03
4.127500057220458984e+00 1.794644165784120560e-03
4.131000041961669922e+00 1.794627867639064789e-03
4.134500026702880859e+00 1.794611453078687191e-03
4.138000011444091797e+00 1.794595154933631420e-03
4.141499996185302734e+00 1.794578740373253822e-03
4.144999980926513672e+00 1.794562325812876225e-03
4.148499965667724609e+00 1.794545911252498627e-03
4.151999950408935547e+00 1.794529380276799202e-03
4.155499935150146484e+00 1.794512965716421604e-03
4.158999919891357422e+00 1.794496434740722179e-03
4.162499904632568359e+00 1.794479903765022755e-03
4.165999889373779297e+00 1.794463372789323330e-03
4.169499874114990234e+00 1.794446841813623905e-03
4.172999858856201172e+00 1.794430194422602654e-03
4.176499843597412109e+00 1.794413663446903229e-03
4.179999828338623047e+00 1.794397016055881977e-03
4.183499813079833984e+00 1.794380368664860725e-03
4.186999797821044922e+00 1.794363721273839474e-03
4.190499782562255859e+00 1.794347073882818222e-03
4.193999767303466797e+00 1.794330310076475143e-03
4.197500228881835938e+00 1.794313662685453892e-03
4.201000213623046875e+00 1.794296898879110813e-03
4.204500198364257812e+00 1.794280135072767735e-03
4.208000183105468750e+00 1.794263371266424656e-03
4.211500167846679688e+00 1.794246607460081577e-03
4.215000152587890625e+00 1.794229727238416672e-03
4.218500137329101562e+00 1.794212847016751766e-03
4.222000122070312500e+00 1.794196083210408688e-03
4.225500106811523438e+00 1.794179202988743782e-03
4.229000091552734375e+00 1.794162206351757050e-03
4.232500076293945312e+00 1.794145326130092144e-03
4.236000061035156250e+00 1.794128445908427238e-03
4.239500045776367188e+00 1.794111449271440506e-03
4.243000030517578125e+00 1.794094452634453773e-03
4.246500015258789062e+00 1.794077455997467041e-03
4.250000000000000000e+00 1.794060459360480309e-03
4.253499984741210938e+00 1.794043346308171749e-03
4.256999969482421875e+00 1.794026349671185017e-03
4.260499954223632812e+00 1.794009236618876457e-03
4.263999938964843750e+00 1.793992123566567898e-03
4.267499923706054688e+00 1.793975010514259338e-03
4.270999908447265625e+00 1.793957897461950779e-03
4.274499893188476562e+00 1.793940784409642220e-03
4.277999877929687500e+00 1.793923554942011833e-03
4.281499862670898438e+00 1.793906325474381447e-03
4.284999847412109375e+00 1.793889096006751060e-03
4.288499832153320312e+00 1.793871866539120674e-03
4.291999816894531250e+00 1.793854637071490288e-03
4.295499801635742188e+00 1.793837291188538074e-03
4.298999786376953125e+00 1.793820061720907688e-03
4.302499771118164062e+00 1.793802715837955475e-03
4.306000232696533203e+00 1.793785369955003262e-03
4.309500217437744141e+00 1.793768024072051048e-03
4.313000202178955078e+00 1.793750561773777008e-03
4.316500186920166016e+00 1.793733215890824795e-03
4.320000171661376953e+00 1.793715753592550755e-03
4.323500156402587891e+00 1.793698291294276714e-03
4.327000141143798828e+00 1.793680828996002674e-03
4.330500125885009766e+00 1.793663366697728634e-03
4.334000110626220703e+00 1.793645904399454594e-03
4.337500095367431641e+00 1.793628325685858727e-03
4.341000080108642578e+00 1.793610746972262859e-03
4.344500064849853516e+00 1.793593284673988819e-03
4.348000049591064453e+00 1.793575589545071125e-03
4.351500034332275391e+00 1.793558010831475258e-03
4.355000019073486328e+00 1.793540432117879391e-03
4.358500003814697266e+00 1.793522736988961697e-03
4.361999988555908203e+00 1.793505041860044003e-03
4.365499973297119141e+00 1.793487346731126308e-03
4.368999958038330078e+00 1.793469651602208614e-03
4.372499942779541016e+00 1.793451956473290920e-03
4.375999927520751953e+00 1.793434261344373226e-03
4.379499912261962891e+00 1.793416449800133705e-03
4.382999897003173828e+00 1.793398638255894184e-03
4.386499881744384766e+00 1.793380826711654663e-03
4.389999866485595703e+00 1.793363015167415142e-03
4.393499851226806641e+00 1.793345203623175621e-03
4.396999835968017578e+00 1.793327275663614273e-03
4.400499820709228516e+00 1.793309347704052925e-03
4.403999805450439453e+00 1.793291419744491577e-03
4.407499790191650391e+00 1.793273491784930229e-03
4.410999774932861328e+00 1.793255563825368881e-03
4.414500236511230469e+00 1.793237635865807533e-03
4.418000221252441406e+00 1.793219591490924358e-03
4.421500205993652344e+00 1.793201547116041183e-03
4.425000190734863281e+00 1.793183619156479836e-03
4.428500175476074219e+00 1.793165458366274834e-03
4.432000160217285156e+00 1.793147413991391659e-03
4.435500144958496094e+00 1.793129369616508484e-03
4.439000129699707031e+00 1.793111208826303482e-03
4.442500114440917969e+00 1.793093048036098480e-03
4.446000099182128906e+00 1.793074887245893478e-03
4.449500083923339844e+00 1.793056726455688477e-03
4.453000068664550781e+00 1.793038565665483475e-03
4.456500053405761719e+00 1.793020288459956646e-03
4.460000038146972656e+00 1.793002127669751644e-03
4.463500022888183594e+00 1.792983850464224815e-03
4.467000007629394531e+00 1.792965573258697987e-03
4.470499992370605469e+00 1.792947296053171158e-03
4.473999977111816406e+00 1.792928902432322502e-03
4.477499961853027344e+00 1.792910625226795673e-03
4.480999946594238281e+00 1.792892231605947018e-03
4.484499931335449219e+00 1.792873837985098362e-03
4.487999916076660156e+00 1.792855444364249706e-03
4.491499900817871094e+00 1.792837050743401051e-03
4.494999885559082031e+00 1.792818540707230568e-03
4.498499870300292969e+00 1.792800147086381912e-03
4.501999855041503906e+00 1.792781637050211430e-03
4.505499839782714844e+00 1.792763127014040947e-03
4.508999824523925781e+00 1.792744616977870464e-03
4.512499809265136719e+00 1.792725990526378155e-03
4.515999794006347656e+00 1.792707480490207672e-03
4.519499778747558594e+00 1.792688854038715363e-03
4.522999763488769531e+00 1.792670227587223053e-03
4.526500225067138672e+00 1.792651601135730743e-03
4.530000209808349609e+00 1.792632974684238434e-03
4.533500194549560547e+00 1.792614348232746124e-03
4.537000179290771484e+00 1.792595605365931988e-03
4.540500164031982422e+00 1.792576862499117851e-03
4.544000148773193359e+00 1.792558119632303715e-03
4.547500133514404297e+00 1.792539376765489578e-03
4.551000118255615234e+00 1.792520633898675442e-03
4.554500102996826172e+00 1.792501891031861305e-03
4.558000087738037109e+00 1.792483031749725342e-03
4.561500072479248047e+00 1.792464172467589378e-03
4.565000057220458984e+00 1.792445313185453415e-03
4.568500041961669922e+00 1.792426453903317451e-03
4.572000026702880859e+00 1.792407594621181488e-03
4.575500011444091797e+00 1.792388618923723698e-03
4.578999996185302734e+00 1.792369759641587734e-03
4.582499980926513672e+00 1.792350783944129944e-03
4.585999965667724609e+00 1.792331808246672153e-03
4.589499950408935547e+00 1.792312716133892536e-03
4.592999935150146484e+00 1.792293740436434746e-03
4.596499919891357422e+00 1.792274648323655128e-03
4.599999904632568359e+00 1.792255672626197338e-03
4.603499889373779297e+00 1.792236580513417721e-03
4.606999874114990234e+00 1.792217488400638103e-03
4.610499858856201172e+00 1.792198279872536659e-03
4.613999843597412109e+00 1.792179187759757042e-03
4.617499828338623047e+00 1.792159979231655598e-03
4.620999813079833984e+00 1.792140770703554153e-03
4.624499797821044922e+00 1.792121562175452709e-03
4.627999782562255859e+00 1.792102353647351265e-03
4.631499767303466797e+00 1.792083145119249821e-03
4.635000228881835938e+00 1.792063820175826550e-03
4.638500213623046875e+00 1.792044611647725105e-03
4.642000198364257812e+00 1.792025286704301834e-03
4.645500183105468750e+00 1.792005961760878563e-03
4.649000167846679688e+00 1.791986520402133465e-03
4.652500152587890625e+00 1.791967195458710194e-03
4.656000137329101562e+00 1.791947754099965096e-03
4.659500122070312500e+00 1.791928429156541824e-03
4.663000106811523438e+00 1.791908987797796726e-03
4.666500091552734375e+00 1.791889430023729801e-03
4.670000076293945312e+00 1.791869988664984703e-03
4.673500061035156250e+00 1.791850547306239605e-03
4.677000045776367188e+00 1.791830989532172680e-03
4.680500030517578125e+00 1.791811431758105755e-03
4.684000015258789062e+00 1.791791873984038830e-03
4.687500000000000000e+00 1.791772316209971905e-03
4.690999984741210938e+00 1.791752642020583153e-03
4.694499969482421875e+00 1.791733084246516228e-03
4.697999954223632812e+00 1.791713410057127476e-03
4.701499938964843750e+00 1.791693735867738724e-03
4.704999923706054688e+00 1.791674061678349972e-03
4.708499908447265625e+00 1.791654387488961220e-03
4.711999893188476562e+00 1.791634596884250641e-03
4.715499877929687500e+00 1.791614806279540062e-03
4.718999862670898438e+00 1.791595132090151310e-03
4.722499847412109375e+00 1.791575341485440731e-03
4.725999832153320312e+00 1.791555434465408325e-03
4.729499816894531250e+00 1.791535643860697746e-03
4.732999801635742188e+00 1.791515736840665340e-03
4.736499786376953125e+00 1.791495946235954762e-03
4.739999771118164062e+00 1.791476039215922356e-03
4.743500232696533203e+00 1.791456132195889950e-03
4.747000217437744141e+00 1.791436108760535717e-03
4.750500202178955078e+00 1.791416201740503311e-03
4.754000186920166016e+00 1.791396178305149078e-03
4.757500171661376953e+00 1.791376154869794846e-03
4.761000156402587891e+00 1.791356131434440613e-03
4.764500141143798828e+00 1.791336107999086380e-03
4.768000125885009766e+00 1.791316084563732147e-03
4.771500110626220703e+00 1.791295944713056087e-03
4.775000095367431641e+00 1.791275804862380028e-03
4.778500080108642578e+00 1.791255665011703968e-03
4.782000064849853516e+00 1.791235525161027908e-03
4.785500049591064453e+00 1.791215385310351849e-03
4.789000034332275391e+00 1.791195245459675789e-03
4.792500019073486328e+00 1.791174989193677902e-03
4.796000003814697266e+00 1.791154732927680016e-03
4.799499988555908203e+00 1.791134476661682129e-03
4.802999973297119141e+00 1.791114220395684242e-03
4.806499958038330078e+00 1.791093847714364529e-03
4.809999942779541016e+00 1.791073591448366642e-03
4.813499927520751953e+00 1.791053218767046928e-03
4.816999912261962891e+00 1.791032846085727215e-03
4.820499897003173828e+00 1.791012473404407501e-03
4.823999881744384766e+00 1.790992100723087788e-03
4.827499866485595703e+00 1.790971611626446247e-03
4.830999851226806641e+00 1.790951238945126534e-03
4.834499835968017578e+00 1.790930749848484993e-03
4.837999820709228516e+00 1.790910260751843452e-03
4.841499805450439453e+00 1.790889771655201912e-03
4.844999790191650391e+00 1.790869166143238544e-03
4.848499774932861328e+00 1.790848677046597004e-03
4.852000236511230469e+00 1.790828071534633636e-03
4.855500221252441406e+00 1.790807466022670269e-03
4.859000205993652344e+00 1.790786860510706902e-03
4.862500190734863281e+00 1.790766138583421707e-03
4.866000175476074219e+00 1.790745533071458340e-03
4.869500160217285156e+00 1.790724811144173145e-03
4.873000144958496094e+00 1.790704089216887951e-03
4.876500129699707031e+00 1.790683367289602757e-03
4.880000114440917969e+00 1.790662645362317562e-03
4.883500099182128906e+00 1.790641923435032368e-03
4.887000083923339844e+00 1.790621085092425346e-03
4.890500068664550781e+00 1.790600246749818325e-03
4.894000053405761719e+00 1.790579408407211304e-03
4.897500038146972656e+00 1.790558570064604282e-03
4.901000022888183594e+00 1.790537731721997261e-03
4.904500007629394531e+00 1.790516776964068413e-03
4.907999992370605469e+00 1.790495822206139565e-03
4.911499977111816406e+00 1.790474867448210716e-03
4.914999961853027344e+00 1.790453912690281868e-03
4.918499946594238281e+00 1.790432957932353020e-03
4.921999931335449219e+00 1.790412003174424171e-03
4.925499916076660156e+00 1.790390932001173496e-03
4.928999900817871094e+00 1.790369860827922821e-03
4.932499885559082031e+00 1.790348789654672146e-03
4.935999870300292969e+00 1.790327718481421471e-03
4.939499855041503906e+00 1.790306530892848969e-03
4.942999839782714844e+00 1.790285459719598293e-03
4.946499824523925781e+00 1.790264272131025791e-03
4.949999809265136719e+00 1.790243084542453289e-03
4.953499794006347656e+00 1.790221896953880787e-03
4.956999778747558594e+00 1.790200709365308285e-03
4.960499763488769531e+00 1.790179405361413956e-03
4.964000225067138672e+00 1.790158217772841454e-03
4.967500209808349609e+00 1.790136913768947124e-03
4.971000194549560547e+00 1.790115609765052795e-03
4.974500179290771484e+00 1.790094189345836639e-03
4.978000164031982422e+00 1.790072885341942310e-03
4.981500148773193359e+00 1.790051464922726154e-03
4.985000133514404297e+00 1.790030044503509998e-03
4.988500118255615234e+00 1.790008624084293842e-03
4.992000102996826172e+00 1.789987203665077686e-03
4.995500087738037109e+00 1.789965783245861530e-03
4.999000072479248047e+00 1.789944246411323547e-03
5.002500057220458984e+00 1.789922709576785564e-03
5.006000041961669922e+00 1.789901172742247581e-03
5.009500026702880859e+00 1.789879635907709599e-03
5.013000011444091797e+00 1.789858099073171616e-03
5.016499996185302734e+00 1.789836445823311806e-03
5.019999980926513672e+00 1.789814908988773823e-03
5.023499965667724609e+00 1.789793255738914013e-03
5.026999950408935547e+00 1.789771602489054203e-03
5.030499935150146484e+00 1.789749832823872566e-03
5.033999919891357422e+00 1.789728179574012756e-03
5.037499904632568359e+00 1.789706409908831120e-03
5.040999889373779297e+00 1.789684756658971310e-03
5.044499874114990234e+00 1.789662986993789673e-03
5.047999858856201172e+00 1.789641100913286209e-03
5.051499843597412109e+00 1.789619331248104572e-03
5.054999828338623047e+00 1.789597445167601109e-03
5.058499813079833984e+00 1.789575559087097645e-03
5.061999797821044922e+00 1.789553789421916008e-03
5.065499782562255859e+00 1.789531786926090717e-03
5.068999767303466797e+00 1.789509900845587254e-03
5.072500228881835938e+00 1.789487898349761963e-03
5.076000213623046875e+00 1.789466012269258499e-03
5.079500198364257812e+00 1.789444009773433208e-03
5.083000183105468750e+00 1.789422007277607918e-03
5.086500167846679688e+00 1.789399888366460800e-03
5.090000152587890625e+00 1.789377885870635509e-03
5.093500137329101562e+00 1.789355766959488392e-03
5.097000122070312500e+00 1.789333648048341274e-03
5.100500106811523438e+00 1.789311529137194157e-03
5.104000091552734375e+00 1.789289410226047039e-03
5.107500076293945312e+00 1.789267174899578094e-03
5.111000061035156250e+00 1.789245055988430977e-03
5.114500045776367188e+00 1.789222820661962032e-03
5.118000030517578125e+00 1.789200585335493088e-03
5.121500015258789062e+00 1.789178350009024143e-03
5.125000000000000000e+00 1.789155998267233372e-03
5.128499984741210938e+00 1.789133762940764427e-03
5.131999969482421875e+00 1.789111411198973656e-03
5.135499954223632812e+00 1.789089059457182884e-03
5.138999938964843750e+00 1.789066707715392113e-03
5.142499923706054688e+00 1.789044239558279514e-03
5.145999908447265625e+00 1.789021887816488743e-03
5.149499893188476562e+00 1.788999419659376144e-03
5.152999877929687500e+00 1.788976951502263546e-03
5.156499862670898438e+00 1.788954483345150948e-03
5.159999847412109375e+00 1.788931898772716522e-03
5.163499832153320312e+00 1.788909430615603924e-03
5.166999816894531250e+00 1.788886846043169498e-03
5.170499801635742188e+00 1.788864261470735073e-03
5.173999786376953125e+00 1.788841676898300648e-03
5.177499771118164062e+00 1.788819092325866222e-03
5.181000232696533203e+00 1.788796391338109970e-03
5.184500217437744141e+00 1.788773806765675545e-03
5.188000202178955078e+00 1.788751105777919292e-03
5.191500186920166016e+00 1.788728404790163040e-03
5.195000171661376953e+00 1.788705587387084961e-03
5.198500156402587891e+00 1.788682886399328709e-03
5.202000141143798828e+00 1.788660068996250629e-03
5.205500125885009766e+00 1.788637251593172550e-03
5.209000110626220703e+00 1.788614434190094471e-03
5.212500095367431641e+00 1.788591616787016392e-03
5.216000080108642578e+00 1.788568682968616486e-03
5.219500064849853516e+00 1.788545865565538406e-03
5.223000049591064453e+00 1.788522931747138500e-03
5.226500034332275391e+00 1.788499997928738594e-03
5.230000019073486328e+00 1.788477064110338688e-03
5.233500003814697266e+00 1.788454013876616955e-03
5.236999988555908203e+00 1.788430963642895222e-03
5.240499973297119141e+00 1.788408029824495316e-03
5.243999958038330078e+00 1.788384979590773582e-03
5.247499942779541016e+00 1.788361812941730022e-03
5.250999927520751953e+00 1.788338762708008289e-03
5.254499912261962891e+00 1.788315596058964729e-03
5.257999897003173828e+00 1.788292429409921169e-03
5.261499881744384766e+00 1.788269262760877609e-03
5.264999866485595703e+00 1.788246096111834049e-03
5.268499851226806641e+00 1.788222929462790489e-03
5.271999835968017578e+00 1.788199646398425102e-03
5.275499820709228516e+00 1.788176363334059715e-03
5.278999805450439453e+00 1.788153080269694328e-03
5.282499790191650391e+00 1.788129797205328941e-03
5.285999774932861328e+00 1.788106514140963554e-03
5.289500236511230469e+00 1.788083114661276340e-03
5.293000221252441406e+00 1.788059715181589127e-03
5.296500205993652344e+00 1.788036315701901913e-03
5.300000190734863281e+00 1.788012916222214699e-03
5.303500175476074219e+00 1.787989516742527485e-03
5.307000160217285156e+00 1.787966000847518444e-03
5.310500144958496094e+00 1.787942484952509403e-03
5.314000129699707031e+00 1.787918969057500362e-03
5.317500114440917969e+00 1.787895453162491322e-03
5.321000099182128906e+00 1.787871937267482281e-03
5.324500083923339844e+00 1.787848304957151413e-03
5.328000068664550781e+00 1.787824672646820545e-03
5.331500053405761719e+00 1.787801040336489677e-03
5.335000038146972656e+00 1.787777408026158810e-03
5.338500022888183594e+00 1.787753775715827942e-03
5.342000007629394531e+00 1.787730026990175247e-03
5.345499992370605469e+00 1.787706278264522552e-03
5.348999977111816406e+00 1.787682529538869858e-03
5.352499961853027344e+00 1.787658780813217163e-03
5.355999946594238281e+00 1.787635032087564468e-03
5.359499931335449219e+00 1.787611166946589947e-03
5.362999916076660156e+00 1.787587301805615425e-03
5.366499900817871094e+00 1.787563436664640903e-03
5.369999885559082031e+00 1.787539571523666382e-03
5.373499870300292969e+00 1.787515706382691860e-03
5.376999855041503906e+00 1.787491724826395512e-03
5.380499839782714844e+00 1.787467743270099163e-03
5.383999824523925781e+00 1.787443761713802814e-03
5.387499809265136719e+00 1.787419780157506466e-03
5.390999794006347656e+00 1.787395798601210117e-03
5.394499778747558594e+00 1.787371700629591942e-03
5.397999763488769531e+00 1.787347602657973766e-03
5.401500225067138672e+00 1.787323504686355591e-03
5.405000209808349609e+00 1.787299406714737415e-03
5.408500194549560547e+00 1.787275192327797413e-03
5.412000179290771484e+00 1.787251094356179237e-03
5.415500164031982422e+00 1.787226879969239235e-03
5.419000148773193359e+00 1.787202665582299232e-03
5.422500133514404297e+00 1.787178451195359230e-03
5.426000118255615234e+00 1.787154120393097401e-03
5.429500102996826172e+00 1.787129906006157398e-03
5.433000087738037109e+00 1.787105575203895569e-03
5.436500072479248047e+00 1.787081244401633739e-03
5.440000057220458984e+00 1.787056797184050083e-03
5.443500041961669922e+00 1.787032466381788254e-03
5.447000026702880859e+00 1.787008019164204597e-03
5.450500011444091797e+00 1.786983571946620941e-03
5.453999996185302734e+00 1.786959124729037285e-03
5.457499980926513672e+00 1.786934677511453629e-03
5.460999965667724609e+00 1.786910113878548145e-03
5.464499950408935547e+00 1.786885666660964489e-03
5.467999935150146484e+00 1.786861103028059006e-03
5.471499919891357422e+00 1.786836539395153522e-03
5.474999904632568359e+00 1.786811859346926212e-03
5.478499889373779297e+00 1.786787295714020729e-03
5.481999874114990234e+00 1.786762615665793419e-03
5.485499858856201172e+00 1.786737935617566109e-03
5.488999843597412109e+00 1.786713255569338799e-03
5.492499828338623047e+00 1.786688459105789661e-03
5.495999813079833984e+00 1.786663779057562351e-03
5.499499797821044922e+00 1.786638982594013214e-03
5.502999782562255859e+00 1.786614186130464077e-03
5.506499767303466797e+00 1.786589389666914940e-03
5.510000228881835938e+00 1.786564476788043976e-03
5.513500213623046875e+00 1.786539680324494839e-03
5.517000198364257812e+00 1.786514767445623875e-03
5.520500183105468750e+00 1.786489854566752911e-03
5.524000167846679688e+00 1.786464941687881947e-03
5.527500152587890625e+00 1.786439912393689156e-03
5.531000137329101562e+00 1.786414999514818192e-03
5.534500122070312500e+00 1.786389970220625401e-03
5.538000106811523438e+00 1.786364940926432610e-03
5.541500091552734375e+00 1.786339795216917992e-03
5.545000076293945312e+00 1.786314765922725201e-03
5.548500061035156250e+00 1.786289620213210583e-03
5.552000045776367188e+00 1.786264474503695965e-03
5.555500030517578125e+00 1.786239328794181347e-03
5.559000015258789062e+00 1.786214183084666729e-03
5.562500000000000000e+00 1.786188920959830284e-03
5.565999984741210938e+00 1.786163658834993839e-03
5.569499969482421875e+00 1.786138396710157394e-03
5.572999954223632812e+00 1.786113134585320950e-03
5.576499938964843750e+00 1.786087872460484505e-03
5.579999923706054688e+00 1.786062493920326233e-03
5.583499908447265625e+00 1.786037115380167961e-03
5.586999893188476562e+00 1.786011736840009689e-03
5.590499877929687500e+00 1.785986358299851418e-03
5.593999862670898438e+00 1.785960863344371319e-03
5.597499847412109375e+00 1.785935484804213047e-03
5.600999832153320312e+00 1.785909989848732948e-03
5.604499816894531250e+00 1.785884494893252850e-03
5.607999801635742188e+00 1.785858883522450924e-03
5.611499786376953125e+00 1.785833388566970825e-03
5.614999771118164062e+00 1.785807777196168900e-03
5.618500232696533203e+00 1.785782165825366974e-03
5.622000217437744141e+00 1.785756554454565048e-03
5.625500202178955078e+00 1.785730943083763123e-03
5.629000186920166016e+00 1.785705215297639370e-03
5.632500171661376953e+00 1.785679487511515617e-03
5.636000156402587891e+00 1.785653759725391865e-03
5.639500141143798828e+00 1.785628031939268112e-03
5.643000125885009766e+00 1.785602187737822533e-03
5.646500110626220703e+00 1.785576459951698780e-03
5.650000095367431641e+00 1.785550615750253201e-03
5.653500080108642578e+00 1.785524771548807621e-03
5.657000064849853516e+00 1.785498810932040215e-03
5.660500049591064453e+00 1.785472966730594635e-03
5.664000034332275391e+00 1.785447006113827229e-03
5.667500019073486328e+00 1.785421045497059822e-03
5.671000003814697266e+00 1.785395084880292416e-03
5.674499988555908203e+00 1.785369124263525009e-03
5.677999973297119141e+00 1.785343047231435776e-03
5.681499958038330078e+00 1.785316970199346542e-03
5.684999942779541016e+00 1.785290893167257309e-03
5.688499927520751953e+00 1.785264816135168076e-03
5.691999912261962891e+00 1.785238622687757015e-03
5.695499897003173828e+00 1.785212545655667782e-03
5.698999881744384766e+00 1.785186352208256721e-03
5.702499866485595703e+00 1.785160042345523834e-03
5.705999851226806641e+00 1.785133848898112774e-03
5.709499835968017578e+00 1.785107655450701714e-03
5.712999820709228516e+00 1.785081345587968826e-03
5.716499805450439453e+00 1.785055035725235939e-03
5.719999790191650391e+00 1.785028609447181225e-03
5.723499774932861328e+00 1.785002299584448338e-03
5.727000236511230469e+00 1.784975873306393623e-03
5.730500221252441406e+00 1.784949447028338909e-03
5.734000205993652344e+00 1.784923020750284195e-03
5.737500190734863281e+00 1.784896594472229481e-03
5.741000175476074219e+00 1.784870051778852940e-03
5.744500160217285156e+00 1.784843625500798225e-03
5.748000144958496094e+00 1.784817082807421684e-03
5.751500129699707031e+00 1.784790423698723316e-03
5.755000114440917969e+00 1.784763881005346775e-03
5.758500099182128906e+00 1.784737221896648407e-03
5.762000083923339844e+00 1.784710562787950039e-03
5.765500068664550781e+00 1.784683903679251671e-03
5.769000053405761719e+00 1.784657244570553303e-03
5.772500038146972656e+00 1.784630469046533108e-03
5.776000022888183594e+00 1.784603809937834740e-03
5.779500007629394531e+00 1.784577034413814545e-03
5.782999992370605469e+00 1.784550142474472523e-03
5.786499977111816406e+00 1.784523366950452328e-03
5.789999961853027344e+00 1.784496475011110306e-03
5.793499946594238281e+00 1.784469583071768284e-03
5.796999931335449219e+00 1.784442691132426262e-03
5.800499916076660156e+00 1.784415799193084240e-03
5.803999900817871094e+00 1.784388790838420391e-03
5.807499885559082031e+00 1.784361782483756542e-03
5.810999870300292969e+00 1.784334774129092693e-03
5.814499855041503906e+00 1.784307765774428844e-03
5.817999839782714844e+00 1.784280757419764996e-03
5.821499824523925781e+00 1.784253632649779320e-03
5.824999809265136719e+00 1.784226507879793644e-03
5.828499794006347656e+00 1.784199383109807968e-03
5.831999778747558594e+00 1.784172258339822292e-03
5.835499763488769531e+00 1.784145017154514790e-03
5.839000225067138672e+00 1.784117775969207287e-03
5.842500209808349609e+00 1.784090534783899784e-03
5.846000194549560547e+00 1.784063293598592281e-03
5.849500179290771484e+00 1.784035935997962952e-03
5.853000164031982422e+00 1.784008694812655449e-03
5.856500148773193359e+00 1.783981337212026119e-03
5.860000133514404297e+00 1.783953863196074963e-03
5.863500118255615234e+00 1.783926505595445633e-03
5.867000102996826172e+00 1.783899031579494476e-03
5.870500087738037109e+00 1.783871673978865147e-03
5.874000072479248047e+00 1.783844083547592163e-03
5.877500057220458984e+00 1.783816609531641006e-03
5.881000041961669922e+00 1.783789135515689850e-03
5.884500026702880859e+00 1.783761545084416866e-03
5.888000011444091797e+00 1.783733954653143883e-03
5.891499996185302734e+00 1.783706364221870899e-03
5.894999980926513672e+00 1.783678657375276089e-03
5.898499965667724609e+00 1.783650950528681278e-03
5.901999950408935547e+00 1.783623243682086468e-03
5.905499935150146484e+00 1.783595536835491657e-03
5.908999919891357422e+00 1.783567829988896847e-03
5.912499904632568359e+00 1.783540006726980209e-03
5.915999889373779297e+00 1.783512183465063572e-03
5.919499874114990234e+00 1.783484360203146935e-03
5.922999858856201172e+00 1.783456536941230297e-03
5.926499843597412109e+00 1.783428597263991833e-03
5.929999828338623047e+00 1.783400774002075195e-03
5.933499813079833984e+00 1.783372834324836731e-03
5.936999797821044922e+00 1.783344778232276440e-03
5.940499782562255859e+00 1.783316838555037975e-03
5.943999767303466797e+00 1.783288782462477684e-03
5.947500228881835938e+00 1.783260726369917393e-03
5.951000213623046875e+00 1.783232670277357101e-03
5.954500198364257812e+00 1.783204614184796810e-03
5.958000183105468750e+00 1.783176441676914692e-03
5.961500167846679688e+00 1.783148269169032574e-03
5.965000152587890625e+00 1.783120096661150455e-03
5.968500137329101562e+00 1.783091924153268337e-03
5.972000122070312500e+00 1.783063635230064392e-03
5.975500106811523438e+00 1.783035346306860447e-03
5.979000091552734375e+00 1.783007057383656502e-03
5.982500076293945312e+00 1.782978768460452557e-03
5.986000061035156250e+00 1.782950363121926785e-03
5.989500045776367188e+00 1.782922074198722839e-03
5.993000030517578125e+00 1.782893668860197067e-03
5.996500015258789062e+00 1.782865147106349468e-03
6.000000000000000000e+00 1.782836741767823696e-03
