9.987099766731262207e-01 0.000000000000000000e+00
1.370319962501525879e+00 0.000000000000000000e+00
1.397850036621093750e+00 6.105010015744483098e-06
1.415050029754638672e+00 1.221000002260552719e-05
1.428820013999938965e+00 6.105010015744483098e-06
1.442579984664916992e+00 0.000000000000000000e+00
1.490749955177307129e+00 0.000000000000000000e+00
1.504520058631896973e+00 6.105010015744483098e-06
1.519999980926513672e+00 1.221000002260552719e-05
1.535480022430419922e+00 6.105010015744483098e-06
1.557850003242492676e+00 0.000000000000000000e+00
1.926020026206970215e+00 0.000000000000000000e+00
1.943230032920837402e+00 6.105010015744483098e-06
1.955270051956176758e+00 1.831500048865564167e-05
1.965590000152587891e+00 2.442000004521105438e-05
1.972470045089721680e+00 3.052499960176646709e-05
1.981080055236816406e+00 2.442000004521105438e-05
1.991400003433227539e+00 1.831500048865564167e-05
2.006880044937133789e+00 0.000000000000000000e+00
2.524729967117309570e+00 0.000000000000000000e+00
2.535049915313720703e+00 0.000000000000000000e+00
2.540220022201538086e+00 6.105010015744483098e-06
2.543659925460815430e+00 0.000000000000000000e+00
2.548820018768310547e+00 0.000000000000000000e+00
2.562580108642578125e+00 0.000000000000000000e+00
2.564300060272216797e+00 6.105010015744483098e-06
2.571180105209350586e+00 1.221000002260552719e-05
2.578059911727905273e+00 1.221000002260552719e-05
2.581510066986083984e+00 1.831500048865564167e-05
2.584949970245361328e+00 2.442000004521105438e-05
2.588390111923217773e+00 3.663000097731128335e-05
2.590110063552856445e+00 2.442000004521105438e-05
2.593549966812133789e+00 2.442000004521105438e-05
2.596990108489990234e+00 3.663000097731128335e-05
2.598710060119628906e+00 4.884000009042210877e-05
2.602149963378906250e+00 6.105010106693953276e-05
2.605590105056762695e+00 5.494509969139471650e-05
2.609030008316040039e+00 1.220999984070658684e-04
2.612469911575317383e+00 1.404149952577427030e-04
2.617630004882812500e+00 1.526249980088323355e-04
2.621079921722412109e+00 1.648350007599219680e-04
2.624520063400268555e+00 2.014649944612756371e-04
2.627959966659545898e+00 2.503049909137189388e-04
2.631400108337402344e+00 3.662999952211976051e-04
2.634840011596679688e+00 6.593409925699234009e-04
2.636559963226318359e+00 8.669110247865319252e-04
2.638279914855957031e+00 9.340660180896520615e-04
2.640000104904174805e+00 9.768010349944233894e-04
2.641720056533813477e+00 9.340660180896520615e-04
2.643440008163452148e+00 6.349210161715745926e-04
2.645159959793090820e+00 3.724049893207848072e-04
2.646879911422729492e+00 2.441999968141317368e-04
2.648600101470947266e+00 2.014649944612756371e-04
2.650320053100585938e+00 1.220999984070658684e-04
2.652040004730224609e+00 4.999999888241291046e-03
2.660650014877319336e+00 4.999999888241291046e-03
2.662369966506958008e+00 1.221000002260552719e-05
2.674410104751586914e+00 2.155069960281252861e-03
2.676130056381225586e+00 2.155069960281252861e-03
2.679569959640502930e+00 1.953599974513053894e-03
2.683010101318359375e+00 1.355309970676898956e-03
2.689889907836914062e+00 1.343100011581555009e-04
2.691610097885131836e+00 4.999999888241291046e-03
2.700220108032226562e+00 4.999999888241291046e-03
2.701940059661865234e+00 4.639799881260842085e-04
2.703660011291503906e+00 3.968249948229640722e-04
2.708820104598999023e+00 1.398049993440508842e-03
2.710540056228637695e+00 3.608060069382190704e-03
2.712260007858276367e+00 4.999999888241291046e-03
2.715189933776855469e+00 1.123599987477064133e-02
2.724730014801025391e+00 1.498129963874816895e-02
2.731100082397460938e+00 1.872660033404827118e-02
2.737459897994995117e+00 2.372029982507228851e-02
2.746999979019165039e+00 3.495629876852035522e-02
2.756540060043334961e+00 5.368290096521377563e-02
2.769259929656982422e+00 9.238450229167938232e-02
2.781980037689208984e+00 1.360799968242645264e-01
2.801059961318969727e+00 2.322099953889846802e-01
2.816960096359252930e+00 3.345820009708404541e-01
2.826499938964843750e+00 3.970040082931518555e-01
2.839220046997070312e+00 4.606739878654479980e-01
2.851939916610717773e+00 5.318350195884704590e-01
2.867840051651000977e+00 5.967540144920349121e-01
2.893290042877197266e+00 6.729090213775634766e-01
2.912369966506958008e+00 7.349041104316711426e-01
2.934629917144775391e+00 7.724248170852661133e-01
2.953710079193115234e+00 8.034775853157043457e-01
2.972790002822875977e+00 8.293547034263610840e-01
2.988689899444580078e+00 8.422927260398864746e-01
3.001410007476806641e+00 8.500561714172363281e-01
3.014130115509033203e+00 8.552307486534118652e-01
3.036400079727172852e+00 8.617007732391357422e-01
3.052299976348876953e+00 8.642886281013488770e-01
3.068200111389160156e+00 8.681698441505432129e-01
3.084100008010864258e+00 8.720510005950927734e-01
3.103179931640625000e+00 8.772266507148742676e-01
3.125439882278442383e+00 8.849900960922241211e-01
3.150880098342895508e+00 8.927525281906127930e-01
3.176330089569091797e+00 9.005159735679626465e-01
3.201770067214965820e+00 9.069849848747253418e-01
3.224030017852783203e+00 9.095727801322937012e-01
3.246289968490600586e+00 9.108661413192749023e-01
3.278090000152587891e+00 9.108661413192749023e-01
3.344880104064941406e+00 9.095727801322937012e-01
3.392580032348632812e+00 9.108661413192749023e-01
3.433919906616210938e+00 9.134539961814880371e-01
3.472079992294311523e+00 9.173362255096435547e-01
3.500710010528564453e+00 9.199230074882507324e-01
3.529330015182495117e+00 9.212174415588378906e-01
3.577029943466186523e+00 9.225108027458190918e-01
3.631099939346313477e+00 9.238052368164062500e-01
3.666079998016357422e+00 9.250986576080322266e-01
3.701060056686401367e+00 9.276864528656005859e-01
3.755120038986206055e+00 9.341554641723632812e-01
3.796469926834106445e+00 9.393311142921447754e-01
3.837810039520263672e+00 9.432122707366943359e-01
3.869610071182250977e+00 9.445067048072814941e-01
3.895050048828125000e+00 9.458001255989074707e-01
3.939579963684082031e+00 9.445067048072814941e-01
3.971379995346069336e+00 9.419189095497131348e-01
4.012720108032226562e+00 9.380376935005187988e-01
4.050879955291748047e+00 9.328621029853820801e-01
4.095409870147705078e+00 9.276864528656005859e-01
4.136750221252441406e+00 9.238052368164062500e-01
4.159009933471679688e+00 9.225108027458190918e-01
4.178090095520019531e+00 9.225108027458190918e-01
4.197169780731201172e+00 9.238052368164062500e-01
4.209889888763427734e+00 9.250986576080322266e-01
4.219429969787597656e+00 9.263930320739746094e-01
4.232160091400146484e+00 9.250986576080322266e-01
4.241700172424316406e+00 9.238052368164062500e-01
4.251239776611328125e+00 9.250986576080322266e-01
4.270319938659667969e+00 9.238052368164062500e-01
4.286220073699951172e+00 9.263930320739746094e-01
4.295760154724121094e+00 9.263930320739746094e-01
4.318019866943359375e+00 9.263930320739746094e-01
4.353000164031982422e+00 9.250986576080322266e-01
4.391170024871826172e+00 9.238052368164062500e-01
4.429329872131347656e+00 9.238052368164062500e-01
4.464310169219970703e+00 9.212174415588378906e-01
4.499289989471435547e+00 9.160417914390563965e-01
4.543819904327392578e+00 9.056915640830993652e-01
4.607419967651367188e+00 8.849900960922241211e-01
4.655119895935058594e+00 8.707576394081115723e-01
4.715549945831298828e+00 8.565251827239990234e-01
4.772789955139160156e+00 8.435871601104736328e-01
4.839580059051513672e+00 8.306480646133422852e-01
4.896820068359375000e+00 8.190034031867980957e-01
4.922259807586669922e+00 8.151221871376037598e-01
4.947700023651123047e+00 8.112410306930541992e-01
4.973139762878417969e+00 8.099465966224670410e-01
4.995409965515136719e+00 8.099465966224670410e-01
6.000000000000000000e+00 8.099465966224670410e-01
