5.000000000000000000e-01 6.384066073223948479e-04
5.015000104904174805e-01 6.384077714756131172e-04
5.030000209808349609e-01 6.384089938364923000e-04
5.044999718666076660e-01 6.384100997820496559e-04
5.059999823570251465e-01 6.384112639352679253e-04
5.074999928474426270e-01 6.384123698808252811e-04
5.090000033378601074e-01 6.384134758263826370e-04
5.105000138282775879e-01 6.384145817719399929e-04
5.120000243186950684e-01 6.384156295098364353e-04
5.134999752044677734e-01 6.384167354553937912e-04
5.149999856948852539e-01 6.384177249856293201e-04
5.164999961853027344e-01 6.384187727235257626e-04
5.180000066757202148e-01 6.384197622537612915e-04
5.195000171661376953e-01 6.384207517839968204e-04
5.210000276565551758e-01 6.384217413142323494e-04
5.224999785423278809e-01 6.384226726368069649e-04
5.239999890327453613e-01 6.384236039593815804e-04
5.254999995231628418e-01 6.384245352819561958e-04
5.270000100135803223e-01 6.384254083968698978e-04
5.285000205039978027e-01 6.384263397194445133e-04
5.299999713897705078e-01 6.384271546266973019e-04
5.314999818801879883e-01 6.384280277416110039e-04
5.329999923706054688e-01 6.384288426488637924e-04
5.345000028610229492e-01 6.384296575561165810e-04
5.360000133514404297e-01 6.384304724633693695e-04
5.375000238418579102e-01 6.384312873706221581e-04
5.389999747276306152e-01 6.384320440702140331e-04
5.404999852180480957e-01 6.384328007698059082e-04
5.419999957084655762e-01 6.384334992617368698e-04
5.435000061988830566e-01 6.384341977536678314e-04
5.450000166893005371e-01 6.384348962455987930e-04
5.465000271797180176e-01 6.384355947375297546e-04
5.479999780654907227e-01 6.384362932294607162e-04
5.494999885559082031e-01 6.384369335137307644e-04
5.509999990463256836e-01 6.384375737980008125e-04
5.525000095367431641e-01 6.384381558746099472e-04
5.540000200271606445e-01 6.384387379512190819e-04
5.554999709129333496e-01 6.384393200278282166e-04
5.569999814033508301e-01 6.384399021044373512e-04
5.584999918937683105e-01 6.384404841810464859e-04
5.600000023841857910e-01 6.384410080499947071e-04
5.615000128746032715e-01 6.384415319189429283e-04
5.630000233650207520e-01 6.384419975802302361e-04
5.644999742507934570e-01 6.384424632415175438e-04
5.659999847412109375e-01 6.384429289028048515e-04
5.674999952316284180e-01 6.384433945640921593e-04
5.690000057220458984e-01 6.384438602253794670e-04
5.705000162124633789e-01 6.384442676790058613e-04
5.720000267028808594e-01 6.384446751326322556e-04
5.734999775886535645e-01 6.384450243785977364e-04
5.749999880790710449e-01 6.384454318322241306e-04
5.764999985694885254e-01 6.384457810781896114e-04
5.780000090599060059e-01 6.384460721164941788e-04
5.795000195503234863e-01 6.384464213624596596e-04
5.809999704360961914e-01 6.384467124007642269e-04
5.824999809265136719e-01 6.384470034390687943e-04
5.839999914169311523e-01 6.384472944773733616e-04
5.855000019073486328e-01 6.384475273080170155e-04
5.870000123977661133e-01 6.384477601386606693e-04
5.885000228881835938e-01 6.384479929693043232e-04
5.899999737739562988e-01 6.384481675922870636e-04
5.914999842643737793e-01 6.384484004229307175e-04
5.929999947547912598e-01 6.384485750459134579e-04
5.945000052452087402e-01 6.384486914612352848e-04
5.960000157356262207e-01 6.384488660842180252e-04
5.975000262260437012e-01 6.384489824995398521e-04
5.989999771118164062e-01 6.384490989148616791e-04
6.004999876022338867e-01 6.384491571225225925e-04
6.019999980926513672e-01 6.384492735378444195e-04
6.035000085830688477e-01 6.384493317455053329e-04
6.050000190734863281e-01 6.384493899531662464e-04
6.065000295639038086e-01 6.384493899531662464e-04
6.079999804496765137e-01 6.384493899531662464e-04
6.094999909400939941e-01 6.384493899531662464e-04
6.110000014305114746e-01 6.384493899531662464e-04
6.125000119209289551e-01 6.384493899531662464e-04
6.140000224113464355e-01 6.384493317455053329e-04
6.154999732971191406e-01 6.384492735378444195e-04
6.169999837875366211e-01 6.384491571225225925e-04
6.184999942779541016e-01 6.384490989148616791e-04
6.200000047683715820e-01 6.384489824995398521e-04
6.215000152587890625e-01 6.384488660842180252e-04
6.230000257492065430e-01 6.384486914612352848e-04
6.244999766349792480e-01 6.384485168382525444e-04
6.259999871253967285e-01 6.384483422152698040e-04
6.274999976158142090e-01 6.384481675922870636e-04
6.290000081062316895e-01 6.384479929693043232e-04
6.305000185966491699e-01 6.384477601386606693e-04
6.320000290870666504e-01 6.384475273080170155e-04
6.334999799728393555e-01 6.384472362697124481e-04
6.349999904632568359e-01 6.384470034390687943e-04
6.365000009536743164e-01 6.384467124007642269e-04
6.380000114440917969e-01 6.384464213624596596e-04
6.395000219345092773e-01 6.384460721164941788e-04
6.409999728202819824e-01 6.384457810781896114e-04
6.424999833106994629e-01 6.384454318322241306e-04
6.439999938011169434e-01 6.384450825862586498e-04
6.455000042915344238e-01 6.384446751326322556e-04
6.470000147819519043e-01 6.384443258866667747e-04
6.485000252723693848e-01 6.384439184330403805e-04
6.499999761581420898e-01 6.384434527717530727e-04
6.514999866485595703e-01 6.384430453181266785e-04
6.529999971389770508e-01 6.384425796568393707e-04
6.545000076293945312e-01 6.384421139955520630e-04
6.560000181198120117e-01 6.384416483342647552e-04
6.575000286102294922e-01 6.384411244653165340e-04
6.589999794960021973e-01 6.384406005963683128e-04
6.604999899864196777e-01 6.384400767274200916e-04
6.620000004768371582e-01 6.384395528584718704e-04
6.635000109672546387e-01 6.384389707818627357e-04
6.650000214576721191e-01 6.384384469129145145e-04
6.664999723434448242e-01 6.384378066286444664e-04
6.679999828338623047e-01 6.384372245520353317e-04
6.694999933242797852e-01 6.384365842677652836e-04
6.710000038146972656e-01 6.384360021911561489e-04
6.725000143051147461e-01 6.384353036992251873e-04
6.740000247955322266e-01 6.384346634149551392e-04
6.754999756813049316e-01 6.384339649230241776e-04
6.769999861717224121e-01 6.384332664310932159e-04
6.784999966621398926e-01 6.384325679391622543e-04
6.800000071525573730e-01 6.384318694472312927e-04
6.815000176429748535e-01 6.384311127476394176e-04
6.830000281333923340e-01 6.384303560480475426e-04
6.844999790191650391e-01 6.384295993484556675e-04
6.859999895095825195e-01 6.384288426488637924e-04
6.875000000000000000e-01 6.384280277416110039e-04
6.890000104904174805e-01 6.384272128343582153e-04
6.905000209808349609e-01 6.384263979271054268e-04
6.919999718666076660e-01 6.384255248121917248e-04
6.934999823570251465e-01 6.384247099049389362e-04
6.949999928474426270e-01 6.384238367900252342e-04
6.965000033378601074e-01 6.384229054674506187e-04
6.980000138282775879e-01 6.384220323525369167e-04
6.995000243186950684e-01 6.384211010299623013e-04
7.009999752044677734e-01 6.384201697073876858e-04
7.024999856948852539e-01 6.384192383848130703e-04
7.039999961853027344e-01 6.384182488545775414e-04
7.055000066757202148e-01 6.384173175320029259e-04
7.070000171661376953e-01 6.384163280017673969e-04
7.085000276565551758e-01 6.384152802638709545e-04
7.099999785423278809e-01 6.384142907336354256e-04
7.114999890327453613e-01 6.384132429957389832e-04
7.129999995231628418e-01 6.384121952578425407e-04
7.145000100135803223e-01 6.384111475199460983e-04
7.160000205039978027e-01 6.384100997820496559e-04
7.174999713897705078e-01 6.384089938364923000e-04
7.189999818801879883e-01 6.384078878909349442e-04
7.204999923706054688e-01 6.384067819453775883e-04
7.220000028610229492e-01 6.384056177921593189e-04
7.235000133514404297e-01 6.384044536389410496e-04
7.250000238418579102e-01 6.384032894857227802e-04
7.264999747276306152e-01 6.384021253325045109e-04
7.279999852180480957e-01 6.384009611792862415e-04
7.294999957084655762e-01 6.383997388184070587e-04
7.310000061988830566e-01 6.383985164575278759e-04
7.325000166893005371e-01 6.383972940966486931e-04
7.340000271797180176e-01 6.383960135281085968e-04
7.354999780654907227e-01 6.383947911672294140e-04
7.369999885559082031e-01 6.383935105986893177e-04
7.384999990463256836e-01 6.383922300301492214e-04
7.400000095367431641e-01 6.383908912539482117e-04
7.415000200271606445e-01 6.383895524777472019e-04
7.429999709129333496e-01 6.383882719092071056e-04
7.444999814033508301e-01 6.383868749253451824e-04
7.459999918937683105e-01 6.383855361491441727e-04
7.475000023841857910e-01 6.383841391652822495e-04
7.490000128746032715e-01 6.383827421814203262e-04
7.505000233650207520e-01 6.383813451975584030e-04
7.519999742507934570e-01 6.383799482136964798e-04
7.534999847412109375e-01 6.383784930221736431e-04
7.549999952316284180e-01 6.383770378306508064e-04
7.565000057220458984e-01 6.383755826391279697e-04
7.580000162124633789e-01 6.383741274476051331e-04
7.595000267028808594e-01 6.383726140484213829e-04
7.609999775886535645e-01 6.383711588568985462e-04
7.624999880790710449e-01 6.383696454577147961e-04
7.639999985694885254e-01 6.383680738508701324e-04
7.655000090599060059e-01 6.383665604516863823e-04
7.670000195503234863e-01 6.383649888448417187e-04
7.684999704360961914e-01 6.383634172379970551e-04
7.699999809265136719e-01 6.383618456311523914e-04
7.714999914169311523e-01 6.383602158166468143e-04
7.730000019073486328e-01 6.383585860021412373e-04
7.745000123977661133e-01 6.383569561876356602e-04
7.760000228881835938e-01 6.383553263731300831e-04
7.774999737739562988e-01 6.383536965586245060e-04
7.789999842643737793e-01 6.383520085364580154e-04
7.804999947547912598e-01 6.383503205142915249e-04
7.820000052452087402e-01 6.383486324921250343e-04
7.835000157356262207e-01 6.383469444699585438e-04
7.850000262260437012e-01 6.383451982401311398e-04
7.864999771118164062e-01 6.383434520103037357e-04
7.879999876022338867e-01 6.383417057804763317e-04
7.894999980926513672e-01 6.383399595506489277e-04
7.910000085830688477e-01 6.383381551131606102e-04
7.925000190734863281e-01 6.383363506756722927e-04
7.940000295639038086e-01 6.383345462381839752e-04
7.954999804496765137e-01 6.383327418006956577e-04
7.969999909400939941e-01 6.383308791555464268e-04
7.985000014305114746e-01 6.383290747180581093e-04
8.000000119209289551e-01 6.383272120729088783e-04
8.015000224113464355e-01 6.383253494277596474e-04
8.029999732971191406e-01 6.383234285749495029e-04
8.044999837875366211e-01 6.383215077221393585e-04
8.059999942779541016e-01 6.383195868693292141e-04
8.075000047683715820e-01 6.383176660165190697e-04
8.090000152587890625e-01 6.383157451637089252e-04
8.105000257492065430e-01 6.383137661032378674e-04
8.119999766349792480e-01 6.383118452504277229e-04
8.134999871253967285e-01 6.383098079822957516e-04
8.149999976158142090e-01 6.383078289218246937e-04
8.165000081062316895e-01 6.383058498613536358e-04
8.180000185966491699e-01 6.383038125932216644e-04
8.195000290870666504e-01 6.383017753250896931e-04
8.209999799728393555e-01 6.382997380569577217e-04
8.224999904632568359e-01 6.382976425811648369e-04
8.240000009536743164e-01 6.382956053130328655e-04
8.255000114440917969e-01 6.382935098372399807e-04
8.270000219345092773e-01 6.382913561537861824e-04
8.284999728202819824e-01 6.382892606779932976e-04
8.299999833106994629e-01 6.382871652022004128e-04
8.314999938011169434e-01 6.382850115187466145e-04
8.330000042915344238e-01 6.382828578352928162e-04
8.345000147819519043e-01 6.382806459441781044e-04
8.360000252723693848e-01 6.382784922607243061e-04
8.374999761581420898e-01 6.382762803696095943e-04
8.389999866485595703e-01 6.382740684784948826e-04
8.404999971389770508e-01 6.382718565873801708e-04
8.420000076293945312e-01 6.382696446962654591e-04
8.435000181198120117e-01 6.382673745974898338e-04
8.450000286102294922e-01 6.382651044987142086e-04
8.464999794960021973e-01 6.382628343999385834e-04
8.479999899864196777e-01 6.382605643011629581e-04
8.495000004768371582e-01 6.382582359947264194e-04
8.510000109672546387e-01 6.382559076882898808e-04
8.525000214576721191e-01 6.382535793818533421e-04
8.539999723434448242e-01 6.382512510754168034e-04
8.554999828338623047e-01 6.382489227689802647e-04
8.569999933242797852e-01 6.382465362548828125e-04
8.585000038146972656e-01 6.382441497407853603e-04
8.600000143051147461e-01 6.382417632266879082e-04
8.615000247955322266e-01 6.382393767125904560e-04
8.629999756813049316e-01 6.382369319908320904e-04
8.644999861717224121e-01 6.382344872690737247e-04
8.659999966621398926e-01 6.382320425473153591e-04
8.675000071525573730e-01 6.382295978255569935e-04
8.690000176429748535e-01 6.382271531037986279e-04
8.705000281333923340e-01 6.382246501743793488e-04
8.719999790191650391e-01 6.382221472449600697e-04
8.734999895095825195e-01 6.382196443155407906e-04
8.750000000000000000e-01 6.382171413861215115e-04
8.765000104904174805e-01 6.382145802490413189e-04
8.780000209808349609e-01 6.382120191119611263e-04
8.794999718666076660e-01 6.382094579748809338e-04
8.809999823570251465e-01 6.382068968378007412e-04
8.824999928474426270e-01 6.382043357007205486e-04
8.840000033378601074e-01 6.382017163559794426e-04
8.855000138282775879e-01 6.381990970112383366e-04
8.870000243186950684e-01 6.381964776664972305e-04
8.884999752044677734e-01 6.381938583217561245e-04
8.899999856948852539e-01 6.381911807693541050e-04
8.914999961853027344e-01 6.381885032169520855e-04
8.930000066757202148e-01 6.381858256645500660e-04
8.945000171661376953e-01 6.381831481121480465e-04
8.960000276565551758e-01 6.381804705597460270e-04
8.974999785423278809e-01 6.381777347996830940e-04
8.989999890327453613e-01 6.381749990396201611e-04
9.004999995231628418e-01 6.381722632795572281e-04
9.020000100135803223e-01 6.381695275194942951e-04
9.035000205039978027e-01 6.381667917594313622e-04
9.049999713897705078e-01 6.381639977917075157e-04
9.064999818801879883e-01 6.381612038239836693e-04
9.079999923706054688e-01 6.381584098562598228e-04
9.095000028610229492e-01 6.381555576808750629e-04
9.110000133514404297e-01 6.381527637131512165e-04
9.125000238418579102e-01 6.381499115377664566e-04
9.139999747276306152e-01 6.381470593623816967e-04
9.154999852180480957e-01 6.381442071869969368e-04
9.169999957084655762e-01 6.381412968039512634e-04
9.185000061988830566e-01 6.381384446285665035e-04
9.200000166893005371e-01 6.381355342455208302e-04
9.215000271797180176e-01 6.381326238624751568e-04
9.229999780654907227e-01 6.381296552717685699e-04
9.244999885559082031e-01 6.381267448887228966e-04
9.259999990463256836e-01 6.381237762980163097e-04
9.275000095367431641e-01 6.381208077073097229e-04
9.290000200271606445e-01 6.381178391166031361e-04
9.304999709129333496e-01 6.381148705258965492e-04
9.319999814033508301e-01 6.381118437275290489e-04
9.334999918937683105e-01 6.381088169291615486e-04
9.350000023841857910e-01 6.381057901307940483e-04
9.365000128746032715e-01 6.381027633324265480e-04
9.380000233650207520e-01 6.380997365340590477e-04
9.394999742507934570e-01 6.380966515280306339e-04
9.409999847412109375e-01 6.380935665220022202e-04
9.424999952316284180e-01 6.380904815159738064e-04
9.440000057220458984e-01 6.380873965099453926e-04
9.455000162124633789e-01 6.380842532962560654e-04
9.470000267028808594e-01 6.380811682902276516e-04
9.484999775886535645e-01 6.380780250765383244e-04
9.499999880790710449e-01 6.380748818628489971e-04
9.514999985694885254e-01 6.380716804414987564e-04
9.530000090599060059e-01 6.380685372278094292e-04
9.545000195503234863e-01 6.380653358064591885e-04
9.559999704360961914e-01 6.380621343851089478e-04
9.574999809265136719e-01 6.380589329637587070e-04
9.589999914169311523e-01 6.380556733347475529e-04
9.605000019073486328e-01 6.380524719133973122e-04
9.620000123977661133e-01 6.380492122843861580e-04
9.635000228881835938e-01 6.380459526553750038e-04
9.649999737739562988e-01 6.380426930263638496e-04
9.664999842643737793e-01 6.380393751896917820e-04
9.679999947547912598e-01 6.380361155606806278e-04
9.695000052452087402e-01 6.380327977240085602e-04
9.710000157356262207e-01 6.380294798873364925e-04
9.725000262260437012e-01 6.380261620506644249e-04
9.739999771118164062e-01 6.380227860063314438e-04
9.754999876022338867e-01 6.380194099619984627e-04
9.769999980926513672e-01 6.380160339176654816e-04
9.785000085830688477e-01 6.380126578733325005e-04
9.800000190734863281e-01 6.380092818289995193e-04
9.815000295639038086e-01 6.380059057846665382e-04
9.829999804496765137e-01 6.380024715326726437e-04
9.844999909400939941e-01 6.379990372806787491e-04
9.860000014305114746e-01 6.379956030286848545e-04
9.875000119209289551e-01 6.379921105690300465e-04
9.890000224113464355e-01 6.379886763170361519e-04
9.904999732971191406e-01 6.379851838573813438e-04
9.919999837875366211e-01 6.379816913977265358e-04
9.934999942779541016e-01 6.379781989380717278e-04
9.950000047683715820e-01 6.379747064784169197e-04
9.965000152587890625e-01 6.379711558111011982e-04
9.980000257492065430e-01 6.379676051437854767e-04
9.994999766349792480e-01 6.379640544764697552e-04
1.001000046730041504e+00 6.379605038091540337e-04
1.002500057220458984e+00 6.379569531418383121e-04
1.003999948501586914e+00 6.379533442668616772e-04
1.005499958992004395e+00 6.379497353918850422e-04
1.006999969482421875e+00 6.379461265169084072e-04
1.008499979972839355e+00 6.379425176419317722e-04
1.009999990463256836e+00 6.379389087669551373e-04
1.011500000953674316e+00 6.379352416843175888e-04
1.013000011444091797e+00 6.379315746016800404e-04
1.014500021934509277e+00 6.379279075190424919e-04
1.016000032424926758e+00 6.379242404364049435e-04
1.017500042915344238e+00 6.379205733537673950e-04
1.019000053405761719e+00 6.379168480634689331e-04
1.020499944686889648e+00 6.379131227731704712e-04
1.021999955177307129e+00 6.379093974828720093e-04
1.023499965667724609e+00 6.379056721925735474e-04
1.024999976158142090e+00 6.379019469022750854e-04
1.026499986648559570e+00 6.378981634043157101e-04
1.027999997138977051e+00 6.378943799063563347e-04
1.029500007629394531e+00 6.378905964083969593e-04
1.031000018119812012e+00 6.378868129104375839e-04
1.032500028610229492e+00 6.378830294124782085e-04
1.034000039100646973e+00 6.378791877068579197e-04
1.035500049591064453e+00 6.378753460012376308e-04
1.036999940872192383e+00 6.378715042956173420e-04
1.038499951362609863e+00 6.378676625899970531e-04
1.039999961853027344e+00 6.378637626767158508e-04
1.041499972343444824e+00 6.378599209710955620e-04
1.042999982833862305e+00 6.378560210578143597e-04
1.044499993324279785e+00 6.378521211445331573e-04
1.046000003814697266e+00 6.378482212312519550e-04
1.047500014305114746e+00 6.378442631103098392e-04
1.049000024795532227e+00 6.378403631970286369e-04
1.050500035285949707e+00 6.378364050760865211e-04
1.052000045776367188e+00 6.378324469551444054e-04
1.053500056266784668e+00 6.378284306265413761e-04
1.054999947547912598e+00 6.378244725055992603e-04
1.056499958038330078e+00 6.378204561769962311e-04
1.057999968528747559e+00 6.378164980560541153e-04
1.059499979019165039e+00 6.378124817274510860e-04
1.060999989509582520e+00 6.378084071911871433e-04
1.062500000000000000e+00 6.378043908625841141e-04
1.064000010490417480e+00 6.378003163263201714e-04
1.065500020980834961e+00 6.377962417900562286e-04
1.067000031471252441e+00 6.377921672537922859e-04
1.068500041961669922e+00 6.377880927175283432e-04
1.070000052452087402e+00 6.377840181812644005e-04
1.071499943733215332e+00 6.377798854373395443e-04
1.072999954223632812e+00 6.377757526934146881e-04
1.074499964714050293e+00 6.377716199494898319e-04
1.075999975204467773e+00 6.377674872055649757e-04
1.077499985694885254e+00 6.377633544616401196e-04
1.078999996185302734e+00 6.377591635100543499e-04
1.080500006675720215e+00 6.377549725584685802e-04
1.082000017166137695e+00 6.377507816068828106e-04
1.083500027656555176e+00 6.377465906552970409e-04
1.085000038146972656e+00 6.377423997037112713e-04
1.086500048637390137e+00 6.377381505444645882e-04
1.088000059127807617e+00 6.377339595928788185e-04
1.089499950408935547e+00 6.377297104336321354e-04
1.090999960899353027e+00 6.377254030667245388e-04
1.092499971389770508e+00 6.377211539074778557e-04
1.093999981880187988e+00 6.377169047482311726e-04
1.095499992370605469e+00 6.377125973813235760e-04
1.097000002861022949e+00 6.377082900144159794e-04
1.098500013351440430e+00 6.377039826475083828e-04
1.100000023841857910e+00 6.376996170729398727e-04
1.101500034332275391e+00 6.376953097060322762e-04
1.103000044822692871e+00 6.376909441314637661e-04
1.104500055313110352e+00 6.376865785568952560e-04
1.105999946594238281e+00 6.376822129823267460e-04
1.107499957084655762e+00 6.376778474077582359e-04
1.108999967575073242e+00 6.376734236255288124e-04
1.110499978065490723e+00 6.376690580509603024e-04
1.111999988555908203e+00 6.376646342687308788e-04
1.113499999046325684e+00 6.376602104865014553e-04
1.115000009536743164e+00 6.376557867042720318e-04
1.116500020027160645e+00 6.376513047143816948e-04
1.118000030517578125e+00 6.376468227244913578e-04
1.119500041007995605e+00 6.376423989422619343e-04
1.121000051498413086e+00 6.376379169523715973e-04
1.122499942779541016e+00 6.376333767548203468e-04
1.123999953269958496e+00 6.376288947649300098e-04
1.125499963760375977e+00 6.376243545673787594e-04
1.126999974250793457e+00 6.376198725774884224e-04
1.128499984741210938e+00 6.376153323799371719e-04
1.129999995231628418e+00 6.376107339747250080e-04
1.131500005722045898e+00 6.376061937771737576e-04
1.133000016212463379e+00 6.376015953719615936e-04
1.134500026702880859e+00 6.375970551744103432e-04
1.136000037193298340e+00 6.375924567691981792e-04
1.137500047683715820e+00 6.375878583639860153e-04
1.139000058174133301e+00 6.375832017511129379e-04
1.140499949455261230e+00 6.375786033459007740e-04
1.141999959945678711e+00 6.375739467330276966e-04
1.143499970436096191e+00 6.375692901201546192e-04
1.144999980926513672e+00 6.375646335072815418e-04
1.146499991416931152e+00 6.375599768944084644e-04
1.148000001907348633e+00 6.375552620738744736e-04
1.149500012397766113e+00 6.375506054610013962e-04
1.151000022888183594e+00 6.375458906404674053e-04
1.152500033378601074e+00 6.375411758199334145e-04
1.154000043869018555e+00 6.375364609993994236e-04
1.155500054359436035e+00 6.375316879712045193e-04
1.156999945640563965e+00 6.375269731506705284e-04
1.158499956130981445e+00 6.375222001224756241e-04
1.159999966621398926e+00 6.375174270942807198e-04
1.161499977111816406e+00 6.375126540660858154e-04
1.162999987602233887e+00 6.375078228302299976e-04
1.164499998092651367e+00 6.375030498020350933e-04
1.166000008583068848e+00 6.374982185661792755e-04
1.167500019073486328e+00 6.374933873303234577e-04
1.169000029563903809e+00 6.374885560944676399e-04
1.170500040054321289e+00 6.374837248586118221e-04
1.172000050544738770e+00 6.374788354150950909e-04
1.173499941825866699e+00 6.374739459715783596e-04
1.174999952316284180e+00 6.374690565280616283e-04
1.176499962806701660e+00 6.374641670845448971e-04
1.177999973297119141e+00 6.374592776410281658e-04
1.179499983787536621e+00 6.374543881975114346e-04
1.180999994277954102e+00 6.374494405463337898e-04
1.182500004768371582e+00 6.374444928951561451e-04
1.184000015258789062e+00 6.374395452439785004e-04
1.185500025749206543e+00 6.374345975928008556e-04
1.187000036239624023e+00 6.374296499416232109e-04
1.188500046730041504e+00 6.374246440827846527e-04
1.190000057220458984e+00 6.374196382239460945e-04
1.191499948501586914e+00 6.374146323651075363e-04
1.192999958992004395e+00 6.374096265062689781e-04
1.194499969482421875e+00 6.374046206474304199e-04
1.195999979972839355e+00 6.373995565809309483e-04
1.197499990463256836e+00 6.373945507220923901e-04
1.199000000953674316e+00 6.373894866555929184e-04
1.200500011444091797e+00 6.373844225890934467e-04
1.202000021934509277e+00 6.373793585225939751e-04
1.203500032424926758e+00 6.373742362484335899e-04
1.205000042915344238e+00 6.373691139742732048e-04
1.206500053405761719e+00 6.373640499077737331e-04
1.207999944686889648e+00 6.373589276336133480e-04
1.209499955177307129e+00 6.373537471517920494e-04
1.210999965667724609e+00 6.373486248776316643e-04
1.212499976158142090e+00 6.373435026034712791e-04
1.213999986648559570e+00 6.373383221216499805e-04
1.215499997138977051e+00 6.373331416398286819e-04
1.217000007629394531e+00 6.373279611580073833e-04
1.218500018119812012e+00 6.373227224685251713e-04
1.220000028610229492e+00 6.373175419867038727e-04
1.221500039100646973e+00 6.373123032972216606e-04
1.223000049591064453e+00 6.373070646077394485e-04
1.224499940872192383e+00 6.373018259182572365e-04
1.225999951362609863e+00 6.372965872287750244e-04
1.227499961853027344e+00 6.372913485392928123e-04
1.228999972343444824e+00 6.372860516421496868e-04
1.230499982833862305e+00 6.372807547450065613e-04
1.231999993324279785e+00 6.372754578478634357e-04
1.233500003814697266e+00 6.372701609507203102e-04
1.235000014305114746e+00 6.372648640535771847e-04
1.236500024795532227e+00 6.372595089487731457e-04
1.238000035285949707e+00 6.372542120516300201e-04
1.239500045776367188e+00 6.372488569468259811e-04
1.241000056266784668e+00 6.372435018420219421e-04
1.242499947547912598e+00 6.372381467372179031e-04
1.243999958038330078e+00 6.372327334247529507e-04
1.245499968528747559e+00 6.372273783199489117e-04
1.246999979019165039e+00 6.372219650074839592e-04
1.248499989509582520e+00 6.372165516950190067e-04
1.250000000000000000e+00 6.372111383825540543e-04
1.251500010490417480e+00 6.372056668624281883e-04
1.253000020980834961e+00 6.372002535499632359e-04
1.254500031471252441e+00 6.371947820298373699e-04
1.256000041961669922e+00 6.371893105097115040e-04
1.257500052452087402e+00 6.371838389895856380e-04
1.258999943733215332e+00 6.371783674694597721e-04
1.260499954223632812e+00 6.371728377416729927e-04
1.261999964714050293e+00 6.371673662215471268e-04
1.263499975204467773e+00 6.371618364937603474e-04
1.264999985694885254e+00 6.371563067659735680e-04
1.266499996185302734e+00 6.371507188305258751e-04
1.268000006675720215e+00 6.371451891027390957e-04
1.269500017166137695e+00 6.371396593749523163e-04
1.271000027656555176e+00 6.371340714395046234e-04
1.272500038146972656e+00 6.371284835040569305e-04
1.274000048637390137e+00 6.371228955686092377e-04
1.275500059127807617e+00 6.371173076331615448e-04
1.276999950408935547e+00 6.371116614900529385e-04
1.278499960899353027e+00 6.371060153469443321e-04
1.279999971389770508e+00 6.371004274114966393e-04
1.281499981880187988e+00 6.370947812683880329e-04
1.282999992370605469e+00 6.370890769176185131e-04
1.284500002861022949e+00 6.370834307745099068e-04
1.286000013351440430e+00 6.370777264237403870e-04
1.287500023841857910e+00 6.370720802806317806e-04
1.289000034332275391e+00 6.370663759298622608e-04
1.290500044822692871e+00 6.370606715790927410e-04
1.292000055313110352e+00 6.370549090206623077e-04
1.293499946594238281e+00 6.370492046698927879e-04
1.294999957084655762e+00 6.370434421114623547e-04
1.296499967575073242e+00 6.370376795530319214e-04
1.297999978065490723e+00 6.370319169946014881e-04
1.299499988555908203e+00 6.370261544361710548e-04
1.300999999046325684e+00 6.370203918777406216e-04
1.302500009536743164e+00 6.370145711116492748e-04
1.304000020027160645e+00 6.370087503455579281e-04
1.305500030517578125e+00 6.370029295794665813e-04
1.307000041007995605e+00 6.369971088133752346e-04
1.308500051498413086e+00 6.369912880472838879e-04
1.309999942779541016e+00 6.369854672811925411e-04
1.311499953269958496e+00 6.369795883074402809e-04
1.312999963760375977e+00 6.369737093336880207e-04
1.314499974250793457e+00 6.369678303599357605e-04
1.315999984741210938e+00 6.369619513861835003e-04
1.317499995231628418e+00 6.369560724124312401e-04
1.319000005722045898e+00 6.369501352310180664e-04
1.320500016212463379e+00 6.369441980496048927e-04
1.322000026702880859e+00 6.369382608681917191e-04
1.323500037193298340e+00 6.369323236867785454e-04
1.325000047683715820e+00 6.369263865053653717e-04
1.326500058174133301e+00 6.369203911162912846e-04
1.327999949455261230e+00 6.369144539348781109e-04
1.329499959945678711e+00 6.369084585458040237e-04
1.330999970436096191e+00 6.369024631567299366e-04
1.332499980926513672e+00 6.368964677676558495e-04
1.333999991416931152e+00 6.368904141709208488e-04
1.335500001907348633e+00 6.368844187818467617e-04
1.337000012397766113e+00 6.368783651851117611e-04
1.338500022888183594e+00 6.368723115883767605e-04
1.340000033378601074e+00 6.368662579916417599e-04
1.341500043869018555e+00 6.368602043949067593e-04
1.343000054359436035e+00 6.368540925905108452e-04
1.344499945640563965e+00 6.368480389937758446e-04
1.345999956130981445e+00 6.368419271893799305e-04
1.347499966621398926e+00 6.368358153849840164e-04
1.348999977111816406e+00 6.368297035805881023e-04
1.350499987602233887e+00 6.368235917761921883e-04
1.351999998092651367e+00 6.368174217641353607e-04
1.353500008583068848e+00 6.368112517520785332e-04
1.355000019073486328e+00 6.368050817400217056e-04
1.356500029563903809e+00 6.367989117279648781e-04
1.358000040054321289e+00 6.367927417159080505e-04
1.359500050544738770e+00 6.367865717038512230e-04
1.360999941825866699e+00 6.367803434841334820e-04
1.362499952316284180e+00 6.367741152644157410e-04
1.363999962806701660e+00 6.367678870446980000e-04
1.365499973297119141e+00 6.367616588249802589e-04
1.366999983787536621e+00 6.367554306052625179e-04
1.368499994277954102e+00 6.367491441778838634e-04
1.370000004768371582e+00 6.367429159581661224e-04
1.371500015258789062e+00 6.367366295307874680e-04
1.373000025749206543e+00 6.367303431034088135e-04
1.374500036239624023e+00 6.367240566760301590e-04
1.376000046730041504e+00 6.367177120409905910e-04
1.377500057220458984e+00 6.367114256136119366e-04
1.378999948501586914e+00 6.367050809785723686e-04
1.380499958992004395e+00 6.366987363435328007e-04
1.381999969482421875e+00 6.366923917084932327e-04
1.383499979972839355e+00 6.366859888657927513e-04
1.384999990463256836e+00 6.366796442307531834e-04
1.386500000953674316e+00 6.366732413880527020e-04
1.388000011444091797e+00 6.366668385453522205e-04
1.389500021934509277e+00 6.366604357026517391e-04
1.391000032424926758e+00 6.366540328599512577e-04
1.392500042915344238e+00 6.366476300172507763e-04
1.394000053405761719e+00 6.366411689668893814e-04
1.395499944686889648e+00 6.366347661241889000e-04
1.396999955177307129e+00 6.366283050738275051e-04
1.398499965667724609e+00 6.366218440234661102e-04
1.399999976158142090e+00 6.366153247654438019e-04
1.401499986648559570e+00 6.366088637150824070e-04
1.402999997138977051e+00 6.366023444570600986e-04
1.404500007629394531e+00 6.365958251990377903e-04
1.406000018119812012e+00 6.365893059410154819e-04
1.407500028610229492e+00 6.365827866829931736e-04
1.409000039100646973e+00 6.365762674249708652e-04
1.410500049591064453e+00 6.365696899592876434e-04
1.411999940872192383e+00 6.365631707012653351e-04
1.413499951362609863e+00 6.365565932355821133e-04
1.414999961853027344e+00 6.365500157698988914e-04
1.416499972343444824e+00 6.365434383042156696e-04
1.417999982833862305e+00 6.365368026308715343e-04
1.419499993324279785e+00 6.365302251651883125e-04
1.421000003814697266e+00 6.365235894918441772e-04
1.422500014305114746e+00 6.365169538185000420e-04
1.424000024795532227e+00 6.365103181451559067e-04
1.425500035285949707e+00 6.365036242641508579e-04
1.427000045776367188e+00 6.364969885908067226e-04
1.428500056266784668e+00 6.364902947098016739e-04
1.429999947547912598e+00 6.364836008287966251e-04
1.431499958038330078e+00 6.364769069477915764e-04
1.432999968528747559e+00 6.364702130667865276e-04
1.434499979019165039e+00 6.364635191857814789e-04
1.435999989509582520e+00 6.364567670971155167e-04
1.437500000000000000e+00 6.364500150084495544e-04
1.439000010490417480e+00 6.364433211274445057e-04
1.440500020980834961e+00 6.364365108311176300e-04
1.442000031471252441e+00 6.364297587424516678e-04
1.443500041961669922e+00 6.364230066537857056e-04
1.445000052452087402e+00 6.364161963574588299e-04
1.446499943733215332e+00 6.364093860611319542e-04
1.447999954223632812e+00 6.364025757648050785e-04
1.449499964714050293e+00 6.363957654684782028e-04
1.450999975204467773e+00 6.363889551721513271e-04
1.452499985694885254e+00 6.363820866681635380e-04
1.453999996185302734e+00 6.363752181641757488e-04
1.455500006675720215e+00 6.363684078678488731e-04
1.457000017166137695e+00 6.363615393638610840e-04
1.458500027656555176e+00 6.363546126522123814e-04
1.460000038146972656e+00 6.363477441482245922e-04
1.461500048637390137e+00 6.363408174365758896e-04
1.463000059127807617e+00 6.363338907249271870e-04
1.464499950408935547e+00 6.363270222209393978e-04
1.465999960899353027e+00 6.363200373016297817e-04
1.467499971389770508e+00 6.363131105899810791e-04
1.468999981880187988e+00 6.363061838783323765e-04
1.470499992370605469e+00 6.362991989590227604e-04
1.472000002861022949e+00 6.362922140397131443e-04
1.473500013351440430e+00 6.362852291204035282e-04
1.475000023841857910e+00 6.362782442010939121e-04
1.476500034332275391e+00 6.362712010741233826e-04
1.478000044822692871e+00 6.362642161548137665e-04
1.479500055313110352e+00 6.362571730278432369e-04
1.480999946594238281e+00 6.362501299008727074e-04
1.482499957084655762e+00 6.362430867739021778e-04
1.483999967575073242e+00 6.362360436469316483e-04
1.485499978065490723e+00 6.362289423123002052e-04
1.486999988555908203e+00 6.362218991853296757e-04
1.488499999046325684e+00 6.362147978506982327e-04
1.490000009536743164e+00 6.362076965160667896e-04
1.491500020027160645e+00 6.362005951814353466e-04
1.493000030517578125e+00 6.361934356391429901e-04
1.494500041007995605e+00 6.361863343045115471e-04
1.496000051498413086e+00 6.361791747622191906e-04
1.497499942779541016e+00 6.361720152199268341e-04
1.498999953269958496e+00 6.361648556776344776e-04
1.500499963760375977e+00 6.361576961353421211e-04
1.501999974250793457e+00 6.361504783853888512e-04
1.503499984741210938e+00 6.361433188430964947e-04
1.504999995231628418e+00 6.361361010931432247e-04
1.506500005722045898e+00 6.361288833431899548e-04
1.508000016212463379e+00 6.361216655932366848e-04
1.509500026702880859e+00 6.361144478432834148e-04
1.511000037193298340e+00 6.361071718856692314e-04
1.512500047683715820e+00 6.360998959280550480e-04
1.514000058174133301e+00 6.360926199704408646e-04
1.515499949455261230e+00 6.360853440128266811e-04
1.516999959945678711e+00 6.360780680552124977e-04
1.518499970436096191e+00 6.360707920975983143e-04
1.519999980926513672e+00 6.360634579323232174e-04
1.521499991416931152e+00 6.360561237670481205e-04
1.523000001907348633e+00 6.360488478094339371e-04
1.524500012397766113e+00 6.360414554364979267e-04
1.526000022888183594e+00 6.360341212712228298e-04
1.527500033378601074e+00 6.360267871059477329e-04
1.529000043869018555e+00 6.360193947330117226e-04
1.530500054359436035e+00 6.360120023600757122e-04
1.531999945640563965e+00 6.360046099871397018e-04
1.533499956130981445e+00 6.359972176142036915e-04
1.534999966621398926e+00 6.359898252412676811e-04
1.536499977111816406e+00 6.359823746606707573e-04
1.537999987602233887e+00 6.359749240800738335e-04
1.539499998092651367e+00 6.359674734994769096e-04
1.541000008583068848e+00 6.359600229188799858e-04
1.542500019073486328e+00 6.359525723382830620e-04
1.544000029563903809e+00 6.359450635500252247e-04
1.545500040054321289e+00 6.359376129694283009e-04
1.547000050544738770e+00 6.359301041811704636e-04
1.548499941825866699e+00 6.359225953929126263e-04
1.549999952316284180e+00 6.359150866046547890e-04
1.551499962806701660e+00 6.359075778163969517e-04
1.552999973297119141e+00 6.359000108204782009e-04
1.554499983787536621e+00 6.358924438245594501e-04
1.555999994277954102e+00 6.358848768286406994e-04
1.557500004768371582e+00 6.358773098327219486e-04
1.559000015258789062e+00 6.358697428368031979e-04
1.560500025749206543e+00 6.358621758408844471e-04
1.562000036239624023e+00 6.358545506373047829e-04
1.563500046730041504e+00 6.358469254337251186e-04
1.565000057220458984e+00 6.358393002301454544e-04
1.566499948501586914e+00 6.358316750265657902e-04
1.567999958992004395e+00 6.358240498229861259e-04
1.569499969482421875e+00 6.358163664117455482e-04
1.570999979972839355e+00 6.358086830005049706e-04
1.572499990463256836e+00 6.358010577969253063e-04
1.574000000953674316e+00 6.357933743856847286e-04
1.575500011444091797e+00 6.357856327667832375e-04
1.577000021934509277e+00 6.357779493555426598e-04
1.578500032424926758e+00 6.357702077366411686e-04
1.580000042915344238e+00 6.357624661177396774e-04
1.581500053405761719e+00 6.357547827064990997e-04
1.582999944686889648e+00 6.357469828799366951e-04
1.584499955177307129e+00 6.357392412610352039e-04
1.585999965667724609e+00 6.357314996421337128e-04
1.587499976158142090e+00 6.357236998155713081e-04
1.588999986648559570e+00 6.357158999890089035e-04
1.590499997138977051e+00 6.357081001624464989e-04
1.592000007629394531e+00 6.357003003358840942e-04
1.593500018119812012e+00 6.356924423016607761e-04
1.595000028610229492e+00 6.356846424750983715e-04
1.596500039100646973e+00 6.356767844408750534e-04
1.598000049591064453e+00 6.356689264066517353e-04
1.599499940872192383e+00 6.356610683724284172e-04
1.600999951362609863e+00 6.356531521305441856e-04
1.602499961853027344e+00 6.356452940963208675e-04
1.603999972343444824e+00 6.356373778544366360e-04
1.605499982833862305e+00 6.356294616125524044e-04
1.606999993324279785e+00 6.356215453706681728e-04
1.608500003814697266e+00 6.356136291287839413e-04
1.610000014305114746e+00 6.356057128868997097e-04
1.611500024795532227e+00 6.355977384373545647e-04
1.613000035285949707e+00 6.355897639878094196e-04
1.614500045776367188e+00 6.355817895382642746e-04
1.616000056266784668e+00 6.355738150887191296e-04
1.617499947547912598e+00 6.355658406391739845e-04
1.618999958038330078e+00 6.355578079819679260e-04
1.620499968528747559e+00 6.355498335324227810e-04
1.621999979019165039e+00 6.355418008752167225e-04
1.623499989509582520e+00 6.355337682180106640e-04
1.625000000000000000e+00 6.355257355608046055e-04
1.626500010490417480e+00 6.355176446959376335e-04
1.628000020980834961e+00 6.355096120387315750e-04
1.629500031471252441e+00 6.355015211738646030e-04
1.631000041961669922e+00 6.354934303089976311e-04
1.632500052452087402e+00 6.354853394441306591e-04
1.633999943733215332e+00 6.354771903716027737e-04
1.635499954223632812e+00 6.354690995067358017e-04
1.636999964714050293e+00 6.354609504342079163e-04
1.638499975204467773e+00 6.354528013616800308e-04
1.639999985694885254e+00 6.354446522891521454e-04
1.641499996185302734e+00 6.354365032166242599e-04
1.643000006675720215e+00 6.354282959364354610e-04
1.644500017166137695e+00 6.354201468639075756e-04
1.646000027656555176e+00 6.354119395837187767e-04
1.647500038146972656e+00 6.354037323035299778e-04
1.649000048637390137e+00 6.353955250233411789e-04
1.650500059127807617e+00 6.353873177431523800e-04
1.651999950408935547e+00 6.353790522553026676e-04
1.653499960899353027e+00 6.353707867674529552e-04
1.654999971389770508e+00 6.353625212796032429e-04
1.656499981880187988e+00 6.353542557917535305e-04
1.657999992370605469e+00 6.353459903039038181e-04
1.659500002861022949e+00 6.353377248160541058e-04
1.661000013351440430e+00 6.353294011205434799e-04
1.662500023841857910e+00 6.353210774250328541e-04
1.664000034332275391e+00 6.353127537295222282e-04
1.665500044822692871e+00 6.353044300340116024e-04
1.667000055313110352e+00 6.352961063385009766e-04
1.668499946594238281e+00 6.352877244353294373e-04
1.669999957084655762e+00 6.352793425321578979e-04
1.671499967575073242e+00 6.352709606289863586e-04
1.672999978065490723e+00 6.352625787258148193e-04
1.674499988555908203e+00 6.352541968226432800e-04
1.675999999046325684e+00 6.352457567118108273e-04
1.677500009536743164e+00 6.352373748086392879e-04
1.679000020027160645e+00 6.352289346978068352e-04
1.680500030517578125e+00 6.352204945869743824e-04
1.682000041007995605e+00 6.352120544761419296e-04
1.683500051498413086e+00 6.352035561576485634e-04
1.684999942779541016e+00 6.351951160468161106e-04
1.686499953269958496e+00 6.351866177283227444e-04
1.687999963760375977e+00 6.351781194098293781e-04
1.689499974250793457e+00 6.351696210913360119e-04
1.690999984741210938e+00 6.351610645651817322e-04
1.692499995231628418e+00 6.351525662466883659e-04
1.694000005722045898e+00 6.351440097205340862e-04
1.695500016212463379e+00 6.351354531943798065e-04
1.697000026702880859e+00 6.351268966682255268e-04
1.698500037193298340e+00 6.351183401420712471e-04
1.700000047683715820e+00 6.351097254082560539e-04
1.701500058174133301e+00 6.351011688821017742e-04
1.702999949455261230e+00 6.350925541482865810e-04
1.704499959945678711e+00 6.350839394144713879e-04
1.705999970436096191e+00 6.350753246806561947e-04
1.707499980926513672e+00 6.350666517391800880e-04
1.708999991416931152e+00 6.350580370053648949e-04
1.710500001907348633e+00 6.350493640638887882e-04
1.712000012397766113e+00 6.350406911224126816e-04
1.713500022888183594e+00 6.350320181809365749e-04
1.715000033378601074e+00 6.350232870317995548e-04
1.716500043869018555e+00 6.350146140903234482e-04
1.718000054359436035e+00 6.350058829411864281e-04
1.719499945640563965e+00 6.349971517920494080e-04
1.720999956130981445e+00 6.349884206429123878e-04
1.722499966621398926e+00 6.349796894937753677e-04
1.723999977111816406e+00 6.349709001369774342e-04
1.725499987602233887e+00 6.349621689878404140e-04
1.726999998092651367e+00 6.349533796310424805e-04
1.728500008583068848e+00 6.349445902742445469e-04
1.730000019073486328e+00 6.349358009174466133e-04
1.731500029563903809e+00 6.349269533529877663e-04
1.733000040054321289e+00 6.349181639961898327e-04
1.734500050544738770e+00 6.349093164317309856e-04
1.735999941825866699e+00 6.349004688672721386e-04
1.737499952316284180e+00 6.348916213028132915e-04
1.738999962806701660e+00 6.348827155306935310e-04
1.740499973297119141e+00 6.348738679662346840e-04
1.741999983787536621e+00 6.348649621941149235e-04
1.743499994277954102e+00 6.348560564219951630e-04
1.745000004768371582e+00 6.348471506498754025e-04
1.746500015258789062e+00 6.348382448777556419e-04
1.748000025749206543e+00 6.348292808979749680e-04
1.749500036239624023e+00 6.348203751258552074e-04
1.751000046730041504e+00 6.348114111460745335e-04
1.752500057220458984e+00 6.348024471662938595e-04
1.753999948501586914e+00 6.347934831865131855e-04
1.755499958992004395e+00 6.347844609990715981e-04
1.756999969482421875e+00 6.347754388116300106e-04
1.758499979972839355e+00 6.347664748318493366e-04
1.759999990463256836e+00 6.347574526444077492e-04
1.761500000953674316e+00 6.347483722493052483e-04
1.763000011444091797e+00 6.347393500618636608e-04
1.764500021934509277e+00 6.347302696667611599e-04
1.766000032424926758e+00 6.347212474793195724e-04
1.767500042915344238e+00 6.347121670842170715e-04
1.769000053405761719e+00 6.347030866891145706e-04
1.770499944686889648e+00 6.346939480863511562e-04
1.771999955177307129e+00 6.346848676912486553e-04
1.773499965667724609e+00 6.346757290884852409e-04
1.774999976158142090e+00 6.346665904857218266e-04
1.776499986648559570e+00 6.346574518829584122e-04
1.777999997138977051e+00 6.346483132801949978e-04
1.779500007629394531e+00 6.346391164697706699e-04
1.781000018119812012e+00 6.346299196593463421e-04
1.782500028610229492e+00 6.346207228489220142e-04
1.784000039100646973e+00 6.346115260384976864e-04
1.785500049591064453e+00 6.346023292280733585e-04
1.786999940872192383e+00 6.345931324176490307e-04
1.788499951362609863e+00 6.345838773995637894e-04
1.789999961853027344e+00 6.345746223814785480e-04
1.791499972343444824e+00 6.345653673633933067e-04
1.792999982833862305e+00 6.345561123453080654e-04
1.794499993324279785e+00 6.345467991195619106e-04
1.796000003814697266e+00 6.345375441014766693e-04
1.797500014305114746e+00 6.345282308757305145e-04
1.799000024795532227e+00 6.345189176499843597e-04
1.800500035285949707e+00 6.345096044242382050e-04
1.802000045776367188e+00 6.345002329908311367e-04
1.803500056266784668e+00 6.344909197650849819e-04
1.804999947547912598e+00 6.344815483316779137e-04
1.806499958038330078e+00 6.344721768982708454e-04
1.807999968528747559e+00 6.344628054648637772e-04
1.809499979019165039e+00 6.344533758237957954e-04
1.810999989509582520e+00 6.344440043903887272e-04
1.812500000000000000e+00 6.344345747493207455e-04
1.814000010490417480e+00 6.344251451082527637e-04
1.815500020980834961e+00 6.344157154671847820e-04
1.817000031471252441e+00 6.344062276184558868e-04
1.818500041961669922e+00 6.343967979773879051e-04
1.820000052452087402e+00 6.343873101286590099e-04
1.821499943733215332e+00 6.343778222799301147e-04
1.822999954223632812e+00 6.343683344312012196e-04
1.824499964714050293e+00 6.343588465824723244e-04
1.825999975204467773e+00 6.343493005260825157e-04
1.827499985694885254e+00 6.343397544696927071e-04
1.828999996185302734e+00 6.343302666209638119e-04
1.830500006675720215e+00 6.343206623569130898e-04
1.832000017166137695e+00 6.343111163005232811e-04
1.833500027656555176e+00 6.343015702441334724e-04
1.835000038146972656e+00 6.342919659800827503e-04
1.836500048637390137e+00 6.342823617160320282e-04
1.838000059127807617e+00 6.342727574519813061e-04
1.839499950408935547e+00 6.342630949802696705e-04
1.840999960899353027e+00 6.342534907162189484e-04
1.842499971389770508e+00 6.342438282445073128e-04
1.843999981880187988e+00 6.342341657727956772e-04
1.845499992370605469e+00 6.342245033010840416e-04
1.847000002861022949e+00 6.342148408293724060e-04
1.848500013351440430e+00 6.342051201499998569e-04
1.850000023841857910e+00 6.341954576782882214e-04
1.851500034332275391e+00 6.341857369989156723e-04
1.853000044822692871e+00 6.341760163195431232e-04
1.854500055313110352e+00 6.341662374325096607e-04
1.855999946594238281e+00 6.341565167531371117e-04
1.857499957084655762e+00 6.341467378661036491e-04
1.858999967575073242e+00 6.341369589790701866e-04
1.860499978065490723e+00 6.341271800920367241e-04
1.861999988555908203e+00 6.341174012050032616e-04
1.863499999046325684e+00 6.341075641103088856e-04
1.865000009536743164e+00 6.340977852232754230e-04
1.866500020027160645e+00 6.340879481285810471e-04
1.868000030517578125e+00 6.340781110338866711e-04
1.869500041007995605e+00 6.340682157315313816e-04
1.871000051498413086e+00 6.340583786368370056e-04
1.872499942779541016e+00 6.340484833344817162e-04
1.873999953269958496e+00 6.340385880321264267e-04
1.875499963760375977e+00 6.340286927297711372e-04
1.876999974250793457e+00 6.340187974274158478e-04
1.878499984741210938e+00 6.340088439173996449e-04
1.879999995231628418e+00 6.339989486150443554e-04
1.881500005722045898e+00 6.339889951050281525e-04
1.883000016212463379e+00 6.339789833873510361e-04
1.884500026702880859e+00 6.339690298773348331e-04
1.886000037193298340e+00 6.339590763673186302e-04
1.887500047683715820e+00 6.339490646496415138e-04
1.889000058174133301e+00 6.339390529319643974e-04
1.890499949455261230e+00 6.339290412142872810e-04
1.891999959945678711e+00 6.339189712889492512e-04
1.893499970436096191e+00 6.339089595712721348e-04
1.894999980926513672e+00 6.338988896459341049e-04
1.896499991416931152e+00 6.338888197205960751e-04
1.898000001907348633e+00 6.338787497952580452e-04
1.899500012397766113e+00 6.338686798699200153e-04
1.901000022888183594e+00 6.338585517369210720e-04
1.902500033378601074e+00 6.338484236039221287e-04
1.904000043869018555e+00 6.338382954709231853e-04
1.905500054359436035e+00 6.338281673379242420e-04
1.906999945640563965e+00 6.338180392049252987e-04
1.908499956130981445e+00 6.338078528642654419e-04
1.909999966621398926e+00 6.337976665236055851e-04
1.911499977111816406e+00 6.337874801829457283e-04
1.912999987602233887e+00 6.337772938422858715e-04
1.914499998092651367e+00 6.337671075016260147e-04
1.916000008583068848e+00 6.337568629533052444e-04
1.917500019073486328e+00 6.337466184049844742e-04
1.919000029563903809e+00 6.337363738566637039e-04
1.920500040054321289e+00 6.337261293083429337e-04
1.922000050544738770e+00 6.337158265523612499e-04
1.923499941825866699e+00 6.337055820040404797e-04
1.924999952316284180e+00 6.336952792480587959e-04
1.926499962806701660e+00 6.336849764920771122e-04
1.927999973297119141e+00 6.336746737360954285e-04
1.929499983787536621e+00 6.336643127724528313e-04
1.930999994277954102e+00 6.336539518088102341e-04
1.932500004768371582e+00 6.336435908451676369e-04
1.934000015258789062e+00 6.336332298815250397e-04
1.935500025749206543e+00 6.336228689178824425e-04
1.937000036239624023e+00 6.336124497465789318e-04
1.938500046730041504e+00 6.336020887829363346e-04
1.940000057220458984e+00 6.335916696116328239e-04
1.941499948501586914e+00 6.335812504403293133e-04
1.942999958992004395e+00 6.335707730613648891e-04
1.944499969482421875e+00 6.335603538900613785e-04
1.945999979972839355e+00 6.335498765110969543e-04
1.947499990463256836e+00 6.335393991321325302e-04
1.949000000953674316e+00 6.335289217531681061e-04
1.950500011444091797e+00 6.335183861665427685e-04
1.952000021934509277e+00 6.335079087875783443e-04
1.953500032424926758e+00 6.334973732009530067e-04
1.955000042915344238e+00 6.334868376143276691e-04
1.956500053405761719e+00 6.334762438200414181e-04
1.957999944686889648e+00 6.334657082334160805e-04
1.959499955177307129e+00 6.334551144391298294e-04
1.960999965667724609e+00 6.334445206448435783e-04
1.962499976158142090e+00 6.334339268505573273e-04
1.963999986648559570e+00 6.334233330562710762e-04
1.965499997138977051e+00 6.334126810543239117e-04
1.967000007629394531e+00 6.334020290523767471e-04
1.968500018119812012e+00 6.333913770504295826e-04
1.970000028610229492e+00 6.333807250484824181e-04
1.971500039100646973e+00 6.333700730465352535e-04
1.973000049591064453e+00 6.333593628369271755e-04
1.974499940872192383e+00 6.333486526273190975e-04
1.975999951362609863e+00 6.333379424177110195e-04
1.977499961853027344e+00 6.333272322081029415e-04
1.978999972343444824e+00 6.333165219984948635e-04
1.980499982833862305e+00 6.333057535812258720e-04
1.981999993324279785e+00 6.332949851639568806e-04
1.983500003814697266e+00 6.332842167466878891e-04
1.985000014305114746e+00 6.332734483294188976e-04
1.986500024795532227e+00 6.332626217044889927e-04
1.988000035285949707e+00 6.332517950795590878e-04
1.989500045776367188e+00 6.332409684546291828e-04
1.991000056266784668e+00 6.332301418296992779e-04
1.992499947547912598e+00 6.332193152047693729e-04
1.993999958038330078e+00 6.332084303721785545e-04
1.995499968528747559e+00 6.331975455395877361e-04
1.996999979019165039e+00 6.331866607069969177e-04
1.998499989509582520e+00 6.331757758744060993e-04
2.000000000000000000e+00 6.331648328341543674e-04
