9.699999999999999734e-01 2.094975478606974084e-01
9.717004809619238515e-01 2.063672211943188284e-01
9.734009619238476185e-01 2.058001302878775529e-01
9.751014428857714966e-01 2.083497932649189810e-01
9.768019238476953747e-01 2.140397394472939863e-01
9.785024048096192528e-01 2.229215182708551568e-01
9.802028857715430199e-01 2.332311184721383990e-01
9.819033667334668980e-01 2.438320394755085219e-01
9.836038476953907761e-01 2.541746739131686694e-01
9.853043286573146542e-01 2.629014717135473300e-01
9.870048096192384213e-01 2.695358654694582912e-01
9.887052905811622994e-01 2.744515398081066593e-01
9.904057715430861775e-01 2.769229164274378263e-01
9.921062525050099445e-01 2.782622628242772955e-01
9.938067334669338226e-01 2.790285877399328318e-01
9.955072144288577007e-01 2.796775061958956532e-01
9.972076953907815788e-01 2.803604245747984280e-01
9.989081763527053459e-01 2.819414453816567745e-01
1.000608657314629335e+00 2.840189415989783916e-01
1.002309138276552991e+00 2.861283240122822757e-01
1.004009619238476869e+00 2.891804024756851610e-01
1.005710100200400747e+00 2.922502385351121168e-01
1.007410581162324625e+00 2.954783050009378020e-01
1.009111062124248503e+00 2.987633797926130819e-01
1.010811543086172382e+00 3.018756317556390845e-01
1.012512024048096260e+00 3.043846051171781308e-01
1.014212505010019916e+00 3.062181032514816326e-01
1.015912985971943794e+00 3.079134174493167175e-01
1.017613466933867672e+00 3.088801502192919934e-01
1.019313947895791550e+00 3.092218441056326372e-01
1.021014428857715428e+00 3.100084376391690211e-01
1.022714909819639306e+00 3.105346851529169894e-01
1.024415390781563184e+00 3.108785969542769978e-01
1.026115871743487062e+00 3.118258174879056654e-01
1.027816352705410718e+00 3.128697124767969018e-01
1.029516833667334597e+00 3.144452904052711939e-01
1.031217314629258475e+00 3.166430505869861078e-01
1.032917795591182353e+00 3.194790146762884753e-01
1.034618276553106231e+00 3.227928135562446732e-01
1.036318757515030109e+00 3.263404312913392169e-01
1.038019238476953987e+00 3.303424924422873055e-01
1.039719719438877643e+00 3.343687751665780916e-01
1.041420200400801521e+00 3.386319008293682820e-01
1.043120681362725399e+00 3.427069304918117787e-01
1.044821162324649277e+00 3.468112476660057952e-01
1.046521643286573156e+00 3.505050664678601158e-01
1.048222124248497034e+00 3.538273636960611035e-01
1.049922605210420912e+00 3.565188840426155026e-01
1.051623086172344568e+00 3.582357088471249673e-01
1.053323567134268446e+00 3.595145043867258305e-01
1.055024048096192324e+00 3.601372773822782980e-01
1.056724529058116202e+00 3.604076806691373092e-01
1.058425010020040080e+00 3.605771157683542172e-01
1.060125490981963958e+00 3.604282957244847596e-01
1.061825971943887836e+00 3.602869702209113290e-01
1.063526452905811492e+00 3.603039890056373151e-01
1.065226933867735370e+00 3.603302398435673237e-01
1.066927414829659249e+00 3.607844757326131857e-01
1.068627895791583127e+00 3.613013064807155672e-01
1.070328376753507005e+00 3.620392929711951924e-01
1.072028857715430883e+00 3.630240026712791002e-01
1.073729338677354761e+00 3.646048874345374502e-01
1.075429819639278417e+00 3.664557212808098874e-01
1.077130300601202295e+00 3.685372933502725767e-01
1.078830781563126173e+00 3.711117336521786991e-01
1.080531262525050051e+00 3.737663992866050444e-01
1.082231743486973929e+00 3.764345249183810305e-01
1.083932224448897808e+00 3.792454949423484933e-01
1.085632705410821686e+00 3.821307350223823174e-01
1.087333186372745564e+00 3.849938003324211433e-01
1.089033667334669220e+00 3.878557963570439804e-01
1.090734148296593098e+00 3.902612932792735578e-01
1.092434629258516976e+00 3.925911256313213693e-01
1.094135110220440854e+00 3.948739608174197113e-01
1.095835591182364732e+00 3.969199610281131108e-01
1.097536072144288610e+00 3.986899966147836594e-01
1.099236553106212488e+00 4.002066482485894250e-01
1.100937034068136366e+00 4.014970234736573995e-01
1.102637515030060023e+00 4.021758467370608603e-01
1.104337995991983901e+00 4.028558588745345115e-01
1.106038476953907779e+00 4.035656644354815303e-01
1.107738957915831657e+00 4.042373106903348057e-01
1.109439438877755535e+00 4.048905479873380342e-01
1.111139919839679413e+00 4.057332885240306219e-01
1.112840400801603291e+00 4.067265891366163566e-01
1.114540881763526947e+00 4.077532368667755591e-01
1.116241362725450825e+00 4.089631926934422790e-01
1.117941843687374703e+00 4.106209640545635531e-01
1.119642324649298581e+00 4.122792663122640255e-01
1.121342805611222460e+00 4.139050259294753120e-01
1.123043286573146338e+00 4.159352244217076611e-01
1.124743767535070216e+00 4.181375506901595651e-01
1.126444248496993872e+00 4.204115825357854219e-01
1.128144729458917750e+00 4.228896632516972454e-01
1.129845210420841628e+00 4.253945798074179607e-01
1.131545691382765506e+00 4.279284336556268276e-01
1.133246172344689384e+00 4.304373780386499537e-01
1.134946653306613262e+00 4.324800023645866687e-01
1.136647134268537140e+00 4.344195342021733297e-01
1.138347615230460796e+00 4.364632102388745771e-01
1.140048096192384675e+00 4.384396111035275823e-01
1.141748577154308553e+00 4.399615917972885537e-01
1.143449058116232431e+00 4.412459344052833687e-01
1.145149539078156309e+00 4.423459346688809468e-01
1.146850020040080187e+00 4.432967158567878707e-01
1.148550501002004065e+00 4.442073585724013451e-01
1.150250981963927721e+00 4.448921914449892046e-01
1.151951462925851599e+00 4.460078919113381613e-01
1.153651943887775477e+00 4.471190399689226602e-01
1.155352424849699355e+00 4.481687933923835243e-01
1.157052905811623233e+00 4.489937420941569335e-01
1.158753386773547112e+00 4.498616535150522511e-01
1.160453867735470990e+00 4.508473554012205620e-01
1.162154348697394646e+00 4.518095751584444986e-01
1.163854829659318524e+00 4.530996136605031088e-01
1.165555310621242402e+00 4.544471298422016470e-01
1.167255791583166280e+00 4.557365301409606606e-01
1.168956272545090158e+00 4.571778853109502161e-01
1.170656753507014036e+00 4.588016700186362540e-01
1.172357234468937914e+00 4.606888349618039058e-01
1.174057715430861792e+00 4.626137761158239381e-01
1.175758196392785671e+00 4.646449375537450299e-01
1.177458677354709327e+00 4.668269009056500995e-01
1.179159158316633205e+00 4.690392574874490128e-01
1.180859639278557083e+00 4.712566694401097434e-01
1.182560120240480961e+00 4.734727817202138977e-01
1.184260601202404839e+00 4.756874970880695663e-01
1.185961082164328717e+00 4.780874476585270094e-01
1.187661563126252595e+00 4.806513745960634409e-01
1.189362044088176251e+00 4.829119590173546750e-01
1.191062525050100129e+00 4.850016676414075079e-01
1.192763006012024007e+00 4.870928382491749864e-01
1.194463486973947886e+00 4.892034669136257619e-01
1.196163967935871764e+00 4.906677489995353580e-01
1.197864448897795642e+00 4.921224298007749187e-01
1.199564929859719520e+00 4.935690206760168786e-01
1.201265410821643176e+00 4.940769167351796165e-01
1.202965891783567054e+00 4.938504923027602356e-01
1.204666372745490932e+00 4.936088662868745036e-01
1.206366853707414810e+00 4.933512358491867755e-01
1.208067334669338688e+00 4.930876436250481998e-01
1.209767815631262566e+00 4.928188781111297878e-01
1.211468296593186444e+00 4.924874443123093970e-01
1.213168777555110101e+00 4.921471532677489380e-01
1.214869258517033979e+00 4.919531807075768759e-01
1.216569739478957857e+00 4.917938235533290681e-01
1.218270220440881735e+00 4.916340671271896556e-01
1.219970701402805613e+00 4.915433481725951514e-01
1.221671182364729491e+00 4.916680856089668539e-01
1.223371663326653369e+00 4.917807998917076429e-01
1.225072144288577025e+00 4.918953821113691283e-01
1.226772625250500903e+00 4.922823254522774028e-01
1.228473106212424781e+00 4.929231313968237549e-01
1.230173587174348659e+00 4.935618193613955373e-01
1.231874068136272538e+00 4.941929111843491595e-01
1.233574549098196416e+00 4.951561099096626895e-01
1.235275030060120294e+00 4.961859912936257277e-01
1.236975511022043950e+00 4.972175295333130518e-01
1.238675991983968050e+00 4.982584976590824777e-01
1.240376472945891706e+00 4.992820098731134415e-01
1.242076953907815584e+00 5.002820314259945889e-01
1.243777434869739462e+00 5.013504782878364097e-01
1.245477915831663340e+00 5.024116995883605163e-01
1.247178396793587218e+00 5.034764479246264246e-01
1.248878877755510874e+00 5.045309204307144579e-01
1.250579358717434975e+00 5.054367482163933945e-01
1.252279839679358631e+00 5.060714609191696578e-01
1.253980320641282509e+00 5.067205395816573033e-01
1.255680801603206387e+00 5.069314775868821732e-01
1.257381282565130265e+00 5.070945461982115932e-01
1.259081763527054143e+00 5.072512681372255416e-01
1.260782244488977799e+00 5.072219513855243944e-01
1.262482725450901899e+00 5.067184697999913556e-01
1.264183206412825555e+00 5.062129166615657594e-01
1.265883687374749433e+00 5.056975933637055665e-01
1.267584168336673311e+00 5.051847116883757538e-01
1.269284649298597190e+00 5.046736154945693498e-01
1.270985130260521068e+00 5.040463696475799837e-01
1.272685611222444946e+00 5.033603679794437236e-01
1.274386092184368824e+00 5.026735307798630981e-01
1.276086573146292480e+00 5.019875016873820428e-01
1.277787054108216358e+00 5.001374909837676963e-01
1.279487535070140236e+00 4.983883118438647286e-01
1.281188016032064114e+00 4.975319622858026536e-01
1.282888496993987992e+00 4.966625767388290202e-01
1.284588977955911870e+00 4.957961978653809831e-01
1.286289458917835749e+00 4.951792164804497132e-01
1.287989939879759405e+00 4.949006147502735264e-01
1.289690420841683283e+00 4.946266211332148721e-01
1.291390901803607161e+00 4.943543124930380728e-01
1.293091382765531039e+00 4.940887675325256190e-01
1.294791863727454917e+00 4.938261947262155283e-01
1.296492344689378795e+00 4.937681794867508356e-01
1.298192825651302673e+00 4.937051716602037232e-01
1.299893306613226329e+00 4.935988204649474631e-01
1.301593787575150207e+00 4.933052812981633672e-01
1.303294268537074085e+00 4.930094827445858918e-01
1.304994749498997963e+00 4.930506068092216920e-01
1.306695230460921842e+00 4.936761416204934472e-01
1.308395711422845720e+00 4.942988680738371055e-01
1.310096192384769598e+00 4.949401179830413278e-01
1.311796673346693254e+00 4.953011472393474279e-01
1.313497154308617354e+00 4.955467967125319895e-01
1.315197635270541010e+00 4.957743180684230366e-01
1.316898116232464888e+00 4.959931234975594183e-01
1.318598597194388766e+00 4.962083144966313863e-01
1.320299078156312644e+00 4.964054662003404284e-01
1.321999559118236522e+00 4.965478212037575667e-01
1.323700040080160178e+00 4.966915678544414625e-01
1.325400521042084279e+00 4.968370207287777229e-01
1.327101002004007935e+00 4.967033249398248307e-01
1.328801482965931813e+00 4.961860483776183717e-01
1.330501963927855691e+00 4.956690324891023791e-01
1.332202444889779569e+00 4.951528859071934185e-01
1.333902925851703447e+00 4.943860965884665504e-01
1.335603406813627103e+00 4.935286193811001532e-01
1.337303887775551203e+00 4.926894788530527536e-01
1.339004368737474859e+00 4.918309803408821290e-01
1.340704849699398737e+00 4.904973259811706843e-01
1.342405330661322616e+00 4.891620942387072679e-01
1.344105811623246494e+00 4.878152802126536902e-01
1.345806292585170372e+00 4.865269249361761084e-01
1.347506773547094250e+00 4.853551271715537130e-01
1.349207254509018128e+00 4.842061711594676243e-01
1.350907735470941784e+00 4.829842037475685634e-01
1.352608216432865662e+00 4.814759498919708447e-01
1.354308697394789540e+00 4.798098467524019028e-01
1.356009178356713418e+00 4.781475037442738940e-01
1.357709659318637296e+00 4.764845281616433836e-01
1.359410140280561174e+00 4.748552945869090602e-01
1.361110621242485053e+00 4.732458533939117307e-01
1.362811102204408709e+00 4.721003943440915673e-01
1.364511583166332587e+00 4.709578107599598495e-01
1.366212064128256465e+00 4.698177037682429447e-01
1.367912545090180343e+00 4.686779369582993460e-01
1.369613026052104221e+00 4.675437928990142655e-01
1.371313507014028099e+00 4.667193453235167766e-01
1.373013987975951977e+00 4.660934295252933124e-01
1.374714468937875633e+00 4.654559005625514279e-01
1.376414949899799511e+00 4.647574219023019038e-01
1.378115430861723389e+00 4.643422223255638248e-01
1.379815911823647268e+00 4.639673283543067628e-01
1.381516392785571146e+00 4.636406570688309525e-01
1.383216873747495024e+00 4.633179412643174122e-01
1.384917354709418902e+00 4.629928696335069427e-01
1.386617835671342558e+00 4.628664980987206023e-01
1.388318316633266436e+00 4.631511540557910478e-01
1.390018797595190314e+00 4.634355210426196470e-01
1.391719278557114192e+00 4.637172629512825162e-01
1.393419759519038070e+00 4.637949718290543255e-01
1.395120240480961948e+00 4.637550178724930694e-01
1.396820721442885826e+00 4.637199325569056896e-01
1.398521202404809483e+00 4.636969901374828895e-01
1.400221683366733583e+00 4.639555667162361674e-01
1.401922164328657239e+00 4.640682684801247238e-01
1.403622645290581117e+00 4.638843441671174905e-01
1.405323126252504995e+00 4.636961656253317243e-01
1.407023607214428873e+00 4.635077291757741524e-01
1.408724088176352751e+00 4.632423107922016281e-01
1.410424569138276407e+00 4.628833257646687294e-01
1.412125050100200507e+00 4.625353606513190607e-01
1.413825531062124163e+00 4.621810051335991654e-01
1.415526012024048041e+00 4.614024803535493602e-01
1.417226492985971920e+00 4.604592249765335210e-01
1.418926973947895798e+00 4.595296687954439352e-01
1.420627454909819676e+00 4.586555780090737500e-01
1.422327935871743554e+00 4.578077805036357417e-01
1.424028416833667432e+00 4.568966294623858504e-01
1.425728897795591088e+00 4.556435082429692862e-01
1.427429378757514966e+00 4.543913239690679506e-01
1.429129859719438844e+00 4.531377209345137103e-01
1.430830340681362722e+00 4.518565222138027915e-01
1.432530821643286600e+00 4.505207306954889246e-01
1.434231302605210479e+00 4.491827368350512772e-01
1.435931783567134357e+00 4.478427738597375307e-01
1.437632264529058013e+00 4.462594284705638792e-01
1.439332745490981891e+00 4.446138141139477362e-01
1.441033226452905769e+00 4.429654438309183484e-01
1.442733707414829647e+00 4.413518382294426834e-01
1.444434188376753525e+00 4.399242413033502275e-01
1.446134669338677403e+00 4.384934404687238496e-01
1.447835150300601281e+00 4.370454430953725211e-01
1.449535631262524937e+00 4.356024167027029437e-01
1.451236112224448815e+00 4.343681937856351816e-01
1.452936593186372694e+00 4.334340908331169584e-01
1.454637074148296572e+00 4.326780028105751130e-01
1.456337555110220450e+00 4.319217926504117511e-01
1.458038036072144328e+00 4.311595923541474695e-01
1.459738517034068206e+00 4.303924560360561369e-01
1.461438997995991862e+00 4.296310769304054200e-01
1.463139478957915740e+00 4.291612588267114670e-01
1.464839959919839618e+00 4.286819493616484955e-01
1.466540440881763496e+00 4.282077837262660003e-01
1.468240921843687374e+00 4.278227802990764994e-01
1.469941402805611252e+00 4.276132674305958559e-01
1.471641883767535131e+00 4.274691300208883771e-01
1.473342364729458787e+00 4.273263983160096591e-01
1.475042845691382887e+00 4.271924361402330561e-01
1.476743326653306543e+00 4.270579833696065974e-01
1.478443807615230421e+00 4.271554130424384810e-01
1.480144288577154299e+00 4.273124741644359070e-01
1.481844769539078177e+00 4.274653839014557200e-01
1.483545250501002055e+00 4.276081805100203637e-01
1.485245731462925711e+00 4.276216552796520132e-01
1.486946212424849811e+00 4.276460074682825740e-01
1.488646693386773467e+00 4.276688784406352806e-01
1.490347174348697346e+00 4.279737903516149244e-01
1.492047655310621224e+00 4.286768231106491411e-01
1.493748136272545102e+00 4.289702118332508474e-01
1.495448617234468980e+00 4.289309723243349692e-01
1.497149098196392636e+00 4.288975882685980845e-01
1.498849579158316736e+00 4.288603606417366598e-01
1.500550060120240392e+00 4.288312058175297037e-01
1.502250541082164270e+00 4.285509692169187645e-01
1.503951022044088148e+00 4.282593016679456244e-01
1.505651503006012026e+00 4.279414930073250356e-01
1.507351983967935904e+00 4.275161498630866141e-01
1.509052464929859561e+00 4.271074376033515141e-01
1.510752945891783661e+00 4.266936323705277090e-01
1.512453426853707317e+00 4.260709668600936584e-01
1.514153907815631195e+00 4.252193604169442476e-01
1.515854388777555073e+00 4.243678028624267573e-01
1.517554869739478951e+00 4.235155633860595570e-01
1.519255350701402829e+00 4.226760964156126565e-01
1.520955831663326485e+00 4.218308704390943409e-01
1.522656312625250585e+00 4.207151172849849519e-01
1.524356793587174241e+00 4.195743137180896754e-01
1.526057274549098342e+00 4.184315492918892487e-01
1.527757755511021998e+00 4.172897274311946902e-01
1.529458236472945876e+00 4.161520681955660494e-01
1.531158717434869754e+00 4.149389256197628661e-01
1.532859198396793410e+00 4.135685492506389616e-01
1.534559679358717510e+00 4.121878508955019171e-01
1.536260160320641166e+00 4.107836710303294780e-01
1.537960641282565266e+00 4.094797484593982184e-01
1.539661122244488922e+00 4.082230032498240790e-01
1.541361603206412800e+00 4.070094737425404285e-01
1.543062084168336678e+00 4.058023389959244387e-01
1.544762565130260557e+00 4.044575137467211756e-01
1.546463046092184435e+00 4.031176890394507772e-01
1.548163527054108091e+00 4.017802447414969835e-01
1.549864008016032191e+00 4.004878236185052676e-01
1.551564488977955847e+00 3.993149557593563270e-01
1.553264969939879725e+00 3.981417969951595026e-01
1.554965450901803603e+00 3.969701095280512293e-01
1.556665931863727481e+00 3.958856621350124172e-01
1.558366412825651359e+00 3.948572367962277507e-01
1.560066893787575015e+00 3.938290646044906862e-01
1.561767374749499115e+00 3.927961040172248675e-01
1.563467855711422771e+00 3.917706406943562980e-01
1.565168336673346650e+00 3.907696364412632239e-01
1.566868817635270528e+00 3.900190012649348281e-01
1.568569298597194406e+00 3.892516117678662679e-01
1.570269779559118284e+00 3.884768541033854494e-01
1.571970260521041940e+00 3.876744481304363332e-01
1.573670741482966040e+00 3.868832945337872808e-01
1.575371222444889696e+00 3.861912898912659431e-01
1.577071703406813574e+00 3.855858603433138798e-01
1.578772184368737452e+00 3.849737782990742541e-01
1.580472665330661330e+00 3.843663069607122784e-01
1.582173146292585209e+00 3.837882839740010543e-01
1.583873627254508865e+00 3.832095011666533102e-01
1.585574108216432965e+00 3.829865591567239713e-01
1.587274589178356621e+00 3.827622714772869195e-01
1.588975070140280499e+00 3.825375315658930409e-01
1.590675551102204377e+00 3.822910769457908420e-01
1.592376032064128255e+00 3.819719489044881011e-01
1.594076513026052133e+00 3.816508586393669855e-01
1.595776993987975789e+00 3.813238574273171144e-01
1.597477474949899889e+00 3.810736557698873872e-01
1.599177955911823545e+00 3.808725894185789329e-01
1.600878436873747646e+00 3.809657061728450311e-01
1.602578917835671302e+00 3.813342498029935745e-01
1.604279398797595180e+00 3.815824778748882484e-01
1.605979879759519058e+00 3.818288977766388093e-01
1.607680360721442714e+00 3.820998537047067822e-01
1.609380841683366814e+00 3.823403857898607372e-01
1.611081322645290470e+00 3.824923760386225169e-01
1.612781803607214570e+00 3.826377411558042896e-01
1.614482284569138226e+00 3.827819372592537461e-01
1.616182765531062104e+00 3.829255201364856198e-01
1.617883246492985982e+00 3.830703426397292777e-01
1.619583727454909861e+00 3.832143667840632317e-01
1.621284208416833739e+00 3.833838166010513637e-01
1.622984689378757395e+00 3.833351116237882494e-01
1.624685170340681495e+00 3.832376868988922047e-01
1.626385651302605151e+00 3.831390970651761263e-01
1.628086132264529029e+00 3.830487945786736903e-01
1.629786613226452907e+00 3.829737604121891126e-01
1.631487094188376785e+00 3.827800280425073809e-01
1.633187575150300663e+00 3.823100394827361748e-01
1.634888056112224319e+00 3.818247743228857516e-01
1.636588537074148419e+00 3.813387815040526485e-01
1.638289018036072076e+00 3.809312411721140768e-01
1.639989498997995954e+00 3.805770257122529365e-01
1.641689979959919832e+00 3.802207557712628527e-01
1.643390460921843710e+00 3.798629178758225478e-01
1.645090941883767588e+00 3.794962614639836862e-01
1.646791422845691244e+00 3.790803617226487510e-01
1.648491903807615344e+00 3.779319742230825563e-01
1.650192384769539000e+00 3.768522673417220026e-01
1.651892865731462878e+00 3.757047636260569257e-01
1.653593346693386756e+00 3.745600911674749067e-01
1.655293827655310634e+00 3.734091004865531804e-01
1.656994308617234513e+00 3.721570402857951598e-01
1.658694789579158169e+00 3.708479814067500158e-01
1.660395270541082269e+00 3.695539205479347888e-01
1.662095751503005925e+00 3.683349027033244738e-01
1.663796232464929803e+00 3.672255700523769928e-01
1.665496713426853681e+00 3.661395541690807831e-01
1.667197194388777559e+00 3.650449119827171018e-01
1.668897675350701437e+00 3.639301862878211447e-01
1.670598156312625093e+00 3.627190152036607884e-01
1.672298637274549193e+00 3.615439593106092864e-01
1.673999118236472849e+00 3.603856026742968677e-01
1.675699599198396950e+00 3.592844270167974696e-01
1.677400080160320606e+00 3.582530530589721485e-01
1.679100561122244484e+00 3.572172885068313763e-01
1.680801042084168362e+00 3.561801219017230458e-01
1.682501523046092018e+00 3.553283122699958940e-01
1.684202004008016118e+00 3.545517747796278485e-01
1.685902484969939774e+00 3.537758593393207085e-01
1.687602965931863874e+00 3.529996421582958788e-01
1.689303446893787530e+00 3.521968139526066577e-01
1.691003927855711408e+00 3.513613089337206952e-01
1.692704408817635287e+00 3.505094152634301574e-01
1.694404889779559165e+00 3.497249619629949624e-01
1.696105370741483043e+00 3.490383880787892856e-01
1.697805851703406699e+00 3.483517602079678199e-01
1.699506332665330799e+00 3.476562841361728884e-01
1.701206813627254455e+00 3.471609155685539405e-01
1.702907294589178333e+00 3.467691845496083114e-01
1.704607775551102211e+00 3.463777690184645652e-01
1.706308256513026089e+00 3.460073440389827559e-01
1.708008737474949967e+00 3.456355801625471402e-01
1.709709218436873623e+00 3.452626803525446486e-01
1.711409699398797724e+00 3.449085559221999886e-01
1.713110180360721380e+00 3.445911365815049199e-01
1.714810661322645258e+00 3.443595044784476533e-01
1.716511142284569136e+00 3.441231998733116360e-01
1.718211623246493014e+00 3.438827017254614815e-01
1.719912104208416892e+00 3.436176438257940169e-01
1.721612585170340548e+00 3.433748681691942140e-01
1.723313066132264648e+00 3.431488399859373151e-01
1.725013547094188304e+00 3.429205695731014636e-01
1.726714028056112182e+00 3.426896243507637219e-01
1.728414509018036060e+00 3.424559629822517826e-01
1.730114989979959939e+00 3.422544363717893723e-01
1.731815470941883817e+00 3.420015876323979076e-01
1.733515951903807473e+00 3.417467159403993482e-01
1.735216432865731573e+00 3.414914552790097035e-01
1.736916913827655229e+00 3.412341614845016413e-01
1.738617394789579107e+00 3.409714431442139593e-01
1.740317875751502985e+00 3.407132536078083529e-01
1.742018356713426863e+00 3.404789118415129656e-01
1.743718837675350741e+00 3.402525983022942624e-01
1.745419318637274397e+00 3.400373335658044560e-01
1.747119799599198497e+00 3.398210906728838521e-01
1.748820280561122154e+00 3.394809433587731018e-01
1.750520761523046032e+00 3.391224284128265820e-01
1.752221242484969910e+00 3.388237204305721839e-01
1.753921723446893788e+00 3.385237935820484267e-01
1.755622204408817666e+00 3.382390397732669141e-01
1.757322685370741322e+00 3.378792614178954823e-01
1.759023166332665422e+00 3.374201192069262167e-01
1.760723647294589078e+00 3.369372109589799935e-01
1.762424128256513178e+00 3.364340898138076796e-01
1.764124609218436834e+00 3.359302645100777918e-01
1.765825090180360712e+00 3.354319020551559394e-01
1.767525571142284591e+00 3.349384369433439090e-01
1.769226052104208247e+00 3.344338466571812329e-01
1.770926533066132347e+00 3.336624076591705457e-01
1.772627014028056003e+00 3.328885766344568675e-01
1.774327494989980103e+00 3.321153257611054177e-01
1.776027975951903759e+00 3.313426894441715564e-01
1.777728456913827637e+00 3.305770529449834627e-01
1.779428937875751515e+00 3.298500483344346534e-01
1.781129418837675393e+00 3.291749678489548914e-01
1.782829899799599271e+00 3.285091180431619629e-01
1.784530380761522927e+00 3.278438701155408919e-01
1.786230861723447028e+00 3.271786438506908423e-01
1.787931342685370684e+00 3.265137726956936493e-01
1.789631823647294562e+00 3.257775149479782417e-01
1.791332304609218440e+00 3.250339373076434057e-01
1.793032785571142318e+00 3.242912158472136541e-01
1.794733266533066196e+00 3.235513404320854436e-01
1.796433747494989852e+00 3.228123913716878235e-01
1.798134228456913952e+00 3.220752835772742184e-01
1.799834709418837608e+00 3.213595477831207026e-01
1.801535190380761486e+00 3.207314012447300411e-01
1.803235671342685364e+00 3.201126883988656413e-01
1.804936152304609243e+00 3.194848063241657043e-01
1.806636633266533121e+00 3.188552225863237610e-01
1.808337114228456777e+00 3.181285628385411290e-01
1.810037595190380877e+00 3.173885519932858612e-01
1.811738076152304533e+00 3.166352135303331372e-01
1.813438557114228411e+00 3.159027202853376681e-01
1.815139038076152289e+00 3.152565388915231637e-01
1.816839519038076167e+00 3.146058344313776844e-01
1.818540000000000045e+00 3.139545741509065513e-01
