3.795050084590911865e-01 3.041359923372510821e-05
3.812929987907409668e-01 2.493920037522912025e-04
3.835279941558837891e-01 4.318729916121810675e-04
3.844220042228698730e-01 3.406330069992691278e-04
3.866569995880126953e-01 1.399030006723478436e-04
3.875519931316375732e-01 5.474450153997167945e-05
3.893400132656097412e-01 1.216550026583718136e-05
3.915750086307525635e-01 6.082730124035151675e-06
3.938100039958953857e-01 1.216550026583718136e-05
3.955979943275451660e-01 3.163020010106265545e-04
3.964920043945312500e-01 2.372260059928521514e-04
3.978340029716491699e-01 1.338199945166707039e-04
3.996219933032989502e-01 9.124090138357132673e-05
4.000689983367919922e-01 1.338199945166707039e-04
4.014100134372711182e-01 4.136250063311308622e-04
4.036450088024139404e-01 2.007300063269212842e-04
4.045389890670776367e-01 7.907539838925004005e-05
4.058800041675567627e-01 4.257910040905699134e-05
4.072209894657135010e-01 1.824819992179982364e-05
4.090099930763244629e-01 3.041359923372510821e-05
4.112449884414672852e-01 1.216550026583718136e-05
4.130330085754394531e-01 6.082730124035151675e-06
4.139269888401031494e-01 0.000000000000000000e+00
4.264439940452575684e-01 0.000000000000000000e+00
4.322560131549835205e-01 6.082730124035151675e-06
4.403029978275299072e-01 1.216550026583718136e-05
4.434320032596588135e-01 3.649639984359964728e-05
4.456669986248016357e-01 5.474450153997167945e-05
4.483489990234375000e-01 3.649639984359964728e-05
4.537140130996704102e-01 3.041359923372510821e-05
4.577369987964630127e-01 1.824819992179982364e-05
4.608669877052307129e-01 6.082730124035151675e-06
4.653370082378387451e-01 1.216550026583718136e-05
4.689129889011383057e-01 1.216550026583718136e-05
4.733839929103851318e-01 6.082730124035151675e-06
4.778540134429931641e-01 3.041359923372510821e-05
4.818780124187469482e-01 1.824819992179982364e-05
4.872420132160186768e-01 6.082730124035151675e-06
4.926069974899291992e-01 0.000000000000000000e+00
4.984180033206939697e-01 1.824819992179982364e-05
5.037829875946044922e-01 2.433090048725716770e-05
5.091469883918762207e-01 3.649639984359964728e-05
5.127239823341369629e-01 3.041359923372510821e-05
5.163000226020812988e-01 2.433090048725716770e-05
5.194290280342102051e-01 3.041359923372510821e-05
5.216640233993530273e-01 3.649639984359964728e-05
5.252410173416137695e-01 4.866180097451433539e-05
5.279229879379272461e-01 8.515820081811398268e-05
5.306050181388854980e-01 1.277370029129087925e-04
5.314990282058715820e-01 1.399030006723478436e-04
5.332869887351989746e-01 1.399030006723478436e-04
5.350760221481323242e-01 1.034059969242662191e-04
5.364170074462890625e-01 6.690999725833535194e-05
5.386520028114318848e-01 4.257910040905699134e-05
5.408869981765747070e-01 2.433090048725716770e-05
5.431219935417175293e-01 1.216550026583718136e-05
5.502750277519226074e-01 6.082730124035151675e-06
5.632389783859252930e-01 6.082730124035151675e-06
5.699449777603149414e-01 1.216550026583718136e-05
5.726270079612731934e-01 1.824819992179982364e-05
5.753089785575866699e-01 2.433090048725716770e-05
5.775449872016906738e-01 3.649639984359964728e-05
5.802270174026489258e-01 5.474450153997167945e-05
5.815680027008056641e-01 6.690999725833535194e-05
5.838029980659484863e-01 6.690999725833535194e-05
5.855910181999206543e-01 4.866180097451433539e-05
5.873799920082092285e-01 2.433090048725716770e-05
5.887209773063659668e-01 1.216550026583718136e-05
5.914030075073242188e-01 6.082730124035151675e-06
5.981090068817138672e-01 0.000000000000000000e+00
7.375860214233398438e-01 0.000000000000000000e+00
7.509970068931579590e-01 0.000000000000000000e+00
7.527850270271301270e-01 0.000000000000000000e+00
7.545740008354187012e-01 0.000000000000000000e+00
7.563620209693908691e-01 0.000000000000000000e+00
7.594910264015197754e-01 0.000000000000000000e+00
7.621729969978332520e-01 6.082730124035151675e-06
7.648559808731079102e-01 0.000000000000000000e+00
7.666440010070800781e-01 0.000000000000000000e+00
7.679849863052368164e-01 0.000000000000000000e+00
7.697730064392089844e-01 0.000000000000000000e+00
7.751380205154418945e-01 6.082730124035151675e-06
7.787140011787414551e-01 1.216550026583718136e-05
7.827370166778564453e-01 2.433090048725716770e-05
7.867609858512878418e-01 3.041359923372510821e-05
7.903370261192321777e-01 3.649639984359964728e-05
7.943599820137023926e-01 4.257910040905699134e-05
7.974900007247924805e-01 4.257910040905699134e-05
7.992780208587646484e-01 4.257910040905699134e-05
8.010659813880920410e-01 4.257910040905699134e-05
8.037480115890502930e-01 4.257910040905699134e-05
8.091130256652832031e-01 5.474450153997167945e-05
8.140299916267395020e-01 7.299269782379269600e-05
8.171600103378295898e-01 8.515820081811398268e-05
8.207359910011291504e-01 9.124090138357132673e-05
8.243119716644287109e-01 8.515820081811398268e-05
8.278890252113342285e-01 7.299269782379269600e-05
8.305709958076477051e-01 6.082730033085681498e-05
8.341469764709472656e-01 5.474450153997167945e-05
8.377239704132080078e-01 5.474450153997167945e-05
8.404060006141662598e-01 5.474450153997167945e-05
8.426409959793090820e-01 6.082730033085681498e-05
8.453230261802673340e-01 6.690999725833535194e-05
8.475580215454101562e-01 6.690999725833535194e-05
8.489000201225280762e-01 3.649639984359964728e-05
8.502410054206848145e-01 6.082730124035151675e-06
8.515819907188415527e-01 6.082730124035151675e-06
8.538169860839843750e-01 3.649639984359964728e-05
8.573930263519287109e-01 4.257910040905699134e-05
8.605229854583740234e-01 3.649639984359964728e-05
8.632050156593322754e-01 3.649639984359964728e-05
8.667809963226318359e-01 4.257910040905699134e-05
8.694639801979064941e-01 4.257910040905699134e-05
8.725929856300354004e-01 3.041359923372510821e-05
8.770629763603210449e-01 1.824819992179982364e-05
8.815339803695678711e-01 1.824819992179982364e-05
8.868979811668395996e-01 1.824819992179982364e-05
8.922629952430725098e-01 2.433090048725716770e-05
8.989679813385009766e-01 3.649639984359964728e-05
9.323199987411499023e-01 4.094069881830364466e-04
9.372929930686950684e-01 1.662419992499053478e-03
9.403309822082519531e-01 2.909440081566572189e-03
9.419890046119689941e-01 4.152189940214157104e-03
9.450280070304870605e-01 7.874470204114913940e-03
9.464089870452880859e-01 1.035400014370679855e-02
9.480659961700439453e-01 1.530960015952587128e-02
9.497240185737609863e-01 2.150290086865425110e-02
9.513810276985168457e-01 3.017139993607997894e-02
9.527620077133178711e-01 4.131419956684112549e-02
9.538670182228088379e-01 5.121859908103942871e-02
9.546959996223449707e-01 6.854789704084396362e-02
9.555249810218811035e-01 8.340200036764144897e-02
9.560769796371459961e-01 9.949280321598052979e-02
9.566299915313720703e-01 1.155840009450912476e-01
9.571819901466369629e-01 1.341499984264373779e-01
9.580109715461730957e-01 1.663299947977066040e-01
9.593920111656188965e-01 2.467799931764602661e-01
9.602209925651550293e-01 2.987630069255828857e-01
9.621549844741821289e-01 4.596599936485290527e-01
9.640880227088928223e-01 6.502599716186523438e-01
9.657459855079650879e-01 7.752649784088134766e-01
9.660220146179199219e-01 7.876420021057128906e-01
9.665750265121459961e-01 8.012580275535583496e-01
9.671270251274108887e-01 8.185859918594360352e-01
9.676799774169921875e-01 8.297269940376281738e-01
9.679560065269470215e-01 8.346779942512512207e-01
9.687849879264831543e-01 8.309680223464965820e-01
9.696130156517028809e-01 8.260200023651123047e-01
9.704419970512390137e-01 8.185970187187194824e-01
9.709939956665039062e-01 8.099349737167358398e-01
9.715470075607299805e-01 8.049860000610351562e-01
9.718229770660400391e-01 8.012740015983581543e-01
9.729279875755310059e-01 7.963269948959350586e-01
9.737570285797119141e-01 7.913789749145507812e-01
9.745860099792480469e-01 7.938569784164428711e-01
9.751380085945129395e-01 7.963340282440185547e-01
9.759669899940490723e-01 8.000490069389343262e-01
9.776239991188049316e-01 8.210939764976501465e-01
9.792820215225219727e-01 8.508020043373107910e-01
9.817680120468139648e-01 8.966019749641418457e-01
9.831489920616149902e-01 9.225959777832031250e-01
9.850829839706420898e-01 9.498299956321716309e-01
9.859120249748229980e-01 9.597340226173400879e-01
9.867399930953979492e-01 9.659240245819091797e-01
9.878450036048889160e-01 9.745910167694091797e-01
9.886739850044250488e-01 9.770690202713012695e-01
9.897789955139160156e-01 9.783099889755249023e-01
9.914360046386718750e-01 9.758399724960327148e-01
9.925410151481628418e-01 9.721300005912780762e-01
9.936460256576538086e-01 9.684209823608398438e-01
9.950280189514160156e-01 9.634749889373779297e-01
9.964089989662170410e-01 9.585279822349548340e-01
9.975140094757080078e-01 9.548190236091613770e-01
9.994480013847351074e-01 9.523500204086303711e-01
1.000830054283142090e+00 9.523540139198303223e-01
1.002210021018981934e+00 9.523580074310302734e-01
1.004140019416809082e+00 9.560769796371459961e-01
1.006080031394958496e+00 9.597960114479064941e-01
1.007730007171630859e+00 9.635139703750610352e-01
1.009389996528625488e+00 9.672319889068603516e-01
1.010769963264465332e+00 9.697120189666748047e-01
1.012709975242614746e+00 9.709550142288208008e-01
1.015750050544738770e+00 9.684889912605285645e-01
1.017130017280578613e+00 9.660180211067199707e-01
1.018229961395263672e+00 9.623090028762817383e-01
1.019340038299560547e+00 9.585989713668823242e-01
1.019889950752258301e+00 9.573640227317810059e-01
1.021270036697387695e+00 9.536550045013427734e-01
1.022379994392395020e+00 9.499449729919433594e-01
1.022930026054382324e+00 9.487100243568420410e-01
1.024309992790222168e+00 9.437630176544189453e-01
1.025969982147216797e+00 9.400560259819030762e-01
1.027070045471191406e+00 9.375839829444885254e-01
1.028450012207031250e+00 9.351130127906799316e-01
1.030390024185180664e+00 9.338809847831726074e-01
1.032039999961853027e+00 9.351239800453186035e-01
1.033699989318847656e+00 9.376040101051330566e-01
1.034250020980834961e+00 9.388440251350402832e-01
1.035359978675842285e+00 9.413220286369323730e-01
1.036460041999816895e+00 9.438009858131408691e-01
1.037569999694824219e+00 9.475169777870178223e-01
1.038669943809509277e+00 9.499959945678710938e-01
1.039229989051818848e+00 9.524729847908020020e-01
1.039780020713806152e+00 9.537119865417480469e-01
1.041159987449645996e+00 9.586669802665710449e-01
1.041710019111633301e+00 9.599059820175170898e-01
1.042819976806640625e+00 9.636229872703552246e-01
1.043370008468627930e+00 9.648619890213012695e-01
1.043920040130615234e+00 9.673389792442321777e-01
1.045029997825622559e+00 9.698179960250854492e-01
1.046129941940307617e+00 9.722959995269775391e-01
1.047240018844604492e+00 9.747750163078308105e-01
1.048339962959289551e+00 9.760159850120544434e-01
1.050830006599426270e+00 9.772610068321228027e-01
1.053040027618408203e+00 9.760299921035766602e-01
1.054139971733093262e+00 9.747959971427917480e-01
1.054700016975402832e+00 9.735599756240844727e-01
1.055799961090087891e+00 9.710879921913146973e-01
1.058009982109069824e+00 9.661449790000915527e-01
1.061879992485046387e+00 9.550179839134216309e-01
1.065189957618713379e+00 9.463649988174438477e-01
1.067129969596862793e+00 9.426580071449279785e-01
1.068510055541992188e+00 9.401869773864746094e-01
1.070170044898986816e+00 9.377170205116271973e-01
1.072379946708679199e+00 9.352489709854125977e-01
1.074859976768493652e+00 9.352560043334960938e-01
1.077350020408630371e+00 9.365019798278808594e-01
1.080109953880310059e+00 9.402229785919189453e-01
1.082870006561279297e+00 9.439449906349182129e-01
1.085080027580261230e+00 9.476640224456787109e-01
1.088950037956237793e+00 9.538639783859252930e-01
1.091709971427917480e+00 9.563480019569396973e-01
1.095029950141906738e+00 9.588339924812316895e-01
1.097509980201721191e+00 9.588410258293151855e-01
1.100829958915710449e+00 9.576140046119689941e-01
1.104419946670532227e+00 9.539120197296142578e-01
1.106909990310668945e+00 9.514449834823608398e-01
1.108010053634643555e+00 9.502099752426147461e-01
1.109120011329650879e+00 9.489759802818298340e-01
1.110499978065490723e+00 9.477429986000061035e-01
1.112980008125305176e+00 9.465129971504211426e-01
1.115749955177307129e+00 9.452840089797973633e-01
1.118780016899108887e+00 9.465309977531433105e-01
1.121819972991943359e+00 9.477779865264892578e-01
1.125970005989074707e+00 9.527410268783569336e-01
1.130110025405883789e+00 9.589419960975646973e-01
1.133149981498718262e+00 9.639019966125488281e-01
1.135640025138854980e+00 9.663850069046020508e-01
1.137290000915527344e+00 9.676280021667480469e-01
1.139500021934509277e+00 9.701099991798400879e-01
1.142269968986511230e+00 9.713559746742248535e-01
1.144479990005493164e+00 9.713630080223083496e-01
1.148339986801147461e+00 9.701370000839233398e-01
1.151659965515136719e+00 9.676719903945922852e-01
1.154970049858093262e+00 9.652069807052612305e-01
1.158290028572082520e+00 9.615049958229064941e-01
1.162430047988891602e+00 9.578049778938293457e-01
1.165470004081726074e+00 9.565759897232055664e-01
1.168230056762695312e+00 9.553470015525817871e-01
1.170719981193542480e+00 9.553549885749816895e-01
1.173760056495666504e+00 9.566019773483276367e-01
1.175969958305358887e+00 9.578459858894348145e-01
1.179280042648315430e+00 9.603319764137268066e-01
1.185070037841796875e+00 9.647629857063293457e-01
1.188210010528564453e+00 9.684079885482788086e-01
1.194489955902099609e+00 9.720529913902282715e-01
1.200770020484924316e+00 9.708380103111267090e-01
1.207049965858459473e+00 9.647629857063293457e-01
1.213330030441284180e+00 9.586880207061767578e-01
1.219609975814819336e+00 9.538270235061645508e-01
1.225890040397644043e+00 9.513970017433166504e-01
1.232169985771179199e+00 9.526119828224182129e-01
1.241590023040771484e+00 9.586880207061767578e-01
1.247869968414306641e+00 9.635480046272277832e-01
1.254150032997131348e+00 9.684079885482788086e-01
1.260429978370666504e+00 9.696230292320251465e-01
1.269850015640258789e+00 9.659780263900756836e-01
1.276129961013793945e+00 9.623330235481262207e-01
1.279270052909851074e+00 9.562579989433288574e-01
1.285549998283386230e+00 9.513970017433166504e-01
1.294980049133300781e+00 9.501820206642150879e-01
1.304399967193603516e+00 9.513970017433166504e-01
1.310680031776428223e+00 9.586880207061767578e-01
1.320099949836730957e+00 9.659780263900756836e-01
1.326380014419555664e+00 9.708380103111267090e-01
1.332659959793090820e+00 9.708380103111267090e-01
1.338940024375915527e+00 9.684079885482788086e-01
1.345219969749450684e+00 9.623330235481262207e-01
1.351500034332275391e+00 9.574729800224304199e-01
1.360919952392578125e+00 9.465370178222656250e-01
1.370339989662170410e+00 9.416769742965698242e-01
1.376620054244995117e+00 9.416769742965698242e-01
1.386039972305297852e+00 9.453219771385192871e-01
1.392320036888122559e+00 9.526119828224182129e-01
1.398599982261657715e+00 9.574729800224304199e-01
1.401739954948425293e+00 9.611179828643798828e-01
1.408030033111572266e+00 9.659780263900756836e-01
1.414309978485107422e+00 9.696230292320251465e-01
1.423730015754699707e+00 9.684079885482788086e-01
1.430009961128234863e+00 9.647629857063293457e-01
1.436290025711059570e+00 9.599030017852783203e-01
1.442569971084594727e+00 9.526119828224182129e-01
1.451990008354187012e+00 9.441069960594177246e-01
1.461410045623779297e+00 9.404619932174682617e-01
1.467689990997314453e+00 9.404619932174682617e-01
1.477110028266906738e+00 9.441069960594177246e-01
1.483389973640441895e+00 9.489669799804687500e-01
1.489670038223266602e+00 9.526119828224182129e-01
1.492810010910034180e+00 9.574729800224304199e-01
1.499089956283569336e+00 9.611179828643798828e-01
1.505370020866394043e+00 9.659780263900756836e-01
1.511649966239929199e+00 9.696230292320251465e-01
1.521070003509521484e+00 9.696230292320251465e-01
1.530500054359436035e+00 9.659780263900756836e-01
1.536779999732971191e+00 9.611179828643798828e-01
1.543059945106506348e+00 9.574729800224304199e-01
1.549340009689331055e+00 9.526119828224182129e-01
1.555619955062866211e+00 9.489669799804687500e-01
1.565039992332458496e+00 9.453219771385192871e-01
1.574460029602050781e+00 9.453219771385192871e-01
1.583879947662353516e+00 9.477519989013671875e-01
1.590160012245178223e+00 9.526119828224182129e-01
1.596439957618713379e+00 9.562579989433288574e-01
1.602720022201538086e+00 9.611179828643798828e-01
1.608999967575073242e+00 9.647629857063293457e-01
1.621559977531433105e+00 9.696230292320251465e-01
1.630980014801025391e+00 9.696230292320251465e-01
1.637259960174560547e+00 9.659780263900756836e-01
1.646690011024475098e+00 9.623330235481262207e-01
1.649829983711242676e+00 9.574729800224304199e-01
1.656110048294067383e+00 9.538270235061645508e-01
1.662389993667602539e+00 9.489669799804687500e-01
1.668670058250427246e+00 9.453219771385192871e-01
1.674950003623962402e+00 9.404619932174682617e-01
1.681229948997497559e+00 9.368169903755187988e-01
1.693789958953857422e+00 9.343860149383544922e-01
1.700070023536682129e+00 9.343860149383544922e-01
1.712630033493041992e+00 9.392470121383666992e-01
1.718909978866577148e+00 9.428920149803161621e-01
1.728330016136169434e+00 9.477519989013671875e-01
1.734609961509704590e+00 9.513970017433166504e-01
1.740890026092529297e+00 9.550430178642272949e-01
1.747169971466064453e+00 9.586880207061767578e-01
1.756590008735656738e+00 9.623330235481262207e-01
1.769160032272338867e+00 9.635480046272277832e-01
1.778579950332641602e+00 9.599030017852783203e-01
1.787999987602233887e+00 9.574729800224304199e-01
1.797420024871826172e+00 9.538270235061645508e-01
1.806839942932128906e+00 9.501820206642150879e-01
1.813120007514953613e+00 9.465370178222656250e-01
1.822540044784545898e+00 9.428920149803161621e-01
1.835100054740905762e+00 9.404619932174682617e-01
1.847659945487976074e+00 9.416769742965698242e-01
1.857079982757568359e+00 9.441069960594177246e-01
1.866500020027160645e+00 9.477519989013671875e-01
1.872779965400695801e+00 9.513970017433166504e-01
1.882210016250610352e+00 9.550430178642272949e-01
1.888489961624145508e+00 9.586880207061767578e-01
1.897909998893737793e+00 9.623330235481262207e-01
1.907330036163330078e+00 9.659780263900756836e-01
1.919890046119689941e+00 9.671930074691772461e-01
1.932450056076049805e+00 9.671930074691772461e-01
1.941869974136352539e+00 9.647629857063293457e-01
1.951290011405944824e+00 9.611179828643798828e-01
1.960710048675537109e+00 9.586880207061767578e-01
1.976410031318664551e+00 9.513970017433166504e-01
1.988970041275024414e+00 9.477519989013671875e-01
2.001539945602416992e+00 9.441069960594177246e-01
2.020380020141601562e+00 9.428920149803161621e-01
2.032939910888671875e+00 9.441069960594177246e-01
2.045500040054321289e+00 9.465370178222656250e-01
2.076900005340576172e+00 9.550430178642272949e-01
2.098880052566528320e+00 9.586880207061767578e-01
2.111439943313598633e+00 9.586880207061767578e-01
2.124010086059570312e+00 9.574729800224304199e-01
2.136569976806640625e+00 9.562579989433288574e-01
2.145989894866943359e+00 9.538270235061645508e-01
2.158550024032592773e+00 9.513970017433166504e-01
2.167969942092895508e+00 9.489669799804687500e-01
2.177390098571777344e+00 9.465370178222656250e-01
2.189949989318847656e+00 9.441069960594177246e-01
2.202510118484497070e+00 9.416769742965698242e-01
2.211930036544799805e+00 9.404619932174682617e-01
2.224489927291870117e+00 9.404619932174682617e-01
2.237060070037841797e+00 9.416769742965698242e-01
2.249619960784912109e+00 9.428920149803161621e-01
2.259040117263793945e+00 9.441069960594177246e-01
2.271600008010864258e+00 9.465370178222656250e-01
2.284159898757934570e+00 9.489669799804687500e-01
2.293580055236816406e+00 9.501820206642150879e-01
2.306139945983886719e+00 9.526119828224182129e-01
2.318700075149536133e+00 9.550430178642272949e-01
2.328119993209838867e+00 9.562579989433288574e-01
2.353240013122558594e+00 9.574729800224304199e-01
2.378370046615600586e+00 9.562579989433288574e-01
2.403490066528320312e+00 9.538270235061645508e-01
2.425470113754272461e+00 9.513970017433166504e-01
2.438030004501342773e+00 9.501820206642150879e-01
2.475719928741455078e+00 9.477519989013671875e-01
2.497699975967407227e+00 9.465370178222656250e-01
2.510260105133056641e+00 9.465370178222656250e-01
2.544800043106079102e+00 9.477519989013671875e-01
2.566780090332031250e+00 9.489669799804687500e-01
2.591909885406494141e+00 9.501820206642150879e-01
2.635869979858398438e+00 9.513970017433166504e-01
2.645289897918701172e+00 9.513970017433166504e-01
2.657850027084350586e+00 9.513970017433166504e-01
2.667269945144653320e+00 9.477519989013671875e-01
2.670409917831420898e+00 9.428920149803161621e-01
2.673549890518188477e+00 9.392470121383666992e-01
2.682970046997070312e+00 9.295259714126586914e-01
2.689249992370605469e+00 9.246659874916076660e-01
2.692389965057373047e+00 9.210209846496582031e-01
2.695529937744140625e+00 9.161599874496459961e-01
2.704950094223022461e+00 9.064400196075439453e-01
2.717519998550415039e+00 8.930739760398864746e-01
2.723799943923950195e+00 8.857839703559875488e-01
2.736360073089599609e+00 8.821390271186828613e-01
2.764620065689086914e+00 8.790330886840820312e-01
2.780319929122924805e+00 8.815021514892578125e-01
2.792880058288574219e+00 8.827366828918457031e-01
2.808579921722412109e+00 8.852057456970214844e-01
2.821140050888061523e+00 8.876748085021972656e-01
2.839989900588989258e+00 8.913783431053161621e-01
2.855690002441406250e+00 8.938474059104919434e-01
2.880810022354125977e+00 8.963174819946289062e-01
2.905930042266845703e+00 8.987865447998046875e-01
2.927910089492797852e+00 9.000210762023925781e-01
2.949899911880493164e+00 9.012556076049804688e-01
2.990720033645629883e+00 9.024901390075683594e-01
3.025259971618652344e+00 9.049592018127441406e-01
3.053519964218139648e+00 9.074282646179199219e-01
3.084929943084716797e+00 9.098973274230957031e-01
3.125750064849853516e+00 9.136009216308593750e-01
3.166569948196411133e+00 9.173055291175842285e-01
3.210540056228637695e+00 9.197745323181152344e-01
3.257639884948730469e+00 9.210090637207031250e-01
3.301609992980957031e+00 9.197745323181152344e-01
3.342430114746093750e+00 9.173055291175842285e-01
3.380110025405883789e+00 9.148364663124084473e-01
3.414649963378906250e+00 9.148364663124084473e-01
3.458620071411132812e+00 9.160709977149963379e-01
3.486880064010620117e+00 9.173055291175842285e-01
3.540270090103149414e+00 9.222435951232910156e-01
3.584229946136474609e+00 9.284162521362304688e-01
3.631330013275146484e+00 9.345899224281311035e-01
3.687860012054443359e+00 9.407625794410705566e-01
3.719259977340698242e+00 9.432316422462463379e-01
3.753799915313720703e+00 9.444661140441894531e-01
3.804049968719482422e+00 9.432316422462463379e-01
3.835449934005737305e+00 9.407625794410705566e-01
3.885689973831176758e+00 9.358244538307189941e-01
3.923379898071289062e+00 9.308853149414062500e-01
3.961060047149658203e+00 9.271817207336425781e-01
3.998739957809448242e+00 9.234781265258789062e-01
4.042709827423095703e+00 9.222435951232910156e-01
4.083529949188232422e+00 9.210090637207031250e-01
4.114930152893066406e+00 9.222435951232910156e-01
4.158899784088134766e+00 9.247126579284667969e-01
4.187160015106201172e+00 9.284162521362304688e-01
4.205999851226806641e+00 9.333553910255432129e-01
4.224840164184570312e+00 9.370589852333068848e-01
4.243680000305175781e+00 9.395280480384826660e-01
4.259389877319335938e+00 9.419971108436584473e-01
4.281370162963867188e+00 9.444661140441894531e-01
4.309629917144775391e+00 9.481697082519531250e-01
4.353590011596679688e+00 9.494042396545410156e-01
4.378719806671142578e+00 9.506387710571289062e-01
4.403840065002441406e+00 9.531088471412658691e-01
4.435239791870117188e+00 9.543433785438537598e-01
4.469779968261718750e+00 9.531088471412658691e-01
4.494909763336181641e+00 9.506387710571289062e-01
4.516890048980712891e+00 9.481697082519531250e-01
4.538869857788085938e+00 9.457006454467773438e-01
4.563990116119384766e+00 9.407625794410705566e-01
4.582829952239990234e+00 9.370589852333068848e-01
4.601669788360595703e+00 9.321198463439941406e-01
4.617380142211914062e+00 9.284162521362304688e-01
4.639359951019287109e+00 9.222435951232910156e-01
4.661340236663818359e+00 9.148364663124084473e-01
4.686460018157958984e+00 9.061937332153320312e-01
4.708439826965332031e+00 8.987865447998046875e-01
4.736710071563720703e+00 8.876748085021972656e-01
4.758689880371093750e+00 8.790330886840820312e-01
4.783810138702392578e+00 8.691558241844177246e-01
4.808929920196533203e+00 8.580440878868103027e-01
4.830910205841064453e+00 8.481678366661071777e-01
4.859179973602294922e+00 8.370560407638549805e-01
4.890580177307128906e+00 8.234762549400329590e-01
4.925119876861572266e+00 8.098953962326049805e-01
4.947100162506103516e+00 8.024872541427612305e-01
4.969089984893798828e+00 7.950800657272338867e-01
4.997350215911865234e+00 7.876728773117065430e-01
6.000000000000000000e+00 7.876728773117065430e-01
