2.500000000000000000e+00 6.784457946196198463e-04
2.502599954605102539e+00 6.784302531741559505e-04
2.505199909210205078e+00 6.784147117286920547e-04
2.507800102233886719e+00 6.783991702832281590e-04
2.510400056838989258e+00 6.783835124224424362e-04
2.513000011444091797e+00 6.783678545616567135e-04
2.515599966049194336e+00 6.783521967008709908e-04
2.518199920654296875e+00 6.783364224247634411e-04
2.520800113677978516e+00 6.783206481486558914e-04
2.523400068283081055e+00 6.783048156648874283e-04
2.526000022888183594e+00 6.782889831811189651e-04
2.528599977493286133e+00 6.782730924896895885e-04
2.531199932098388672e+00 6.782571435905992985e-04
2.533799886703491211e+00 6.782411946915090084e-04
2.536400079727172852e+00 6.782251293770968914e-04
2.539000034332275391e+00 6.782090640626847744e-04
2.541599988937377930e+00 6.781929987482726574e-04
2.544199943542480469e+00 6.781768752261996269e-04
2.546799898147583008e+00 6.781606934964656830e-04
2.549400091171264648e+00 6.781444535590708256e-04
2.552000045776367188e+00 6.781282136216759682e-04
2.554600000381469727e+00 6.781119154766201973e-04
2.557199954986572266e+00 6.780956173315644264e-04
2.559799909591674805e+00 6.780792027711868286e-04
2.562400102615356445e+00 6.780627882108092308e-04
2.565000057220458984e+00 6.780463736504316330e-04
2.567600011825561523e+00 6.780299008823931217e-04
2.570199966430664062e+00 6.780133699066936970e-04
2.572799921035766602e+00 6.779967807233333588e-04
2.575400114059448242e+00 6.779801915399730206e-04
2.578000068664550781e+00 6.779635441489517689e-04
2.580600023269653320e+00 6.779468385502696037e-04
2.583199977874755859e+00 6.779301329515874386e-04
2.585799932479858398e+00 6.779133691452443600e-04
2.588399887084960938e+00 6.778966053389012814e-04
2.591000080108642578e+00 6.778797251172363758e-04
2.593600034713745117e+00 6.778629031032323837e-04
2.596199989318847656e+00 6.778459646739065647e-04
2.598799943923950195e+00 6.778290262445807457e-04
2.601399898529052734e+00 6.778120296075940132e-04
2.604000091552734375e+00 6.777950329706072807e-04
2.606600046157836914e+00 6.777779781259596348e-04
2.609200000762939453e+00 6.777608650736510754e-04
2.611799955368041992e+00 6.777436938136816025e-04
2.614399909973144531e+00 6.777265225537121296e-04
2.617000102996826172e+00 6.777093512937426567e-04
2.619600057601928711e+00 6.776920636184513569e-04
2.622200012207031250e+00 6.776747759431600571e-04
2.624799966812133789e+00 6.776574882678687572e-04
2.627399921417236328e+00 6.776401423849165440e-04
2.630000114440917969e+00 6.776227382943034172e-04
2.632600069046020508e+00 6.776052759960293770e-04
2.635200023651123047e+00 6.775878136977553368e-04
2.637799978256225586e+00 6.775702931918203831e-04
2.640399932861328125e+00 6.775527726858854294e-04
2.642999887466430664e+00 6.775351939722895622e-04
2.645600080490112305e+00 6.775175570510327816e-04
2.648200035095214844e+00 6.774999201297760010e-04
2.650799989700317383e+00 6.774822250008583069e-04
2.653399944305419922e+00 6.774644716642796993e-04
2.655999898910522461e+00 6.774467183277010918e-04
2.658600091934204102e+00 6.774289067834615707e-04
2.661200046539306641e+00 6.774110952392220497e-04
2.663800001144409180e+00 6.773931672796607018e-04
2.666399955749511719e+00 6.773752975277602673e-04
2.668999910354614258e+00 6.773573113605380058e-04
2.671600103378295898e+00 6.773393251933157444e-04
2.674200057983398438e+00 6.773213390260934830e-04
2.676800012588500977e+00 6.773032946512103081e-04
2.679399967193603516e+00 6.772851920686662197e-04
2.681999921798706055e+00 6.772670312784612179e-04
2.684600114822387695e+00 6.772488704882562160e-04
2.687200069427490234e+00 6.772306514903903008e-04
2.689800024032592773e+00 6.772124324925243855e-04
2.692399978637695312e+00 6.771941552869975567e-04
2.694999933242797852e+00 6.771758780814707279e-04
2.697599887847900391e+00 6.771574844606220722e-04
2.700200080871582031e+00 6.771391490474343300e-04
2.702800035476684570e+00 6.771206972189247608e-04
2.705399990081787109e+00 6.771022453904151917e-04
2.707999944686889648e+00 6.770837935619056225e-04
2.710599899291992188e+00 6.770652835257351398e-04
2.713200092315673828e+00 6.770467152819037437e-04
2.715800046920776367e+00 6.770280888304114342e-04
2.718400001525878906e+00 6.770094623789191246e-04
2.720999956130981445e+00 6.769908359274268150e-04
2.723599910736083984e+00 6.769720930606126785e-04
2.726200103759765625e+00 6.769533501937985420e-04
2.728800058364868164e+00 6.769346073269844055e-04
2.731400012969970703e+00 6.769158062525093555e-04
2.733999967575073242e+00 6.768969469703733921e-04
2.736599922180175781e+00 6.768780876882374287e-04
2.739200115203857422e+00 6.768591701984405518e-04
2.741800069808959961e+00 6.768402527086436749e-04
2.744400024414062500e+00 6.768212770111858845e-04
2.746999979019165039e+00 6.768022431060671806e-04
2.749599933624267578e+00 6.767832092009484768e-04
2.752199888229370117e+00 6.767641170881688595e-04
2.754800081253051758e+00 6.767450249753892422e-04
2.757400035858154297e+00 6.767258164472877979e-04
2.759999990463256836e+00 6.767066661268472672e-04
2.762599945068359375e+00 6.766874575987458229e-04
2.765199899673461914e+00 6.766681908629834652e-04
2.767800092697143555e+00 6.766488659195601940e-04
2.770400047302246094e+00 6.766295409761369228e-04
2.773000001907348633e+00 6.766102160327136517e-04
2.775599956512451172e+00 6.765908328816294670e-04
2.778199911117553711e+00 6.765713915228843689e-04
2.780800104141235352e+00 6.765519501641392708e-04
2.783400058746337891e+00 6.765324505977332592e-04
2.786000013351440430e+00 6.765128928236663342e-04
2.788599967956542969e+00 6.764933350495994091e-04
2.791199922561645508e+00 6.764737190678715706e-04
2.793800115585327148e+00 6.764541030861437321e-04
2.796400070190429688e+00 6.764344288967549801e-04
2.799000024795532227e+00 6.764147547073662281e-04
2.801599979400634766e+00 6.763950223103165627e-04
2.804199934005737305e+00 6.763752317056059837e-04
2.806799888610839844e+00 6.763554411008954048e-04
2.809400081634521484e+00 6.763355922885239124e-04
2.812000036239624023e+00 6.763157434761524200e-04
2.814599990844726562e+00 6.762958364561200142e-04
2.817199945449829102e+00 6.762759294360876083e-04
2.819799900054931641e+00 6.762559642083942890e-04
2.822400093078613281e+00 6.762359407730400562e-04
2.825000047683715820e+00 6.762159173376858234e-04
2.827600002288818359e+00 6.761958356946706772e-04
2.830199956893920898e+00 6.761757540516555309e-04
2.832799911499023438e+00 6.761556142009794712e-04
2.835400104522705078e+00 6.761354161426424980e-04
2.838000059127807617e+00 6.761152180843055248e-04
2.840600013732910156e+00 6.760950200259685516e-04
2.843199968338012695e+00 6.760747055523097515e-04
2.845799922943115234e+00 6.760544492863118649e-04
2.848400115966796875e+00 6.760340766049921513e-04
2.851000070571899414e+00 6.760137039236724377e-04
2.853600025177001953e+00 6.759933312423527241e-04
2.856199979782104492e+00 6.759729003533720970e-04
2.858799934387207031e+00 6.759524112567305565e-04
2.861399888992309570e+00 6.759319221600890160e-04
2.864000082015991211e+00 6.759113748557865620e-04
2.866600036621093750e+00 6.758908275514841080e-04
2.869199991226196289e+00 6.758702220395207405e-04
2.871799945831298828e+00 6.758496165275573730e-04
2.874399900436401367e+00 6.758289528079330921e-04
2.877000093460083008e+00 6.758082308806478977e-04
2.879600048065185547e+00 6.757875089533627033e-04
2.882200002670288086e+00 6.757667288184165955e-04
2.884799957275390625e+00 6.757459486834704876e-04
2.887399911880493164e+00 6.757251103408634663e-04
2.890000104904174805e+00 6.757042719982564449e-04
2.892600059509277344e+00 6.756833754479885101e-04
2.895200014114379883e+00 6.756624788977205753e-04
2.897799968719482422e+00 6.756415241397917271e-04
2.900399923324584961e+00 6.756205111742019653e-04
2.903000116348266602e+00 6.755994982086122036e-04
2.905600070953369141e+00 6.755784270353615284e-04
2.908200025558471680e+00 6.755573558621108532e-04
2.910799980163574219e+00 6.755362264811992645e-04
2.913399934768676758e+00 6.755150971002876759e-04
2.915999889373779297e+00 6.754939095117151737e-04
2.918600082397460938e+00 6.754726637154817581e-04
2.921200037002563477e+00 6.754514179192483425e-04
2.923799991607666016e+00 6.754301721230149269e-04
2.926399946212768555e+00 6.754088681191205978e-04
2.928999900817871094e+00 6.753875059075653553e-04
2.931600093841552734e+00 6.753661436960101128e-04
2.934200048446655273e+00 6.753447232767939568e-04
2.936800003051757812e+00 6.753233028575778008e-04
2.939399957656860352e+00 6.753018242307007313e-04
2.941999912261962891e+00 6.752803456038236618e-04
2.944600105285644531e+00 6.752588087692856789e-04
2.947200059890747070e+00 6.752372137270867825e-04
2.949800014495849609e+00 6.752156186848878860e-04
2.952399969100952148e+00 6.751939654350280762e-04
2.954999923706054688e+00 6.751723121851682663e-04
2.957600116729736328e+00 6.751506589353084564e-04
2.960200071334838867e+00 6.751288892701268196e-04
2.962800025939941406e+00 6.751071778126060963e-04
2.965399980545043945e+00 6.750853499397635460e-04
2.967999935150146484e+00 6.750635802745819092e-04
2.970599889755249023e+00 6.750416941940784454e-04
2.973200082778930664e+00 6.750198081135749817e-04
2.975800037384033203e+00 6.749979220330715179e-04
2.978399991989135742e+00 6.749759777449071407e-04
2.980999946594238281e+00 6.749539752490818501e-04
2.983599901199340820e+00 6.749319727532565594e-04
2.986200094223022461e+00 6.749099120497703552e-04
2.988800048828125000e+00 6.748878513462841511e-04
2.991400003433227539e+00 6.748657324351370335e-04
2.993999958038330078e+00 6.748436135239899158e-04
2.996599912643432617e+00 6.748214364051818848e-04
2.999200105667114258e+00 6.747992592863738537e-04
3.001800060272216797e+00 6.747770239599049091e-04
3.004400014877319336e+00 6.747547886334359646e-04
3.006999969482421875e+00 6.747324950993061066e-04
3.009599924087524414e+00 6.747101433575153351e-04
3.012200117111206055e+00 6.746877916157245636e-04
3.014800071716308594e+00 6.746654398739337921e-04
3.017400026321411133e+00 6.746430299244821072e-04
3.019999980926513672e+00 6.746205617673695087e-04
3.022599935531616211e+00 6.745980936102569103e-04
3.025199890136718750e+00 6.745755672454833984e-04
3.027800083160400391e+00 6.745530408807098866e-04
3.030400037765502930e+00 6.745304563082754612e-04
3.032999992370605469e+00 6.745078717358410358e-04
3.035599946975708008e+00 6.744852289557456970e-04
3.038199901580810547e+00 6.744625861756503582e-04
3.040800094604492188e+00 6.744398851878941059e-04
3.043400049209594727e+00 6.744171259924769402e-04
3.046000003814697266e+00 6.743943667970597744e-04
3.048599958419799805e+00 6.743716076016426086e-04
3.051199913024902344e+00 6.743487901985645294e-04
3.053800106048583984e+00 6.743259145878255367e-04
3.056400060653686523e+00 6.743030389770865440e-04
3.059000015258789062e+00 6.742801051586866379e-04
3.061599969863891602e+00 6.742571713402867317e-04
3.064199924468994141e+00 6.742342375218868256e-04
3.066800117492675781e+00 6.742111872881650925e-04
3.069400072097778320e+00 6.741881952621042728e-04
3.072000026702880859e+00 6.741650868207216263e-04
3.074599981307983398e+00 6.741420365869998932e-04
3.077199935913085938e+00 6.741188699379563332e-04
3.079799890518188477e+00 6.740957032889127731e-04
3.082400083541870117e+00 6.740725366398692131e-04
3.085000038146972656e+00 6.740493117831647396e-04
3.087599992752075195e+00 6.740260869264602661e-04
3.090199947357177734e+00 6.740028038620948792e-04
3.092799901962280273e+00 6.739794625900685787e-04
3.095400094985961914e+00 6.739561213180422783e-04
3.098000049591064453e+00 6.739327800460159779e-04
3.100600004196166992e+00 6.739093805663287640e-04
3.103199958801269531e+00 6.738859228789806366e-04
3.105799913406372070e+00 6.738624651916325092e-04
3.108400106430053711e+00 6.738389492966234684e-04
3.111000061035156250e+00 6.738154334016144276e-04
3.113600015640258789e+00 6.737918592989444733e-04
3.116199970245361328e+00 6.737682851962745190e-04
3.118799924850463867e+00 6.737446528859436512e-04
3.121400117874145508e+00 6.737210205756127834e-04
3.124000072479248047e+00 6.736973300576210022e-04
3.126600027084350586e+00 6.736736395396292210e-04
3.129199981689453125e+00 6.736498908139765263e-04
3.131799936294555664e+00 6.736261420883238316e-04
3.134399890899658203e+00 6.736023351550102234e-04
3.137000083923339844e+00 6.735785282216966152e-04
3.139600038528442383e+00 6.735546630807220936e-04
3.142199993133544922e+00 6.735307397320866585e-04
3.144799947738647461e+00 6.735068163834512234e-04
3.147399902343750000e+00 6.734828930348157883e-04
3.150000095367431641e+00 6.734589114785194397e-04
3.152600049972534180e+00 6.734348717145621777e-04
3.155200004577636719e+00 6.734108319506049156e-04
3.157799959182739258e+00 6.733867339789867401e-04
3.160399913787841797e+00 6.733626360073685646e-04
3.163000106811523438e+00 6.733385380357503891e-04
3.165600061416625977e+00 6.733143236488103867e-04
3.168200016021728516e+00 6.732901674695312977e-04
3.170799970626831055e+00 6.732659530825912952e-04
3.173399925231933594e+00 6.732416804879903793e-04
3.176000118255615234e+00 6.732174078933894634e-04
3.178600072860717773e+00 6.731930770911276340e-04
3.181200027465820312e+00 6.731686880812048912e-04
3.183799982070922852e+00 6.731443572789430618e-04
3.186399936676025391e+00 6.731199100613594055e-04
3.188999891281127930e+00 6.730954628437757492e-04
3.191600084304809570e+00 6.730710156261920929e-04
3.194200038909912109e+00 6.730465102009475231e-04
3.196799993515014648e+00 6.730220047757029533e-04
3.199399948120117188e+00 6.729974411427974701e-04
3.201999902725219727e+00 6.729728193022310734e-04
3.204600095748901367e+00 6.729481974616646767e-04
3.207200050354003906e+00 6.729235756210982800e-04
3.209800004959106445e+00 6.728988955728709698e-04
3.212399959564208984e+00 6.728741573169827461e-04
3.214999914169311523e+00 6.728494190610945225e-04
3.217600107192993164e+00 6.728246808052062988e-04
3.220200061798095703e+00 6.727998261339962482e-04
3.222800016403198242e+00 6.727750296704471111e-04
3.225399971008300781e+00 6.727501749992370605e-04
3.227999925613403320e+00 6.727252621203660965e-04
3.230600118637084961e+00 6.727003492414951324e-04
3.233200073242187500e+00 6.726753781549632549e-04
3.235800027847290039e+00 6.726504070684313774e-04
3.238399982452392578e+00 6.726253777742385864e-04
3.240999937057495117e+00 6.726003484800457954e-04
3.243599891662597656e+00 6.725752609781920910e-04
3.246200084686279297e+00 6.725501734763383865e-04
3.248800039291381836e+00 6.725250277668237686e-04
3.251399993896484375e+00 6.724998820573091507e-04
3.253999948501586914e+00 6.724746781401336193e-04
3.256599903106689453e+00 6.724494160152971745e-04
3.259200096130371094e+00 6.724241538904607296e-04
3.261800050735473633e+00 6.723988917656242847e-04
3.264400005340576172e+00 6.723735714331269264e-04
3.266999959945678711e+00 6.723481928929686546e-04
3.269599914550781250e+00 6.723228143528103828e-04
3.272200107574462891e+00 6.722974358126521111e-04
3.274800062179565430e+00 6.722719990648329258e-04
3.277400016784667969e+00 6.722465041093528271e-04
3.279999971389770508e+00 6.722210091538727283e-04
3.282599925994873047e+00 6.721955141983926296e-04
3.285200119018554688e+00 6.721699028275907040e-04
3.287800073623657227e+00 6.721443496644496918e-04
3.290400028228759766e+00 6.721187382936477661e-04
3.292999982833862305e+00 6.720930687151849270e-04
3.295599937438964844e+00 6.720673991367220879e-04
3.298199892044067383e+00 6.720416713505983353e-04
3.300800085067749023e+00 6.720159435644745827e-04
3.303400039672851562e+00 6.719901575706899166e-04
3.305999994277954102e+00 6.719643715769052505e-04
3.308599948883056641e+00 6.719385273754596710e-04
3.311199903488159180e+00 6.719126249663531780e-04
3.313800096511840820e+00 6.718867225572466850e-04
3.316400051116943359e+00 6.718608201481401920e-04
3.319000005722045898e+00 6.718348595313727856e-04
3.321599960327148438e+00 6.718088989146053791e-04
3.324199914932250977e+00 6.717828800901770592e-04
3.326800107955932617e+00 6.717568030580878258e-04
3.329400062561035156e+00 6.717307260259985924e-04
3.332000017166137695e+00 6.717046489939093590e-04
3.334599971771240234e+00 6.716785137541592121e-04
3.337199926376342773e+00 6.716523203067481518e-04
3.339799880981445312e+00 6.716261268593370914e-04
3.342400074005126953e+00 6.715998752042651176e-04
3.345000028610229492e+00 6.715736235491931438e-04
3.347599983215332031e+00 6.715473136864602566e-04
3.350199937820434570e+00 6.715210038237273693e-04
3.352799892425537109e+00 6.714946357533335686e-04
3.355400085449218750e+00 6.714682676829397678e-04
3.358000040054321289e+00 6.714418414048850536e-04
3.360599994659423828e+00 6.714154151268303394e-04
3.363199949264526367e+00 6.713889306411147118e-04
3.365799903869628906e+00 6.713624461553990841e-04
3.368400096893310547e+00 6.713359034620225430e-04
3.371000051498413086e+00 6.713093607686460018e-04
3.373600006103515625e+00 6.712827598676085472e-04
3.376199960708618164e+00 6.712561007589101791e-04
3.378799915313720703e+00 6.712294416502118111e-04
3.381400108337402344e+00 6.712027825415134430e-04
3.384000062942504883e+00 6.711760652251541615e-04
3.386600017547607422e+00 6.711492897011339664e-04
3.389199972152709961e+00 6.711225141771137714e-04
3.391799926757812500e+00 6.710956804454326630e-04
3.394399881362915039e+00 6.710688467137515545e-04
3.397000074386596680e+00 6.710419547744095325e-04
3.399600028991699219e+00 6.710150628350675106e-04
3.402199983596801758e+00 6.709881126880645752e-04
3.404799938201904297e+00 6.709611625410616398e-04
3.407399892807006836e+00 6.709341541863977909e-04
3.410000085830688477e+00 6.709071458317339420e-04
3.412600040435791016e+00 6.708800792694091797e-04
3.415199995040893555e+00 6.708530127070844173e-04
3.417799949645996094e+00 6.708258879370987415e-04
3.420399904251098633e+00 6.707987049594521523e-04
3.423000097274780273e+00 6.707715219818055630e-04
3.425600051879882812e+00 6.707443390041589737e-04
3.428200006484985352e+00 6.707170978188514709e-04
3.430799961090087891e+00 6.706897984258830547e-04
3.433399915695190430e+00 6.706624990329146385e-04
3.436000108718872070e+00 6.706351414322853088e-04
3.438600063323974609e+00 6.706077838316559792e-04
3.441200017929077148e+00 6.705803680233657360e-04
3.443799972534179688e+00 6.705529522150754929e-04
3.446399927139282227e+00 6.705254781991243362e-04
3.448999881744384766e+00 6.704980041831731796e-04
3.451600074768066406e+00 6.704704719595611095e-04
3.454200029373168945e+00 6.704428815282881260e-04
3.456799983978271484e+00 6.704152910970151424e-04
3.459399938583374023e+00 6.703877006657421589e-04
3.461999893188476562e+00 6.703600520268082619e-04
3.464600086212158203e+00 6.703323451802134514e-04
3.467200040817260742e+00 6.703046383336186409e-04
3.469799995422363281e+00 6.702769314870238304e-04
3.472399950027465820e+00 6.702491082251071930e-04
3.474999904632568359e+00 6.702213431708514690e-04
3.477600097656250000e+00 6.701934617012739182e-04
3.480200052261352539e+00 6.701656384393572807e-04
3.482800006866455078e+00 6.701376987621188164e-04
3.485399961471557617e+00 6.701097590848803520e-04
3.487999916076660156e+00 6.700818194076418877e-04
3.490600109100341797e+00 6.700538215227425098e-04
3.493200063705444336e+00 6.700257654301822186e-04
3.495800018310546875e+00 6.699977093376219273e-04
3.498399972915649414e+00 6.699696532450616360e-04
3.500999927520751953e+00 6.699415389448404312e-04
3.503599882125854492e+00 6.699133664369583130e-04
3.506200075149536133e+00 6.698851939290761948e-04
3.508800029754638672e+00 6.698569632135331631e-04
3.511399984359741211e+00 6.698287324979901314e-04
3.513999938964843750e+00 6.698004435747861862e-04
3.516599893569946289e+00 6.697720964439213276e-04
3.519200086593627930e+00 6.697437493130564690e-04
3.521800041198730469e+00 6.697154021821916103e-04
3.524399995803833008e+00 6.696869968436658382e-04
3.526999950408935547e+00 6.696585332974791527e-04
3.529599905014038086e+00 6.696300697512924671e-04
3.532200098037719727e+00 6.696015479974448681e-04
3.534800052642822266e+00 6.695730262435972691e-04
3.537400007247924805e+00 6.695444462820887566e-04
3.539999961853027344e+00 6.695158663205802441e-04
3.542599916458129883e+00 6.694872281514108181e-04
3.545200109481811523e+00 6.694585317745804787e-04
3.547800064086914062e+00 6.694298353977501392e-04
3.550400018692016602e+00 6.694011390209197998e-04
3.552999973297119141e+00 6.693723844364285469e-04
3.555599927902221680e+00 6.693435716442763805e-04
3.558199882507324219e+00 6.693147588521242142e-04
3.560800075531005859e+00 6.692858878523111343e-04
3.563400030136108398e+00 6.692570168524980545e-04
3.565999984741210938e+00 6.692280876450240612e-04
3.568599939346313477e+00 6.691991002298891544e-04
3.571199893951416016e+00 6.691701128147542477e-04
3.573800086975097656e+00 6.691411253996193409e-04
3.576400041580200195e+00 6.691120797768235207e-04
3.578999996185302734e+00 6.690829759463667870e-04
3.581599950790405273e+00 6.690538721159100533e-04
3.584199905395507812e+00 6.690247100777924061e-04
3.586800098419189453e+00 6.689954898320138454e-04
3.589400053024291992e+00 6.689662695862352848e-04
3.592000007629394531e+00 6.689370493404567242e-04
3.594599962234497070e+00 6.689077708870172501e-04
3.597199916839599609e+00 6.688784342259168625e-04
3.599800109863281250e+00 6.688490975648164749e-04
3.602400064468383789e+00 6.688197026960551739e-04
3.605000019073486328e+00 6.687903078272938728e-04
3.607599973678588867e+00 6.687608547508716583e-04
3.610199928283691406e+00 6.687314016744494438e-04
3.612799882888793945e+00 6.687018903903663158e-04
3.615400075912475586e+00 6.686723208986222744e-04
3.618000030517578125e+00 6.686427514068782330e-04
3.620599985122680664e+00 6.686131237074732780e-04
3.623199939727783203e+00 6.685834960080683231e-04
3.625799894332885742e+00 6.685538101010024548e-04
3.628400087356567383e+00 6.685240659862756729e-04
3.631000041961669922e+00 6.684943218715488911e-04
3.633599996566772461e+00 6.684645777568221092e-04
3.636199951171875000e+00 6.684347754344344139e-04
3.638799905776977539e+00 6.684049149043858051e-04
3.641400098800659180e+00 6.683750543743371964e-04
3.644000053405761719e+00 6.683451356366276741e-04
3.646600008010864258e+00 6.683151586912572384e-04
3.649199962615966797e+00 6.682851817458868027e-04
3.651799917221069336e+00 6.682552048005163670e-04
3.654400110244750977e+00 6.682251114398241043e-04
3.657000064849853516e+00 6.681950762867927551e-04
3.659600019454956055e+00 6.681649247184395790e-04
3.662199974060058594e+00 6.681347731500864029e-04
3.664799928665161133e+00 6.681046215817332268e-04
3.667399883270263672e+00 6.680744118057191372e-04
3.670000076293945312e+00 6.680441438220441341e-04
3.672600030899047852e+00 6.680138758383691311e-04
3.675199985504150391e+00 6.679835496470332146e-04
3.677799940109252930e+00 6.679531652480363846e-04
3.680399894714355469e+00 6.679227808490395546e-04
3.683000087738037109e+00 6.678923964500427246e-04
3.685600042343139648e+00 6.678619538433849812e-04
3.688199996948242188e+00 6.678314530290663242e-04
3.690799951553344727e+00 6.678008940070867538e-04
3.693399906158447266e+00 6.677703349851071835e-04
3.696000099182128906e+00 6.677397759631276131e-04
3.698600053787231445e+00 6.677091587334871292e-04
3.701200008392333984e+00 6.676784832961857319e-04
3.703799962997436523e+00 6.676478078588843346e-04
3.706399917602539062e+00 6.676170742139220238e-04
3.709000110626220703e+00 6.675862823612987995e-04
3.711600065231323242e+00 6.675554905086755753e-04
3.714200019836425781e+00 6.675246404483914375e-04
3.716799974441528320e+00 6.674937903881072998e-04
3.719399929046630859e+00 6.674628821201622486e-04
3.721999883651733398e+00 6.674319738522171974e-04
3.724600076675415039e+00 6.674009491689503193e-04
3.727200031280517578e+00 6.673699826933443546e-04
3.729799985885620117e+00 6.673388998024165630e-04
3.732399940490722656e+00 6.673078169114887714e-04
3.734999895095825195e+00 6.672767340205609798e-04
3.737600088119506836e+00 6.672455929219722748e-04
3.740200042724609375e+00 6.672143936157226562e-04
3.742799997329711914e+00 6.671831943094730377e-04
3.745399951934814453e+00 6.671519367955625057e-04
3.747999906539916992e+00 6.671206210739910603e-04
3.750600099563598633e+00 6.670893053524196148e-04
3.753200054168701172e+00 6.670579314231872559e-04
3.755800008773803711e+00 6.670265574939548969e-04
3.758399963378906250e+00 6.669951253570616245e-04
3.760999917984008789e+00 6.669636350125074387e-04
3.763600111007690430e+00 6.669321446679532528e-04
3.766200065612792969e+00 6.669005961157381535e-04
3.768800020217895508e+00 6.668690475635230541e-04
3.771399974822998047e+00 6.668374408036470413e-04
3.773999929428100586e+00 6.668057758361101151e-04
3.776599884033203125e+00 6.667741108685731888e-04
3.779200077056884766e+00 6.667423876933753490e-04
3.781800031661987305e+00 6.667106063105165958e-04
3.784399986267089844e+00 6.666788249276578426e-04
3.786999940872192383e+00 6.666469853371381760e-04
3.789599895477294922e+00 6.666151457466185093e-04
3.792200088500976562e+00 6.665832479484379292e-04
3.794800043106079102e+00 6.665512919425964355e-04
3.797399997711181641e+00 6.665193359367549419e-04
3.799999952316284180e+00 6.664873217232525349e-04
3.802599906921386719e+00 6.664552493020892143e-04
3.805200099945068359e+00 6.664231768809258938e-04
3.807800054550170898e+00 6.663911044597625732e-04
3.810400009155273438e+00 6.663589156232774258e-04
3.812999963760375977e+00 6.663267267867922783e-04
3.815599918365478516e+00 6.662944797426462173e-04
3.818200111389160156e+00 6.662622326985001564e-04
3.820800065994262695e+00 6.662299274466931820e-04
3.823400020599365234e+00 6.661975639872252941e-04
3.825999975204467773e+00 6.661652005277574062e-04
3.828599929809570312e+00 6.661327788606286049e-04
3.831199884414672852e+00 6.661003571934998035e-04
3.833800077438354492e+00 6.660678773187100887e-04
3.836400032043457031e+00 6.660353392362594604e-04
3.838999986648559570e+00 6.660027429461479187e-04
3.841599941253662109e+00 6.659701466560363770e-04
3.844199895858764648e+00 6.659375503659248352e-04
3.846800088882446289e+00 6.659048376604914665e-04
3.849400043487548828e+00 6.658721249550580978e-04
3.851999998092651367e+00 6.658394122496247292e-04
3.854599952697753906e+00 6.658065831288695335e-04
3.857199907302856445e+00 6.657737540081143379e-04
3.859800100326538086e+00 6.657409248873591423e-04
3.862400054931640625e+00 6.657079793512821198e-04
3.865000009536743164e+00 6.656750920228660107e-04
3.867599964141845703e+00 6.656420882791280746e-04
3.870199918746948242e+00 6.656090845353901386e-04
3.872800111770629883e+00 6.655760225839912891e-04
3.875400066375732422e+00 6.655429024249315262e-04
3.878000020980834961e+00 6.655097822658717632e-04
3.880599975585937500e+00 6.654766038991510868e-04
3.883199930191040039e+00 6.654434255324304104e-04
3.885799884796142578e+00 6.654101889580488205e-04
3.888400077819824219e+00 6.653768941760063171e-04
3.891000032424926758e+00 6.653435411863029003e-04
3.893599987030029297e+00 6.653101881965994835e-04
3.896199941635131836e+00 6.652767769992351532e-04
3.898799896240234375e+00 6.652433658018708229e-04
3.901400089263916016e+00 6.652098381891846657e-04
3.904000043869018555e+00 6.651763687841594219e-04
3.906599998474121094e+00 6.651427829638123512e-04
3.909199953079223633e+00 6.651091971434652805e-04
3.911799907684326172e+00 6.650755531154572964e-04
3.914400100708007812e+00 6.650418508797883987e-04
3.917000055313110352e+00 6.650081486441195011e-04
3.919600009918212891e+00 6.649743882007896900e-04
3.922199964523315430e+00 6.649406277574598789e-04
3.924799919128417969e+00 6.649067508988082409e-04
3.927400112152099609e+00 6.648728740401566029e-04
3.930000066757202148e+00 6.648389971815049648e-04
3.932600021362304688e+00 6.648050039075314999e-04
3.935199975967407227e+00 6.647710106335580349e-04
3.937799930572509766e+00 6.647370173595845699e-04
3.940399885177612305e+00 6.647029076702892780e-04
3.943000078201293945e+00 6.646687979809939861e-04
3.945600032806396484e+00 6.646346882916986942e-04
3.948199987411499023e+00 6.646004621870815754e-04
3.950799942016601562e+00 6.645662360824644566e-04
3.953399896621704102e+00 6.645319517701864243e-04
3.956000089645385742e+00 6.644976674579083920e-04
3.958600044250488281e+00 6.644632667303085327e-04
3.961199998855590820e+00 6.644288660027086735e-04
3.963799953460693359e+00 6.643944652751088142e-04
3.966399908065795898e+00 6.643599481321871281e-04
3.969000101089477539e+00 6.643254309892654419e-04
3.971600055694580078e+00 6.642909138463437557e-04
3.974200010299682617e+00 6.642562802881002426e-04
3.976799964904785156e+00 6.642216467298567295e-04
3.979399919509887695e+00 6.641869549639523029e-04
3.982000112533569336e+00 6.641522631980478764e-04
3.984600067138671875e+00 6.641174550168216228e-04
3.987200021743774414e+00 6.640826468355953693e-04
3.989799976348876953e+00 6.640478386543691158e-04
3.992399930953979492e+00 6.640129140578210354e-04
3.994999885559082031e+00 6.639779894612729549e-04
3.997600078582763672e+00 6.639430066570639610e-04
4.000199794769287109e+00 6.639080238528549671e-04
4.002799987792968750e+00 6.638729246333241463e-04
4.005400180816650391e+00 6.638378254137933254e-04
4.007999897003173828e+00 6.638026679866015911e-04
4.010600090026855469e+00 6.637675105594098568e-04
4.013199806213378906e+00 6.637322949245572090e-04
4.015799999237060547e+00 6.636970210820436478e-04
4.018400192260742188e+00 6.636616890318691730e-04
4.020999908447265625e+00 6.636263569816946983e-04
4.023600101470947266e+00 6.635909667238593102e-04
4.026199817657470703e+00 6.635555182583630085e-04
4.028800010681152344e+00 6.635200115852057934e-04
4.031400203704833984e+00 6.634845049120485783e-04
4.033999919891357422e+00 6.634489400312304497e-04
4.036600112915039062e+00 6.634133169427514076e-04
4.039199829101562500e+00 6.633776938542723656e-04
4.041800022125244141e+00 6.633419543504714966e-04
4.044400215148925781e+00 6.633062148466706276e-04
4.046999931335449219e+00 6.632704171352088451e-04
4.049600124359130859e+00 6.632346194237470627e-04
4.052199840545654297e+00 6.631987635046243668e-04
4.054800033569335938e+00 6.631628493778407574e-04
4.057400226593017578e+00 6.631268770433962345e-04
4.059999942779541016e+00 6.630908465012907982e-04
4.062600135803222656e+00 6.630548159591853619e-04
4.065199851989746094e+00 6.630187272094190121e-04
4.067800045013427734e+00 6.629825802519917488e-04
4.070400238037109375e+00 6.629464332945644855e-04
4.072999954223632812e+00 6.629101699218153954e-04
4.075600147247314453e+00 6.628739065490663052e-04
4.078199863433837891e+00 6.628375849686563015e-04
4.080800056457519531e+00 6.628012633882462978e-04
4.083399772644042969e+00 6.627648836001753807e-04
4.085999965667724609e+00 6.627283873967826366e-04
4.088600158691406250e+00 6.626918911933898926e-04
4.091199874877929688e+00 6.626553949899971485e-04
4.093800067901611328e+00 6.626187823712825775e-04
4.096399784088134766e+00 6.625821697525680065e-04
4.098999977111816406e+00 6.625454989261925220e-04
4.101600170135498047e+00 6.625087698921561241e-04
4.104199886322021484e+00 6.624720408581197262e-04
4.106800079345703125e+00 6.624351954087615013e-04
4.109399795532226562e+00 6.623983499594032764e-04
4.111999988555908203e+00 6.623614463023841381e-04
4.114600181579589844e+00 6.623245426453649998e-04
4.117199897766113281e+00 6.622875225730240345e-04
4.119800090789794922e+00 6.622505025006830692e-04
4.122399806976318359e+00 6.622134242206811905e-04
4.125000000000000000e+00 6.621762877330183983e-04
4.127600193023681641e+00 6.621390930376946926e-04
4.130199909210205078e+00 6.621018983423709869e-04
4.132800102233886719e+00 6.620646454393863678e-04
4.135399818420410156e+00 6.620272761210799217e-04
4.138000011444091797e+00 6.619899650104343891e-04
4.140600204467773438e+00 6.619525374844670296e-04
4.143199920654296875e+00 6.619151099584996700e-04
4.145800113677978516e+00 6.618775660172104836e-04
4.148399829864501953e+00 6.618400220759212971e-04
4.151000022888183594e+00 6.618024199269711971e-04
4.153600215911865234e+00 6.617648177780210972e-04
4.156199932098388672e+00 6.617270992137491703e-04
4.158800125122070312e+00 6.616893806494772434e-04
4.161399841308593750e+00 6.616516038775444031e-04
4.164000034332275391e+00 6.616137688979506493e-04
4.166600227355957031e+00 6.615758757106959820e-04
4.169199943542480469e+00 6.615379243157804012e-04
4.171800136566162109e+00 6.614999729208648205e-04
4.174399852752685547e+00 6.614619051106274128e-04
4.177000045776367188e+00 6.614238373003900051e-04
4.179599761962890625e+00 6.613857112824916840e-04
4.182199954986572266e+00 6.613475852645933628e-04
4.184800148010253906e+00 6.613093428313732147e-04
4.187399864196777344e+00 6.612711003981530666e-04
4.190000057220458984e+00 6.612327415496110916e-04
4.192599773406982422e+00 6.611943827010691166e-04
4.195199966430664062e+00 6.611559656448662281e-04
4.197800159454345703e+00 6.611175485886633396e-04
4.200399875640869141e+00 6.610790151171386242e-04
4.203000068664550781e+00 6.610404234379529953e-04
4.205599784851074219e+00 6.610018317587673664e-04
4.208199977874755859e+00 6.609631818719208241e-04
4.210800170898437500e+00 6.609244737774133682e-04
4.213399887084960938e+00 6.608857074752449989e-04
4.216000080108642578e+00 6.608468829654157162e-04
4.218599796295166016e+00 6.608080584555864334e-04
4.221199989318847656e+00 6.607691175304353237e-04
4.223800182342529297e+00 6.607301766052842140e-04
4.226399898529052734e+00 6.606911774724721909e-04
4.229000091552734375e+00 6.606521201319992542e-04
4.231599807739257812e+00 6.606130045838654041e-04
4.234200000762939453e+00 6.605738308280706406e-04
4.236800193786621094e+00 6.605345988646149635e-04
4.239399909973144531e+00 6.604953669011592865e-04
4.242000102996826172e+00 6.604560185223817825e-04
4.244599819183349609e+00 6.604166701436042786e-04
4.247200012207031250e+00 6.603772635571658611e-04
4.249800205230712891e+00 6.603377987630665302e-04
4.252399921417236328e+00 6.602982757613062859e-04
4.255000114440917969e+00 6.602586945518851280e-04
4.257599830627441406e+00 6.602190551348030567e-04
4.260200023651123047e+00 6.601794157177209854e-04
4.262800216674804688e+00 6.601396598853170872e-04
4.265399932861328125e+00 6.600999040529131889e-04
4.268000125885009766e+00 6.600600900128483772e-04
4.270599842071533203e+00 6.600202177651226521e-04
4.273200035095214844e+00 6.599802873097360134e-04
4.275800228118896484e+00 6.599402986466884613e-04
4.278399944305419922e+00 6.599002517759799957e-04
4.281000137329101562e+00 6.598601466976106167e-04
4.283599853515625000e+00 6.598199834115803242e-04
4.286200046539306641e+00 6.597798201255500317e-04
4.288799762725830078e+00 6.597395404241979122e-04
4.291399955749511719e+00 6.596992607228457928e-04
4.294000148773193359e+00 6.596588646061718464e-04
4.296599864959716797e+00 6.596184684894979000e-04
4.299200057983398438e+00 6.595780141651630402e-04
4.301799774169921875e+00 6.595375016331672668e-04
4.304399967193603516e+00 6.594969308935105801e-04
4.307000160217285156e+00 6.594563019461929798e-04
4.309599876403808594e+00 6.594156147912144661e-04
4.312200069427490234e+00 6.593748694285750389e-04
4.314799785614013672e+00 6.593340658582746983e-04
4.317399978637695312e+00 6.592932622879743576e-04
4.320000171661376953e+00 6.592523423023521900e-04
4.322599887847900391e+00 6.592114223167300224e-04
4.325200080871582031e+00 6.591703859157860279e-04
4.327799797058105469e+00 6.591293495148420334e-04
4.330399990081787109e+00 6.590881966985762119e-04
4.333000183105468750e+00 6.590470438823103905e-04
4.335599899291992188e+00 6.590058328583836555e-04
4.338200092315673828e+00 6.589645054191350937e-04
4.340799808502197266e+00 6.589231779798865318e-04
4.343400001525878906e+00 6.588817923329770565e-04
4.346000194549560547e+00 6.588403484784066677e-04
4.348599910736083984e+00 6.587988464161753654e-04
4.351200103759765625e+00 6.587572861462831497e-04
4.353799819946289062e+00 6.587156676687300205e-04
4.356400012969970703e+00 6.586739909835159779e-04
4.359000205993652344e+00 6.586322560906410217e-04
4.361599922180175781e+00 6.585904629901051521e-04
4.364200115203857422e+00 6.585486116819083691e-04
4.366799831390380859e+00 6.585067021660506725e-04
4.369400024414062500e+00 6.584647344425320625e-04
4.372000217437744141e+00 6.584227667190134525e-04
4.374599933624267578e+00 6.583806825801730156e-04
4.377200126647949219e+00 6.583385402336716652e-04
4.379799842834472656e+00 6.582963396795094013e-04
4.382400035858154297e+00 6.582541391253471375e-04
4.385000228881835938e+00 6.582118221558630466e-04
4.387599945068359375e+00 6.581694469787180424e-04
4.390200138092041016e+00 6.581270135939121246e-04
4.392799854278564453e+00 6.580845220014452934e-04
4.395400047302246094e+00 6.580420304089784622e-04
4.397999763488769531e+00 6.579994224011898041e-04
4.400599956512451172e+00 6.579567561857402325e-04
4.403200149536132812e+00 6.579140317626297474e-04
4.405799865722656250e+00 6.578713073395192623e-04
4.408400058746337891e+00 6.578284665010869503e-04
4.410999774932861328e+00 6.577855674549937248e-04
4.413599967956542969e+00 6.577426102012395859e-04
4.416200160980224609e+00 6.576995947398245335e-04
4.418799877166748047e+00 6.576565210707485676e-04
4.421400070190429688e+00 6.576133891940116882e-04
4.423999786376953125e+00 6.575701991096138954e-04
4.426599979400634766e+00 6.575269508175551891e-04
4.429200172424316406e+00 6.574836443178355694e-04
4.431799888610839844e+00 6.574402796104550362e-04
4.434400081634521484e+00 6.573968566954135895e-04
4.436999797821044922e+00 6.573533755727112293e-04
4.439599990844726562e+00 6.573098362423479557e-04
4.442200183868408203e+00 6.572662387043237686e-04
4.444799900054931641e+00 6.572225247509777546e-04
4.447400093078613281e+00 6.571788107976317406e-04
4.449999809265136719e+00 6.571350386366248131e-04
4.452600002288818359e+00 6.570911500602960587e-04
4.455200195312500000e+00 6.570472614839673042e-04
4.457799911499023438e+00 6.570032564923167229e-04
4.460400104522705078e+00 6.569592515006661415e-04
4.462999820709228516e+00 6.569151300936937332e-04
4.465600013732910156e+00 6.568709504790604115e-04
4.468200206756591797e+00 6.568267126567661762e-04
4.470799922943115234e+00 6.567824166268110275e-04
4.473400115966796875e+00 6.567380623891949654e-04
4.475999832153320312e+00 6.566936499439179897e-04
4.478600025177001953e+00 6.566491792909801006e-04
4.481200218200683594e+00 6.566046504303812981e-04
4.483799934387207031e+00 6.565600633621215820e-04
4.486400127410888672e+00 6.565153598785400391e-04
4.488999843597412109e+00 6.564706563949584961e-04
4.491600036621093750e+00 6.564258364960551262e-04
4.494200229644775391e+00 6.563809583894908428e-04
4.496799945831298828e+00 6.563360220752656460e-04
4.499400138854980469e+00 6.562910857610404491e-04
4.501999855041503906e+00 6.562460330314934254e-04
4.504600048065185547e+00 6.562008638866245747e-04
4.507199764251708984e+00 6.561556947417557240e-04
4.509799957275390625e+00 6.561104673892259598e-04
4.512400150299072266e+00 6.560651236213743687e-04
4.514999866485595703e+00 6.560197798535227776e-04
4.517600059509277344e+00 6.559743196703493595e-04
4.520199775695800781e+00 6.559288012795150280e-04
4.522799968719482422e+00 6.558832246810197830e-04
4.525400161743164062e+00 6.558375898748636246e-04
4.527999877929687500e+00 6.557918968610465527e-04
4.530600070953369141e+00 6.557461456395685673e-04
4.533199787139892578e+00 6.557002780027687550e-04
4.535799980163574219e+00 6.556543521583080292e-04
4.538400173187255859e+00 6.556084263138473034e-04
4.540999889373779297e+00 6.555623840540647507e-04
4.543600082397460938e+00 6.555162835866212845e-04
4.546199798583984375e+00 6.554700667038559914e-04
4.548799991607666016e+00 6.554238498210906982e-04
4.551400184631347656e+00 6.553775747306644917e-04
4.553999900817871094e+00 6.553311832249164581e-04
4.556600093841552734e+00 6.552847335115075111e-04
4.559199810028076172e+00 6.552382255904376507e-04
4.561800003051757812e+00 6.551916594617068768e-04
4.564400196075439453e+00 6.551449769176542759e-04
4.566999912261962891e+00 6.550982943736016750e-04
4.569600105285644531e+00 6.550514954142272472e-04
4.572199821472167969e+00 6.550046382471919060e-04
4.574800014495849609e+00 6.549577228724956512e-04
4.577400207519531250e+00 6.549107492901384830e-04
4.579999923706054688e+00 6.548636592924594879e-04
4.582600116729736328e+00 6.548165692947804928e-04
4.585199832916259766e+00 6.547693628817796707e-04
4.587800025939941406e+00 6.547220982611179352e-04
4.590400218963623047e+00 6.546747172251343727e-04
4.592999935150146484e+00 6.546273361891508102e-04
4.595600128173828125e+00 6.545798387378454208e-04
4.598199844360351562e+00 6.545322830788791180e-04
4.600800037384033203e+00 6.544846692122519016e-04
4.603400230407714844e+00 6.544369971379637718e-04
4.605999946594238281e+00 6.543892086483538151e-04
4.608600139617919922e+00 6.543414201587438583e-04
4.611199855804443359e+00 6.542935152538120747e-04
4.613800048828125000e+00 6.542454939335584641e-04
4.616399765014648438e+00 6.541974726133048534e-04
4.618999958038330078e+00 6.541493348777294159e-04
4.621600151062011719e+00 6.541011389344930649e-04
4.624199867248535156e+00 6.540528847835958004e-04
4.626800060272216797e+00 6.540045724250376225e-04
4.629399776458740234e+00 6.539561436511576176e-04
4.631999969482421875e+00 6.539076566696166992e-04
4.634600162506103516e+00 6.538591114804148674e-04
4.637199878692626953e+00 6.538105080835521221e-04
4.639800071716308594e+00 6.537617882713675499e-04
4.642399787902832031e+00 6.537130102515220642e-04
4.644999980926513672e+00 6.536641740240156651e-04
4.647600173950195312e+00 6.536152213811874390e-04
4.650199890136718750e+00 6.535662687383592129e-04
4.652800083160400391e+00 6.535171414725482464e-04
4.655399799346923828e+00 6.534680142067372799e-04
4.657999992370605469e+00 6.534188287332653999e-04
4.660600185394287109e+00 6.533695268444716930e-04
4.663199901580810547e+00 6.533201667480170727e-04
4.665800094604492188e+00 6.532706902362406254e-04
4.668399810791015625e+00 6.532211555168032646e-04
4.671000003814697266e+00 6.531715625897049904e-04
4.673600196838378906e+00 6.531219114549458027e-04
4.676199913024902344e+00 6.530721439048647881e-04
4.678800106048583984e+00 6.530223763547837734e-04
4.681399822235107422e+00 6.529724341817200184e-04
4.684000015258789062e+00 6.529224920086562634e-04
4.686600208282470703e+00 6.528724334202706814e-04
4.689199924468994141e+00 6.528223166242241859e-04
4.691800117492675781e+00 6.527720834128558636e-04
4.694399833679199219e+00 6.527217919938266277e-04
4.697000026702880859e+00 6.526714423671364784e-04
4.699600219726562500e+00 6.526210345327854156e-04
4.702199935913085938e+00 6.525705102831125259e-04
4.704800128936767578e+00 6.525199278257787228e-04
4.707399845123291016e+00 6.524692289531230927e-04
4.710000038146972656e+00 6.524184718728065491e-04
4.712600231170654297e+00 6.523676565848290920e-04
4.715199947357177734e+00 6.523167248815298080e-04
4.717800140380859375e+00 6.522657349705696106e-04
4.720399856567382812e+00 6.522146868519484997e-04
4.723000049591064453e+00 6.521635223180055618e-04
4.725599765777587891e+00 6.521122995764017105e-04
4.728199958801269531e+00 6.520610186271369457e-04
4.730800151824951172e+00 6.520096212625503540e-04
4.733399868011474609e+00 6.519581656903028488e-04
4.736000061035156250e+00 6.519066519103944302e-04
4.738599777221679688e+00 6.518550217151641846e-04
4.741199970245361328e+00 6.518032751046121120e-04
4.743800163269042969e+00 6.517515284940600395e-04
4.746399879455566406e+00 6.516996654681861401e-04
4.749000072479248047e+00 6.516476860269904137e-04
4.751599788665771484e+00 6.515956483781337738e-04
4.754199981689453125e+00 6.515435525216162205e-04
4.756800174713134766e+00 6.514913402497768402e-04
4.759399890899658203e+00 6.514390697702765465e-04
4.762000083923339844e+00 6.513867410831153393e-04
4.764599800109863281e+00 6.513342959806323051e-04
4.767199993133544922e+00 6.512817344628274441e-04
4.769800186157226562e+00 6.512291729450225830e-04
4.772399902343750000e+00 6.511764950118958950e-04
4.775000095367431641e+00 6.511237006634473801e-04
4.777599811553955078e+00 6.510708481073379517e-04
4.780200004577636719e+00 6.510178791359066963e-04
4.782800197601318359e+00 6.509648519568145275e-04
4.785399913787841797e+00 6.509117665700614452e-04
4.788000106811523438e+00 6.508585647679865360e-04
4.790599822998046875e+00 6.508053047582507133e-04
4.793200016021728516e+00 6.507519283331930637e-04
4.795800209045410156e+00 6.506984937004745007e-04
4.798399925231933594e+00 6.506449426524341106e-04
4.801000118255615234e+00 6.505913333967328072e-04
4.803599834442138672e+00 6.505376077257096767e-04
4.806200027465820312e+00 6.504838238470256329e-04
4.808800220489501953e+00 6.504299817606806755e-04
4.811399936676025391e+00 6.503759650513529778e-04
4.814000129699707031e+00 6.503219483420252800e-04
4.816599845886230469e+00 6.502678152173757553e-04
4.819200038909912109e+00 6.502135656774044037e-04
4.821800231933593750e+00 6.501592579297721386e-04
4.824399948120117188e+00 6.501048919744789600e-04
4.827000141143798828e+00 6.500504096038639545e-04
4.829599857330322266e+00 6.499958108179271221e-04
4.832200050354003906e+00 6.499411538243293762e-04
4.834799766540527344e+00 6.498863804154098034e-04
4.837399959564208984e+00 6.498315487988293171e-04
4.840000152587890625e+00 6.497766589745879173e-04
4.842599868774414062e+00 6.497216527350246906e-04
4.845200061798095703e+00 6.496665300801396370e-04
4.847799777984619141e+00 6.496113492175936699e-04
4.850399971008300781e+00 6.495560519397258759e-04
4.853000164031982422e+00 6.495006964541971684e-04
4.855599880218505859e+00 6.494452245533466339e-04
4.858200073242187500e+00 6.493896362371742725e-04
4.860799789428710938e+00 6.493339897133409977e-04
4.863399982452392578e+00 6.492782849818468094e-04
4.866000175476074219e+00 6.492224638350307941e-04
4.868599891662597656e+00 6.491665262728929520e-04
4.871200084686279297e+00 6.491105305030941963e-04
4.873799800872802734e+00 6.490544183179736137e-04
4.876399993896484375e+00 6.489982479251921177e-04
4.879000186920166016e+00 6.489419611170887947e-04
4.881599903106689453e+00 6.488855578936636448e-04
4.884200096130371094e+00 6.488290964625775814e-04
4.886799812316894531e+00 6.487725186161696911e-04
4.889400005340576172e+00 6.487158825621008873e-04
4.892000198364257812e+00 6.486591300927102566e-04
4.894599914550781250e+00 6.486022612079977989e-04
4.897200107574462891e+00 6.485453341156244278e-04
4.899799823760986328e+00 6.484882906079292297e-04
4.902400016784667969e+00 6.484311888925731182e-04
4.905000209808349609e+00 6.483739707618951797e-04
4.907599925994873047e+00 6.483166362158954144e-04
4.910200119018554688e+00 6.482592434622347355e-04
4.912799835205078125e+00 6.482017342932522297e-04
4.915400028228759766e+00 6.481441669166088104e-04
4.918000221252441406e+00 6.480864249169826508e-04
4.920599937438964844e+00 6.480286247096955776e-04
4.923200130462646484e+00 6.479707662947475910e-04
4.925799846649169922e+00 6.479127914644777775e-04
4.928400039672851562e+00 6.478547002188861370e-04
4.931000232696533203e+00 6.477965507656335831e-04
4.933599948883056641e+00 6.477382266893982887e-04
4.936200141906738281e+00 6.476799026131629944e-04
4.938799858093261719e+00 6.476214039139449596e-04
4.941400051116943359e+00 6.475628470070660114e-04
4.943999767303466797e+00 6.475041736848652363e-04
4.946599960327148438e+00 6.474453839473426342e-04
4.949200153350830078e+00 6.473865360021591187e-04
4.951799869537353516e+00 6.473275716416537762e-04
4.954400062561035156e+00 6.472685490734875202e-04
4.956999778747558594e+00 6.472093518823385239e-04
4.959599971771240234e+00 6.471500964835286140e-04
4.962200164794921875e+00 6.470907246693968773e-04
4.964799880981445312e+00 6.470312946476042271e-04
4.967400074005126953e+00 6.469717482104897499e-04
4.969999790191650391e+00 6.469120853580534458e-04
4.972599983215332031e+00 6.468523060902953148e-04
4.975200176239013672e+00 6.467924686148762703e-04
4.977799892425537109e+00 6.467325147241353989e-04
4.980400085449218750e+00 6.466724444180727005e-04
4.982999801635742188e+00 6.466122576966881752e-04
4.985599994659423828e+00 6.465520127676427364e-04
4.988200187683105469e+00 6.464915932156145573e-04
4.990799903869628906e+00 6.464311154559254646e-04
4.993400096893310547e+00 6.463705794885754585e-04
4.995999813079833984e+00 6.463098688982427120e-04
4.998600006103515625e+00 6.462491001002490520e-04
5.001200199127197266e+00 6.461882148869335651e-04
5.003799915313720703e+00 6.461272132582962513e-04
5.006400108337402344e+00 6.460661534219980240e-04
5.008999824523925781e+00 6.460049189627170563e-04
5.011600017547607422e+00 6.459436262957751751e-04
5.014200210571289062e+00 6.458822172135114670e-04
5.016799926757812500e+00 6.458206917159259319e-04
5.019400119781494141e+00 6.457591080106794834e-04
5.021999835968017578e+00 6.456973496824502945e-04
5.024600028991699219e+00 6.456355331465601921e-04
5.027200222015380859e+00 6.455736001953482628e-04
5.029799938201904297e+00 6.455115508288145065e-04
5.032400131225585938e+00 6.454493850469589233e-04
5.034999847412109375e+00 6.453871610574424267e-04
5.037600040435791016e+00 6.453247624449431896e-04
5.040200233459472656e+00 6.452623056247830391e-04
5.042799949645996094e+00 6.451997323893010616e-04
5.045400142669677734e+00 6.451370427384972572e-04
5.047999858856201172e+00 6.450742366723716259e-04
5.050600051879882812e+00 6.450113141909241676e-04
5.053199768066406250e+00 6.449483335018157959e-04
5.055799961090087891e+00 6.448851781897246838e-04
5.058400154113769531e+00 6.448219646699726582e-04
5.060999870300292969e+00 6.447586347348988056e-04
5.063600063323974609e+00 6.446951883845031261e-04
5.066199779510498047e+00 6.446316256187856197e-04
5.068799972534179688e+00 6.445679464377462864e-04
5.071400165557861328e+00 6.445041508413851261e-04
5.073999881744384766e+00 6.444402388297021389e-04
5.076600074768066406e+00 6.443762104026973248e-04
5.079199790954589844e+00 6.443121237680315971e-04
5.081799983978271484e+00 6.442478625103831291e-04
5.084400177001953125e+00 6.441835430450737476e-04
5.086999893188476562e+00 6.441191071644425392e-04
5.089600086212158203e+00 6.440544966608285904e-04
5.092199802398681641e+00 6.439898279495537281e-04
5.094799995422363281e+00 6.439250428229570389e-04
5.097400188446044922e+00 6.438601412810385227e-04
5.099999904632568359e+00 6.437951233237981796e-04
6.000000000000000000e+00 6.252264138311147690e-04
