1.659999999999999920e+00 2.403730496265874816e-01
1.662827154308617050e+00 2.457883861240765244e-01
1.665654308617234403e+00 2.531667480540243931e-01
1.668481462925851533e+00 2.548001628601413437e-01
1.671308617234468885e+00 2.564524180863425040e-01
1.674135771543086015e+00 2.575935181173955035e-01
1.676962925851703368e+00 2.581091609740089887e-01
1.679790080160320498e+00 2.586092824387282718e-01
1.682617234468937850e+00 2.578155300486966173e-01
1.685444388777554980e+00 2.568947593807014984e-01
1.688271543086172333e+00 2.557975847853566909e-01
1.691098697394789463e+00 2.551111002733740807e-01
1.693925851703406815e+00 2.547210099698555830e-01
1.696753006012023945e+00 2.545814352115347567e-01
1.699580160320641298e+00 2.550625970440314472e-01
1.702407314629258428e+00 2.559744531758157415e-01
1.705234468937875558e+00 2.570987708003210637e-01
1.708061623246492911e+00 2.584664850198909458e-01
1.710888777555110041e+00 2.598535821675020951e-01
1.713715931863727393e+00 2.622281054197714290e-01
1.716543086172344523e+00 2.646958350386958148e-01
1.719370240480961876e+00 2.673605391606679316e-01
1.722197394789579006e+00 2.700839897313894733e-01
1.725024549098196358e+00 2.734372280201117777e-01
1.727851703406813488e+00 2.769759603545522419e-01
1.730678857715430841e+00 2.805095988630025294e-01
1.733506012024047971e+00 2.843997587213386025e-01
1.736333166332665323e+00 2.889652317555639338e-01
1.739160320641282453e+00 2.935461018029563718e-01
1.741987474949899806e+00 2.969801810515123597e-01
1.744814629258516936e+00 3.002126593099569418e-01
1.747641783567134066e+00 3.034693018134904108e-01
1.750468937875751418e+00 3.067759261243541702e-01
1.753296092184368771e+00 3.102003966193210838e-01
1.756123246492985901e+00 3.134344962320858574e-01
1.758950400801603031e+00 3.166746642331657591e-01
1.761777555110220383e+00 3.195327163533069337e-01
1.764604709418837514e+00 3.219941637411164459e-01
1.767431863727454866e+00 3.237631124560482743e-01
1.770259018036071996e+00 3.255399601017539002e-01
1.773086172344689349e+00 3.267157425493696921e-01
1.775913326653306479e+00 3.277512833803726822e-01
1.778740480961923831e+00 3.287500795625048489e-01
1.781567635270540961e+00 3.296589731770458997e-01
1.784394789579158314e+00 3.305825494964193534e-01
1.787221943887775444e+00 3.306267357435473953e-01
1.790049098196392574e+00 3.304493811821119231e-01
1.792876252505009926e+00 3.309971338977154565e-01
1.795703406813627279e+00 3.315443119620879453e-01
1.798530561122244409e+00 3.320912952233840976e-01
1.801357715430861539e+00 3.323641239786513379e-01
1.804184869739478891e+00 3.323832996105181570e-01
1.807012024048096022e+00 3.331444929761701590e-01
1.809839178356713374e+00 3.339045377741056142e-01
1.812666332665330504e+00 3.349531485952981780e-01
1.815493486973947856e+00 3.363136184326391276e-01
1.818320641282564987e+00 3.376663212964327587e-01
1.821147795591182339e+00 3.391127694912473567e-01
1.823974949899799469e+00 3.412464700308829868e-01
1.826802104208416822e+00 3.433809921484122230e-01
1.829629258517033952e+00 3.460254070233189094e-01
1.832456412825651304e+00 3.491491141922313246e-01
1.835283567134268434e+00 3.519793014500752215e-01
1.838110721442885787e+00 3.548203282249297041e-01
1.840937875751502917e+00 3.577131332055888957e-01
1.843765030060120047e+00 3.610552898911185693e-01
1.846592184368737399e+00 3.648426403347472258e-01
1.849419338677354530e+00 3.686666835798309005e-01
1.852246492985971882e+00 3.716844502553584006e-01
1.855073647294589012e+00 3.746864003260383935e-01
1.857900801603206364e+00 3.783245407835941765e-01
1.860727955911823495e+00 3.815485936368226416e-01
1.863555110220440847e+00 3.837935211830889037e-01
1.866382264529057977e+00 3.862575947483911643e-01
1.869209418837675329e+00 3.887501453849970812e-01
1.872036573146292460e+00 3.913335252524819952e-01
1.874863727454909812e+00 3.937360506633867940e-01
1.877690881763526942e+00 3.958315998381428669e-01
1.880518036072144294e+00 3.975339146585668559e-01
1.883345190380761425e+00 3.993123427520774427e-01
1.886172344689378555e+00 4.009461036467590334e-01
1.888999498997995907e+00 4.022379419688376090e-01
1.891826653306613260e+00 4.035748747966281802e-01
1.894653807615230390e+00 4.048557332784818996e-01
1.897480961923847520e+00 4.061067977805006834e-01
1.900308116232464872e+00 4.073419333255974828e-01
1.903135270541082003e+00 4.083184680857123716e-01
1.905962424849699355e+00 4.091232595595469257e-01
1.908789579158316485e+00 4.099191680762567236e-01
1.911616733466933837e+00 4.106572983171837832e-01
1.914443887775550968e+00 4.113766977846951001e-01
1.917271042084168320e+00 4.121673893946418143e-01
1.920098196392785450e+00 4.130848698510626860e-01
1.922925350701402802e+00 4.139845201730023572e-01
1.925752505010019933e+00 4.151168437978648984e-01
1.928579659318637063e+00 4.162883948076036567e-01
1.931406813627254415e+00 4.175335213750424601e-01
1.934233967935871767e+00 4.189510558624583436e-01
1.937061122244488898e+00 4.205295896018938495e-01
1.939888276553106028e+00 4.221349798595570579e-01
1.942715430861723380e+00 4.239607075501125588e-01
1.945542585170340510e+00 4.258026604232623691e-01
1.948369739478957863e+00 4.276944393743933315e-01
1.951196893787574993e+00 4.294488700706013962e-01
1.954024048096192345e+00 4.309615239899917682e-01
1.956851202404809476e+00 4.324574828045247288e-01
1.959678356713426828e+00 4.342369913022778860e-01
1.962505511022043958e+00 4.360317439474031831e-01
1.965332665330661310e+00 4.379079192457434599e-01
1.968159819639278441e+00 4.396209019421618014e-01
1.970986973947895571e+00 4.410549937312831514e-01
1.973814128256512923e+00 4.423896072712678040e-01
1.976641282565130275e+00 4.437835076832304937e-01
1.979468436873747406e+00 4.450557961276845331e-01
1.982295591182364536e+00 4.461412038154788373e-01
1.985122745490981888e+00 4.472342054445938020e-01
1.987949899799599240e+00 4.482987102992172512e-01
1.990777054108216371e+00 4.493774443615681791e-01
1.993604208416833501e+00 4.504475047667300114e-01
1.996431362725450853e+00 4.514249368310532806e-01
1.999258517034067983e+00 4.518725171720022749e-01
2.002085671342685114e+00 4.524807704647532125e-01
2.004912825651302466e+00 4.532468001498034527e-01
2.007739979959919818e+00 4.539998282127957752e-01
2.010567134268536726e+00 4.547726041488544535e-01
2.013394288577154079e+00 4.555145851254810418e-01
2.016221442885771431e+00 4.563694996401179704e-01
2.019048597194388783e+00 4.572976134875295084e-01
2.021875751503006136e+00 4.582574992915906531e-01
2.024702905811623044e+00 4.591978751290990424e-01
2.027530060120240396e+00 4.601071463558865093e-01
2.030357214428857748e+00 4.611365570609746167e-01
2.033184368737474657e+00 4.622662903102533472e-01
2.036011523046092009e+00 4.633540227508909926e-01
2.038838677354709361e+00 4.644044478531029196e-01
2.041665831663326713e+00 4.656291289110629505e-01
2.044492985971943622e+00 4.670665387830407744e-01
2.047320140280560974e+00 4.685063204700778416e-01
2.050147294589178326e+00 4.699448303143853312e-01
2.052974448897795678e+00 4.712370152613628016e-01
2.055801603206412587e+00 4.724287243473914710e-01
2.058628757515029939e+00 4.736185506776022236e-01
2.061455911823647291e+00 4.747658074298834463e-01
2.064283066132264643e+00 4.758387478836647588e-01
2.067110220440881552e+00 4.770222944635615359e-01
2.069937374749498904e+00 4.783015470956363258e-01
2.072764529058116256e+00 4.796650849883478118e-01
2.075591683366733164e+00 4.809096584553358422e-01
2.078418837675350517e+00 4.819585197839734714e-01
2.081245991983967869e+00 4.830477790215685352e-01
2.084073146292585221e+00 4.841990433969667329e-01
2.086900300601202130e+00 4.853442173309994168e-01
2.089727454909819482e+00 4.861777914198220918e-01
2.092554609218436834e+00 4.868892383937542534e-01
2.095381763527054186e+00 4.875900998016493015e-01
2.098208917835671095e+00 4.881914366924784976e-01
2.101036072144288447e+00 4.887403940623561982e-01
2.103863226452905799e+00 4.890413403173587414e-01
2.106690380761523151e+00 4.891406483908491420e-01
2.109517535070140060e+00 4.892113079905641704e-01
2.112344689378757412e+00 4.893065318818063947e-01
2.115171843687374764e+00 4.892969139837958781e-01
2.117998997995991672e+00 4.889777110888617884e-01
2.120826152304609025e+00 4.886341583424419488e-01
2.123653306613226377e+00 4.882349435306468366e-01
2.126480460921843729e+00 4.877718959574296465e-01
2.129307615230460637e+00 4.872981616379592484e-01
2.132134769539077990e+00 4.868934678773785274e-01
2.134961923847695342e+00 4.865418636822196885e-01
2.137789078156312694e+00 4.860454299166357406e-01
2.140616232464929602e+00 4.854897315045774153e-01
2.143443386773546955e+00 4.848995478213915522e-01
2.146270541082164307e+00 4.843523442418488090e-01
2.149097695390781659e+00 4.839736571968533685e-01
2.151924849699398568e+00 4.834129685761270889e-01
2.154752004008015920e+00 4.827658572203207266e-01
2.157579158316633272e+00 4.827285884575993613e-01
2.160406312625250180e+00 4.827316486301588827e-01
2.163233466933867533e+00 4.827918409731952187e-01
2.166060621242484885e+00 4.829118175255666112e-01
2.168887775551102237e+00 4.831493289863615370e-01
2.171714929859719589e+00 4.834049738380294392e-01
2.174542084168336498e+00 4.838354761158853434e-01
2.177369238476953850e+00 4.842634024307428953e-01
2.180196392785570758e+00 4.847089898566910859e-01
2.183023547094188110e+00 4.851218546164364764e-01
2.185850701402805463e+00 4.856984683270989533e-01
2.188677855711422815e+00 4.863244495943647161e-01
2.191505010020040167e+00 4.869943184799465641e-01
2.194332164328657075e+00 4.879156295563976120e-01
2.197159318637274428e+00 4.891199035442263532e-01
2.199986472945891780e+00 4.903381952165489222e-01
2.202813627254508688e+00 4.913870040033774811e-01
2.205640781563126041e+00 4.928461242690003741e-01
2.208467935871743393e+00 4.942636971075229368e-01
2.211295090180360745e+00 4.955606157164860748e-01
2.214122244488978097e+00 4.967653802758465464e-01
2.216949398797595006e+00 4.979539743117275541e-01
2.219776553106212358e+00 4.991104991213621833e-01
2.222603707414829710e+00 5.005155621606081073e-01
2.225430861723446618e+00 5.021374394666675567e-01
2.228258016032063971e+00 5.037830804923705275e-01
2.231085170340681323e+00 5.052973304025493162e-01
2.233912324649298675e+00 5.067745010869205702e-01
2.236739478957915583e+00 5.082519858725723649e-01
2.239566633266532936e+00 5.096045776340161204e-01
2.242393787575150288e+00 5.107458658584886901e-01
2.245220941883767196e+00 5.118940051952495240e-01
2.248048096192384548e+00 5.130457691113462504e-01
2.250875250501001901e+00 5.140704859683700167e-01
2.253702404809619253e+00 5.152921697327617068e-01
2.256529559118236605e+00 5.165453868769050993e-01
2.259356713426853513e+00 5.175418783134381195e-01
2.262183867735470866e+00 5.184157985083580611e-01
2.265011022044088218e+00 5.192945390686377616e-01
2.267838176352705126e+00 5.201487575225508531e-01
2.270665330661322479e+00 5.208834294781223839e-01
2.273492484969939831e+00 5.213942258694421739e-01
2.276319639278557183e+00 5.218953249150944940e-01
2.279146793587174091e+00 5.223929116774180814e-01
2.281973947895791444e+00 5.229389945403187800e-01
2.284801102204408796e+00 5.233408396793401973e-01
2.287628256513025704e+00 5.234379014639078953e-01
2.290455410821643056e+00 5.235170229211077997e-01
2.293282565130260409e+00 5.235075665421735636e-01
2.296109719438877761e+00 5.235119489643659252e-01
2.298936873747495113e+00 5.234297847128166481e-01
2.301764028056112021e+00 5.231224555790823239e-01
2.304591182364729374e+00 5.227170085782549824e-01
2.307418336673346726e+00 5.221311222029593191e-01
2.310245490981963634e+00 5.214458005671495089e-01
2.313072645290580986e+00 5.206509148655729113e-01
2.315899799599198339e+00 5.200279183446796516e-01
2.318726953907815691e+00 5.197248017894319227e-01
2.321554108216432599e+00 5.193080298317879206e-01
2.324381262525049952e+00 5.187679254627918235e-01
2.327208416833667304e+00 5.182368114669264614e-01
2.330035571142284212e+00 5.178333861861481591e-01
2.332862725450901564e+00 5.175963290612725087e-01
2.335689879759518917e+00 5.173988197353264207e-01
2.338517034068136269e+00 5.171179702796110389e-01
2.341344188376753621e+00 5.167951822461183120e-01
2.344171342685370529e+00 5.166555829436118019e-01
2.346998496993987882e+00 5.165393311156973866e-01
2.349825651302605234e+00 5.164609951428326129e-01
2.352652805611222142e+00 5.163511721740218219e-01
2.355479959919839494e+00 5.163361666659153082e-01
2.358307114228456847e+00 5.163155433816576378e-01
2.361134268537074199e+00 5.163084243215796398e-01
2.363961422845691107e+00 5.162786201248639184e-01
2.366788577154308459e+00 5.162111958875762463e-01
2.369615731462925812e+00 5.163185556514524599e-01
2.372442885771542720e+00 5.163855184169612311e-01
2.375270040080160072e+00 5.164404682769446753e-01
2.378097194388777424e+00 5.165756577205384836e-01
2.380924348697394777e+00 5.167332735515021147e-01
2.383751503006012129e+00 5.169045170748296503e-01
2.386578657314629037e+00 5.171061849120597298e-01
2.389405811623246390e+00 5.173696391507270897e-01
2.392232965931863742e+00 5.177135783661541701e-01
2.395060120240480650e+00 5.181001267659506304e-01
2.397887274549098002e+00 5.184763539004457744e-01
2.400714428857715355e+00 5.188329218306845236e-01
2.403541583166332707e+00 5.190767383219960784e-01
2.406368737474950059e+00 5.194023832835716892e-01
2.409195891783566967e+00 5.197243339943787843e-01
2.412023046092184320e+00 5.200891624431683846e-01
2.414850200400801228e+00 5.204590819188726902e-01
2.417677354709418580e+00 5.207933707440807192e-01
2.420504509018035932e+00 5.211229823501555281e-01
2.423331663326653285e+00 5.215126764334931941e-01
2.426158817635270637e+00 5.219218113362121825e-01
2.428985971943887545e+00 5.223584350170747959e-01
2.431813126252504897e+00 5.228651778697958052e-01
2.434640280561122250e+00 5.233634845733923235e-01
2.437467434869739158e+00 5.238698905522185534e-01
2.440294589178356510e+00 5.243879652066982811e-01
2.443121743486973863e+00 5.249337156990804276e-01
2.445948897795591215e+00 5.254892970481550574e-01
2.448776052104208567e+00 5.260131708116474458e-01
2.451603206412825475e+00 5.264754369724007343e-01
2.454430360721442828e+00 5.268704188772089791e-01
2.457257515030059736e+00 5.272216935231466284e-01
2.460084669338677088e+00 5.276726843160444158e-01
2.462911823647294440e+00 5.279650301603443507e-01
2.465738977955911793e+00 5.282446361712808125e-01
2.468566132264529145e+00 5.285222994197117385e-01
2.471393286573146053e+00 5.289220603278180777e-01
2.474220440881763405e+00 5.293084418598252849e-01
2.477047595190380758e+00 5.296576957604178792e-01
2.479874749498997666e+00 5.300057302205938292e-01
2.482701903807615018e+00 5.302456634093630772e-01
2.485529058116232370e+00 5.304786416773417113e-01
2.488356212424849723e+00 5.306641913189947823e-01
2.491183366733467075e+00 5.307897645493449001e-01
2.494010521042083983e+00 5.308405965627515100e-01
2.496837675350701335e+00 5.308551555859745141e-01
2.499664829659318244e+00 5.307662915013645621e-01
2.502491983967935596e+00 5.306245683326529239e-01
2.505319138276552948e+00 5.305376232286717064e-01
2.508146292585170301e+00 5.304489085857692077e-01
2.510973446893787653e+00 5.303755294236245366e-01
2.513800601202404561e+00 5.303357168143039146e-01
2.516627755511021913e+00 5.302937132423856115e-01
2.519454909819639266e+00 5.302495262960991163e-01
2.522282064128256174e+00 5.302533198148398075e-01
2.525109218436873526e+00 5.302643190042691801e-01
2.527936372745490878e+00 5.302737269257166153e-01
2.530763527054108231e+00 5.303137174741527904e-01
2.533590681362725583e+00 5.304384690960159965e-01
2.536417835671342491e+00 5.305623028092811833e-01
2.539244989979959843e+00 5.306912953962448221e-01
2.542072144288576752e+00 5.307976531340006243e-01
2.544899298597194104e+00 5.308775155231710841e-01
2.547726452905811456e+00 5.309552238890570264e-01
2.550553607214428808e+00 5.310768665956441259e-01
2.553380761523046161e+00 5.313743037922284973e-01
2.556207915831663069e+00 5.316712267202389208e-01
2.559035070140280421e+00 5.319659808733204764e-01
2.561862224448897773e+00 5.322207234874322124e-01
2.564689378757514682e+00 5.324340370616625906e-01
2.567516533066132034e+00 5.326459501098685934e-01
2.570343687374749386e+00 5.328547699620029832e-01
2.573170841683366739e+00 5.330523347194106032e-01
2.575997995991984091e+00 5.332485037274360407e-01
2.578825150300600999e+00 5.334443520226025415e-01
2.581652304609218351e+00 5.336365591069767156e-01
2.584479458917835704e+00 5.338185554353021001e-01
2.587306613226452612e+00 5.338815407364042587e-01
2.590133767535069964e+00 5.339453335741627393e-01
2.592960921843687316e+00 5.340115834311819354e-01
2.595788076152304669e+00 5.340774265180221470e-01
2.598615230460921577e+00 5.341402370875766303e-01
2.601442384769538929e+00 5.338536129958708631e-01
2.604269539078156281e+00 5.333302337355645406e-01
2.607096693386773190e+00 5.328067401726348518e-01
2.609923847695390542e+00 5.322801842612286949e-01
2.612751002004007894e+00 5.317457987256352103e-01
2.615578156312625246e+00 5.310012274552546874e-01
2.618405310621242599e+00 5.302363976418804636e-01
2.621232464929859507e+00 5.294547222076665394e-01
2.624059619238476859e+00 5.286389707458298837e-01
2.626886773547094212e+00 5.277650079978467579e-01
2.629713927855711120e+00 5.268981398500011126e-01
2.632541082164328472e+00 5.260130881205410391e-01
2.635368236472945824e+00 5.251363124912222791e-01
2.638195390781563177e+00 5.242722290693897502e-01
2.641022545090180085e+00 5.231234840380998286e-01
2.643849699398797437e+00 5.218551395423349781e-01
2.646676853707414789e+00 5.205960673906796510e-01
2.649504008016031698e+00 5.194345299160133544e-01
2.652331162324649050e+00 5.184319871394025281e-01
2.655158316633266402e+00 5.174154061701752294e-01
2.657985470941883754e+00 5.163574926846975499e-01
2.660812625250501107e+00 5.151566586131497427e-01
2.663639779559118015e+00 5.130478718450229847e-01
2.666466933867735367e+00 5.109457373542993786e-01
2.669294088176352275e+00 5.074880424809211643e-01
2.672121242484969628e+00 5.043039633874776273e-01
2.674948396793586980e+00 5.016246233604443328e-01
2.677775551102204332e+00 5.000311771940341155e-01
2.680602705410821684e+00 4.984297123151497089e-01
2.683429859719439037e+00 4.965021224894929919e-01
2.686257014028055945e+00 4.942812629790569456e-01
2.689084168336673297e+00 4.920593185278027692e-01
2.691911322645290205e+00 4.893493587993825722e-01
2.694738476953907558e+00 4.866028977542554146e-01
2.697565631262524910e+00 4.839047232326443293e-01
2.700392785571142262e+00 4.812649379722012122e-01
2.703219939879759615e+00 4.787961867324980747e-01
2.706047094188376523e+00 4.763985257469084411e-01
2.708874248496993875e+00 4.744950913094775902e-01
2.711701402805610783e+00 4.725052400612856918e-01
2.714528557114228136e+00 4.705750608749661446e-01
2.717355711422845488e+00 4.687297001972224875e-01
2.720182865731462840e+00 4.669175883592757148e-01
2.723010020040080192e+00 4.655429956155858195e-01
2.725837174348697545e+00 4.641512613248893193e-01
2.728664328657314453e+00 4.627636258652396140e-01
2.731491482965931805e+00 4.617305173114257255e-01
2.734318637274548713e+00 4.608585894993815213e-01
2.737145791583166066e+00 4.599886275266706348e-01
2.739972945891783418e+00 4.592129031302790154e-01
2.742800100200400770e+00 4.585982237512635229e-01
2.745627254509018123e+00 4.579869743639454760e-01
2.748454408817635031e+00 4.573791134475718168e-01
2.751281563126252383e+00 4.569611332200211318e-01
2.754108717434869291e+00 4.565419325179110865e-01
2.756935871743486643e+00 4.561127108832214727e-01
2.759763026052103996e+00 4.556782325054135607e-01
2.762590180360721348e+00 4.553178098761891945e-01
2.765417334669338700e+00 4.550520356775109021e-01
2.768244488977956053e+00 4.548009955805450977e-01
2.771071643286572961e+00 4.545037086482296984e-01
2.773898797595190313e+00 4.541136417116978241e-01
2.776725951903807221e+00 4.537208454925930057e-01
2.779553106212424574e+00 4.535708389154228803e-01
2.782380260521041926e+00 4.535980981739075046e-01
2.785207414829659278e+00 4.536521582864016522e-01
2.788034569138276630e+00 4.537044385199294205e-01
2.790861723446893983e+00 4.537329623284475089e-01
2.793688877755510891e+00 4.536662039614605679e-01
2.796516032064127799e+00 4.536027309238898630e-01
2.799343186372745151e+00 4.535428329509270107e-01
2.802170340681362504e+00 4.534934064663078690e-01
2.804997494989979856e+00 4.534383138809534586e-01
2.807824649298597208e+00 4.533866545562387773e-01
2.810651803607214561e+00 4.534749721383713461e-01
2.813478957915831469e+00 4.536040715193959127e-01
2.816306112224448821e+00 4.537284241165058796e-01
2.819133266533065729e+00 4.538423285610243552e-01
2.821960420841683082e+00 4.539359913178971917e-01
2.824787575150300434e+00 4.540041154906783172e-01
2.827614729458917786e+00 4.540609546339320901e-01
2.830441883767535138e+00 4.540486665064280558e-01
2.833269038076152491e+00 4.540477313910021850e-01
2.836096192384769399e+00 4.540516267468451272e-01
2.838923346693386307e+00 4.540544513310764696e-01
2.841750501002003659e+00 4.540528601965519440e-01
2.844577655310621012e+00 4.540049167670904828e-01
2.847404809619238364e+00 4.539701895422709188e-01
2.850231963927855716e+00 4.539348212220069567e-01
2.853059118236473068e+00 4.538723011655634298e-01
2.855886272545089977e+00 4.538131197506853898e-01
2.858713426853707329e+00 4.537557499579912834e-01
2.861540581162324237e+00 4.537389219699491383e-01
2.864367735470941589e+00 4.536946474074964875e-01
2.867194889779558942e+00 4.535886961449550059e-01
2.870022044088176294e+00 4.534818325625659119e-01
2.872849198396793646e+00 4.533614413973005020e-01
2.875676352705410999e+00 4.532375855956826682e-01
2.878503507014027907e+00 4.530861238831170867e-01
2.881330661322644815e+00 4.529219457956001338e-01
2.884157815631262167e+00 4.527525792440685315e-01
2.886984969939879520e+00 4.525827815974217683e-01
2.889812124248496872e+00 4.523725319080739160e-01
2.892639278557114224e+00 4.521824656438391266e-01
2.895466432865731576e+00 4.520306847303390829e-01
2.898293587174348485e+00 4.518795928944606133e-01
2.901120741482965837e+00 4.517490559575733089e-01
2.903947895791582745e+00 4.516314028616335019e-01
2.906775050100200097e+00 4.515145606080921969e-01
2.909602204408817450e+00 4.513958553508047866e-01
2.912429358717434802e+00 4.512763276501737253e-01
2.915256513026052154e+00 4.511519648789793502e-01
2.918083667334669506e+00 4.510212240377776682e-01
2.920910821643286415e+00 4.508834122378612697e-01
2.923737975951903767e+00 4.507302571530396595e-01
2.926565130260520675e+00 4.505711016238354572e-01
2.929392284569138027e+00 4.504020552887126327e-01
2.932219438877755380e+00 4.502280255530209385e-01
2.935046593186372732e+00 4.500528404773634361e-01
2.937873747494990084e+00 4.498798182309583504e-01
2.940700901803606993e+00 4.496641015528703988e-01
2.943528056112224345e+00 4.494111206305662076e-01
2.946355210420841253e+00 4.491679317092064361e-01
2.949182364729458605e+00 4.489415499943210097e-01
2.952009519038075958e+00 4.487607715527372476e-01
2.954836673346693310e+00 4.486065373116434607e-01
2.957663827655310662e+00 4.484588004465467348e-01
2.960490981963928014e+00 4.483295763741139139e-01
2.963318136272544923e+00 4.482000183714158759e-01
2.966145290581162275e+00 4.480828279106552903e-01
2.968972444889779183e+00 4.479860223345459302e-01
2.971799599198396535e+00 4.478441725263505591e-01
2.974626753507013888e+00 4.476801964822854085e-01
2.977453907815631240e+00 4.475060754838188215e-01
2.980281062124248592e+00 4.473328418916143190e-01
2.983108216432865500e+00 4.471703935134651586e-01
2.985935370741482853e+00 4.470052582904435190e-01
2.988762525050099761e+00 4.468225470601129845e-01
2.991589679358717113e+00 4.465733076275372193e-01
2.994416833667334465e+00 4.462806494928880929e-01
2.997243987975951818e+00 4.459887978583911283e-01
3.000071142284569170e+00 4.457128324876637460e-01
3.002898296593186522e+00 4.456326595209187946e-01
3.005725450901803431e+00 4.455740089687066918e-01
3.008552605210420783e+00 4.455128764853994450e-01
3.011379759519037691e+00 4.454311742156856768e-01
3.014206913827655043e+00 4.453393747197504915e-01
3.017034068136272396e+00 4.452482968685368969e-01
3.019861222444889748e+00 4.451621237828750077e-01
3.022688376753507100e+00 4.450727566849315697e-01
3.025515531062124008e+00 4.449857592748294732e-01
3.028342685370741361e+00 4.449026517193135910e-01
3.031169839679358269e+00 4.448018408219068243e-01
3.033996993987975621e+00 4.446656508496371618e-01
3.036824148296592973e+00 4.445259132099754762e-01
3.039651302605210326e+00 4.443813600185726465e-01
3.042478456913827678e+00 4.442628970994935700e-01
3.045305611222445030e+00 4.441484621601746730e-01
3.048132765531061938e+00 4.440392090834928140e-01
3.050959919839679291e+00 4.437679567925489899e-01
3.053787074148296199e+00 4.431644164143710429e-01
3.056614228456913551e+00 4.425441342569531589e-01
3.059441382765530903e+00 4.418160865899588563e-01
3.062268537074148256e+00 4.411127537083003869e-01
3.065095691382765608e+00 4.404277381577262895e-01
3.067922845691382516e+00 4.397468195771495614e-01
3.070749999999999869e+00 4.390588748043259826e-01
