9.988650083541870117e-01 0.000000000000000000e+00
1.229310035705566406e+00 0.000000000000000000e+00
1.235810041427612305e+00 4.574570084514562041e-06
1.242310047149658203e+00 9.149130164587404579e-06
1.247370004653930664e+00 4.574570084514562041e-06
1.254590034484863281e+00 0.000000000000000000e+00
1.264709949493408203e+00 0.000000000000000000e+00
1.291429996490478516e+00 0.000000000000000000e+00
1.302270054817199707e+00 0.000000000000000000e+00
1.307330012321472168e+00 4.574570084514562041e-06
1.311669945716857910e+00 3.202199877705425024e-05
1.314560055732727051e+00 5.489480099640786648e-05
1.316730022430419922e+00 8.234220149461179972e-05
1.318899989128112793e+00 1.006399979814887047e-04
1.321069955825805664e+00 1.097900021704845130e-04
1.323240041732788086e+00 1.143639965448528528e-04
1.326850056648254395e+00 1.097900021704845130e-04
1.329010009765625000e+00 9.606590174371376634e-05
1.331900000572204590e+00 7.319299766095355153e-05
1.334059953689575195e+00 4.574569902615621686e-05
1.336230039596557617e+00 2.744740049820393324e-05
1.338389992713928223e+00 4.574570084514562041e-06
1.342000007629394531e+00 0.000000000000000000e+00
1.348500013351440430e+00 0.000000000000000000e+00
1.479259967803955078e+00 0.000000000000000000e+00
1.525490045547485352e+00 0.000000000000000000e+00
1.531990051269531250e+00 0.000000000000000000e+00
1.537050008773803711e+00 4.574570084514562041e-06
1.540660023689270020e+00 9.149130164587404579e-06
1.544280052185058594e+00 1.829830034694168717e-05
1.548609972000122070e+00 3.202199877705425024e-05
1.552230000495910645e+00 5.032019907957874238e-05
1.555840015411376953e+00 8.234220149461179972e-05
1.558009982109069824e+00 1.097900021704845130e-04
1.560909986495971680e+00 1.601099938852712512e-04
1.563809990882873535e+00 2.333029988221824169e-04
1.567450046539306641e+00 4.300090076867491007e-04
1.571830034255981445e+00 7.365050259977579117e-04
1.573310017585754395e+00 1.001829979941248894e-03
1.575539946556091309e+00 1.386089948937296867e-03
1.577039957046508789e+00 1.816099975258111954e-03
1.578559994697570801e+00 2.310160081833600998e-03
1.580080032348632812e+00 2.863680012524127960e-03
1.581599950790405273e+00 3.371449885889887810e-03
1.582409977912902832e+00 3.934130072593688965e-03
1.583209991455078125e+00 4.537969827651977539e-03
1.583999991416931152e+00 4.995429888367652893e-03
1.587630033493041992e+00 1.335570029914379120e-02
1.590049982070922852e+00 2.740119956433773041e-02
1.594900012016296387e+00 6.017370149493217468e-02
1.604830026626586914e+00 2.268420010805130005e-01
1.612370014190673828e+00 3.850840032100677490e-01
1.619650006294250488e+00 4.393920004367828369e-01
1.629259943962097168e+00 4.684210121631622314e-01
1.636520028114318848e+00 5.152390003204345703e-01
1.653509974479675293e+00 6.369649767875671387e-01
1.655969977378845215e+00 6.697369813919067383e-01
1.665609955787658691e+00 7.118740081787109375e-01
1.665619969367980957e+00 7.174919843673706055e-01
1.672790050506591797e+00 7.212389707565307617e-01
1.679929971694946289e+00 7.165579795837402344e-01
1.684679985046386719e+00 7.071959972381591797e-01
1.689419984817504883e+00 6.968979835510253906e-01
1.694169998168945312e+00 6.903439760208129883e-01
1.696550011634826660e+00 6.875360012054443359e-01
1.698930025100708008e+00 6.856639981269836426e-01
1.703699946403503418e+00 6.866009831428527832e-01
1.710870027542114258e+00 6.912840008735656738e-01
1.715659976005554199e+00 6.987760066986083984e-01
1.722839951515197754e+00 7.118859887123107910e-01
1.732439994812011719e+00 7.362319827079772949e-01
1.739650011062622070e+00 7.615150213241577148e-01
1.751639962196350098e+00 7.877339720726013184e-01
1.758820056915283203e+00 7.999079823493957520e-01
1.763610005378723145e+00 8.064640164375305176e-01
1.770769953727722168e+00 8.092740178108215332e-01
1.777920007705688477e+00 8.074030280113220215e-01
1.785069942474365234e+00 8.045949935913085938e-01
1.789819955825805664e+00 7.980419993400573730e-01
1.799340009689331055e+00 7.914900183677673340e-01
1.804100036621093750e+00 7.877449989318847656e-01
1.811259984970092773e+00 7.868099808692932129e-01
1.816030025482177734e+00 7.886840105056762695e-01
1.820799946784973145e+00 7.905579805374145508e-01
1.827980041503906250e+00 7.980499863624572754e-01
1.832769989967346191e+00 8.064780235290527344e-01
1.842339992523193359e+00 8.205249905586242676e-01
1.849529981613159180e+00 8.364440202713012695e-01
1.856709957122802734e+00 8.476809859275817871e-01
1.859109997749328613e+00 8.542360067367553711e-01
1.863890051841735840e+00 8.589190244674682617e-01
1.868680000305175781e+00 8.645380139350891113e-01
1.873409986495971680e+00 8.699269294738769531e-01
1.878190040588378906e+00 8.737584948539733887e-01
1.885349988937377930e+00 8.766337633132934570e-01
1.892500042915344238e+00 8.766347765922546387e-01
1.902040004730224609e+00 8.756794333457946777e-01
1.909190058708190918e+00 8.737656474113464355e-01
1.916339993476867676e+00 8.718509078025817871e-01
1.923490047454833984e+00 8.708955645561218262e-01
1.933030009269714355e+00 8.718549609184265137e-01
1.940189957618713379e+00 8.737717866897583008e-01
1.947360038757324219e+00 8.776044249534606934e-01
1.956910014152526855e+00 8.823954463005065918e-01
1.966459989547729492e+00 8.891012668609619141e-01
1.978399991989135742e+00 8.948496580123901367e-01
1.990329980850219727e+00 8.977258801460266113e-01
2.002259969711303711e+00 8.996437788009643555e-01
2.014179944992065430e+00 8.986884355545043945e-01
2.028490066528320312e+00 8.996488451957702637e-01
2.040420055389404297e+00 9.015666842460632324e-01
2.052350044250488281e+00 9.063587784767150879e-01
2.064290046691894531e+00 9.111497998237609863e-01
2.076220035552978516e+00 9.168981909751892090e-01
2.088160037994384766e+00 9.207318425178527832e-01
2.102459907531738281e+00 9.197775125503540039e-01
2.114379882812500000e+00 9.159489870071411133e-01
2.123899936676025391e+00 9.102046489715576172e-01
2.135809898376464844e+00 9.025455713272094727e-01
2.145329952239990234e+00 8.948854804039001465e-01
2.154860019683837891e+00 8.891411423683166504e-01
2.164390087127685547e+00 8.872274160385131836e-01
2.171540021896362305e+00 8.862709999084472656e-01
2.183470010757446289e+00 8.862740993499755859e-01
2.193010091781616211e+00 8.881919384002685547e-01
2.202559947967529297e+00 8.929819464683532715e-01
2.209729909896850586e+00 8.987303376197814941e-01
2.221669912338256836e+00 9.073519706726074219e-01
2.228840112686157227e+00 9.140577316284179688e-01
2.238399982452392578e+00 9.217219352722167969e-01
2.247950077056884766e+00 9.274703860282897949e-01
2.257499933242797852e+00 9.322603344917297363e-01
2.269429922103881836e+00 9.351366162300109863e-01
2.283740043640136719e+00 9.360970854759216309e-01
2.295660018920898438e+00 9.332259297370910645e-01
2.305190086364746094e+00 9.303547739982604980e-01
2.314719915390014648e+00 9.255688786506652832e-01
2.326630115509033203e+00 9.207829833030700684e-01
2.340929985046386719e+00 9.169544577598571777e-01
2.352849960327148438e+00 9.150417447090148926e-01
2.367160081863403320e+00 9.140874147415161133e-01
2.381469964981079102e+00 9.150478839874267578e-01
2.398169994354248047e+00 9.179251194000244141e-01
2.414870023727416992e+00 9.217587709426879883e-01
2.431570053100585938e+00 9.255934357643127441e-01
2.455430030822753906e+00 9.303874969482421875e-01
2.472130060195922852e+00 9.332637786865234375e-01
2.493599891662597656e+00 9.351836442947387695e-01
2.519829988479614258e+00 9.371045827865600586e-01
2.538909912109375000e+00 9.390244483947753906e-01
2.560379981994628906e+00 9.419027566909790039e-01
2.584239959716796875e+00 9.438226222991943359e-01
2.598540067672729492e+00 9.438257217407226562e-01
2.612849950790405273e+00 9.428713917732238770e-01
2.622380018234252930e+00 9.409576654434204102e-01
2.639070034027099609e+00 9.371301531791687012e-01
2.648600101470947266e+00 9.323442578315734863e-01
2.660510063171386719e+00 9.285157322883605957e-01
2.667649984359741211e+00 9.218129515647888184e-01
2.670020103454589844e+00 9.160665869712829590e-01
2.674779891967773438e+00 9.093638658523559570e-01
2.681920051574707031e+00 9.045769572257995605e-01
2.689049959182739258e+00 8.969168066978454590e-01
2.696190118789672852e+00 8.873409032821655273e-01
2.705699920654296875e+00 8.748928308486938477e-01
2.712830066680908203e+00 8.681901097297668457e-01
2.719980001449584961e+00 8.624447584152221680e-01
2.729500055313110352e+00 8.576588630676269531e-01
2.739039897918701172e+00 8.557451367378234863e-01
2.748579978942871094e+00 8.557471632957458496e-01
2.762890100479125977e+00 8.576660156250000000e-01
2.777209997177124023e+00 8.605422973632812500e-01
2.791529893875122070e+00 8.662917017936706543e-01
2.808229923248291016e+00 8.720411658287048340e-01
2.827330112457275391e+00 8.806647658348083496e-01
2.841650009155273438e+00 8.864142298698425293e-01
2.863130092620849609e+00 8.940804600715637207e-01
2.887000083923339844e+00 9.007893204689025879e-01
2.910860061645507812e+00 9.065408110618591309e-01
2.939490079879760742e+00 9.132506847381591797e-01
2.965729951858520508e+00 9.170874357223510742e-01
2.989589929580688477e+00 9.209241271018981934e-01
3.030139923095703125e+00 9.247629046440124512e-01
3.056370019912719727e+00 9.257264137268066406e-01
3.077830076217651367e+00 9.247730970382690430e-01
3.096909999847412109e+00 9.228624105453491211e-01
3.120739936828613281e+00 9.180785417556762695e-01
3.142189979553222656e+00 9.132946729660034180e-01
3.166029930114746094e+00 9.075534343719482422e-01
3.194629907608032227e+00 9.027705788612365723e-01
3.223239898681640625e+00 8.979877829551696777e-01
3.244699954986572266e+00 8.970344662666320801e-01
3.273319959640502930e+00 8.989564180374145508e-01
3.294790029525756836e+00 9.027920961380004883e-01
3.316270112991333008e+00 9.085425138473510742e-01
3.330590009689331055e+00 9.133346080780029297e-01
3.354460000991821289e+00 9.229166507720947266e-01
3.373549938201904297e+00 9.305828809738159180e-01
3.402189970016479492e+00 9.411233663558959961e-01
3.418900012969970703e+00 9.459154009819030762e-01
3.445139884948730469e+00 9.516679048538208008e-01
3.466609954833984375e+00 9.526304006576538086e-01
3.476150035858154297e+00 9.526324272155761719e-01
3.492840051651000977e+00 9.507197141647338867e-01
3.509520053863525391e+00 9.478506445884704590e-01
3.530970096588134766e+00 9.421083331108093262e-01
3.561949968338012695e+00 9.315801858901977539e-01
3.597690105438232422e+00 9.172224402427673340e-01
3.621520042419433594e+00 9.095653891563415527e-01
3.650110006332397461e+00 9.009519815444946289e-01
3.681099891662597656e+00 8.942543864250183105e-01
3.714479923248291016e+00 8.933041095733642578e-01
3.750260114669799805e+00 8.971428871154785156e-01
3.783669948577880859e+00 9.038537740707397461e-01
3.821850061416625977e+00 9.153547286987304688e-01
3.867199897766113281e+00 9.316456317901611328e-01
3.907769918441772461e+00 9.441049695014953613e-01
3.950720071792602539e+00 9.546484947204589844e-01
3.984110116958618164e+00 9.584861993789672852e-01
4.015110015869140625e+00 9.594507813453674316e-01
4.046110153198242188e+00 9.565847516059875488e-01
4.072329998016357422e+00 9.527592658996582031e-01
4.110469818115234375e+00 9.451053142547607422e-01
4.150990009307861328e+00 9.364939332008361816e-01
4.193890094757080078e+00 9.259688258171081543e-01
4.210579872131347656e+00 9.250144958496093750e-01
4.222499847412109375e+00 9.221433401107788086e-01
4.236800193786621094e+00 9.173584580421447754e-01
4.258259773254394531e+00 9.164052009582519531e-01
4.274940013885498047e+00 9.106618762016296387e-01
4.284480094909667969e+00 9.125797152519226074e-01
4.301169872283935547e+00 9.116253852844238281e-01
4.320240020751953125e+00 9.097136855125427246e-01
4.353630065917968750e+00 9.078060984611511230e-01
4.379859924316406250e+00 9.068537950515747070e-01
4.415629863739013672e+00 9.078193902969360352e-01
4.451409816741943359e+00 9.097423553466796875e-01
4.494339942932128906e+00 9.135820865631103516e-01
4.532499790191650391e+00 9.174208641052246094e-01
4.577819824218750000e+00 9.212616682052612305e-01
4.623139858245849609e+00 9.251024723052978516e-01
4.675620079040527344e+00 9.289442896842956543e-01
4.711390018463134766e+00 9.299098253250122070e-01
4.744770050048828125e+00 9.289585947990417480e-01
4.792459964752197266e+00 9.241808652877807617e-01
4.835360050201416016e+00 9.155705571174621582e-01
4.873489856719970703e+00 9.050433635711669922e-01
4.914000034332275391e+00 8.926014304161071777e-01
4.949739933013916016e+00 8.792011141777038574e-01
4.978340148925781250e+00 8.696302771568298340e-01
4.999780178070068359e+00 8.619722127914428711e-01
6.000000000000000000e+00 8.619722127914428711e-01
