2.870000000000000107e+00 2.830845178958922848e-01
2.874459478957915870e+00 2.906152935421238426e-01
2.878918957915831633e+00 2.981795287969043473e-01
2.883378436873747397e+00 3.057754138586878390e-01
2.887837915831663604e+00 3.134265809700524930e-01
2.892297394789579368e+00 3.211590128577869185e-01
2.896756873747495131e+00 3.294301135189515728e-01
2.901216352705410895e+00 3.377149235208410927e-01
2.905675831663326658e+00 3.455570850099404234e-01
2.910135310621242422e+00 3.534346983754953486e-01
2.914594789579158629e+00 3.596613997867600387e-01
2.919054268537074392e+00 3.642011074911868929e-01
2.923513747494990156e+00 3.687383691113980677e-01
2.927973226452905919e+00 3.732773658500523895e-01
2.932432705410821683e+00 3.778214342284031968e-01
2.936892184368737446e+00 3.823168272699671300e-01
2.941351663326653210e+00 3.867863270814086429e-01
2.945811142284569417e+00 3.913267194594441389e-01
2.950270621242485181e+00 3.959741036109197254e-01
2.954730100200400944e+00 4.014518326205112619e-01
2.959189579158316707e+00 4.065236904402463880e-01
2.963649058116232471e+00 4.116533144612052331e-01
2.968108537074148234e+00 4.168329454046387772e-01
2.972568016032064442e+00 4.219905767350785597e-01
2.977027494989980205e+00 4.259584060515544390e-01
2.981486973947895969e+00 4.298857668494575623e-01
2.985946452905811732e+00 4.338434515218520526e-01
2.990405931863727496e+00 4.376133516104401266e-01
2.994865410821643259e+00 4.410893592920524520e-01
2.999324889779559022e+00 4.445846958271451044e-01
3.003784368737475230e+00 4.465789886737410175e-01
3.008243847695390993e+00 4.481539924908166106e-01
3.012703326653306757e+00 4.496937181554692131e-01
3.017162805611222520e+00 4.510394939308832174e-01
3.021622284569138284e+00 4.523076628377089570e-01
3.026081763527054047e+00 4.535784037258072110e-01
3.030541242484970255e+00 4.548644992049108438e-01
3.035000721442886018e+00 4.561903110297347297e-01
3.039460200400801781e+00 4.572992453826478232e-01
3.043919679358717545e+00 4.583570488276168531e-01
3.048379158316633308e+00 4.594292411471392890e-01
3.052838637274549072e+00 4.615773628252854421e-01
3.057298116232464835e+00 4.644763934275603079e-01
3.061757595190381043e+00 4.673896930376973402e-01
3.066217074148296806e+00 4.703655724752748846e-01
3.070676553106212570e+00 4.733510015099381962e-01
3.075136032064128333e+00 4.763046831103797674e-01
3.079595511022044096e+00 4.792732425115555084e-01
3.084054989979959860e+00 4.823070590332078633e-01
3.088514468937875623e+00 4.854227072273663013e-01
3.092973947895791831e+00 4.885300998840617082e-01
3.097433426853707594e+00 4.916360285356956017e-01
3.101892905811623358e+00 4.943221826120406948e-01
3.106352384769539121e+00 4.965510299356921675e-01
3.110811863727454885e+00 4.988503429483564511e-01
3.115271342685370648e+00 5.011889540066170046e-01
3.119730821643286411e+00 5.035418146255112859e-01
3.124190300601202619e+00 5.059239079757035240e-01
3.128649779559118382e+00 5.082106147864710044e-01
3.133109258517034146e+00 5.104056674670629512e-01
3.137568737474949909e+00 5.125722383010640204e-01
3.142028216432865673e+00 5.147624784033291157e-01
3.146487695390781880e+00 5.169839314518680506e-01
3.150947174348697644e+00 5.191456155781681847e-01
3.155406653306613407e+00 5.211115570766696736e-01
3.159866132264529170e+00 5.230967165589374135e-01
3.164325611222444934e+00 5.251157963671221340e-01
3.168785090180360697e+00 5.271569160005565857e-01
3.173244569138276461e+00 5.292207377034650051e-01
3.177704048096192224e+00 5.312529369713069327e-01
3.182163527054108432e+00 5.331654620307724191e-01
3.186623006012024195e+00 5.350395886471581708e-01
3.191082484969939959e+00 5.369002071724209291e-01
3.195541963927855722e+00 5.387601547328226825e-01
3.200001442885771485e+00 5.405920536324438919e-01
3.204460921843687249e+00 5.420183430502114597e-01
3.208920400801603456e+00 5.433015094927887700e-01
3.213379879759519220e+00 5.445630638155205538e-01
3.217839358717434983e+00 5.458359853036146569e-01
3.222298837675350747e+00 5.471408207936663270e-01
3.226758316633266510e+00 5.483844887481353902e-01
3.231217795591182274e+00 5.496045097176334160e-01
3.235677274549098037e+00 5.508738811446635131e-01
3.240136753507014244e+00 5.521446625385892926e-01
3.244596232464930008e+00 5.533799615829542162e-01
3.249055711422845771e+00 5.544815991850681192e-01
3.253515190380761535e+00 5.548155190269322690e-01
3.257974669338677298e+00 5.549558455677330304e-01
3.262434148296593062e+00 5.550605598935790530e-01
3.266893627254509269e+00 5.551339020396834911e-01
3.271353106212425033e+00 5.552607921332401997e-01
3.275812585170340796e+00 5.554232871803386207e-01
3.280272064128256559e+00 5.555428213736435250e-01
3.284731543086172323e+00 5.556192480049310101e-01
3.289191022044088086e+00 5.556858336463065262e-01
3.293650501002003850e+00 5.557543928552461932e-01
3.298109979959920057e+00 5.558346914327333410e-01
3.302569458917835821e+00 5.565639177925867376e-01
3.307028937875751584e+00 5.577757144276925816e-01
3.311488416833667348e+00 5.589852350797581693e-01
3.315947895791583111e+00 5.601689833356668924e-01
3.320407374749498874e+00 5.613321025390974883e-01
3.324866853707415082e+00 5.625573825095471214e-01
3.329326332665330845e+00 5.637906451771789174e-01
3.333785811623246609e+00 5.649851443280902163e-01
3.338245290581162372e+00 5.661706020731106515e-01
3.342704769539078136e+00 5.673560601147197291e-01
3.347164248496993899e+00 5.686587864585335161e-01
3.351623727454909663e+00 5.697516239328426213e-01
3.356083206412825870e+00 5.703250724533701632e-01
3.360542685370741633e+00 5.708981479093593325e-01
3.365002164328657397e+00 5.714610940426656516e-01
3.369461643286573160e+00 5.719811941940963207e-01
3.373921122244488924e+00 5.724723626733354553e-01
3.378380601202404687e+00 5.729517407276766283e-01
3.382840080160320895e+00 5.734212469600018514e-01
3.387299559118236658e+00 5.738781637771495081e-01
3.391759038076152422e+00 5.743484994321370607e-01
3.396218517034068185e+00 5.749086484503833638e-01
3.400677995991983948e+00 5.756041008801543457e-01
3.405137474949899712e+00 5.769071293060106242e-01
3.409596953907815475e+00 5.782110545225689346e-01
3.414056432865731239e+00 5.794939748646124045e-01
3.418515911823647446e+00 5.807571597862110080e-01
3.422975390781563210e+00 5.819688259790356533e-01
3.427434869739478973e+00 5.831537591987829838e-01
3.431894348697394737e+00 5.843795430130005464e-01
3.436353827655310500e+00 5.857265418429935533e-01
3.440813306613226707e+00 5.871283381217947683e-01
3.445272785571142471e+00 5.885441136114565319e-01
3.449732264529058234e+00 5.899903565983263265e-01
3.454191743486973998e+00 5.909364216362752442e-01
3.458651222444889761e+00 5.918489699466447096e-01
3.463110701402805525e+00 5.926871258480282956e-01
3.467570180360721288e+00 5.934807569022392260e-01
3.472029659318637052e+00 5.942746263075983082e-01
3.476489138276553259e+00 5.950447357056590780e-01
3.480948617234469022e+00 5.957850051023197979e-01
3.485408096192384786e+00 5.964787963918587455e-01
3.489867575150300549e+00 5.971982822240081701e-01
3.494327054108216313e+00 5.979616108679892683e-01
3.498786533066132520e+00 5.987482452598605898e-01
3.503246012024048284e+00 5.993309351501460158e-01
3.507705490981964047e+00 5.998168680003538311e-01
3.512164969939879811e+00 6.002628221803505415e-01
3.516624448897795574e+00 6.006861972776361691e-01
3.521083927855711337e+00 6.011006718712854635e-01
3.525543406813627101e+00 6.015077957719520141e-01
3.530002885771542864e+00 6.019011945926963092e-01
3.534462364729459072e+00 6.022897105477783564e-01
3.538921843687374835e+00 6.027039814966221876e-01
3.543381322645290599e+00 6.030768238201721365e-01
3.547840801603206362e+00 6.034179308078344572e-01
3.552300280561122126e+00 6.036988974649706297e-01
3.556759759519038333e+00 6.039577327819886099e-01
3.561219238476954096e+00 6.042275273198194352e-01
3.565678717434869860e+00 6.044976655715974534e-01
3.570138196392785623e+00 6.047653344464891667e-01
3.574597675350701387e+00 6.050187577531088712e-01
3.579057154308617150e+00 6.052628872025055395e-01
3.583516633266532914e+00 6.055025045419000218e-01
3.587976112224448677e+00 6.057380172283856057e-01
3.592435591182364885e+00 6.059565395274365551e-01
3.596895070140280648e+00 6.061519237484709333e-01
3.601354549098196411e+00 6.063219904675228866e-01
3.605814028056112175e+00 6.064399750518199017e-01
3.610273507014027938e+00 6.066011217955167290e-01
3.614732985971944146e+00 6.068149062883967382e-01
3.619192464929859909e+00 6.070341082970546198e-01
3.623651943887775673e+00 6.072236378623434572e-01
3.628111422845691436e+00 6.074048601558096339e-01
3.632570901803607200e+00 6.075976445593133102e-01
3.637030380761522963e+00 6.077938359550693059e-01
3.641489859719438726e+00 6.079564682432156975e-01
3.645949338677354490e+00 6.081045431395031287e-01
3.650408817635270697e+00 6.082667279923330561e-01
3.654868296593186461e+00 6.083765520907016278e-01
3.659327775551102224e+00 6.084892761146882822e-01
3.663787254509017988e+00 6.086036547117753548e-01
3.668246733466933751e+00 6.087928859489807332e-01
3.672706212424849959e+00 6.090493401747602009e-01
3.677165691382765722e+00 6.093184028369055261e-01
3.681625170340681485e+00 6.095773396163546298e-01
3.686084649298597249e+00 6.098051560155537398e-01
3.690544128256513012e+00 6.099988464336540961e-01
3.695003607214428776e+00 6.101541998018635837e-01
3.699463086172344539e+00 6.102916429988185509e-01
3.703922565130260303e+00 6.104562392238080948e-01
3.708382044088176510e+00 6.106613856864012702e-01
3.712841523046092274e+00 6.108462903677527311e-01
3.717301002004008037e+00 6.109985538666149463e-01
3.721760480961923800e+00 6.111252042364450077e-01
3.726219959919839564e+00 6.112550656393715975e-01
3.730679438877755771e+00 6.113915695645582016e-01
3.735138917835671535e+00 6.115454759870323498e-01
3.739598396793587298e+00 6.116993589052478475e-01
3.744057875751503062e+00 6.118059443239658446e-01
3.748517354709418825e+00 6.119093647703794936e-01
3.752976833667334589e+00 6.118626183512445582e-01
3.757436312625250352e+00 6.117603908371711530e-01
3.761895791583166115e+00 6.116876236217647644e-01
3.766355270541081879e+00 6.116439952532697344e-01
3.770814749498998086e+00 6.115983119489525333e-01
3.775274228456913850e+00 6.115132032316478172e-01
3.779733707414829613e+00 6.114222947819514253e-01
3.784193186372745377e+00 6.113722564681453031e-01
3.788652665330661584e+00 6.113435463387701940e-01
3.793112144288577348e+00 6.113340677281592361e-01
3.797571623246493111e+00 6.113018805327574690e-01
3.802031102204408874e+00 6.113891991166194861e-01
3.806490581162324638e+00 6.117031845211760022e-01
3.810950060120240401e+00 6.120158802204253012e-01
3.815409539078156165e+00 6.123203210818756181e-01
3.819869018036071928e+00 6.126400904610926901e-01
3.824328496993987692e+00 6.130028588026035230e-01
3.828787975951903899e+00 6.133716708596591571e-01
3.833247454909819663e+00 6.137231443722437341e-01
3.837706933867735426e+00 6.140694555582224545e-01
3.842166412825651189e+00 6.142427269952196456e-01
3.846625891783566953e+00 6.143824557078877424e-01
3.851085370741483160e+00 6.144398353269567847e-01
3.855544849699398924e+00 6.142780483158988281e-01
3.860004328657314687e+00 6.141199283064187053e-01
3.864463807615230451e+00 6.139827909184296661e-01
3.868923286573146214e+00 6.138474722888952462e-01
3.873382765531061978e+00 6.137016681662005313e-01
3.877842244488977741e+00 6.135609395858857562e-01
3.882301723446893504e+00 6.134741368728228172e-01
3.886761202404809268e+00 6.133845267131738943e-01
3.891220681362725475e+00 6.132665176050033917e-01
3.895680160320641239e+00 6.130924925158077743e-01
3.900139639278557002e+00 6.127226564732523029e-01
3.904599118236473210e+00 6.122210682985229635e-01
3.909058597194388973e+00 6.116699544080085316e-01
3.913518076152304737e+00 6.111181825684122160e-01
3.917977555110220500e+00 6.105699110310077726e-01
3.922437034068136263e+00 6.100286943070389878e-01
3.926896513026052027e+00 6.094898377550908020e-01
3.931355991983967790e+00 6.089384624899354392e-01
3.935815470941883554e+00 6.083805850934064230e-01
3.940274949899799317e+00 6.078191050142375262e-01
3.944734428857715081e+00 6.071576755363540245e-01
3.949193907815631288e+00 6.065064857003675813e-01
3.953653386773547052e+00 6.057676242320000348e-01
3.958112865731462815e+00 6.050746876771055938e-01
3.962572344689379022e+00 6.044335760343585440e-01
3.967031823647294786e+00 6.038181205687473962e-01
3.971491302605210549e+00 6.032149180395147692e-01
3.975950781563126313e+00 6.025994393383427017e-01
3.980410260521042076e+00 6.019893064800830862e-01
3.984869739478957840e+00 6.013233540173957836e-01
3.989329218436873603e+00 6.006563562767822662e-01
3.993788697394789367e+00 5.999929194811045585e-01
3.998248176352705130e+00 5.993406406001783315e-01
4.002707655310620893e+00 5.986663037690820310e-01
4.007167134268536657e+00 5.979778375684031699e-01
4.011626613226452420e+00 5.972857562366818973e-01
4.016086092184368184e+00 5.965005077223902719e-01
4.020545571142284835e+00 5.956833933504445122e-01
4.025005050100200599e+00 5.948778829413386982e-01
4.029464529058116362e+00 5.940786768748554936e-01
4.033924008016032126e+00 5.932664822975012298e-01
4.038383486973947889e+00 5.924621959387463832e-01
4.042842965931863652e+00 5.916686925879620640e-01
4.047302444889779416e+00 5.908729556071317113e-01
4.051761923847695179e+00 5.900506454045592042e-01
4.056221402805610943e+00 5.892311294052106074e-01
4.060680881763526706e+00 5.883966336288426469e-01
4.065140360721443358e+00 5.875557447725262561e-01
4.069599839679359121e+00 5.867107073551715013e-01
4.074059318637274885e+00 5.858668986930557487e-01
4.078518797595190648e+00 5.850238049866334222e-01
4.082978276553106411e+00 5.841863593231589880e-01
4.087437755511022175e+00 5.833620910379034852e-01
4.091897234468937938e+00 5.825520262894734458e-01
4.096356713426853702e+00 5.817469741913837700e-01
4.100816192384769465e+00 5.809915993381546961e-01
4.105275671342685229e+00 5.802308902044813754e-01
4.109735150300600992e+00 5.794650967316663515e-01
4.114194629258516755e+00 5.786558578920726337e-01
4.118654108216432519e+00 5.778263012293041179e-01
4.123113587174348282e+00 5.770094226261494041e-01
4.127573066132264046e+00 5.762076287768796989e-01
4.132032545090179809e+00 5.754014820995588808e-01
4.136492024048096461e+00 5.745823959736044984e-01
4.140951503006012224e+00 5.738398063573186825e-01
4.145410981963927988e+00 5.730821626357619492e-01
4.149870460921843751e+00 5.723460913736201361e-01
4.154329939879759515e+00 5.716141840641811855e-01
4.158789418837675278e+00 5.708830859454560036e-01
4.163248897795591041e+00 5.703111275983191453e-01
4.167708376753506805e+00 5.697670295945842511e-01
4.172167855711422568e+00 5.692408872923085950e-01
4.176627334669338332e+00 5.687279957547829445e-01
4.181086813627254983e+00 5.683397745495981646e-01
4.185546292585170747e+00 5.680063978957499149e-01
4.190005771543086510e+00 5.676612784867518524e-01
4.194465250501002274e+00 5.672948123370801232e-01
4.198924729458918037e+00 5.669583307290643193e-01
4.203384208416833800e+00 5.666585194375560741e-01
4.207843687374749564e+00 5.663646107811161068e-01
4.212303166332665327e+00 5.661670327532748459e-01
4.216762645290581091e+00 5.660145445574652490e-01
4.221222124248496854e+00 5.655741102442163326e-01
4.225681603206412618e+00 5.647082546955458637e-01
4.230141082164328381e+00 5.638378779358476089e-01
4.234600561122244144e+00 5.629184879776930606e-01
4.239060040080159908e+00 5.619423245566677050e-01
4.243519519038075671e+00 5.612301886158413966e-01
4.247978997995991435e+00 5.609415001561188774e-01
4.252438476953907198e+00 5.604847343394455672e-01
4.256897955911823850e+00 5.596148537119337574e-01
4.261357434869739613e+00 5.587687227079635166e-01
4.265816913827655377e+00 5.579597435354340940e-01
4.270276392785571140e+00 5.571549857871709310e-01
4.274735871743486904e+00 5.569839875286848319e-01
4.279195350701402667e+00 5.568251268208830318e-01
4.283654829659318430e+00 5.566432074769849248e-01
4.288114308617234194e+00 5.562728433663689520e-01
4.292573787575149957e+00 5.556518255111337901e-01
4.297033266533066609e+00 5.550327406016203335e-01
4.301492745490982372e+00 5.545190894099611967e-01
4.305952224448898136e+00 5.542165145732905751e-01
4.310411703406813899e+00 5.539109874968775049e-01
4.314871182364729663e+00 5.535884042210827971e-01
4.319330661322645426e+00 5.532405008824242687e-01
4.323790140280561189e+00 5.528750257341685792e-01
4.328249619238476953e+00 5.525170540370837324e-01
4.332709098196392716e+00 5.521290739561017791e-01
4.337168577154308480e+00 5.517303469311698461e-01
4.341628056112224243e+00 5.513366187287290776e-01
4.346087535070140007e+00 5.509510860645479013e-01
4.350547014028055770e+00 5.505335200394889661e-01
4.355006492985971533e+00 5.497917011216271188e-01
4.359465971943887297e+00 5.490760447139504397e-01
4.363925450901803060e+00 5.484108559309825992e-01
4.368384929859718824e+00 5.477451957863938015e-01
4.372844408817635475e+00 5.470562350262593299e-01
4.377303887775551239e+00 5.463479181612295177e-01
4.381763366733467002e+00 5.456398322291236003e-01
4.386222845691382766e+00 5.449473804277457090e-01
4.390682324649298529e+00 5.442586108505845788e-01
4.395141803607214293e+00 5.436517660062353263e-01
4.399601282565130056e+00 5.430629751320128484e-01
4.404060761523045819e+00 5.422237031818839537e-01
4.408520240480961583e+00 5.413628642395075241e-01
4.412979719438877346e+00 5.405010394647317140e-01
4.417439198396793998e+00 5.396370875161610181e-01
4.421898677354709761e+00 5.387752377203357534e-01
4.426358156312625525e+00 5.379218296834521462e-01
4.430817635270541288e+00 5.370223015709150172e-01
4.435277114228457052e+00 5.359854031269731811e-01
4.439736593186372815e+00 5.349458076782210858e-01
4.444196072144288578e+00 5.339022506424110359e-01
4.448655551102204342e+00 5.328128060702894686e-01
4.453115030060120105e+00 5.317976426513132404e-01
4.457574509018035869e+00 5.308283898147743152e-01
4.462033987975951632e+00 5.298747129133630773e-01
4.466493466933867396e+00 5.288449394325462904e-01
4.470952945891783159e+00 5.277278564328223842e-01
4.475412424849698922e+00 5.266114268146382393e-01
4.479871903807614686e+00 5.254935557673482416e-01
4.484331382765530449e+00 5.243706031961639091e-01
4.488790861723447101e+00 5.232405390236174458e-01
4.493250340681362864e+00 5.220897761675702409e-01
4.497709819639278628e+00 5.209252187397169775e-01
4.502169298597194391e+00 5.196465645504143582e-01
4.506628777555110155e+00 5.183167977525926506e-01
4.511088256513025918e+00 5.169815180376602370e-01
4.515547735470941682e+00 5.156427739210892591e-01
4.520007214428857445e+00 5.143081351431331161e-01
4.524466693386773208e+00 5.129855150696019939e-01
4.528926172344688972e+00 5.116585632333331413e-01
4.533385651302605623e+00 5.103215186602113596e-01
4.537845130260521387e+00 5.089932268898740286e-01
4.542304609218437150e+00 5.076850086915858373e-01
4.546764088176352914e+00 5.062390715469383684e-01
4.551223567134268677e+00 5.047341224086648870e-01
4.555683046092184441e+00 5.032636002228089156e-01
4.560142525050100204e+00 5.017992872974040841e-01
4.564602004008015967e+00 5.003303932143454702e-01
4.569061482965931731e+00 4.988559688064845843e-01
4.573520961923847494e+00 4.973690745989224893e-01
4.577980440881763258e+00 4.958753335961841868e-01
4.582439919839679021e+00 4.943813201374159250e-01
4.586899398797594785e+00 4.928829306464114768e-01
4.591358877755510548e+00 4.913489157479264957e-01
4.595818356713426311e+00 4.897639701187169736e-01
4.600277835671342075e+00 4.881711663128997514e-01
4.604737314629258726e+00 4.865836458996463110e-01
4.609196793587174490e+00 4.850332139812541521e-01
4.613656272545090253e+00 4.835585605414371990e-01
4.618115751503006017e+00 4.820979281295627583e-01
4.622575230460921780e+00 4.806374175733580945e-01
4.627034709418837544e+00 4.791835969754013047e-01
4.631494188376753307e+00 4.777496590626665873e-01
4.635953667334669070e+00 4.763271030962469843e-01
4.640413146292584834e+00 4.749094903083846964e-01
4.644872625250500597e+00 4.735080596175764156e-01
4.649332104208417249e+00 4.721174708823605570e-01
4.653791583166333012e+00 4.707296627570483061e-01
4.658251062124248776e+00 4.694506831120425772e-01
4.662710541082164539e+00 4.682230398034472052e-01
4.667170020040080303e+00 4.669941161807020236e-01
4.671629498997996066e+00 4.657505834192399718e-01
4.676088977955911830e+00 4.644920988301491360e-01
4.680548456913827593e+00 4.632181701340178925e-01
4.685007935871743356e+00 4.619175766365430369e-01
4.689467414829659120e+00 4.606187068775500770e-01
4.693926893787574883e+00 4.593324588236423200e-01
4.698386372745490647e+00 4.580443649483094681e-01
4.702845851703406410e+00 4.567634209022104486e-01
4.707305330661322174e+00 4.554890502567635613e-01
4.711764809619237937e+00 4.542148772866042017e-01
4.716224288577153700e+00 4.529524411887710933e-01
4.720683767535069464e+00 4.517271574853404803e-01
4.725143246492986115e+00 4.505232775924108424e-01
4.729602725450901879e+00 4.493465293635898195e-01
4.734062204408817642e+00 4.481979624847883259e-01
4.738521683366733406e+00 4.470711376655714941e-01
4.742981162324649169e+00 4.459769199963842246e-01
4.747440641282564933e+00 4.449061148713664426e-01
4.751900120240480696e+00 4.438453913195274381e-01
4.756359599198396459e+00 4.427762348111795587e-01
4.760819078156312223e+00 4.416977095397506825e-01
4.765278557114227986e+00 4.406292120979786731e-01
4.769738036072144638e+00 4.395606756106359980e-01
4.774197515030060401e+00 4.385060486593423956e-01
4.778656993987976165e+00 4.374853732704951925e-01
4.783116472945891928e+00 4.364233251907204125e-01
4.787575951903807692e+00 4.353431557943240882e-01
4.792035430861723455e+00 4.342593624606965741e-01
4.796494909819639219e+00 4.331722722671593750e-01
4.800954388777554982e+00 4.320795527837810179e-01
4.805413867735470745e+00 4.309902119584145819e-01
4.809873346693386509e+00 4.299013285824223041e-01
4.814332825651302272e+00 4.287844847373991075e-01
4.818792304609218036e+00 4.276703510556405519e-01
4.823251783567133799e+00 4.265812199105268876e-01
4.827711262525049563e+00 4.255171654877424881e-01
4.832170741482965326e+00 4.244653720978977529e-01
4.836630220440881089e+00 4.234142961526899396e-01
4.841089699398797741e+00 4.223576724744371735e-01
4.845549178356713504e+00 4.212859493546390888e-01
4.850008657314629268e+00 4.202386768758725744e-01
4.854468136272545031e+00 4.192683591206434190e-01
4.858927615230460795e+00 4.183072641212183251e-01
4.863387094188376558e+00 4.173289284294612322e-01
4.867846573146292322e+00 4.163229094040319378e-01
4.872306052104208085e+00 4.152802794371630579e-01
4.876765531062124737e+00 4.142167781091905532e-01
4.881225010020040500e+00 4.131719731849637922e-01
4.885684488977956264e+00 4.121504674727626272e-01
4.890143967935872027e+00 4.111350028983071225e-01
4.894603446893787790e+00 4.101152818315122461e-01
4.899062925851703554e+00 4.091536487051990467e-01
4.903522404809619317e+00 4.082546935244596442e-01
4.907981883767535081e+00 4.073580998091114735e-01
4.912441362725450844e+00 4.064661421381904338e-01
4.916900841683366608e+00 4.055793149444197887e-01
4.921360320641282371e+00 4.046890717559524231e-01
4.925819799599198134e+00 4.037908655699414817e-01
4.930279278557113898e+00 4.028942668457650700e-01
4.934738757515029661e+00 4.019958160630180410e-01
4.939198236472945425e+00 4.010992903975907908e-01
4.943657715430861188e+00 4.002122763381162351e-01
4.948117194388776952e+00 3.993494497321353753e-01
4.952576673346692715e+00 3.987004053380756585e-01
4.957036152304608478e+00 3.980604386639499670e-01
4.961495631262524242e+00 3.974204066122227208e-01
4.965955110220440893e+00 3.967807422804410233e-01
4.970414589178356657e+00 3.961436332432087815e-01
4.974874068136272420e+00 3.955725620949722132e-01
4.979333547094188184e+00 3.950693937917868492e-01
4.983793026052103947e+00 3.945613776913093895e-01
4.988252505010019711e+00 3.940526100864664150e-01
4.992711983967936362e+00 3.935447235163452295e-01
4.997171462925852126e+00 3.930372559284430189e-01
5.001630941883767889e+00 3.925096057550040984e-01
5.006090420841683652e+00 3.919540238320496917e-01
5.010549899799599416e+00 3.913969323591385829e-01
5.015009378757515179e+00 3.908401179969058226e-01
5.019468857715430943e+00 3.902839900325485445e-01
5.023928336673346706e+00 3.897280346968369780e-01
5.028387815631262470e+00 3.891724075171105190e-01
5.032847294589178233e+00 3.886172929026843192e-01
5.037306773547093997e+00 3.880626250283111811e-01
5.041766252505009760e+00 3.871563468981069622e-01
5.046225731462925523e+00 3.857168992889865589e-01
5.050685210420841287e+00 3.842780841370955214e-01
5.055144689378757050e+00 3.828408949777409864e-01
5.059604168336672814e+00 3.814067177010923015e-01
5.064063647294588577e+00 3.799759645485066284e-01
5.068523126252504341e+00 3.785465922769754576e-01
5.072982605210420104e+00 3.771183640238557344e-01
5.077442084168335867e+00 3.756938083811770523e-01
5.081901563126252519e+00 3.742698062778119783e-01
5.086361042084168282e+00 3.728479796864355711e-01
5.090820521042084046e+00 3.714298302239740779e-01
5.095279999999999809e+00 3.700142669432945342e-01
