3.499999940395355225e-01 2.713700087042525411e-05
3.510600030422210693e-01 4.070559953106567264e-05
3.518550097942352295e-01 5.427409996627829969e-05
3.526499867439270020e-01 6.784260040149092674e-05
3.534440100193023682e-01 8.819539652904495597e-05
3.542389869689941406e-01 1.085480034817010164e-04
3.547689914703369141e-01 1.289009960601106286e-04
3.552989959716796875e-01 1.492540031904354692e-04
3.558290004730224609e-01 1.831749978009611368e-04
3.560940027236938477e-01 2.510180056560784578e-04
3.568890094757080078e-01 4.341930034570395947e-04
3.579489886760711670e-01 6.716420175507664680e-04
3.582130074501037598e-01 9.090909734368324280e-04
3.592729866504669189e-01 2.008140087127685547e-03
3.603329956531524658e-01 2.978289965540170670e-03
3.611280024051666260e-01 4.009500145912170410e-03
3.619230091571807861e-01 4.993219859898090363e-03
3.677519857883453369e-01 4.993219859898090363e-03
3.685469925403594971e-01 4.314790014177560806e-03
3.690760135650634766e-01 3.548169974237680435e-03
3.698709905147552490e-01 2.666210057213902473e-03
3.709309995174407959e-01 1.845319988206028938e-03
3.717260062694549561e-01 1.058339956216514111e-03
3.719910085201263428e-01 8.208960061892867088e-04
3.727859854698181152e-01 7.055629976093769073e-04
3.735809922218322754e-01 5.834460025653243065e-04
3.738459944725036621e-01 5.088199977762997150e-04
3.746399879455566406e-01 7.259160047397017479e-04
3.751699924468994141e-01 8.887380245141685009e-04
3.756999969482421875e-01 1.051560044288635254e-03
3.759649991989135742e-01 1.194030046463012695e-03
3.762300014495849609e-01 1.784260035492479801e-03
3.767600059509277344e-01 2.774759894236922264e-03
3.778199851512908936e-01 4.565809853374958038e-03
3.780849874019622803e-01 4.993219859898090363e-03
3.812640011310577393e-01 4.993219859898090363e-03
3.815290033817291260e-01 4.253730177879333496e-03
3.817940056324005127e-01 3.683849936351180077e-03
3.820590078830718994e-01 2.883309964090585709e-03
3.828540146350860596e-01 2.204879885539412498e-03
3.833839893341064453e-01 1.546810031868517399e-03
3.839139938354492188e-01 1.180459978058934212e-03
3.857679963111877441e-01 1.126189948990941048e-03
3.860329985618591309e-01 1.071910024620592594e-03
3.870930075645446777e-01 7.530529983341693878e-04
3.876230120658874512e-01 5.427409778349101543e-04
3.884179890155792236e-01 3.527819935698062181e-04
3.894779980182647705e-01 1.289009960601106286e-04
3.900080025196075439e-01 4.748980063595809042e-05
3.918620049953460693e-01 6.784260222048033029e-06
3.939819931983947754e-01 0.000000000000000000e+00
4.104090034961700439e-01 0.000000000000000000e+00
5.709689855575561523e-01 0.000000000000000000e+00
5.720289945602416992e-01 0.000000000000000000e+00
5.736179947853088379e-01 6.784260222048033029e-06
5.746780037879943848e-01 6.784260222048033029e-06
5.757380127906799316e-01 6.784260222048033029e-06
5.767980217933654785e-01 6.784260222048033029e-06
5.778579711914062500e-01 6.784260222048033029e-06
5.789170265197753906e-01 6.784260222048033029e-06
5.799769759178161621e-01 6.784260222048033029e-06
5.810369849205017090e-01 6.784260222048033029e-06
5.820969939231872559e-01 6.784260222048033029e-06
5.831570029258728027e-01 6.784260222048033029e-06
5.842170119285583496e-01 6.784260222048033029e-06
5.852760076522827148e-01 6.784260222048033029e-06
5.863360166549682617e-01 6.784260222048033029e-06
5.873960256576538086e-01 6.784260222048033029e-06
5.884559750556945801e-01 6.784260222048033029e-06
5.900449752807617188e-01 6.784260222048033029e-06
5.905749797821044922e-01 0.000000000000000000e+00
5.916349887847900391e-01 0.000000000000000000e+00
5.926949977874755859e-01 0.000000000000000000e+00
5.937550067901611328e-01 0.000000000000000000e+00
5.948150157928466797e-01 0.000000000000000000e+00
5.958740115165710449e-01 0.000000000000000000e+00
5.969340205192565918e-01 0.000000000000000000e+00
5.979940295219421387e-01 0.000000000000000000e+00
5.990539789199829102e-01 0.000000000000000000e+00
6.001139879226684570e-01 0.000000000000000000e+00
6.011729836463928223e-01 0.000000000000000000e+00
6.022329926490783691e-01 0.000000000000000000e+00
6.032930016517639160e-01 0.000000000000000000e+00
6.043530106544494629e-01 0.000000000000000000e+00
6.062070131301879883e-01 0.000000000000000000e+00
6.067370176315307617e-01 6.784260222048033029e-06
6.077970266342163086e-01 6.784260222048033029e-06
6.088569760322570801e-01 6.784260222048033029e-06
6.099169850349426270e-01 6.784260222048033029e-06
6.109769940376281738e-01 6.784260222048033029e-06
6.120359897613525391e-01 6.784260222048033029e-06
6.130959987640380859e-01 6.784260222048033029e-06
6.141560077667236328e-01 6.784260222048033029e-06
6.154810190200805664e-01 6.784260222048033029e-06
6.160110235214233398e-01 1.356850043521262705e-05
6.170700192451477051e-01 1.356850043521262705e-05
6.181300282478332520e-01 1.356850043521262705e-05
6.186599731445312500e-01 2.035279976553283632e-05
6.197199821472167969e-01 2.035279976553283632e-05
6.202499866485595703e-01 2.713700087042525411e-05
6.213099956512451172e-01 3.392130020074546337e-05
6.218400001525878906e-01 4.070559953106567264e-05
6.234290003776550293e-01 6.105830107117071748e-05
6.247540116310119629e-01 8.819539652904495597e-05
6.252840161323547363e-01 1.085480034817010164e-04
6.260790228843688965e-01 1.356849970761686563e-04
6.266090273857116699e-01 1.628220052225515246e-04
6.268740296363830566e-01 1.831749978009611368e-04
6.276680231094360352e-01 2.374489995418116450e-04
6.281980276107788086e-01 2.849389857146888971e-04
6.287279725074768066e-01 3.392130020074546337e-04
6.292579770088195801e-01 3.867030027322471142e-04
6.297879815101623535e-01 4.748979990836232901e-04
6.303179860115051270e-01 5.630939849652349949e-04
6.305829882621765137e-01 6.580729968845844269e-04
6.313779950141906738e-01 8.548169862478971481e-04
6.316429972648620605e-01 9.905019542202353477e-04
6.321730017662048340e-01 1.132969977334141731e-03
6.327019929885864258e-01 1.485749962739646435e-03
6.332319974899291992e-01 1.899590017274022102e-03
6.337620019912719727e-01 2.259159926325082779e-03
6.342920064926147461e-01 2.842610003426671028e-03
6.345570087432861328e-01 3.161469940096139908e-03
6.350870132446289062e-01 3.853460075333714485e-03
6.353520154953002930e-01 4.369060043245553970e-03
6.356170177459716797e-01 4.986430052667856216e-03
6.361569762229919434e-01 5.383579991757869720e-03
6.372920274734497070e-01 9.421270340681076050e-03
6.388049721717834473e-01 1.615069992840290070e-02
6.399390101432800293e-01 2.422609925270080566e-02
6.406959891319274902e-01 3.364739939570426941e-02
6.418309807777404785e-01 5.383580178022384644e-02
6.425870060920715332e-01 7.267829775810241699e-02
6.441000103950500488e-01 1.224759966135025024e-01
6.448559761047363281e-01 1.615069955587387085e-01
6.459910273551940918e-01 2.274560034275054932e-01
6.463689804077148438e-01 2.826380133628845215e-01
6.475039720535278320e-01 3.768509924411773682e-01
6.482599973678588867e-01 4.522210061550140381e-01
6.490169763565063477e-01 5.558549761772155762e-01
6.501510143280029297e-01 6.325709819793701172e-01
6.505299806594848633e-01 6.662179827690124512e-01
6.512860059738159180e-01 6.985200047492980957e-01
6.516640186309814453e-01 7.146700024604797363e-01
6.520419716835021973e-01 7.254369854927062988e-01
6.531770229339599609e-01 7.227460145950317383e-01
6.539329886436462402e-01 7.187079787254333496e-01
6.546900272369384766e-01 7.079409956932067871e-01
6.558250188827514648e-01 6.917899847030639648e-01
6.565809845924377441e-01 6.890980005264282227e-01
6.577159762382507324e-01 6.837149858474731445e-01
6.588500142097473145e-01 6.917899847030639648e-01
6.596069931983947754e-01 7.025570273399353027e-01
6.603630185127258301e-01 7.119780182838439941e-01
6.611199975013732910e-01 7.267829775810241699e-01
6.618760228157043457e-01 7.456259727478027344e-01
6.633890271186828613e-01 7.886940240859985352e-01
6.645230054855346680e-01 8.183040022850036621e-01
6.656579971313476562e-01 8.492599725723266602e-01
6.664149761199951172e-01 8.721399903297424316e-01
6.675490140914916992e-01 8.923280239105224609e-01
6.679270267486572266e-01 8.977119922637939453e-01
6.683059930801391602e-01 9.030960202217102051e-01
6.686840057373046875e-01 9.084789752960205078e-01
6.690620183944702148e-01 9.138630032539367676e-01
6.694399714469909668e-01 9.192460179328918457e-01
6.698179841041564941e-01 9.259759783744812012e-01
6.705750226974487305e-01 9.300130009651184082e-01
6.713309884071350098e-01 9.327049851417541504e-01
6.724659800529479980e-01 9.340509772300720215e-01
6.732220053672790527e-01 9.327049851417541504e-01
6.739789843559265137e-01 9.300130009651184082e-01
6.747350096702575684e-01 9.259759783744812012e-01
6.754919886589050293e-01 9.205920100212097168e-01
6.762480139732360840e-01 9.165549874305725098e-01
6.773830056190490723e-01 9.111710190773010254e-01
6.785169839859008789e-01 9.057869911193847656e-01
6.800299882888793945e-01 9.004039764404296875e-01
6.819210052490234375e-01 9.004039764404296875e-01
6.845690011978149414e-01 9.057869911193847656e-01
6.864600181579589844e-01 9.138630032539367676e-01
6.875950098037719727e-01 9.192460179328918457e-01
6.883509755134582520e-01 9.232839941978454590e-01
6.891070008277893066e-01 9.273219704627990723e-01
6.898639798164367676e-01 9.313589930534362793e-01
6.909980177879333496e-01 9.367430210113525391e-01
6.925110220909118652e-01 9.421269893646240234e-01
6.947810053825378418e-01 9.461640119552612305e-01
6.966720223426818848e-01 9.461640119552612305e-01
6.993190050125122070e-01 9.434720277786254883e-01
7.008320093154907227e-01 9.407809972763061523e-01
7.027230262756347656e-01 9.380890130996704102e-01
7.042359709739685059e-01 9.353970289230346680e-01
7.065050005912780762e-01 9.353970289230346680e-01
7.083960175514221191e-01 9.367430210113525391e-01
7.099090218544006348e-01 9.407809972763061523e-01
7.125570178031921387e-01 9.475100040435791016e-01
7.136909961700439453e-01 9.515479803085327148e-01
7.144479751586914062e-01 9.542400240898132324e-01
7.163389921188354492e-01 9.609689712524414062e-01
7.186080217361450195e-01 9.676989912986755371e-01
7.212560176849365234e-01 9.717360138893127441e-01
7.239030003547668457e-01 9.717360138893127441e-01
7.261719703674316406e-01 9.676989912986755371e-01
7.291979789733886719e-01 9.582769870758056641e-01
7.303329706192016602e-01 9.542400240898132324e-01
7.314670085906982422e-01 9.502019882202148438e-01
7.329800128936767578e-01 9.434720277786254883e-01
7.348709702491760254e-01 9.367430210113525391e-01
7.363839745521545410e-01 9.327049851417541504e-01
7.382749915122985840e-01 9.286680221557617188e-01
7.405449748039245605e-01 9.273219704627990723e-01
7.416790127754211426e-01 9.273219704627990723e-01
7.439489960670471191e-01 9.300130009651184082e-01
7.458400130271911621e-01 9.353970289230346680e-01
7.473520040512084961e-01 9.407809972763061523e-01
7.492439746856689453e-01 9.475100040435791016e-01
7.503780126571655273e-01 9.515479803085327148e-01
7.511349916458129883e-01 9.555850028991699219e-01
7.522690296173095703e-01 9.596229791641235352e-01
7.534040212631225586e-01 9.650070071220397949e-01
7.545390129089355469e-01 9.690440297126770020e-01
7.560510039329528809e-01 9.744279980659484863e-01
7.568079829216003418e-01 9.757739901542663574e-01
7.583209872245788574e-01 9.798120260238647461e-01
7.605900168418884277e-01 9.825029969215393066e-01
7.613459825515747070e-01 9.825029969215393066e-01
7.628589868545532227e-01 9.811570048332214355e-01
7.643719911575317383e-01 9.771199822425842285e-01
7.651290297508239746e-01 9.757739901542663574e-01
7.662630081176757812e-01 9.717360138893127441e-01
7.673979997634887695e-01 9.676989912986755371e-01
7.689110040664672852e-01 9.623150229454040527e-01
7.696670293807983398e-01 9.582769870758056641e-01
7.708020210266113281e-01 9.542400240898132324e-01
7.715579867362976074e-01 9.488559961318969727e-01
7.723150253295898438e-01 9.448180198669433594e-01
7.734490036964416504e-01 9.407809972763061523e-01
7.742059826850891113e-01 9.367430210113525391e-01
7.753400206565856934e-01 9.313589930534362793e-01
7.760969996452331543e-01 9.273219704627990723e-01
7.772309780120849609e-01 9.232839941978454590e-01
7.779880166053771973e-01 9.192460179328918457e-01
7.791230082511901855e-01 9.152089953422546387e-01
7.806349992752075195e-01 9.098250269889831543e-01
7.832829952239990234e-01 9.057869911193847656e-01
7.847959995269775391e-01 9.044409990310668945e-01
7.870650291442871094e-01 9.044409990310668945e-01
7.885779738426208496e-01 9.057869911193847656e-01
7.897130250930786133e-01 9.084789752960205078e-01
7.912250161170959473e-01 9.111710190773010254e-01
7.923600077629089355e-01 9.152089953422546387e-01
7.942510247230529785e-01 9.205920100212097168e-01
7.957640290260314941e-01 9.259759783744812012e-01
7.972769737243652344e-01 9.327049851417541504e-01
7.984110116958618164e-01 9.367430210113525391e-01
7.991679906845092773e-01 9.407809972763061523e-01
8.003029823303222656e-01 9.448180198669433594e-01
8.014370203018188477e-01 9.488559961318969727e-01
8.029500246047973633e-01 9.555850028991699219e-01
8.048409819602966309e-01 9.609689712524414062e-01
8.063539862632751465e-01 9.663529992103576660e-01
8.078669905662536621e-01 9.690440297126770020e-01
8.093799948692321777e-01 9.717360138893127441e-01
8.108929991722106934e-01 9.730820059776306152e-01
8.131620287895202637e-01 9.744279980659484863e-01
8.158090114593505859e-01 9.730820059776306152e-01
8.165659904479980469e-01 9.717360138893127441e-01
8.188350200653076172e-01 9.676989912986755371e-01
8.211039900779724121e-01 9.636610150337219238e-01
8.222389817237854004e-01 9.609689712524414062e-01
8.245080113410949707e-01 9.569309949874877930e-01
8.260210156440734863e-01 9.542400240898132324e-01
8.271560072898864746e-01 9.515479803085327148e-01
8.286690115928649902e-01 9.488559961318969727e-01
8.305600285530090332e-01 9.461640119552612305e-01
8.350980281829833984e-01 9.434720277786254883e-01
8.385019898414611816e-01 9.448180198669433594e-01
8.411499857902526855e-01 9.475100040435791016e-01
8.437970280647277832e-01 9.515479803085327148e-01
8.479580283164978027e-01 9.596229791641235352e-01
8.494700193405151367e-01 9.623150229454040527e-01
8.528739809989929199e-01 9.676989912986755371e-01
8.570349812507629395e-01 9.730820059776306152e-01
8.604390025138854980e-01 9.757739901542663574e-01
8.619520068168640137e-01 9.757739901542663574e-01
8.645989894866943359e-01 9.757739901542663574e-01
8.664900064468383789e-01 9.744279980659484863e-01
8.687589764595031738e-01 9.717360138893127441e-01
8.710290193557739258e-01 9.676989912986755371e-01
8.732979893684387207e-01 9.636610150337219238e-01
8.744329810142517090e-01 9.609689712524414062e-01
8.759459853172302246e-01 9.582769870758056641e-01
8.774579763412475586e-01 9.542400240898132324e-01
8.797280192375183105e-01 9.502019882202148438e-01
8.812410235404968262e-01 9.475100040435791016e-01
8.835099935531616211e-01 9.434720277786254883e-01
8.854010105133056641e-01 9.407809972763061523e-01
8.872920274734497070e-01 9.380890130996704102e-01
8.899390101432800293e-01 9.353970289230346680e-01
8.929650187492370605e-01 9.340509772300720215e-01
8.956130146980285645e-01 9.340509772300720215e-01
8.982599973678588867e-01 9.353970289230346680e-01
8.997730016708374023e-01 9.367430210113525391e-01
9.035549759864807129e-01 9.407809972763061523e-01
9.054459929466247559e-01 9.434720277786254883e-01
9.073370099067687988e-01 9.461640119552612305e-01
9.092280268669128418e-01 9.488559961318969727e-01
9.107409715652465820e-01 9.502019882202148438e-01
9.122539758682250977e-01 9.528939723968505859e-01
9.145230054855346680e-01 9.555850028991699219e-01
9.160360097885131836e-01 9.569309949874877930e-01
9.183059930801391602e-01 9.596229791641235352e-01
9.201970100402832031e-01 9.609689712524414062e-01
9.247350096702575684e-01 9.623150229454040527e-01
9.292740225791931152e-01 9.609689712524414062e-01
9.326779842376708984e-01 9.582769870758056641e-01
9.341909885406494141e-01 9.569309949874877930e-01
9.357029795646667480e-01 9.555850028991699219e-01
9.372159838676452637e-01 9.542400240898132324e-01
9.394860267639160156e-01 9.515479803085327148e-01
9.428899884223937988e-01 9.488559961318969727e-01
9.444019794464111328e-01 9.475100040435791016e-01
9.459149837493896484e-01 9.461640119552612305e-01
9.493190050125122070e-01 9.434720277786254883e-01
9.538580179214477539e-01 9.421269893646240234e-01
9.587749838829040527e-01 9.434720277786254883e-01
9.621790051460266113e-01 9.461640119552612305e-01
9.648259878158569336e-01 9.488559961318969727e-01
9.670950174331665039e-01 9.515479803085327148e-01
9.693650007247924805e-01 9.542400240898132324e-01
9.731469750404357910e-01 9.596229791641235352e-01
9.780640006065368652e-01 9.663529992103576660e-01
9.814670085906982422e-01 9.703900218009948730e-01
9.844930171966552734e-01 9.730820059776306152e-01
9.863839745521545410e-01 9.744279980659484863e-01
9.897879958152770996e-01 9.757739901542663574e-01
9.913010001182556152e-01 9.757739901542663574e-01
9.931920170783996582e-01 9.757739901542663574e-01
9.958400130271911621e-01 9.744279980659484863e-01
9.977309703826904297e-01 9.730820059776306152e-01
9.984869956970214844e-01 9.717360138893127441e-01
1.000000000000000000e+00 9.703900218009948730e-01
1.000380039215087891e+00 9.703900218009948730e-01
1.002550005912780762e+00 9.687070250511169434e-01
1.006039977073669434e+00 9.619050025939941406e-01
1.009520053863525391e+00 9.564629793167114258e-01
1.013000011444091797e+00 9.523810148239135742e-01
1.016489982604980469e+00 9.469389915466308594e-01
1.019970059394836426e+00 9.414970278739929199e-01
1.023450016975402832e+00 9.360539913177490234e-01
1.026929974555969238e+00 9.278910160064697266e-01
1.033900022506713867e+00 9.210879802703857422e-01
1.040869951248168945e+00 9.210879802703857422e-01
1.047829985618591309e+00 9.224489927291870117e-01
1.054800033569335938e+00 9.306120276451110840e-01
1.058279991149902344e+00 9.360539913177490234e-01
1.061759948730468750e+00 9.414970278739929199e-01
1.065250039100646973e+00 9.469389915466308594e-01
1.068729996681213379e+00 9.551020264625549316e-01
1.072209954261779785e+00 9.632650017738342285e-01
1.075700044631958008e+00 9.673470258712768555e-01
1.079180002212524414e+00 9.714289903640747070e-01
1.086150050163269043e+00 9.741500020027160645e-01
1.093109965324401855e+00 9.741500020027160645e-01
1.100080013275146484e+00 9.700679779052734375e-01
1.107040047645568848e+00 9.632650017738342285e-01
1.114009976387023926e+00 9.551020264625549316e-01
1.124459981918334961e+00 9.428570270538330078e-01
1.134909987449645996e+00 9.346939921379089355e-01
1.141870021820068359e+00 9.333329796791076660e-01
1.148839950561523438e+00 9.333329796791076660e-01
1.155799984931945801e+00 9.360539913177490234e-01
1.162770032882690430e+00 9.414970278739929199e-01
1.176699995994567871e+00 9.523810148239135742e-01
1.187150001525878906e+00 9.619050025939941406e-01
1.190629959106445312e+00 9.646260142326354980e-01
1.201079964637756348e+00 9.659860134124755859e-01
1.208050012588500977e+00 9.659860134124755859e-01
1.218500018119812012e+00 9.619050025939941406e-01
1.232429981231689453e+00 9.564629793167114258e-01
1.246359944343566895e+00 9.496600031852722168e-01
1.256809949874877930e+00 9.455779790878295898e-01
1.270740032196044922e+00 9.442179799079895020e-01
1.277709960937500000e+00 9.442179799079895020e-01
1.288159966468811035e+00 9.469389915466308594e-01
1.302090048789978027e+00 9.496600031852722168e-01
1.316020011901855469e+00 9.510200023651123047e-01
1.329949975013732910e+00 9.510200023651123047e-01
1.347370028495788574e+00 9.510200023651123047e-01
1.361299991607666016e+00 9.496600031852722168e-01
1.382200002670288086e+00 9.482989907264709473e-01
1.396129965782165527e+00 9.496600031852722168e-01
1.410060048103332520e+00 9.510200023651123047e-01
1.417029976844787598e+00 9.523810148239135742e-01
1.430960059165954590e+00 9.537410140037536621e-01
1.444890022277832031e+00 9.551020264625549316e-01
1.458819985389709473e+00 9.551020264625549316e-01
1.469269990921020508e+00 9.537410140037536621e-01
1.483199954032897949e+00 9.510200023651123047e-01
1.497140049934387207e+00 9.482989907264709473e-01
1.507590055465698242e+00 9.455779790878295898e-01
1.518030047416687012e+00 9.428570270538330078e-01
1.531970024108886719e+00 9.401360154151916504e-01
1.545899987220764160e+00 9.401360154151916504e-01
1.563310027122497559e+00 9.414970278739929199e-01
1.580729961395263672e+00 9.442179799079895020e-01
1.598140001296997070e+00 9.496600031852722168e-01
1.605110049247741699e+00 9.510200023651123047e-01
1.619040012359619141e+00 9.551020264625549316e-01
1.636459946632385254e+00 9.578229784965515137e-01
1.650390028953552246e+00 9.591839909553527832e-01
1.664319992065429688e+00 9.591839909553527832e-01
1.671280026435852051e+00 9.578229784965515137e-01
1.685220003128051758e+00 9.564629793167114258e-01
1.692180037498474121e+00 9.537410140037536621e-01
1.706110000610351562e+00 9.510200023651123047e-01
1.713080048561096191e+00 9.482989907264709473e-01
1.720049977302551270e+00 9.469389915466308594e-01
1.730499982833862305e+00 9.442179799079895020e-01
1.740939974784851074e+00 9.414970278739929199e-01
1.761839985847473145e+00 9.387760162353515625e-01
1.775769948959350586e+00 9.374150037765502930e-01
1.789710044860839844e+00 9.374150037765502930e-01
1.800150036811828613e+00 9.374150037765502930e-01
1.807119965553283691e+00 9.387760162353515625e-01
1.821050047874450684e+00 9.401360154151916504e-01
1.852399945259094238e+00 9.469389915466308594e-01
1.880259990692138672e+00 9.523810148239135742e-01
1.901160001754760742e+00 9.551020264625549316e-01
1.918580055236816406e+00 9.564629793167114258e-01
1.942960023880004883e+00 9.551020264625549316e-01
1.949920058250427246e+00 9.537410140037536621e-01
1.956889986991882324e+00 9.537410140037536621e-01
1.963850021362304688e+00 9.523810148239135742e-01
1.977789998054504395e+00 9.510200023651123047e-01
1.998679995536804199e+00 9.469389915466308594e-01
2.016099929809570312e+00 9.442179799079895020e-01
2.030030012130737305e+00 9.428570270538330078e-01
2.036999940872192383e+00 9.414970278739929199e-01
2.043960094451904297e+00 9.414970278739929199e-01
2.050930023193359375e+00 9.401360154151916504e-01
2.061379909515380859e+00 9.401360154151916504e-01
2.068340063095092773e+00 9.387760162353515625e-01
2.082279920578002930e+00 9.387760162353515625e-01
2.089240074157714844e+00 9.401360154151916504e-01
2.099689960479736328e+00 9.401360154151916504e-01
2.106659889221191406e+00 9.414970278739929199e-01
2.113620042800903320e+00 9.414970278739929199e-01
2.120589971542358398e+00 9.428570270538330078e-01
2.134520053863525391e+00 9.442179799079895020e-01
2.169349908828735352e+00 9.510200023651123047e-01
2.193730115890502930e+00 9.551020264625549316e-01
2.211149930953979492e+00 9.578229784965515137e-01
2.242490053176879883e+00 9.619050025939941406e-01
2.263390064239501953e+00 9.632650017738342285e-01
2.294739961624145508e+00 9.632650017738342285e-01
2.312150001525878906e+00 9.619050025939941406e-01
2.340019941329956055e+00 9.578229784965515137e-01
2.360909938812255859e+00 9.537410140037536621e-01
2.385289907455444336e+00 9.496600031852722168e-01
2.409670114517211914e+00 9.432876110076904297e-01
2.423609972000122070e+00 9.405335783958435059e-01
2.444499969482421875e+00 9.364020228385925293e-01
2.482820034027099609e+00 9.308939576148986816e-01
2.521130084991455078e+00 9.281399250030517578e-01
2.562930107116699219e+00 9.295164346694946289e-01
2.597759962081909180e+00 9.308939576148986816e-01
2.625619888305664062e+00 9.336479902267456055e-01
2.667409896850585938e+00 9.350255131721496582e-01
2.670900106430053711e+00 9.336479902267456055e-01
2.674380064010620117e+00 9.226318597793579102e-01
2.681349992752075195e+00 9.198777675628662109e-01
2.695280075073242188e+00 9.129921793937683105e-01
2.702239990234375000e+00 9.033525586128234863e-01
2.712690114974975586e+00 8.964669704437255859e-01
2.730109930038452148e+00 8.895823955535888672e-01
2.747519969940185547e+00 8.882048726081848145e-01
2.764940023422241211e+00 8.909589052200317383e-01
2.782350063323974609e+00 8.937129378318786621e-01
2.827630043029785156e+00 9.019750356674194336e-01
2.876389980316162109e+00 9.088606238365173340e-01
2.911220073699951172e+00 9.129921793937683105e-01
2.953020095825195312e+00 9.143686890602111816e-01
3.161999940872192383e+00 9.129921793937683105e-01
3.245589971542358398e+00 9.143686890602111816e-01
3.346590042114257812e+00 9.171227216720581055e-01
3.440629959106445312e+00 9.198777675628662109e-01
3.593889951705932617e+00 9.212542772293090820e-01
3.855109930038452148e+00 9.226318597793579102e-01
3.987459897994995117e+00 9.240083694458007812e-01
4.088469982147216797e+00 9.267624020576477051e-01
4.175539970397949219e+00 9.308939576148986816e-01
4.203410148620605469e+00 9.322704672813415527e-01
4.231269836425781250e+00 9.336479902267456055e-01
4.269579887390136719e+00 9.350255131721496582e-01
4.353169918060302734e+00 9.364020228385925293e-01
4.530799865722656250e+00 9.350255131721496582e-01
4.603950023651123047e+00 9.322704672813415527e-01
4.684060096740722656e+00 9.267624020576477051e-01
4.697989940643310547e+00 9.253858923912048340e-01
4.711919784545898438e+00 9.240083694458007812e-01
4.722370147705078125e+00 9.226318597793579102e-01
4.736299991607666016e+00 9.198777675628662109e-01
4.750229835510253906e+00 9.185002446174621582e-01
4.764160156250000000e+00 9.157462120056152344e-01
4.774610042572021484e+00 9.143686890602111816e-01
4.788539886474609375e+00 9.116146564483642578e-01
4.812930107116699219e+00 9.074841141700744629e-01
4.826859951019287109e+00 9.047300815582275391e-01
4.837309837341308594e+00 9.019750356674194336e-01
4.851240158081054688e+00 8.992210030555725098e-01
4.861690044403076172e+00 8.964669704437255859e-01
4.875619888305664062e+00 8.937129378318786621e-01
4.886069774627685547e+00 8.909589052200317383e-01
4.896520137786865234e+00 8.882048726081848145e-01
4.910449981689453125e+00 8.854508399963378906e-01
4.920899868011474609e+00 8.826968073844909668e-01
4.934830188751220703e+00 8.785652518272399902e-01
4.945280075073242188e+00 8.758112192153930664e-01
4.955729961395263672e+00 8.730571866035461426e-01
4.969659805297851562e+00 8.703031539916992188e-01
4.980110168457031250e+00 8.675491213798522949e-01
4.994040012359619141e+00 8.647950887680053711e-01
5.004489898681640625e+00 8.620410561561584473e-01
6.000000000000000000e+00 8.620410561561584473e-01
