5.000000000000000000e-01 2.410148881608620286e-04
5.013999938964843750e-01 2.410214801784604788e-04
5.027999877929687500e-01 2.410279848845675588e-04
5.041999816894531250e-01 2.410344168310984969e-04
5.055999755859375000e-01 2.410407614661380649e-04
5.070000290870666504e-01 2.410470187896862626e-04
5.084000229835510254e-01 2.410531888017430902e-04
5.098000168800354004e-01 2.410592860542237759e-04
5.112000107765197754e-01 2.410652814432978630e-04
5.126000046730041504e-01 2.410712186247110367e-04
5.139999985694885254e-01 2.410770539427176118e-04
5.153999924659729004e-01 2.410828165011480451e-04
5.167999863624572754e-01 2.410884917480871081e-04
5.181999802589416504e-01 2.410940942354500294e-04
5.195999741554260254e-01 2.410996094113215804e-04
5.210000276565551758e-01 2.411050518276169896e-04
5.224000215530395508e-01 2.411104069324210286e-04
5.238000154495239258e-01 2.411156747257336974e-04
5.252000093460083008e-01 2.411208697594702244e-04
5.266000032424926758e-01 2.411259920336306095e-04
5.279999971389770508e-01 2.411310269962996244e-04
5.293999910354614258e-01 2.411359891993924975e-04
5.307999849319458008e-01 2.411408640909940004e-04
5.321999788284301758e-01 2.411456662230193615e-04
5.335999727249145508e-01 2.411503810435533524e-04
5.350000262260437012e-01 2.411550231045112014e-04
5.364000201225280762e-01 2.411595924058929086e-04
5.378000140190124512e-01 2.411640743957832456e-04
5.392000079154968262e-01 2.411684836260974407e-04
5.406000018119812012e-01 2.411728200968354940e-04
5.419999957084655762e-01 2.411770838079974055e-04
5.433999896049499512e-01 2.411812602076679468e-04
5.447999835014343262e-01 2.411853638477623463e-04
5.461999773979187012e-01 2.411893947282806039e-04
5.475999712944030762e-01 2.411933528492227197e-04
5.490000247955322266e-01 2.411972236586734653e-04
5.504000186920166016e-01 2.412010362604632974e-04
5.518000125885009766e-01 2.412047615507617593e-04
5.532000064849853516e-01 2.412084140814840794e-04
5.546000003814697266e-01 2.412119938526302576e-04
5.559999942779541016e-01 2.412155008642002940e-04
5.573999881744384766e-01 2.412189351161941886e-04
5.587999820709228516e-01 2.412222966086119413e-04
5.601999759674072266e-01 2.412255853414535522e-04
5.616000294685363770e-01 2.412287867628037930e-04
5.630000233650207520e-01 2.412319299764931202e-04
5.644000172615051270e-01 2.412350004306063056e-04
5.658000111579895020e-01 2.412379981251433492e-04
5.672000050544738770e-01 2.412409230601042509e-04
5.685999989509582520e-01 2.412437752354890108e-04
5.699999928474426270e-01 2.412465546512976289e-04
5.713999867439270020e-01 2.412492613075301051e-04
5.727999806404113770e-01 2.412519097561016679e-04
5.741999745368957520e-01 2.412544708931818604e-04
5.756000280380249023e-01 2.412569738226011395e-04
5.770000219345092773e-01 2.412594039924442768e-04
5.784000158309936523e-01 2.412617614027112722e-04
5.798000097274780273e-01 2.412640460534021258e-04
5.812000036239624023e-01 2.412662724964320660e-04
5.825999975204467773e-01 2.412684261798858643e-04
5.839999914169311523e-01 2.412705071037635207e-04
5.853999853134155273e-01 2.412725152680650353e-04
5.867999792098999023e-01 2.412744652247056365e-04
5.881999731063842773e-01 2.412763424217700958e-04
5.896000266075134277e-01 2.412781468592584133e-04
5.910000205039978027e-01 2.412798930890858173e-04
5.924000144004821777e-01 2.412815665593370795e-04
5.938000082969665527e-01 2.412831818219274282e-04
5.952000021934509277e-01 2.412847097730264068e-04
5.965999960899353027e-01 2.412861940683797002e-04
5.979999899864196777e-01 2.412876056041568518e-04
5.993999838829040527e-01 2.412889443803578615e-04
6.007999777793884277e-01 2.412902103969827294e-04
6.021999716758728027e-01 2.412914327578619123e-04
6.036000251770019531e-01 2.412925678072497249e-04
6.050000190734863281e-01 2.412936446489766240e-04
6.064000129699707031e-01 2.412946632830426097e-04
6.078000068664550781e-01 2.412956237094476819e-04
6.092000007629394531e-01 2.412964968243613839e-04
6.105999946594238281e-01 2.412973262835294008e-04
6.119999885559082031e-01 2.412980829831212759e-04
6.133999824523925781e-01 2.412987814750522375e-04
6.147999763488769531e-01 2.412994072074070573e-04
6.161999702453613281e-01 2.412999747321009636e-04
6.176000237464904785e-01 2.413004694972187281e-04
6.190000176429748535e-01 2.413009206065908074e-04
6.204000115394592285e-01 2.413012989563867450e-04
6.218000054359436035e-01 2.413016045466065407e-04
6.231999993324279785e-01 2.413018664810806513e-04
6.245999932289123535e-01 2.413020556559786201e-04
6.259999871253967285e-01 2.413021866232156754e-04
6.273999810218811035e-01 2.413022593827918172e-04
6.287999749183654785e-01 2.413022593827918172e-04
6.302000284194946289e-01 2.413022011751309037e-04
6.316000223159790039e-01 2.413020847598090768e-04
6.330000162124633789e-01 2.413019101368263364e-04
6.344000101089477539e-01 2.413016773061826825e-04
6.358000040054321289e-01 2.413013862678781152e-04
6.371999979019165039e-01 2.413010224699974060e-04
6.385999917984008789e-01 2.413006150163710117e-04
6.399999856948852539e-01 2.413001348031684756e-04
6.413999795913696289e-01 2.412995963823050261e-04
6.427999734878540039e-01 2.412989997537806630e-04
6.442000269889831543e-01 2.412983594695106149e-04
6.456000208854675293e-01 2.412976464256644249e-04
6.470000147819519043e-01 2.412968751741573215e-04
6.484000086784362793e-01 2.412960457149893045e-04
6.498000025749206543e-01 2.412951580481603742e-04
6.511999964714050293e-01 2.412942121736705303e-04
6.525999903678894043e-01 2.412932080915197730e-04
6.539999842643737793e-01 2.412921458017081022e-04
6.553999781608581543e-01 2.412910253042355180e-04
6.567999720573425293e-01 2.412898611510172486e-04
6.582000255584716797e-01 2.412886242382228374e-04
6.596000194549560547e-01 2.412873436696827412e-04
6.610000133514404297e-01 2.412859903415665030e-04
6.624000072479248047e-01 2.412845933577045798e-04
6.638000011444091797e-01 2.412831381661817431e-04
6.651999950408935547e-01 2.412816247669979930e-04
6.665999889373779297e-01 2.412800531601533294e-04
6.679999828338623047e-01 2.412784378975629807e-04
6.693999767303466797e-01 2.412767498753964901e-04
6.707999706268310547e-01 2.412750181974843144e-04
6.722000241279602051e-01 2.412732283119112253e-04
6.736000180244445801e-01 2.412713802186772227e-04
6.750000119209289551e-01 2.412694884696975350e-04
6.764000058174133301e-01 2.412675385130569339e-04
6.777999997138977051e-01 2.412655303487554193e-04
6.791999936103820801e-01 2.412634639767929912e-04
6.805999875068664551e-01 2.412613539490848780e-04
6.819999814033508301e-01 2.412591857137158513e-04
6.833999752998352051e-01 2.412569592706859112e-04
6.848000288009643555e-01 2.412546891719102859e-04
6.862000226974487305e-01 2.412523608654737473e-04
6.876000165939331055e-01 2.412499889032915235e-04
6.890000104904174805e-01 2.412475587334483862e-04
6.904000043869018555e-01 2.412450703559443355e-04
6.917999982833862305e-01 2.412425237707793713e-04
6.931999921798706055e-01 2.412399335298687220e-04
6.945999860763549805e-01 2.412372996332123876e-04
6.959999799728393555e-01 2.412346075288951397e-04
6.973999738693237305e-01 2.412318572169169784e-04
6.988000273704528809e-01 2.412290632491931319e-04
7.002000212669372559e-01 2.412262256257236004e-04
7.016000151634216309e-01 2.412233152426779270e-04
7.030000090599060059e-01 2.412203757558017969e-04
7.044000029563903809e-01 2.412173780612647533e-04
7.057999968528747559e-01 2.412143221590667963e-04
7.071999907493591309e-01 2.412112226011231542e-04
7.085999846458435059e-01 2.412080793874338269e-04
7.099999785423278809e-01 2.412048779660835862e-04
7.113999724388122559e-01 2.412016183370724320e-04
7.128000259399414062e-01 2.411983296042308211e-04
7.142000198364257812e-01 2.411949826637282968e-04
7.156000137329101562e-01 2.411915775155648589e-04
7.170000076293945312e-01 2.411881287116557360e-04
7.184000015258789062e-01 2.411846362520009279e-04
7.197999954223632812e-01 2.411810855846852064e-04
7.211999893188476562e-01 2.411775058135390282e-04
7.225999832153320312e-01 2.411738532828167081e-04
7.239999771118164062e-01 2.411701716482639313e-04
7.253999710083007812e-01 2.411664318060502410e-04
7.268000245094299316e-01 2.411626483080908656e-04
7.282000184059143066e-01 2.411588066024705768e-04
7.296000123023986816e-01 2.411549357930198312e-04
7.310000061988830566e-01 2.411510067759081721e-04
7.324000000953674316e-01 2.411470341030508280e-04
7.337999939918518066e-01 2.411430032225325704e-04
7.351999878883361816e-01 2.411389432381838560e-04
7.365999817848205566e-01 2.411348250461742282e-04
7.379999756813049316e-01 2.411306631984189153e-04
7.394000291824340820e-01 2.411264576949179173e-04
7.408000230789184570e-01 2.411221939837560058e-04
7.422000169754028320e-01 2.411179011687636375e-04
7.436000108718872070e-01 2.411135501461103559e-04
7.450000047683715820e-01 2.411091554677113891e-04
7.463999986648559570e-01 2.411047171335667372e-04
7.477999925613403320e-01 2.411002351436764002e-04
7.491999864578247070e-01 2.410957094980403781e-04
7.505999803543090820e-01 2.410911256447434425e-04
7.519999742507934570e-01 2.410865126876160502e-04
7.534000277519226074e-01 2.410818415228277445e-04
7.548000216484069824e-01 2.410771412542089820e-04
7.562000155448913574e-01 2.410723827779293060e-04
7.576000094413757324e-01 2.410675806459039450e-04
7.590000033378601074e-01 2.410627494100481272e-04
7.603999972343444824e-01 2.410578599665313959e-04
7.617999911308288574e-01 2.410529268672689795e-04
7.631999850273132324e-01 2.410479501122608781e-04
7.645999789237976074e-01 2.410429297015070915e-04
7.659999728202819824e-01 2.410378801869228482e-04
7.674000263214111328e-01 2.410327724646776915e-04
7.688000202178955078e-01 2.410276210866868496e-04
7.702000141143798828e-01 2.410224260529503226e-04
7.716000080108642578e-01 2.410172019153833389e-04
7.730000019073486328e-01 2.410119195701554418e-04
7.743999958038330078e-01 2.410066081210970879e-04
7.757999897003173828e-01 2.410012384643778205e-04
7.771999835968017578e-01 2.409958397038280964e-04
7.785999774932861328e-01 2.409903972875326872e-04
7.799999713897705078e-01 2.409849112154915929e-04
7.814000248908996582e-01 2.409793814877048135e-04
7.828000187873840332e-01 2.409738081041723490e-04
7.842000126838684082e-01 2.409681910648941994e-04
7.856000065803527832e-01 2.409625303698703647e-04
7.870000004768371582e-01 2.409568405710160732e-04
7.883999943733215332e-01 2.409511071164160967e-04
7.897999882698059082e-01 2.409453300060704350e-04
7.911999821662902832e-01 2.409395092399790883e-04
7.925999760627746582e-01 2.409336448181420565e-04
7.940000295639038086e-01 2.409277367405593395e-04
7.954000234603881836e-01 2.409217995591461658e-04
7.968000173568725586e-01 2.409158187219873071e-04
7.982000112533569336e-01 2.409097942290827632e-04
7.996000051498413086e-01 2.409037406323477626e-04
8.009999990463256836e-01 2.408976288279518485e-04
8.023999929428100586e-01 2.408914879197254777e-04
8.037999868392944336e-01 2.408853033557534218e-04
8.051999807357788086e-01 2.408790896879509091e-04
8.065999746322631836e-01 2.408728178124874830e-04
8.080000281333923340e-01 2.408665168331936002e-04
8.094000220298767090e-01 2.408601867500692606e-04
8.108000159263610840e-01 2.408537984592840075e-04
8.122000098228454590e-01 2.408473810646682978e-04
8.136000037193298340e-01 2.408409200143069029e-04
8.149999976158142090e-01 2.408344298601150513e-04
8.163999915122985840e-01 2.408278960501775146e-04
8.177999854087829590e-01 2.408213185844942927e-04
8.191999793052673340e-01 2.408147120149806142e-04
8.205999732017517090e-01 2.408080617897212505e-04
8.220000267028808594e-01 2.408013679087162018e-04
8.234000205993652344e-01 2.407946449238806963e-04
8.248000144958496094e-01 2.407878782832995057e-04
8.262000083923339844e-01 2.407810825388878584e-04
8.276000022888183594e-01 2.407742431387305260e-04
8.289999961853027344e-01 2.407673600828275084e-04
8.303999900817871094e-01 2.407604479230940342e-04
8.317999839782714844e-01 2.407535066595301032e-04
8.331999778747558594e-01 2.407465071883052588e-04
8.345999717712402344e-01 2.407394786132499576e-04
8.360000252723693848e-01 2.407324209343641996e-04
8.374000191688537598e-01 2.407253195997327566e-04
8.388000130653381348e-01 2.407181891612708569e-04
8.402000069618225098e-01 2.407110150670632720e-04
8.416000008583068848e-01 2.407037973171100020e-04
8.429999947547912598e-01 2.406965504633262753e-04
8.443999886512756348e-01 2.406892745057120919e-04
8.457999825477600098e-01 2.406819548923522234e-04
8.471999764442443848e-01 2.406746061751618981e-04
8.485999703407287598e-01 2.406672138022258878e-04
8.500000238418579102e-01 2.406597777735441923e-04
8.514000177383422852e-01 2.406523126410320401e-04
8.528000116348266602e-01 2.406448184046894312e-04
8.542000055313110352e-01 2.406372805126011372e-04
8.555999994277954102e-01 2.406297135166823864e-04
8.569999933242797852e-01 2.406221174169331789e-04
8.583999872207641602e-01 2.406144776614382863e-04
8.597999811172485352e-01 2.406067942501977086e-04
8.611999750137329102e-01 2.405990962870419025e-04
8.626000285148620605e-01 2.405913401162251830e-04
8.640000224113464355e-01 2.405835693934932351e-04
8.654000163078308105e-01 2.405757550150156021e-04
8.668000102043151855e-01 2.405678969807922840e-04
8.682000041007995605e-01 2.405600243946537375e-04
8.695999979972839355e-01 2.405521081527695060e-04
8.709999918937683105e-01 2.405441482551395893e-04
8.723999857902526855e-01 2.405361592536792159e-04
8.737999796867370605e-01 2.405281411483883858e-04
8.751999735832214355e-01 2.405200939392670989e-04
8.766000270843505859e-01 2.405120030744001269e-04
8.780000209808349609e-01 2.405038831057026982e-04
8.794000148773193359e-01 2.404957194812595844e-04
8.808000087738037109e-01 2.404875267529860139e-04
8.822000026702880859e-01 2.404793049208819866e-04
8.835999965667724609e-01 2.404710539849475026e-04
8.849999904632568359e-01 2.404627593932673335e-04
8.863999843597412109e-01 2.404544356977567077e-04
8.877999782562255859e-01 2.404460828984156251e-04
8.891999721527099609e-01 2.404377009952440858e-04
8.906000256538391113e-01 2.404292754363268614e-04
8.920000195503234863e-01 2.404208207735791802e-04
8.934000134468078613e-01 2.404123370070010424e-04
8.948000073432922363e-01 2.404038095846772194e-04
8.962000012397766113e-01 2.403952530585229397e-04
8.975999951362609863e-01 2.403866674285382032e-04
8.989999890327453613e-01 2.403780526947230101e-04
9.003999829292297363e-01 2.403694088570773602e-04
9.017999768257141113e-01 2.403607213636860251e-04
9.031999707221984863e-01 2.403520047664642334e-04
9.046000242233276367e-01 2.403432590654119849e-04
9.060000181198120117e-01 2.403344842605292797e-04
9.074000120162963867e-01 2.403256657999008894e-04
9.088000059127807617e-01 2.403168327873572707e-04
9.101999998092651367e-01 2.403079561190679669e-04
9.115999937057495117e-01 2.402990503469482064e-04
9.129999876022338867e-01 2.402901154709979892e-04
9.143999814987182617e-01 2.402811369393020868e-04
9.157999753952026367e-01 2.402721438556909561e-04
9.172000288963317871e-01 2.402631071163341403e-04
9.186000227928161621e-01 2.402540412731468678e-04
9.200000166893005371e-01 2.402449463261291385e-04
9.214000105857849121e-01 2.402358222752809525e-04
9.228000044822692871e-01 2.402266691206023097e-04
9.241999983787536621e-01 2.402174868620932102e-04
9.255999922752380371e-01 2.402082609478384256e-04
9.269999861717224121e-01 2.401990204816684127e-04
9.283999800682067871e-01 2.401897363597527146e-04
9.297999739646911621e-01 2.401804231340065598e-04
9.312000274658203125e-01 2.401710953563451767e-04
9.326000213623046875e-01 2.401617239229381084e-04
9.340000152587890625e-01 2.401523233857005835e-04
9.354000091552734375e-01 2.401428937446326017e-04
9.368000030517578125e-01 2.401334204478189349e-04
9.381999969482421875e-01 2.401239325990900397e-04
9.395999908447265625e-01 2.401144156465306878e-04
9.409999847412109375e-01 2.401048550382256508e-04
9.423999786376953125e-01 2.400952798780053854e-04
9.437999725341796875e-01 2.400856610620394349e-04
9.452000260353088379e-01 2.400760276941582561e-04
9.466000199317932129e-01 2.400663506705313921e-04
9.480000138282775879e-01 2.400566590949892998e-04
9.494000077247619629e-01 2.400469238637015224e-04
9.508000016212463379e-01 2.400371595285832882e-04
9.521999955177307129e-01 2.400273660896345973e-04
9.535999894142150879e-01 2.400175580987706780e-04
9.549999833106994629e-01 2.400077064521610737e-04
9.563999772071838379e-01 2.399978257017210126e-04
9.577999711036682129e-01 2.399879158474504948e-04
9.592000246047973633e-01 2.399779914412647486e-04
9.606000185012817383e-01 2.399680233793333173e-04
9.620000123977661133e-01 2.399580262135714293e-04
9.634000062942504883e-01 2.399479999439790845e-04
9.648000001907348633e-01 2.399379591224715114e-04
9.661999940872192383e-01 2.399278746452182531e-04
9.675999879837036133e-01 2.399177610641345382e-04
9.689999818801879883e-01 2.399076329311355948e-04
9.703999757766723633e-01 2.398974611423909664e-04
9.718000292778015137e-01 2.398872602498158813e-04
9.732000231742858887e-01 2.398770448053255677e-04
9.746000170707702637e-01 2.398667857050895691e-04
9.760000109672546387e-01 2.398565120529383421e-04
9.774000048637390137e-01 2.398462092969566584e-04
9.787999987602233887e-01 2.398358628852292895e-04
9.801999926567077637e-01 2.398255019215866923e-04
9.815999865531921387e-01 2.398151118541136384e-04
9.829999804496765137e-01 2.398046926828101277e-04
9.843999743461608887e-01 2.397942444076761603e-04
9.858000278472900391e-01 2.397837670287117362e-04
9.872000217437744141e-01 2.397732605459168553e-04
9.886000156402587891e-01 2.397627249592915177e-04
9.900000095367431641e-01 2.397521602688357234e-04
9.914000034332275391e-01 2.397415810264647007e-04
9.927999973297119141e-01 2.397309581283479929e-04
9.941999912261962891e-01 2.397203206783160567e-04
9.955999851226806641e-01 2.397096395725384355e-04
9.969999790191650391e-01 2.396989439148455858e-04
9.983999729156494141e-01 2.396882191533222795e-04
9.998000264167785645e-01 2.396774652879685163e-04
1.001199960708618164e+00 2.396666823187842965e-04
1.002599954605102539e+00 2.396558847976848483e-04
1.003999948501586914e+00 2.396450436208397150e-04
1.005399942398071289e+00 2.396341733401641250e-04
1.006800055503845215e+00 2.396232885075733066e-04
1.008200049400329590e+00 2.396123745711520314e-04
1.009600043296813965e+00 2.396014315309002995e-04
1.011000037193298340e+00 2.395904593868181109e-04
1.012400031089782715e+00 2.395794581389054656e-04
1.013800024986267090e+00 2.395684277871623635e-04
1.015200018882751465e+00 2.395573828835040331e-04
1.016600012779235840e+00 2.395463088760152459e-04
1.018000006675720215e+00 2.395351912127807736e-04
1.019400000572204590e+00 2.395240589976310730e-04
1.020799994468688965e+00 2.395129122305661440e-04
1.022199988365173340e+00 2.395017218077555299e-04
1.023599982261657715e+00 2.394905022811144590e-04
1.024999976158142090e+00 2.394792682025581598e-04
1.026399970054626465e+00 2.394680050201714039e-04
1.027799963951110840e+00 2.394567127339541912e-04
1.029199957847595215e+00 2.394453913439065218e-04
1.030599951744079590e+00 2.394340408500283957e-04
1.031999945640563965e+00 2.394226758042350411e-04
1.033400058746337891e+00 2.394112816546112299e-04
1.034800052642822266e+00 2.393998584011569619e-04
1.036200046539306641e+00 2.393884060438722372e-04
1.037600040435791016e+00 2.393769245827570558e-04
1.039000034332275391e+00 2.393654285697266459e-04
1.040400028228759766e+00 2.393538889009505510e-04
1.041800022125244141e+00 2.393423346802592278e-04
1.043200016021728516e+00 2.393307513557374477e-04
1.044600009918212891e+00 2.393191534793004394e-04
1.046000003814697266e+00 2.393075119471177459e-04
1.047399997711181641e+00 2.392958558630198240e-04
1.048799991607666016e+00 2.392841706750914454e-04
1.050199985504150391e+00 2.392724563833326101e-04
1.051599979400634766e+00 2.392607275396585464e-04
1.052999973297119141e+00 2.392489550402387977e-04
1.054399967193603516e+00 2.392371679889038205e-04
1.055799961090087891e+00 2.392253518337383866e-04
1.057199954986572266e+00 2.392135211266577244e-04
1.058599948883056641e+00 2.392016467638313770e-04
1.059999942779541016e+00 2.391897578490898013e-04
1.061400055885314941e+00 2.391778398305177689e-04
1.062800049781799316e+00 2.391659072600305080e-04
1.064200043678283691e+00 2.391539310337975621e-04
1.065600037574768066e+00 2.391419402556493878e-04
1.067000031471252441e+00 2.391299203736707568e-04
1.068400025367736816e+00 2.391178713878616691e-04
1.069800019264221191e+00 2.391058078501373529e-04
1.071200013160705566e+00 2.390937006566673517e-04
1.072600007057189941e+00 2.390815789112821221e-04
1.074000000953674316e+00 2.390694426139816642e-04
1.075399994850158691e+00 2.390572626609355211e-04
1.076799988746643066e+00 2.390450681559741497e-04
1.078199982643127441e+00 2.390328445471823215e-04
1.079599976539611816e+00 2.390205918345600367e-04
1.080999970436096191e+00 2.390083245700225234e-04
1.082399964332580566e+00 2.389960136497393250e-04
1.083799958229064941e+00 2.389836881775408983e-04
1.085199952125549316e+00 2.389713481534272432e-04
1.086599946022033691e+00 2.389589644735679030e-04
1.088000059127807617e+00 2.389465662417933345e-04
1.089400053024291992e+00 2.389341389061883092e-04
1.090800046920776367e+00 2.389216970186680555e-04
1.092200040817260742e+00 2.389092114754021168e-04
1.093600034713745117e+00 2.388967113802209496e-04
1.095000028610229492e+00 2.388841967331245542e-04
1.096400022506713867e+00 2.388716384302824736e-04
1.097800016403198242e+00 2.388590655755251646e-04
1.099200010299682617e+00 2.388464636169373989e-04
1.100600004196166992e+00 2.388338325545191765e-04
1.101999998092651367e+00 2.388211869401857257e-04
1.103399991989135742e+00 2.388085122220218182e-04
1.104799985885620117e+00 2.387958084000274539e-04
1.106199979782104492e+00 2.387830754742026329e-04
1.107599973678588867e+00 2.387703279964625835e-04
1.108999967575073242e+00 2.387575514148920774e-04
1.110399961471557617e+00 2.387447457294911146e-04
1.111799955368041992e+00 2.387319254921749234e-04
1.113199949264526367e+00 2.387190761510282755e-04
1.114599943161010742e+00 2.387061977060511708e-04
1.116000056266784668e+00 2.386932901572436094e-04
1.117400050163269043e+00 2.386803680565208197e-04
1.118800044059753418e+00 2.386674168519675732e-04
1.120200037956237793e+00 2.386544510954990983e-04
1.121600031852722168e+00 2.386414416832849383e-04
1.123000025749206543e+00 2.386284177191555500e-04
1.124400019645690918e+00 2.386153646511957049e-04
1.125800013542175293e+00 2.386022970313206315e-04
1.127200007438659668e+00 2.385892003076151013e-04
1.128600001335144043e+00 2.385760744800791144e-04
1.129999995231628418e+00 2.385629195487126708e-04
1.131399989128112793e+00 2.385497500654309988e-04
1.132799983024597168e+00 2.385365514783188701e-04
1.134199976921081543e+00 2.385233237873762846e-04
1.135599970817565918e+00 2.385100669926032424e-04
1.136999964714050293e+00 2.384967956459149718e-04
1.138399958610534668e+00 2.384834951953962445e-04
1.139799952507019043e+00 2.384701801929622889e-04
1.141199946403503418e+00 2.384568360866978765e-04
1.142600059509277344e+00 2.384434628766030073e-04
1.144000053405761719e+00 2.384300605626776814e-04
1.145400047302246094e+00 2.384166436968371272e-04
1.146800041198730469e+00 2.384031831752508879e-04
1.148200035095214844e+00 2.383897226536646485e-04
1.149600028991699219e+00 2.383762184763327241e-04
1.151000022888183594e+00 2.383626997470855713e-04
1.152400016784667969e+00 2.383491519140079618e-04
1.153800010681152344e+00 2.383355895290151238e-04
1.155200004577636719e+00 2.383219834882766008e-04
1.156599998474121094e+00 2.383083628956228495e-04
1.157999992370605469e+00 2.382947131991386414e-04
1.159399986267089844e+00 2.382810489507392049e-04
1.160799980163574219e+00 2.382673555985093117e-04
1.162199974060058594e+00 2.382536331424489617e-04
1.163599967956542969e+00 2.382398961344733834e-04
1.164999961853027344e+00 2.382261154707521200e-04
1.166399955749511719e+00 2.382123202551156282e-04
1.167799949645996094e+00 2.381985104875639081e-04
1.169199943542480469e+00 2.381846570642665029e-04
1.170600056648254395e+00 2.381707890890538692e-04
1.172000050544738770e+00 2.381569065619260073e-04
1.173400044441223145e+00 2.381429803790524602e-04
1.174800038337707520e+00 2.381290396442636847e-04
1.176200032234191895e+00 2.381150698056444526e-04
1.177600026130676270e+00 2.381010708631947637e-04
1.179000020027160645e+00 2.380870573688298464e-04
1.180400013923645020e+00 2.380730147706344724e-04
1.181800007820129395e+00 2.380589430686086416e-04
1.183200001716613770e+00 2.380448568146675825e-04
1.184599995613098145e+00 2.380307269049808383e-04
1.185999989509582520e+00 2.380165969952940941e-04
1.187399983406066895e+00 2.380024234298616648e-04
1.188799977302551270e+00 2.379882353125140071e-04
1.190199971199035645e+00 2.379740035394206643e-04
1.191599965095520020e+00 2.379597717663273215e-04
1.192999958992004395e+00 2.379454963374882936e-04
1.194399952888488770e+00 2.379312063567340374e-04
1.195799946784973145e+00 2.379168872721493244e-04
1.197199940681457520e+00 2.379025390837341547e-04
1.198600053787231445e+00 2.378881763434037566e-04
1.200000047683715820e+00 2.378737844992429018e-04
1.201400041580200195e+00 2.378593635512515903e-04
1.202800035476684570e+00 2.378449134994298220e-04
1.204200029373168945e+00 2.378304488956928253e-04
1.205600023269653320e+00 2.378159551881253719e-04
1.207000017166137695e+00 2.378014323767274618e-04
1.208400011062622070e+00 2.377868950134143233e-04
1.209800004959106445e+00 2.377723139943554997e-04
1.211199998855590820e+00 2.377577184233814478e-04
1.212599992752075195e+00 2.377431083004921675e-04
1.213999986648559570e+00 2.377284545218572021e-04
1.215399980545043945e+00 2.377137861913070083e-04
1.216799974441528320e+00 2.376990887569263577e-04
1.218199968338012695e+00 2.376843622187152505e-04
1.219599962234497070e+00 2.376696211285889149e-04
1.220999956130981445e+00 2.376548363827168941e-04
1.222399950027465820e+00 2.376400370849296451e-04
1.223799943923950195e+00 2.376252232352271676e-04
1.225200057029724121e+00 2.376103657297790051e-04
1.226600050926208496e+00 2.375954936724156141e-04
1.228000044822692871e+00 2.375805925112217665e-04
1.229400038719177246e+00 2.375656622461974621e-04
1.230800032615661621e+00 2.375507174292579293e-04
1.232200026512145996e+00 2.375357289565727115e-04
1.233600020408630371e+00 2.375207259319722652e-04
1.235000014305114746e+00 2.375056938035413623e-04
1.236400008201599121e+00 2.374906471231952310e-04
1.237800002098083496e+00 2.374755713390186429e-04
1.239199995994567871e+00 2.374604518990963697e-04
1.240599989891052246e+00 2.374453179072588682e-04
1.241999983787536621e+00 2.374301693635061383e-04
1.243399977684020996e+00 2.374149771640077233e-04
1.244799971580505371e+00 2.373997704125940800e-04
1.246199965476989746e+00 2.373845345573499799e-04
1.247599959373474121e+00 2.373692695982754230e-04
1.248999953269958496e+00 2.373539755353704095e-04
1.250399947166442871e+00 2.373386669205501676e-04
1.251799941062927246e+00 2.373233292018994689e-04
1.253200054168701172e+00 2.373079623794183135e-04
1.254600048065185547e+00 2.372925664531067014e-04
1.256000041961669922e+00 2.372771414229646325e-04
1.257400035858154297e+00 2.372617018409073353e-04
1.258800029754638672e+00 2.372462186031043530e-04
1.260200023651123047e+00 2.372307208133861423e-04
1.261600017547607422e+00 2.372151939198374748e-04
1.263000011444091797e+00 2.371996524743735790e-04
1.264400005340576172e+00 2.371840673731639981e-04
1.265799999237060547e+00 2.371684677200391889e-04
1.267199993133544922e+00 2.371528389630839229e-04
1.268599987030029297e+00 2.371371811022982001e-04
1.269999980926513672e+00 2.371214941376820207e-04
1.271399974822998047e+00 2.371057780692353845e-04
1.272799968719482422e+00 2.370900474488735199e-04
1.274199962615966797e+00 2.370742731727659702e-04
1.275599956512451172e+00 2.370584843447431922e-04
1.276999950408935547e+00 2.370426664128899574e-04
1.278399944305419922e+00 2.370268193772062659e-04
1.279800057411193848e+00 2.370109432376921177e-04
1.281200051307678223e+00 2.369950525462627411e-04
1.282600045204162598e+00 2.369791181990876794e-04
1.284000039100646973e+00 2.369631692999973893e-04
1.285400032997131348e+00 2.369471912970766425e-04
1.286800026893615723e+00 2.369311841903254390e-04
1.288200020790100098e+00 2.369151479797437787e-04
1.289600014686584473e+00 2.368990826653316617e-04
1.291000008583068848e+00 2.368829882470890880e-04
1.292400002479553223e+00 2.368668647250160575e-04
1.293799996376037598e+00 2.368507266510277987e-04
1.295199990272521973e+00 2.368345594732090831e-04
1.296599984169006348e+00 2.368183486396446824e-04
1.297999978065490723e+00 2.368021232541650534e-04
1.299399971961975098e+00 2.367858687648549676e-04
1.300799965858459473e+00 2.367695851717144251e-04
1.302199959754943848e+00 2.367532724747434258e-04
1.303599953651428223e+00 2.367369306739419699e-04
1.304999947547912598e+00 2.367205743212252855e-04
1.306399941444396973e+00 2.367041743127629161e-04
1.307800054550170898e+00 2.366877452004700899e-04
1.309200048446655273e+00 2.366713015362620354e-04
1.310600042343139648e+00 2.366548142163082957e-04
1.312000036239624023e+00 2.366383123444393277e-04
1.313400030136108398e+00 2.366217813687399030e-04
1.314800024032592773e+00 2.366052212892100215e-04
1.316200017929077148e+00 2.365886175539344549e-04
1.317600011825561523e+00 2.365719992667436600e-04
1.319000005722045898e+00 2.365553518757224083e-04
1.320399999618530273e+00 2.365386753808706999e-04
1.321799993515014648e+00 2.365219697821885347e-04
1.323199987411499023e+00 2.365052350796759129e-04
1.324599981307983398e+00 2.364884712733328342e-04
1.325999975204467773e+00 2.364716783631592989e-04
1.327399969100952148e+00 2.364548563491553068e-04
1.328799962997436523e+00 2.364380052313208580e-04
1.330199956893920898e+00 2.364211250096559525e-04
1.331599950790405273e+00 2.364042156841605902e-04
1.332999944686889648e+00 2.363872772548347712e-04
1.334400057792663574e+00 2.363703097216784954e-04
1.335800051689147949e+00 2.363533130846917629e-04
1.337200045585632324e+00 2.363362873438745737e-04
1.338600039482116699e+00 2.363192324992269278e-04
1.340000033378601074e+00 2.363021485507488251e-04
1.341400027275085449e+00 2.362850354984402657e-04
1.342800021171569824e+00 2.362678933423012495e-04
1.344200015068054199e+00 2.362507220823317766e-04
1.345600008964538574e+00 2.362335217185318470e-04
1.347000002861022949e+00 2.362162922509014606e-04
1.348399996757507324e+00 2.361990191275253892e-04
1.349799990653991699e+00 2.361817314522340894e-04
1.351199984550476074e+00 2.361644146731123328e-04
1.352599978446960449e+00 2.361470542382448912e-04
1.353999972343444824e+00 2.361296792514622211e-04
1.355399966239929199e+00 2.361122606089338660e-04
1.356799960136413574e+00 2.360948128625750542e-04
1.358199954032897949e+00 2.360773505643010139e-04
1.359599947929382324e+00 2.360598446102812886e-04
1.360999941825866699e+00 2.360423095524311066e-04
1.362400054931640625e+00 2.360247453907504678e-04
1.363800048828125000e+00 2.360071375733241439e-04
1.365200042724609375e+00 2.359895152039825916e-04
1.366600036621093750e+00 2.359718637308105826e-04
1.368000030517578125e+00 2.359541686018928885e-04
1.369400024414062500e+00 2.359364443691447377e-04
1.370800018310546875e+00 2.359186910325661302e-04
1.372200012207031250e+00 2.359009085921570659e-04
1.373600006103515625e+00 2.358830970479175448e-04
1.375000000000000000e+00 2.358652563998475671e-04
1.376399993896484375e+00 2.358473866479471326e-04
1.377799987792968750e+00 2.358294732403010130e-04
1.379199981689453125e+00 2.358115307288244367e-04
1.380599975585937500e+00 2.357935591135174036e-04
1.381999969482421875e+00 2.357755583943799138e-04
1.383399963378906250e+00 2.357575285714119673e-04
1.384799957275390625e+00 2.357394550926983356e-04
1.386199951171875000e+00 2.357213525101542473e-04
1.387599945068359375e+00 2.357032208237797022e-04
1.389000058174133301e+00 2.356850600335747004e-04
1.390400052070617676e+00 2.356668701395392418e-04
1.391800045967102051e+00 2.356486365897580981e-04
1.393200039863586426e+00 2.356303739361464977e-04
1.394600033760070801e+00 2.356120821787044406e-04
1.396000027656555176e+00 2.355937613174319267e-04
1.397400021553039551e+00 2.355753968004137278e-04
1.398800015449523926e+00 2.355570031795650721e-04
1.400200009346008301e+00 2.355385804548859596e-04
1.401600003242492676e+00 2.355201286263763905e-04
1.402999997138977051e+00 2.355016331421211362e-04
1.404399991035461426e+00 2.354831085540354252e-04
1.405799984931945801e+00 2.354645548621192575e-04
1.407199978828430176e+00 2.354459575144574046e-04
1.408599972724914551e+00 2.354273310629650950e-04
1.409999966621398926e+00 2.354086755076423287e-04
1.411399960517883301e+00 2.353899908484891057e-04
1.412799954414367676e+00 2.353712625335901976e-04
1.414199948310852051e+00 2.353525051148608327e-04
1.415599942207336426e+00 2.353337040403857827e-04
1.417000055313110352e+00 2.353148738620802760e-04
1.418400049209594727e+00 2.352960145799443126e-04
1.419800043106079102e+00 2.352771261939778924e-04
1.421200037002563477e+00 2.352581941522657871e-04
1.422600030899047852e+00 2.352392184548079967e-04
1.424000024795532227e+00 2.352202282054349780e-04
1.425400018692016602e+00 2.352011943003162742e-04
1.426800012588500977e+00 2.351821167394518852e-04
1.428200006484985352e+00 2.351630100747570395e-04
1.429600000381469727e+00 2.351438743062317371e-04
1.430999994277954102e+00 2.351246948819607496e-04
1.432399988174438477e+00 2.351054863538593054e-04
1.433799982070922852e+00 2.350862487219274044e-04
1.435199975967407227e+00 2.350669674342498183e-04
1.436599969863891602e+00 2.350476424908265471e-04
1.437999963760375977e+00 2.350282884435728192e-04
1.439399957656860352e+00 2.350089052924886346e-04
1.440799951553344727e+00 2.349894784856587648e-04
1.442199945449829102e+00 2.349700225749984384e-04
1.443600058555603027e+00 2.349505230085924268e-04
1.445000052452087402e+00 2.349309943383559585e-04
1.446400046348571777e+00 2.349114220123738050e-04
1.447800040245056152e+00 2.348918060306459665e-04
1.449200034141540527e+00 2.348721754970028996e-04
1.450600028038024902e+00 2.348524867556989193e-04
1.452000021934509277e+00 2.348327689105644822e-04
1.453400015830993652e+00 2.348130219615995884e-04
1.454800009727478027e+00 2.347932313568890095e-04
1.456200003623962402e+00 2.347734116483479738e-04
1.457599997520446777e+00 2.347535337321460247e-04
1.458999991416931152e+00 2.347336412640288472e-04
1.460399985313415527e+00 2.347137051401659846e-04
1.461799979209899902e+00 2.346937253605574369e-04
1.463199973106384277e+00 2.346737019252032042e-04
1.464599967002868652e+00 2.346536493860185146e-04
1.465999960899353027e+00 2.346335677430033684e-04
1.467399954795837402e+00 2.346134278923273087e-04
1.468799948692321777e+00 2.345932589378207922e-04
1.470199942588806152e+00 2.345730608794838190e-04
1.471600055694580078e+00 2.345528191654011607e-04
1.473000049591064453e+00 2.345325337955728173e-04
1.474400043487548828e+00 2.345122047699987888e-04
1.475800037384033203e+00 2.344918466405943036e-04
1.477200031280517578e+00 2.344714448554441333e-04
1.478600025177001953e+00 2.344509994145482779e-04
1.480000019073486328e+00 2.344305248698219657e-04
1.481400012969970703e+00 2.344100066693499684e-04
1.482800006866455078e+00 2.343894448131322861e-04
1.484200000762939453e+00 2.343688538530841470e-04
1.485599994659423828e+00 2.343482192372903228e-04
1.486999988555908203e+00 2.343275409657508135e-04
1.488399982452392578e+00 2.343068190384656191e-04
1.489799976348876953e+00 2.342860680073499680e-04
1.491199970245361328e+00 2.342652587685734034e-04
1.492599964141845703e+00 2.342444204259663820e-04
1.493999958038330078e+00 2.342235384276136756e-04
1.495399951934814453e+00 2.342026273254305124e-04
1.496799945831298828e+00 2.341816580155864358e-04
1.498200058937072754e+00 2.341606596019119024e-04
1.499600052833557129e+00 2.341396175324916840e-04
1.501000046730041504e+00 2.341185318073257804e-04
1.502400040626525879e+00 2.340974024264141917e-04
1.503800034523010254e+00 2.340762439416721463e-04
1.505200028419494629e+00 2.340550272492691875e-04
1.506600022315979004e+00 2.340337814530357718e-04
1.508000016212463379e+00 2.340124774491414428e-04
1.509400010108947754e+00 2.339911443414166570e-04
1.510800004005432129e+00 2.339697675779461861e-04
1.512199997901916504e+00 2.339483471587300301e-04
1.513599991798400879e+00 2.339268830837681890e-04
1.514999985694885254e+00 2.339053753530606627e-04
1.516399979591369629e+00 2.338838239666074514e-04
1.517799973487854004e+00 2.338622289244085550e-04
1.519199967384338379e+00 2.338406047783792019e-04
1.520599961280822754e+00 2.338189224246889353e-04
1.521999955177307129e+00 2.337971964152529836e-04
1.523399949073791504e+00 2.337754267500713468e-04
1.524799942970275879e+00 2.337536134291440248e-04
1.526200056076049805e+00 2.337317710043862462e-04
1.527600049972534180e+00 2.337098703719675541e-04
1.529000043869018555e+00 2.336879260838031769e-04
1.530400037765502930e+00 2.336659381398931146e-04
1.531800031661987305e+00 2.336439065402373672e-04
1.533200025558471680e+00 2.336218312848359346e-04
1.534600019454956055e+00 2.335997123736888170e-04
1.536000013351440430e+00 2.335775352548807859e-04
1.537400007247924805e+00 2.335553290322422981e-04
1.538800001144409180e+00 2.335330646019428968e-04
1.540199995040893555e+00 2.335107710678130388e-04
1.541599988937377930e+00 2.334884193260222673e-04
1.542999982833862305e+00 2.334660239284858108e-04
1.544399976730346680e+00 2.334435848752036691e-04
1.545799970626831055e+00 2.334211021661758423e-04
1.547199964523315430e+00 2.333985612494871020e-04
1.548599958419799805e+00 2.333759766770526767e-04
1.549999952316284180e+00 2.333533484488725662e-04
1.551399946212768555e+00 2.333306765649467707e-04
1.552800059318542480e+00 2.333079610252752900e-04
1.554200053215026855e+00 2.332851872779428959e-04
1.555600047111511230e+00 2.332623844267800450e-04
1.557000041007995605e+00 2.332395088160410523e-04
1.558400034904479980e+00 2.332166041014716029e-04
1.559800028800964355e+00 2.331936411792412400e-04
1.561200022697448730e+00 2.331706346012651920e-04
1.562600016593933105e+00 2.331475843675434589e-04
1.564000010490417480e+00 2.331244759261608124e-04
1.565400004386901855e+00 2.331013238290324807e-04
1.566799998283386230e+00 2.330781280761584640e-04
1.568199992179870605e+00 2.330548741156235337e-04
1.569599986076354980e+00 2.330315764993429184e-04
1.570999979972839355e+00 2.330082352273166180e-04
1.572399973869323730e+00 2.329848357476294041e-04
1.573799967765808105e+00 2.329613926121965051e-04
1.575199961662292480e+00 2.329378912691026926e-04
1.576599955558776855e+00 2.329143462702631950e-04
1.577999949455261230e+00 2.328907430637627840e-04
1.579399943351745605e+00 2.328670962015166879e-04
1.580800056457519531e+00 2.328433911316096783e-04
1.582200050354003906e+00 2.328196424059569836e-04
1.583600044250488281e+00 2.327958500245586038e-04
1.585000038146972656e+00 2.327719994354993105e-04
1.586400032043457031e+00 2.327480906387791038e-04
1.587800025939941406e+00 2.327241381863132119e-04
1.589200019836425781e+00 2.327001275261864066e-04
1.590600013732910156e+00 2.326760732103139162e-04
1.592000007629394531e+00 2.326519606867805123e-04
1.593400001525878906e+00 2.326278045075014234e-04
1.594799995422363281e+00 2.326035901205614209e-04
1.596199989318847656e+00 2.325793175259605050e-04
1.597599983215332031e+00 2.325550012756139040e-04
1.598999977111816406e+00 2.325306268176063895e-04
1.600399971008300781e+00 2.325062087038531899e-04
1.601799964904785156e+00 2.324817178305238485e-04
1.603199958801269531e+00 2.324571833014488220e-04
1.604599952697753906e+00 2.324326051166281104e-04
1.605999946594238281e+00 2.324079541722312570e-04
1.607399940490722656e+00 2.323832595720887184e-04
1.608800053596496582e+00 2.323585213162004948e-04
1.610200047492980957e+00 2.323337103007361293e-04
1.611600041389465332e+00 2.323088556295260787e-04
1.613000035285949707e+00 2.322839427506551147e-04
1.614400029182434082e+00 2.322589716641232371e-04
1.615800023078918457e+00 2.322339423699304461e-04
1.617200016975402832e+00 2.322088548680767417e-04
1.618600010871887207e+00 2.321837237104773521e-04
1.620000004768371582e+00 2.321585343452170491e-04
1.621399998664855957e+00 2.321332867722958326e-04
1.622799992561340332e+00 2.321079809917137027e-04
1.624199986457824707e+00 2.320826170034706593e-04
1.625599980354309082e+00 2.320571948075667024e-04
1.626999974250793457e+00 2.320317144040018320e-04
1.628399968147277832e+00 2.320061903446912766e-04
1.629799962043762207e+00 2.319805935258045793e-04
1.631199955940246582e+00 2.319549384992569685e-04
1.632599949836730957e+00 2.319292398169636726e-04
1.633999943733215332e+00 2.319034683750942349e-04
1.635400056838989258e+00 2.318776532774791121e-04
1.636800050735473633e+00 2.318517654202878475e-04
1.638200044631958008e+00 2.318258193554356694e-04
1.639600038528442383e+00 2.317998296348378062e-04
1.641000032424926758e+00 2.317737671546638012e-04
1.642400026321411133e+00 2.317476464668288827e-04
1.643800020217895508e+00 2.317214675713330507e-04
1.645200014114379883e+00 2.316952304681763053e-04
1.646600008010864258e+00 2.316689351573586464e-04
1.648000001907348633e+00 2.316425670869648457e-04
1.649399995803833008e+00 2.316161553608253598e-04
1.650799989700317383e+00 2.315896708751097322e-04
1.652199983596801758e+00 2.315631281817331910e-04
1.653599977493286133e+00 2.315365272806957364e-04
1.654999971389770508e+00 2.315098536200821400e-04
1.656399965286254883e+00 2.314831363037228584e-04
1.657799959182739258e+00 2.314563462277874351e-04
1.659199953079223633e+00 2.314294979441910982e-04
1.660599946975708008e+00 2.314025769010186195e-04
1.661999940872192383e+00 2.313755976501852274e-04
1.663400053977966309e+00 2.313485601916909218e-04
1.664800047874450684e+00 2.313214645255357027e-04
1.666200041770935059e+00 2.312942960998043418e-04
1.667600035667419434e+00 2.312670694664120674e-04
1.669000029563903809e+00 2.312397700734436512e-04
1.670400023460388184e+00 2.312124124728143215e-04
1.671800017356872559e+00 2.311849966645240784e-04
1.673200011253356934e+00 2.311575080966576934e-04
1.674600005149841309e+00 2.311299613211303949e-04
1.675999999046325684e+00 2.311023417860269547e-04
1.677399992942810059e+00 2.310746640432626009e-04
1.678799986839294434e+00 2.310469135409221053e-04
1.680199980735778809e+00 2.310190902790054679e-04
1.681599974632263184e+00 2.309912233613431454e-04
1.682999968528747559e+00 2.309632691321894526e-04
1.684399962425231934e+00 2.309352566953748465e-04
1.685799956321716309e+00 2.309071714989840984e-04
1.687199950218200684e+00 2.308790280949324369e-04
1.688599944114685059e+00 2.308508119313046336e-04
1.690000057220458984e+00 2.308225375600159168e-04
1.691400051116943359e+00 2.307941904291510582e-04
1.692800045013427734e+00 2.307657705387100577e-04
1.694200038909912109e+00 2.307372778886929154e-04
1.695600032806396484e+00 2.307087270310148597e-04
1.697000026702880859e+00 2.306801034137606621e-04
1.698400020599365234e+00 2.306514070369303226e-04
1.699800014495849609e+00 2.306226524524390697e-04
1.701200008392333984e+00 2.305938105564564466e-04
1.702600002288818359e+00 2.305649104528129101e-04
1.703999996185302734e+00 2.305359375895932317e-04
1.705399990081787109e+00 2.305068919667974114e-04
1.706799983978271484e+00 2.304777881363406777e-04
1.708199977874755859e+00 2.304485969943925738e-04
1.709599971771240234e+00 2.304193476447835565e-04
1.710999965667724609e+00 2.303900109836831689e-04
1.712399959564208984e+00 2.303606161149218678e-04
1.713799953460693359e+00 2.303311484865844250e-04
1.715199947357177734e+00 2.303015935467556119e-04
1.716599941253662109e+00 2.302719803992658854e-04
1.718000054359436035e+00 2.302422944922000170e-04
1.719400048255920410e+00 2.302125212736427784e-04
1.720800042152404785e+00 2.301826898474246264e-04
1.722200036048889160e+00 2.301527856616303325e-04
1.723600029945373535e+00 2.301227941643446684e-04
1.725000023841857910e+00 2.300927299074828625e-04
1.726400017738342285e+00 2.300626074429601431e-04
1.727800011634826660e+00 2.300323976669460535e-04
1.729200005531311035e+00 2.300021151313558221e-04
1.730599999427795410e+00 2.299717452842742205e-04
1.731999993324279785e+00 2.299413172295317054e-04
1.733399987220764160e+00 2.299108018632978201e-04
1.734799981117248535e+00 2.298802137374877930e-04
1.736199975013732910e+00 2.298495528521016240e-04
1.737599968910217285e+00 2.298188046552240849e-04
1.738999962806701660e+00 2.297879982506856322e-04
1.740399956703186035e+00 2.297570899827405810e-04
1.741799950599670410e+00 2.297261235071346164e-04
1.743199944496154785e+00 2.296950697200372815e-04
1.744600057601928711e+00 2.296639431733638048e-04
1.746000051498413086e+00 2.296327293151989579e-04
1.747400045394897461e+00 2.296014426974579692e-04
1.748800039291381836e+00 2.295700687682256103e-04
1.750200033187866211e+00 2.295386220794171095e-04
1.751600027084350586e+00 2.295071026310324669e-04
1.753000020980834961e+00 2.294754958711564541e-04
1.754400014877319336e+00 2.294438017997890711e-04
1.755800008773803711e+00 2.294120349688455462e-04
1.757200002670288086e+00 2.293801808264106512e-04
1.758599996566772461e+00 2.293482539243996143e-04
1.759999990463256836e+00 2.293162397108972073e-04
1.761399984359741211e+00 2.292841381859034300e-04
1.762799978256225586e+00 2.292519639013335109e-04
1.764199972152709961e+00 2.292197023052722216e-04
1.765599966049194336e+00 2.291873533977195621e-04
1.766999959945678711e+00 2.291549317305907607e-04
1.768399953842163086e+00 2.291224227519705892e-04
1.769799947738647461e+00 2.290898264618590474e-04
1.771199941635131836e+00 2.290571428602561355e-04
1.772600054740905762e+00 2.290243864990770817e-04
1.774000048637390137e+00 2.289915282744914293e-04
1.775400042533874512e+00 2.289585972903296351e-04
1.776800036430358887e+00 2.289255789946764708e-04
1.778200030326843262e+00 2.288924733875319362e-04
1.779600024223327637e+00 2.288592804688960314e-04
1.781000018119812012e+00 2.288260002387687564e-04
1.782400012016296387e+00 2.287926326971501112e-04
1.783800005912780762e+00 2.287591923959553242e-04
1.785199999809265137e+00 2.287256502313539386e-04
1.786599993705749512e+00 2.286920207552611828e-04
1.787999987602233887e+00 2.286583039676770568e-04
1.789399981498718262e+00 2.286244998686015606e-04
1.790799975395202637e+00 2.285906084580346942e-04
1.792199969291687012e+00 2.285566151840612292e-04
1.793599963188171387e+00 2.285225491505116224e-04
1.794999957084655762e+00 2.284883812535554171e-04
1.796399950981140137e+00 2.284541260451078415e-04
1.797799944877624512e+00 2.284197835251688957e-04
1.799200057983398438e+00 2.283853536937385798e-04
1.800600051879882812e+00 2.283508219989016652e-04
1.802000045776367188e+00 2.283162029925733805e-04
1.803400039672851562e+00 2.282814966747537255e-04
1.804800033569335938e+00 2.282467030454427004e-04
1.806200027465820312e+00 2.282118075527250767e-04
1.807600021362304688e+00 2.281768101966008544e-04
1.809000015258789062e+00 2.281417400809004903e-04
1.810400009155273438e+00 2.281065535498782992e-04
1.811800003051757812e+00 2.280712942592799664e-04
1.813199996948242188e+00 2.280359185533598065e-04
1.814599990844726562e+00 2.280004700878635049e-04
1.815999984741210938e+00 2.279649197589606047e-04
1.817399978637695312e+00 2.279292675666511059e-04
1.818799972534179688e+00 2.278935135109350085e-04
1.820199966430664062e+00 2.278576721437275410e-04
1.821599960327148438e+00 2.278217434650287032e-04
1.822999954223632812e+00 2.277856983710080385e-04
1.824399948120117188e+00 2.277495659654960036e-04
1.825799942016601562e+00 2.277133462484925985e-04
1.827200055122375488e+00 2.276770101161673665e-04
1.828600049018859863e+00 2.276405866723507643e-04
1.830000042915344238e+00 2.276040613651275635e-04
1.831400036811828613e+00 2.275674341944977641e-04
1.832800030708312988e+00 2.275307051604613662e-04
1.834200024604797363e+00 2.274938888149335980e-04
1.835600018501281738e+00 2.274569560540840030e-04
1.837000012397766113e+00 2.274199359817430377e-04
1.838400006294250488e+00 2.273827994940802455e-04
1.839800000190734863e+00 2.273455756949260831e-04
1.841199994087219238e+00 2.273082500323653221e-04
1.842599987983703613e+00 2.272708079544827342e-04
1.843999981880187988e+00 2.272332785651087761e-04
1.845399975776672363e+00 2.271956473123282194e-04
1.846799969673156738e+00 2.271578996442258358e-04
1.848199963569641113e+00 2.271200501127168536e-04
1.849599957466125488e+00 2.270820987178012729e-04
1.850999951362609863e+00 2.270440454594790936e-04
1.852399945259094238e+00 2.270058903377503157e-04
1.853800058364868164e+00 2.269676188006997108e-04
1.855200052261352539e+00 2.269292454002425075e-04
1.856600046157836914e+00 2.268907701363787055e-04
1.858000040054321289e+00 2.268521930091083050e-04
1.859400033950805664e+00 2.268134994665160775e-04
1.860800027847290039e+00 2.267747040605172515e-04
1.862200021743774414e+00 2.267357922391965985e-04
1.863600015640258789e+00 2.266967785544693470e-04
1.865000009536743164e+00 2.266576630063354969e-04
1.866400003433227539e+00 2.266184310428798199e-04
1.867799997329711914e+00 2.265790826641023159e-04
1.869199991226196289e+00 2.265396324219182134e-04
1.870599985122680664e+00 2.265000657644122839e-04
1.871999979019165039e+00 2.264603972434997559e-04
1.873399972915649414e+00 2.264206123072654009e-04
1.874799966812133789e+00 2.263807109557092190e-04
1.876199960708618164e+00 2.263407077407464385e-04
1.877599954605102539e+00 2.263005881104618311e-04
1.878999948501586914e+00 2.262603520648553967e-04
1.880399942398071289e+00 2.262200141558423638e-04
1.881800055503845215e+00 2.261795598315075040e-04
1.883200049400329590e+00 2.261389745399355888e-04
1.884600043296813965e+00 2.260982873849570751e-04
1.886000037193298340e+00 2.260574838146567345e-04
1.887400031089782715e+00 2.260165638290345669e-04
1.888800024986267090e+00 2.259755419800058007e-04
1.890200018882751465e+00 2.259343891637399793e-04
1.891600012779235840e+00 2.258931199321523309e-04
1.893000006675720215e+00 2.258517342852428555e-04
1.894400000572204590e+00 2.258102322230115533e-04
1.895799994468688965e+00 2.257686137454584241e-04
1.897199988365173340e+00 2.257268788525834680e-04
1.898599982261657715e+00 2.256850129924714565e-04
1.899999976158142090e+00 2.256430452689528465e-04
