1.500000000000000000e+00 4.034898593090474606e-04
1.501600027084350586e+00 4.034800222143530846e-04
1.503200054168701172e+00 4.034701851196587086e-04
1.504799962043762207e+00 4.034603189211338758e-04
1.506399989128112793e+00 4.034504236187785864e-04
1.508000016212463379e+00 4.034404992125928402e-04
1.509600043296813965e+00 4.034305457025766373e-04
1.511199951171875000e+00 4.034205921925604343e-04
1.512799978256225586e+00 4.034105804748833179e-04
1.514400005340576172e+00 4.034005687572062016e-04
1.516000032424926758e+00 4.033905279356986284e-04
1.517600059509277344e+00 4.033804580103605986e-04
1.519199967384338379e+00 4.033703589811921120e-04
1.520799994468688965e+00 4.033602308481931686e-04
1.522400021553039551e+00 4.033501027151942253e-04
1.524000048637390137e+00 4.033399163745343685e-04
1.525599956512451172e+00 4.033297300338745117e-04
1.527199983596801758e+00 4.033195145893841982e-04
1.528800010681152344e+00 4.033092700410634279e-04
1.530400037765502930e+00 4.032990254927426577e-04
1.531999945640563965e+00 4.032887227367609739e-04
1.533599972724914551e+00 4.032784199807792902e-04
1.535199999809265137e+00 4.032680881209671497e-04
1.536800026893615723e+00 4.032576980534940958e-04
1.538400053977966309e+00 4.032473370898514986e-04
1.539999961853027344e+00 4.032369179185479879e-04
1.541599988937377930e+00 4.032264696434140205e-04
1.543200016021728516e+00 4.032160213682800531e-04
1.544800043106079102e+00 4.032055439893156290e-04
1.546399950981140137e+00 4.031950375065207481e-04
1.547999978065490723e+00 4.031845019198954105e-04
1.549600005149841309e+00 4.031739663332700729e-04
1.551200032234191895e+00 4.031633725389838219e-04
1.552800059318542480e+00 4.031527787446975708e-04
1.554399967193603516e+00 4.031421558465808630e-04
1.555999994277954102e+00 4.031315038446336985e-04
1.557600021362304688e+00 4.031208227388560772e-04
1.559200048446655273e+00 4.031101416330784559e-04
1.560799956321716309e+00 4.030994023196399212e-04
1.562399983406066895e+00 4.030886630062013865e-04
1.564000010490417480e+00 4.030778945889323950e-04
1.565600037574768066e+00 4.030671261716634035e-04
1.567199945449829102e+00 4.030562995467334986e-04
1.568799972534179688e+00 4.030454729218035936e-04
1.570399999618530273e+00 4.030346171930432320e-04
1.572000026702880859e+00 4.030237323604524136e-04
1.573600053787231445e+00 4.030128184240311384e-04
1.575199961662292480e+00 4.030019044876098633e-04
1.576799988746643066e+00 4.029909323435276747e-04
1.578400015830993652e+00 4.029799601994454861e-04
1.580000042915344238e+00 4.029689589515328407e-04
1.581599950790405273e+00 4.029579577036201954e-04
1.583199977874755859e+00 4.029468982480466366e-04
1.584800004959106445e+00 4.029358387924730778e-04
1.586400032043457031e+00 4.029247502330690622e-04
1.588000059127807617e+00 4.029136325698345900e-04
1.589599967002868652e+00 4.029024858027696609e-04
1.591199994087219238e+00 4.028913390357047319e-04
1.592800021171569824e+00 4.028801631648093462e-04
1.594400048255920410e+00 4.028689581900835037e-04
1.595999956130981445e+00 4.028577241115272045e-04
1.597599983215332031e+00 4.028464609291404486e-04
1.599200010299682617e+00 4.028351977467536926e-04
1.600800037384033203e+00 4.028239054605364799e-04
1.602399945259094238e+00 4.028125840704888105e-04
1.603999972343444824e+00 4.028012626804411411e-04
1.605599999427795410e+00 4.027898830827325583e-04
1.607200026512145996e+00 4.027785034850239754e-04
1.608800053596496582e+00 4.027670947834849358e-04
1.610399961471557617e+00 4.027556569781154394e-04
1.611999988555908203e+00 4.027442191727459431e-04
1.613600015640258789e+00 4.027327522635459900e-04
1.615200042724609375e+00 4.027212562505155802e-04
1.616799950599670410e+00 4.027097311336547136e-04
1.618399977684020996e+00 4.026981769129633904e-04
1.620000004768371582e+00 4.026866226922720671e-04
1.621600031852722168e+00 4.026750393677502871e-04
1.623200058937072754e+00 4.026634269393980503e-04
1.624799966812133789e+00 4.026517854072153568e-04
1.626399993896484375e+00 4.026401438750326633e-04
1.628000020980834961e+00 4.026284732390195131e-04
1.629600048065185547e+00 4.026167734991759062e-04
1.631199955940246582e+00 4.026050446555018425e-04
1.632799983024597168e+00 4.025933158118277788e-04
1.634400010108947754e+00 4.025815578643232584e-04
1.636000037193298340e+00 4.025697708129882812e-04
1.637599945068359375e+00 4.025579546578228474e-04
1.639199972152709961e+00 4.025461385026574135e-04
1.640799999237060547e+00 4.025342932436615229e-04
1.642400026321411133e+00 4.025224188808351755e-04
1.644000053405761719e+00 4.025105154141783714e-04
1.645599961280822754e+00 4.024986119475215673e-04
1.647199988365173340e+00 4.024866793770343065e-04
1.648800015449523926e+00 4.024747177027165890e-04
1.650400042533874512e+00 4.024627269245684147e-04
1.651999950408935547e+00 4.024507361464202404e-04
1.653599977493286133e+00 4.024387162644416094e-04
1.655200004577636719e+00 4.024266672786325216e-04
1.656800031661987305e+00 4.024146182928234339e-04
1.658400058746337891e+00 4.024025110993534327e-04
1.659999966621398926e+00 4.023904039058834314e-04
1.661599993705749512e+00 4.023782967124134302e-04
1.663200020790100098e+00 4.023661313112825155e-04
1.664800047874450684e+00 4.023539659101516008e-04
1.666399955749511719e+00 4.023417714051902294e-04
1.667999982833862305e+00 4.023295477963984013e-04
1.669600009918212891e+00 4.023173241876065731e-04
1.671200037002563477e+00 4.023050714749842882e-04
1.672799944877624512e+00 4.022927896585315466e-04
1.674399971961975098e+00 4.022804787382483482e-04
1.675999999046325684e+00 4.022681678179651499e-04
1.677600026130676270e+00 4.022558277938514948e-04
1.679200053215026855e+00 4.022434586659073830e-04
1.680799961090087891e+00 4.022310604341328144e-04
1.682399988174438477e+00 4.022186622023582458e-04
1.684000015258789062e+00 4.022062348667532206e-04
1.685600042343139648e+00 4.021937784273177385e-04
1.687199950218200684e+00 4.021813219878822565e-04
1.688799977302551270e+00 4.021688364446163177e-04
1.690400004386901855e+00 4.021563217975199223e-04
1.692000031471252441e+00 4.021437780465930700e-04
1.693600058555603027e+00 4.021312342956662178e-04
1.695199966430664062e+00 4.021186614409089088e-04
1.696799993515014648e+00 4.021060594823211432e-04
1.698400020599365234e+00 4.020934575237333775e-04
1.700000047683715820e+00 4.020808264613151550e-04
1.701599955558776855e+00 4.020681662950664759e-04
1.703199982643127441e+00 4.020554770249873400e-04
1.704800009727478027e+00 4.020427877549082041e-04
1.706400036811828613e+00 4.020300693809986115e-04
1.707999944686889648e+00 4.020173219032585621e-04
1.709599971771240234e+00 4.020045744255185127e-04
1.711199998855590820e+00 4.019917687401175499e-04
1.712800025939941406e+00 4.019789630547165871e-04
1.714400053024291992e+00 4.019661573693156242e-04
1.715999960899353027e+00 4.019533225800842047e-04
1.717599987983703613e+00 4.019404586870223284e-04
1.719200015068054199e+00 4.019275656901299953e-04
1.720800042152404785e+00 4.019146726932376623e-04
1.722399950027465820e+00 4.019017214886844158e-04
1.723999977111816406e+00 4.018887993879616261e-04
1.725600004196166992e+00 4.018758190795779228e-04
1.727200031280517578e+00 4.018628387711942196e-04
1.728800058364868164e+00 4.018498293589800596e-04
1.730399966239929199e+00 4.018367908429354429e-04
1.731999993324279785e+00 4.018237523268908262e-04
1.733600020408630371e+00 4.018106847070157528e-04
1.735200047492980957e+00 4.017975879833102226e-04
1.736799955368041992e+00 4.017844912596046925e-04
1.738399982452392578e+00 4.017713654320687056e-04
1.740000009536743164e+00 4.017582105007022619e-04
1.741600036621093750e+00 4.017450264655053616e-04
1.743199944496154785e+00 4.017318424303084612e-04
1.744799971580505371e+00 4.017186292912811041e-04
1.746399998664855957e+00 4.017054161522537470e-04
1.748000025749206543e+00 4.016921448055654764e-04
1.749600052833557129e+00 4.016789025627076626e-04
1.751199960708618164e+00 4.016656021121889353e-04
1.752799987792968750e+00 4.016522725578397512e-04
1.754400014877319336e+00 4.016389430034905672e-04
1.756000041961669922e+00 4.016256134491413832e-04
1.757599949836730957e+00 4.016122256871312857e-04
1.759199976921081543e+00 4.015988379251211882e-04
1.760800004005432129e+00 4.015854210592806339e-04
1.762400031089782715e+00 4.015720041934400797e-04
1.764000058174133301e+00 4.015585582237690687e-04
1.765599966049194336e+00 4.015450831502676010e-04
1.767199993133544922e+00 4.015315789729356766e-04
1.768800020217895508e+00 4.015180747956037521e-04
1.770400047302246094e+00 4.015045415144413710e-04
1.771999955177307129e+00 4.014909791294485331e-04
1.773599982261657715e+00 4.014774167444556952e-04
1.775200009346008301e+00 4.014638252556324005e-04
1.776800036430358887e+00 4.014502046629786491e-04
1.778399944305419922e+00 4.014365840703248978e-04
1.779999971389770508e+00 4.014229343738406897e-04
1.781599998474121094e+00 4.014092555735260248e-04
1.783200025558471680e+00 4.013955767732113600e-04
1.784800052642822266e+00 4.013818688690662384e-04
1.786399960517883301e+00 4.013681318610906601e-04
1.787999987602233887e+00 4.013543657492846251e-04
1.789600014686584473e+00 4.013405996374785900e-04
1.791200041770935059e+00 4.013268044218420982e-04
1.792799949645996094e+00 4.013130092062056065e-04
1.794399976730346680e+00 4.012991848867386580e-04
1.796000003814697266e+00 4.012853314634412527e-04
1.797600030899047852e+00 4.012714489363133907e-04
1.799200057983398438e+00 4.012575664091855288e-04
1.800799965858459473e+00 4.012436547782272100e-04
1.802399992942810059e+00 4.012297431472688913e-04
1.804000020027160645e+00 4.012158024124801159e-04
1.805600047111511230e+00 4.012018325738608837e-04
1.807199954986572266e+00 4.011878336314111948e-04
1.808799982070922852e+00 4.011738346889615059e-04
1.810400009155273438e+00 4.011598066426813602e-04
1.812000036239624023e+00 4.011457494925707579e-04
1.813599944114685059e+00 4.011316923424601555e-04
1.815199971199035645e+00 4.011176060885190964e-04
1.816799998283386230e+00 4.011034907307475805e-04
1.818400025367736816e+00 4.010893753729760647e-04
1.820000052452087402e+00 4.010752309113740921e-04
1.821599960327148438e+00 4.010610573459416628e-04
1.823199987411499023e+00 4.010468837805092335e-04
1.824800014495849609e+00 4.010326811112463474e-04
1.826400041580200195e+00 4.010184493381530046e-04
1.827999949455261230e+00 4.010042175650596619e-04
1.829599976539611816e+00 4.009899566881358624e-04
1.831200003623962402e+00 4.009756667073816061e-04
1.832800030708312988e+00 4.009613767266273499e-04
1.834400057792663574e+00 4.009470576420426369e-04
1.835999965667724609e+00 4.009327094536274672e-04
1.837599992752075195e+00 4.009183612652122974e-04
1.839200019836425781e+00 4.009039839729666710e-04
1.840800046920776367e+00 4.008895775768905878e-04
1.842399954795837402e+00 4.008751711808145046e-04
1.843999981880187988e+00 4.008607356809079647e-04
1.845600008964538574e+00 4.008462710771709681e-04
1.847200036048889160e+00 4.008318064734339714e-04
1.848799943923950195e+00 4.008173127658665180e-04
1.850399971008300781e+00 4.008027899544686079e-04
1.851999998092651367e+00 4.007882671430706978e-04
1.853600025177001953e+00 4.007737152278423309e-04
1.855200052261352539e+00 4.007591342087835073e-04
1.856799960136413574e+00 4.007445531897246838e-04
1.858399987220764160e+00 4.007299139630049467e-04
1.860000014305114746e+00 4.007153038401156664e-04
1.861600041389465332e+00 4.007006355095654726e-04
1.863199949264526367e+00 4.006859671790152788e-04
1.864799976348876953e+00 4.006712988484650850e-04
1.866400003433227539e+00 4.006565723102539778e-04
1.868000030517578125e+00 4.006418457720428705e-04
1.869600057601928711e+00 4.006271192338317633e-04
1.871199965476989746e+00 4.006123344879597425e-04
1.872799992561340332e+00 4.005975497420877218e-04
1.874400019645690918e+00 4.005827649962157011e-04
1.876000046730041504e+00 4.005679220426827669e-04
1.877599954605102539e+00 4.005530790891498327e-04
1.879199981689453125e+00 4.005382361356168985e-04
1.880800008773803711e+00 4.005233349744230509e-04
1.882400035858154297e+00 4.005084338132292032e-04
1.883999943733215332e+00 4.004935326520353556e-04
1.885599970817565918e+00 4.004785732831805944e-04
1.887199997901916504e+00 4.004636139143258333e-04
1.888800024986267090e+00 4.004486545454710722e-04
1.890400052070617676e+00 4.004336369689553976e-04
1.891999959945678711e+00 4.004186193924397230e-04
1.893599987030029297e+00 4.004036018159240484e-04
1.895200014114379883e+00 4.003885260317474604e-04
1.896800041198730469e+00 4.003734502475708723e-04
1.898399949073791504e+00 4.003583744633942842e-04
1.899999976158142090e+00 4.003432404715567827e-04
1.901600003242492676e+00 4.003281064797192812e-04
1.903200030326843262e+00 4.003129724878817797e-04
1.904800057411193848e+00 4.002977802883833647e-04
1.906399965286254883e+00 4.002826171927154064e-04
1.907999992370605469e+00 4.002673958893865347e-04
1.909600019454956055e+00 4.002521745860576630e-04
1.911200046539306641e+00 4.002369241788983345e-04
1.912799954414367676e+00 4.002216446679085493e-04
1.914399981498718262e+00 4.002063651569187641e-04
1.916000008583068848e+00 4.001910565420985222e-04
1.917600035667419434e+00 4.001757188234478235e-04
1.919199943542480469e+00 4.001603811047971249e-04
1.920799970626831055e+00 4.001450142823159695e-04
1.922399997711181641e+00 4.001296474598348141e-04
1.924000024795532227e+00 4.001142224296927452e-04
1.925600051879882812e+00 4.000987973995506763e-04
1.927199959754943848e+00 4.000833723694086075e-04
1.928799986839294434e+00 4.000679182354360819e-04
1.930400013923645020e+00 4.000524349976330996e-04
1.932000041007995605e+00 4.000369226559996605e-04
1.933599948883056641e+00 4.000214103143662214e-04
1.935199975967407227e+00 4.000058688689023256e-04
1.936800003051757812e+00 3.999903274234384298e-04
1.938400030136108398e+00 3.999747277703136206e-04
1.940000057220458984e+00 3.999591572210192680e-04
1.941599965095520020e+00 3.999435284640640020e-04
1.943199992179870605e+00 3.999278997071087360e-04
1.944800019264221191e+00 3.999122418463230133e-04
1.946400046348571777e+00 3.998965548817068338e-04
1.947999954223632812e+00 3.998808679170906544e-04
1.949599981307983398e+00 3.998651518486440182e-04
1.951200008392333984e+00 3.998494357801973820e-04
1.952800035476684570e+00 3.998336906079202890e-04
1.954399943351745605e+00 3.998179163318127394e-04
1.955999970436096191e+00 3.998021129518747330e-04
1.957599997520446777e+00 3.997863095719367266e-04
1.959200024604797363e+00 3.997704770881682634e-04
1.960800051689147949e+00 3.997546446043998003e-04
1.962399959564208984e+00 3.997387830168008804e-04
1.963999986648559570e+00 3.997228923253715038e-04
1.965600013732910156e+00 3.997069725301116705e-04
1.967200040817260742e+00 3.996910527348518372e-04
1.968799948692321777e+00 3.996751038357615471e-04
1.970399975776672363e+00 3.996591549366712570e-04
1.972000002861022949e+00 3.996431769337505102e-04
1.973600029945373535e+00 3.996271698269993067e-04
1.975200057029724121e+00 3.996111336164176464e-04
1.976799964904785156e+00 3.995950974058359861e-04
1.978399991989135742e+00 3.995790320914238691e-04
1.980000019073486328e+00 3.995629667770117521e-04
1.981600046157836914e+00 3.995468723587691784e-04
1.983199954032897949e+00 3.995307488366961479e-04
1.984799981117248535e+00 3.995145962107926607e-04
1.986400008201599121e+00 3.994984435848891735e-04
1.988000035285949707e+00 3.994822618551552296e-04
1.989599943161010742e+00 3.994660801254212856e-04
1.991199970245361328e+00 3.994498692918568850e-04
1.992799997329711914e+00 3.994336293544620275e-04
1.994400024414062500e+00 3.994173603132367134e-04
1.996000051498413086e+00 3.994010912720113993e-04
1.997599959373474121e+00 3.993847931269556284e-04
1.999199986457824707e+00 3.993684949818998575e-04
2.000799894332885742e+00 3.993521386291831732e-04
2.002399921417236328e+00 3.993358113802969456e-04
2.003999948501586914e+00 3.993194259237498045e-04
2.005599975585937500e+00 3.993030404672026634e-04
2.007200002670288086e+00 3.992866259068250656e-04
2.008800029754638672e+00 3.992701822426170111e-04
2.010400056838989258e+00 3.992537385784089565e-04
2.012000083923339844e+00 3.992372658103704453e-04
2.013600111007690430e+00 3.992207930423319340e-04
2.015199899673461914e+00 3.992042620666325092e-04
2.016799926757812500e+00 3.991877310909330845e-04
2.018399953842163086e+00 3.991712001152336597e-04
2.019999980926513672e+00 3.991546400357037783e-04
2.021600008010864258e+00 3.991380508523434401e-04
2.023200035095214844e+00 3.991214325651526451e-04
2.024800062179565430e+00 3.991048142779618502e-04
2.026400089263916016e+00 3.990881668869405985e-04
2.028000116348266602e+00 3.990714903920888901e-04
2.029599905014038086e+00 3.990548138972371817e-04
2.031199932098388672e+00 3.990381082985550165e-04
2.032799959182739258e+00 3.990213735960423946e-04
2.034399986267089844e+00 3.990046097896993160e-04
2.036000013351440430e+00 3.989878459833562374e-04
2.037600040435791016e+00 3.989710821770131588e-04
2.039200067520141602e+00 3.989542601630091667e-04
2.040800094604492188e+00 3.989374381490051746e-04
2.042399883270263672e+00 3.989205870311707258e-04
2.043999910354614258e+00 3.989037359133362770e-04
2.045599937438964844e+00 3.988868556916713715e-04
2.047199964523315430e+00 3.988699463661760092e-04
2.048799991607666016e+00 3.988530079368501902e-04
2.050400018692016602e+00 3.988360695075243711e-04
2.052000045776367188e+00 3.988191019743680954e-04
2.053600072860717773e+00 3.988021344412118196e-04
2.055200099945068359e+00 3.987851087003946304e-04
2.056799888610839844e+00 3.987680829595774412e-04
2.058399915695190430e+00 3.987510572187602520e-04
2.059999942779541016e+00 3.987339732702821493e-04
2.061599969863891602e+00 3.987168893218040466e-04
2.063199996948242188e+00 3.986998053733259439e-04
2.064800024032592773e+00 3.986826632171869278e-04
2.066400051116943359e+00 3.986655210610479116e-04
2.068000078201293945e+00 3.986483498010784388e-04
2.069600105285644531e+00 3.986311785411089659e-04
2.071199893951416016e+00 3.986139781773090363e-04
2.072799921035766602e+00 3.985967487096786499e-04
2.074399948120117188e+00 3.985794901382178068e-04
2.075999975204467773e+00 3.985622315667569637e-04
2.077600002288818359e+00 3.985449438914656639e-04
2.079200029373168945e+00 3.985276562161743641e-04
2.080800056457519531e+00 3.985103103332221508e-04
2.082400083541870117e+00 3.984929644502699375e-04
2.084000110626220703e+00 3.984756185673177242e-04
2.085599899291992188e+00 3.984582144767045975e-04
2.087199926376342773e+00 3.984408103860914707e-04
2.088799953460693359e+00 3.984233771916478872e-04
2.090399980545043945e+00 3.984059439972043037e-04
2.092000007629394531e+00 3.983884525950998068e-04
2.093600034713745117e+00 3.983709902968257666e-04
2.095200061798095703e+00 3.983534697908908129e-04
2.096800088882446289e+00 3.983359492849558592e-04
2.098400115966796875e+00 3.983183996751904488e-04
2.099999904632568359e+00 3.983008209615945816e-04
2.101599931716918945e+00 3.982832131441682577e-04
2.103199958801269531e+00 3.982656053267419338e-04
2.104799985885620117e+00 3.982479975093156099e-04
2.106400012969970703e+00 3.982303314842283726e-04
2.108000040054321289e+00 3.982126654591411352e-04
2.109600067138671875e+00 3.981949703302234411e-04
2.111200094223022461e+00 3.981772460974752903e-04
2.112799882888793945e+00 3.981595218647271395e-04
2.114399909973144531e+00 3.981417685281485319e-04
2.115999937057495117e+00 3.981239860877394676e-04
2.117599964141845703e+00 3.981061745434999466e-04
2.119199991226196289e+00 3.980883629992604256e-04
2.120800018310546875e+00 3.980705223511904478e-04
2.122400045394897461e+00 3.980526817031204700e-04
2.124000072479248047e+00 3.980347828473895788e-04
2.125600099563598633e+00 3.980168839916586876e-04
2.127199888229370117e+00 3.979989560320973396e-04
2.128799915313720703e+00 3.979810280725359917e-04
2.130399942398071289e+00 3.979630710091441870e-04
2.131999969482421875e+00 3.979450848419219255e-04
2.133599996566772461e+00 3.979270695708692074e-04
2.135200023651123047e+00 3.979090542998164892e-04
2.136800050735473633e+00 3.978910099249333143e-04
2.138400077819824219e+00 3.978729364462196827e-04
2.140000104904174805e+00 3.978548338636755943e-04
2.141599893569946289e+00 3.978367312811315060e-04
2.143199920654296875e+00 3.978185995947569609e-04
2.144799947738647461e+00 3.978004388045519590e-04
2.146399974822998047e+00 3.977822780143469572e-04
2.148000001907348633e+00 3.977640881203114986e-04
2.149600028991699219e+00 3.977458691224455833e-04
2.151200056076049805e+00 3.977276210207492113e-04
2.152800083160400391e+00 3.977093729190528393e-04
2.154400110244750977e+00 3.976910957135260105e-04
2.155999898910522461e+00 3.976727894041687250e-04
2.157599925994873047e+00 3.976544539909809828e-04
2.159199953079223633e+00 3.976361185777932405e-04
2.160799980163574219e+00 3.976177540607750416e-04
2.162400007247924805e+00 3.975993604399263859e-04
2.164000034332275391e+00 3.975809668190777302e-04
2.165600061416625977e+00 3.975625440943986177e-04
2.167200088500976562e+00 3.975440922658890486e-04
2.168800115585327148e+00 3.975256113335490227e-04
2.170399904251098633e+00 3.975071012973785400e-04
2.171999931335449219e+00 3.974885912612080574e-04
2.173599958419799805e+00 3.974700521212071180e-04
2.175199985504150391e+00 3.974515129812061787e-04
2.176800012588500977e+00 3.974329156335443258e-04
2.178400039672851562e+00 3.974143182858824730e-04
2.180000066757202148e+00 3.973956918343901634e-04
2.181600093841552734e+00 3.973770362790673971e-04
2.183199882507324219e+00 3.973583807237446308e-04
2.184799909591674805e+00 3.973396960645914078e-04
2.186399936676025391e+00 3.973209823016077280e-04
2.187999963760375977e+00 3.973022394347935915e-04
2.189599990844726562e+00 3.972834965679794550e-04
2.191200017929077148e+00 3.972647245973348618e-04
2.192800045013427734e+00 3.972459235228598118e-04
2.194400072097778320e+00 3.972270933445543051e-04
2.196000099182128906e+00 3.972082631662487984e-04
2.197599887847900391e+00 3.971894038841128349e-04
2.199199914932250977e+00 3.971705154981464148e-04
2.200799942016601562e+00 3.971515980083495378e-04
2.202399969100952148e+00 3.971326514147222042e-04
2.203999996185302734e+00 3.971137048210948706e-04
2.205600023269653320e+00 3.970947291236370802e-04
2.207200050354003906e+00 3.970757243223488331e-04
2.208800077438354492e+00 3.970567195210605860e-04
2.210400104522705078e+00 3.970376856159418821e-04
2.211999893188476562e+00 3.970186226069927216e-04
2.213599920272827148e+00 3.969995304942131042e-04
2.215199947357177734e+00 3.969804092776030302e-04
2.216799974441528320e+00 3.969612880609929562e-04
2.218400001525878906e+00 3.969421377405524254e-04
2.220000028610229492e+00 3.969229583162814379e-04
2.221600055694580078e+00 3.969037497881799936e-04
2.223200082778930664e+00 3.968845412600785494e-04
2.224800109863281250e+00 3.968652745243161917e-04
2.226399898529052734e+00 3.968460077885538340e-04
2.227999925613403320e+00 3.968267119489610195e-04
2.229599952697753906e+00 3.968074161093682051e-04
2.231199979782104492e+00 3.967880911659449339e-04
2.232800006866455078e+00 3.967687080148607492e-04
2.234400033950805664e+00 3.967493248637765646e-04
2.236000061035156250e+00 3.967299417126923800e-04
2.237600088119506836e+00 3.967105003539472818e-04
2.239200115203857422e+00 3.966910589952021837e-04
2.240799903869628906e+00 3.966715885326266289e-04
2.242399930953979492e+00 3.966520889662206173e-04
2.243999958038330078e+00 3.966325602959841490e-04
2.245599985122680664e+00 3.966130316257476807e-04
2.247200012207031250e+00 3.965934738516807556e-04
2.248800039291381836e+00 3.965738578699529171e-04
2.250400066375732422e+00 3.965542709920555353e-04
2.252000093460083008e+00 3.965346259064972401e-04
2.253599882125854492e+00 3.965149517171084881e-04
2.255199909210205078e+00 3.964952775277197361e-04
2.256799936294555664e+00 3.964755742345005274e-04
2.258399963378906250e+00 3.964558418374508619e-04
2.259999990463256836e+00 3.964361094404011965e-04
2.261600017547607422e+00 3.964163188356906176e-04
2.263200044631958008e+00 3.963965282309800386e-04
2.264800071716308594e+00 3.963767085224390030e-04
2.266400098800659180e+00 3.963568597100675106e-04
2.267999887466430664e+00 3.963369817938655615e-04
2.269599914550781250e+00 3.963171038776636124e-04
2.271199941635131836e+00 3.962971677538007498e-04
2.272799968719482422e+00 3.962772316299378872e-04
2.274399995803833008e+00 3.962572664022445679e-04
2.276000022888183594e+00 3.962372720707207918e-04
2.277600049972534180e+00 3.962172777391970158e-04
2.279200077056884766e+00 3.961972252000123262e-04
2.280800104141235352e+00 3.961771726608276367e-04
2.282399892807006836e+00 3.961570910178124905e-04
2.283999919891357422e+00 3.961369802709668875e-04
2.285599946975708008e+00 3.961168404202908278e-04
2.287199974060058594e+00 3.960967005696147680e-04
2.288800001144409180e+00 3.960765025112777948e-04
2.290400028228759766e+00 3.960563044529408216e-04
2.292000055313110352e+00 3.960360772907733917e-04
2.293600082397460938e+00 3.960158210247755051e-04
2.295200109481811523e+00 3.959955356549471617e-04
2.296799898147583008e+00 3.959752502851188183e-04
2.298399925231933594e+00 3.959549067076295614e-04
2.299999952316284180e+00 3.959345631301403046e-04
2.301599979400634766e+00 3.959141904488205910e-04
2.303200006484985352e+00 3.958937886636704206e-04
2.304800033569335938e+00 3.958733577746897936e-04
2.306400060653686523e+00 3.958528977818787098e-04
2.308000087738037109e+00 3.958324377890676260e-04
2.309600114822387695e+00 3.958119486924260855e-04
2.311199903488159180e+00 3.957914013881236315e-04
2.312799930572509766e+00 3.957708540838211775e-04
2.314399957656860352e+00 3.957502776756882668e-04
2.315999984741210938e+00 3.957297012675553560e-04
2.317600011825561523e+00 3.957090666517615318e-04
2.319200038909912109e+00 3.956884029321372509e-04
2.320800065994262695e+00 3.956677392125129700e-04
2.322400093078613281e+00 3.956470463890582323e-04
2.323999881744384766e+00 3.956263244617730379e-04
2.325599908828735352e+00 3.956055734306573868e-04
2.327199935913085938e+00 3.955847932957112789e-04
2.328799962997436523e+00 3.955639840569347143e-04
2.330399990081787109e+00 3.955431748181581497e-04
2.332000017166137695e+00 3.955223073717206717e-04
2.333600044250488281e+00 3.955014399252831936e-04
2.335200071334838867e+00 3.954805433750152588e-04
2.336800098419189453e+00 3.954596177209168673e-04
2.338399887084960938e+00 3.954386629629880190e-04
2.339999914169311523e+00 3.954176791012287140e-04
2.341599941253662109e+00 3.953966661356389523e-04
2.343199968338012695e+00 3.953756531700491905e-04
2.344799995422363281e+00 3.953545819967985153e-04
2.346400022506713867e+00 3.953335108235478401e-04
2.348000049591064453e+00 3.953123814426362514e-04
2.349600076675415039e+00 3.952912520617246628e-04
2.351200103759765625e+00 3.952700935769826174e-04
2.352799892425537109e+00 3.952489059884101152e-04
2.354399919509887695e+00 3.952276892960071564e-04
2.355999946594238281e+00 3.952064726036041975e-04
2.357599973678588867e+00 3.951851977035403252e-04
2.359200000762939453e+00 3.951638936996459961e-04
2.360800027847290039e+00 3.951425896957516670e-04
2.362400054931640625e+00 3.951212565880268812e-04
2.364000082015991211e+00 3.950998652726411819e-04
2.365600109100341797e+00 3.950784739572554827e-04
2.367199897766113281e+00 3.950570535380393267e-04
2.368799924850463867e+00 3.950356040149927139e-04
2.370399951934814453e+00 3.950141253881156445e-04
2.371999979019165039e+00 3.949926176574081182e-04
2.373600006103515625e+00 3.949711099267005920e-04
2.375200033187866211e+00 3.949495439883321524e-04
2.376800060272216797e+00 3.949279489461332560e-04
2.378400087356567383e+00 3.949063539039343596e-04
2.380000114440917969e+00 3.948847006540745497e-04
2.381599903106689453e+00 3.948630474042147398e-04
2.383199930191040039e+00 3.948413359466940165e-04
2.384799957275390625e+00 3.948196244891732931e-04
2.386399984359741211e+00 3.947978839278221130e-04
2.388000011444091797e+00 3.947761142626404762e-04
2.389600038528442383e+00 3.947543154936283827e-04
2.391200065612792969e+00 3.947324876207858324e-04
2.392800092697143555e+00 3.947106306441128254e-04
2.394399881362915039e+00 3.946887445636093616e-04
2.395999908447265625e+00 3.946668293792754412e-04
2.397599935531616211e+00 3.946448850911110640e-04
2.399199962615966797e+00 3.946229408029466867e-04
2.400799989700317383e+00 3.946009383071213961e-04
2.402400016784667969e+00 3.945789067074656487e-04
2.404000043869018555e+00 3.945568751078099012e-04
2.405600070953369141e+00 3.945347853004932404e-04
2.407200098037719727e+00 3.945126663893461227e-04
2.408799886703491211e+00 3.944905474781990051e-04
2.410399913787841797e+00 3.944683703593909740e-04
2.411999940872192383e+00 3.944461932405829430e-04
2.413599967956542969e+00 3.944239870179444551e-04
2.415199995040893555e+00 3.944017225876450539e-04
2.416800022125244141e+00 3.943794581573456526e-04
2.418400049209594727e+00 3.943571646232157946e-04
2.420000076293945312e+00 3.943348128814250231e-04
2.421600103378295898e+00 3.943124611396342516e-04
2.423199892044067383e+00 3.942900802940130234e-04
2.424799919128417969e+00 3.942676703445613384e-04
2.426399946212768555e+00 3.942452021874487400e-04
2.427999973297119141e+00 3.942227340303361416e-04
2.429600000381469727e+00 3.942002367693930864e-04
2.431200027465820312e+00 3.941777104046195745e-04
2.432800054550170898e+00 3.941551549360156059e-04
2.434400081634521484e+00 3.941325412597507238e-04
2.436000108718872070e+00 3.941099275834858418e-04
2.437599897384643555e+00 3.940872848033905029e-04
2.439199924468994141e+00 3.940646129194647074e-04
2.440799951553344727e+00 3.940419119317084551e-04
2.442399978637695312e+00 3.940191527362912893e-04
2.444000005722045898e+00 3.939963935408741236e-04
2.445600032806396484e+00 3.939736052416265011e-04
2.447200059890747070e+00 3.939507878385484219e-04
2.448800086975097656e+00 3.939279122278094292e-04
2.450400114059448242e+00 3.939050366170704365e-04
2.451999902725219727e+00 3.938821319025009871e-04
2.453599929809570312e+00 3.938591980841010809e-04
2.455199956893920898e+00 3.938362060580402613e-04
2.456799983978271484e+00 3.938132140319794416e-04
2.458400011062622070e+00 3.937901637982577085e-04
2.460000038146972656e+00 3.937671135645359755e-04
2.461600065231323242e+00 3.937440342269837856e-04
2.463200092315673828e+00 3.937208966817706823e-04
2.464799880981445312e+00 3.936977591365575790e-04
2.466399908065795898e+00 3.936745633836835623e-04
2.467999935150146484e+00 3.936513385269790888e-04
2.469599962234497070e+00 3.936281136702746153e-04
2.471199989318847656e+00 3.936048306059092283e-04
2.472800016403198242e+00 3.935815184377133846e-04
2.474400043487548828e+00 3.935581771656870842e-04
2.476000070571899414e+00 3.935348067898303270e-04
2.477600097656250000e+00 3.935114073101431131e-04
2.479199886322021484e+00 3.934879787266254425e-04
2.480799913406372070e+00 3.934645210392773151e-04
2.482399940490722656e+00 3.934410342480987310e-04
2.483999967575073242e+00 3.934175183530896902e-04
2.485599994659423828e+00 3.933939733542501926e-04
2.487200021743774414e+00 3.933703701477497816e-04
2.488800048828125000e+00 3.933467669412493706e-04
2.490400075912475586e+00 3.933231346309185028e-04
2.492000102996826172e+00 3.932994441129267216e-04
2.493599891662597656e+00 3.932757244911044836e-04
2.495199918746948242e+00 3.932520048692822456e-04
2.496799945831298828e+00 3.932282270397990942e-04
2.498399972915649414e+00 3.932044201064854860e-04
2.500000000000000000e+00 3.931805840693414211e-04
2.501600027084350586e+00 3.931567189283668995e-04
2.503200054168701172e+00 3.931327955797314644e-04
2.504800081253051758e+00 3.931088722310960293e-04
2.506400108337402344e+00 3.930849197786301374e-04
2.507999897003173828e+00 3.930609091185033321e-04
2.509599924087524414e+00 3.930368984583765268e-04
2.511199951171875000e+00 3.930128295905888081e-04
2.512799978256225586e+00 3.929887316189706326e-04
2.514400005340576172e+00 3.929646045435220003e-04
2.516000032424926758e+00 3.929404483642429113e-04
2.517600059509277344e+00 3.929162630811333656e-04
2.519200086593627930e+00 3.928920195903629065e-04
2.520800113677978516e+00 3.928677760995924473e-04
2.522399902343750000e+00 3.928434744011610746e-04
2.523999929428100586e+00 3.928191727027297020e-04
2.525599956512451172e+00 3.927948127966374159e-04
2.527199983596801758e+00 3.927704237867146730e-04
2.528800010681152344e+00 3.927460056729614735e-04
2.530400037765502930e+00 3.927215584553778172e-04
2.532000064849853516e+00 3.926970530301332474e-04
2.533600091934204102e+00 3.926725476048886776e-04
2.535200119018554688e+00 3.926479839719831944e-04
2.536799907684326172e+00 3.926233912352472544e-04
2.538399934768676758e+00 3.925987693946808577e-04
2.539999961853027344e+00 3.925741184502840042e-04
2.541599988937377930e+00 3.925494092982262373e-04
2.543200016021728516e+00 3.925247001461684704e-04
2.544800043106079102e+00 3.924999327864497900e-04
2.546400070190429688e+00 3.924751654267311096e-04
2.548000097274780273e+00 3.924503398593515158e-04
2.549599885940551758e+00 3.924254560843110085e-04
2.551199913024902344e+00 3.924005723092705011e-04
2.552799940109252930e+00 3.923756303265690804e-04
2.554399967193603516e+00 3.923506883438676596e-04
2.555999994277954102e+00 3.923256881535053253e-04
2.557600021362304688e+00 3.923006588593125343e-04
2.559200048446655273e+00 3.922755713574588299e-04
2.560800075531005859e+00 3.922504838556051254e-04
2.562400102615356445e+00 3.922253381460905075e-04
2.563999891281127930e+00 3.922001633327454329e-04
2.565599918365478516e+00 3.921749594155699015e-04
2.567199945449829102e+00 3.921497263945639133e-04
2.568799972534179688e+00 3.921244642697274685e-04
2.570399999618530273e+00 3.920991439372301102e-04
2.572000026702880859e+00 3.920737945009022951e-04
2.573600053787231445e+00 3.920484159607440233e-04
2.575200080871582031e+00 3.920229792129248381e-04
2.576800107955932617e+00 3.919975424651056528e-04
2.578399896621704102e+00 3.919720475096255541e-04
2.579999923706054688e+00 3.919465234503149986e-04
2.581599950790405273e+00 3.919209702871739864e-04
2.583199977874755859e+00 3.918953589163720608e-04
2.584800004959106445e+00 3.918697475455701351e-04
2.586400032043457031e+00 3.918440779671072960e-04
2.588000059127807617e+00 3.918183501809835434e-04
2.589600086212158203e+00 3.917926223948597908e-04
2.591200113296508789e+00 3.917668364010751247e-04
2.592799901962280273e+00 3.917410213034600019e-04
2.594399929046630859e+00 3.917151771020144224e-04
2.595999956130981445e+00 3.916892746929079294e-04
2.597599983215332031e+00 3.916633722838014364e-04
2.599200010299682617e+00 3.916374116670340300e-04
2.600800037384033203e+00 3.916113928426057100e-04
2.602400064468383789e+00 3.915853740181773901e-04
2.604000091552734375e+00 3.915592969860881567e-04
2.605600118637084961e+00 3.915331908501684666e-04
2.607199907302856445e+00 3.915070265065878630e-04
2.608799934387207031e+00 3.914808621630072594e-04
2.610399961471557617e+00 3.914546396117657423e-04
2.611999988555908203e+00 3.914283879566937685e-04
2.613600015640258789e+00 3.914020780939608812e-04
2.615200042724609375e+00 3.913757391273975372e-04
2.616800069808959961e+00 3.913493710570037365e-04
2.618400096893310547e+00 3.913229738827794790e-04
2.619999885559082031e+00 3.912965185008943081e-04
2.621599912643432617e+00 3.912700340151786804e-04
2.623199939727783203e+00 3.912434913218021393e-04
2.624799966812133789e+00 3.912169486284255981e-04
2.626399993896484375e+00 3.911903477273881435e-04
2.628000020980834961e+00 3.911636886186897755e-04
2.629600048065185547e+00 3.911370295099914074e-04
2.631200075149536133e+00 3.911103121936321259e-04
2.632800102233886719e+00 3.910835366696119308e-04
2.634399890899658203e+00 3.910567611455917358e-04
2.635999917984008789e+00 3.910299274139106274e-04
2.637599945068359375e+00 3.910030354745686054e-04
2.639199972152709961e+00 3.909761435352265835e-04
2.640799999237060547e+00 3.909491933882236481e-04
2.642400026321411133e+00 3.909221850335597992e-04
2.644000053405761719e+00 3.908951475750654936e-04
2.645600080490112305e+00 3.908680810127407312e-04
2.647200107574462891e+00 3.908409853465855122e-04
2.648799896240234375e+00 3.908138314727693796e-04
2.650399923324584961e+00 3.907866484951227903e-04
2.651999950408935547e+00 3.907594073098152876e-04
2.653599977493286133e+00 3.907321370206773281e-04
2.655200004577636719e+00 3.907048376277089119e-04
2.656800031661987305e+00 3.906774800270795822e-04
2.658400058746337891e+00 3.906500933226197958e-04
2.660000085830688477e+00 3.906226775143295527e-04
2.661600112915039062e+00 3.905952034983783960e-04
2.663199901580810547e+00 3.905676712747663260e-04
2.664799928665161133e+00 3.905401390511542559e-04
2.666399955749511719e+00 3.905125486198812723e-04
2.667999982833862305e+00 3.904848999809473753e-04
2.669600009918212891e+00 3.904572222381830215e-04
2.671200037002563477e+00 3.904295153915882111e-04
2.672800064086914062e+00 3.904017503373324871e-04
2.674400091171264648e+00 3.903739561792463064e-04
2.676000118255615234e+00 3.903461038134992123e-04
2.677599906921386719e+00 3.903182223439216614e-04
2.679199934005737305e+00 3.902903117705136538e-04
2.680799961090087891e+00 3.902623429894447327e-04
2.682399988174438477e+00 3.902343451045453548e-04
2.684000015258789062e+00 3.902062890119850636e-04
2.685600042343139648e+00 3.901782038155943155e-04
2.687200069427490234e+00 3.901500604115426540e-04
2.688800096511840820e+00 3.901218879036605358e-04
2.690399885177612305e+00 3.900936571881175041e-04
2.691999912261962891e+00 3.900653973687440157e-04
2.693599939346313477e+00 3.900371084455400705e-04
2.695199966430664062e+00 3.900087613146752119e-04
2.696799993515014648e+00 3.899803559761494398e-04
2.698400020599365234e+00 3.899519506376236677e-04
2.700000047683715820e+00 3.899234579876065254e-04
2.701600074768066406e+00 3.898949362337589264e-04
2.703200101852416992e+00 3.898663853760808706e-04
2.704799890518188477e+00 3.898377763107419014e-04
2.706399917602539062e+00 3.898091381415724754e-04
2.707999944686889648e+00 3.897804417647421360e-04
2.709599971771240234e+00 3.897516871802508831e-04
2.711199998855590820e+00 3.897229325957596302e-04
2.712800025939941406e+00 3.896940906997770071e-04
2.714400053024291992e+00 3.896652196999639273e-04
2.716000080108642578e+00 3.896363195963203907e-04
2.717600107192993164e+00 3.896073612850159407e-04
2.719199895858764648e+00 3.895783738698810339e-04
2.720799922943115234e+00 3.895493282470852137e-04
2.722399950027465820e+00 3.895202244166284800e-04
2.723999977111816406e+00 3.894910914823412895e-04
2.725600004196166992e+00 3.894619003403931856e-04
2.727200031280517578e+00 3.894326800946146250e-04
2.728800058364868164e+00 3.894034307450056076e-04
2.730400085449218750e+00 3.893740940839052200e-04
2.732000112533569336e+00 3.893447283189743757e-04
2.733599901199340820e+00 3.893153334502130747e-04
2.735199928283691406e+00 3.892858803737908602e-04
2.736799955368041992e+00 3.892563981935381889e-04
2.738399982452392578e+00 3.892268578056246042e-04
2.740000009536743164e+00 3.891972592100501060e-04
2.741600036621093750e+00 3.891676315106451511e-04
2.743200063705444336e+00 3.891379456035792828e-04
2.744800090789794922e+00 3.891082305926829576e-04
2.746400117874145508e+00 3.890784573741257191e-04
2.747999906539916992e+00 3.890486259479075670e-04
2.749599933624267578e+00 3.890187654178589582e-04
2.751199960708618164e+00 3.889888466801494360e-04
2.752799987792968750e+00 3.889588988386094570e-04
2.754400014877319336e+00 3.889288927894085646e-04
2.756000041961669922e+00 3.888988285325467587e-04
2.757600069046020508e+00 3.888687351718544960e-04
2.759200096130371094e+00 3.888385836035013199e-04
2.760799884796142578e+00 3.888083738274872303e-04
2.762399911880493164e+00 3.887781349476426840e-04
2.763999938964843750e+00 3.887478378601372242e-04
2.765599966049194336e+00 3.887175116688013077e-04
2.767199993133544922e+00 3.886871272698044777e-04
2.768800020217895508e+00 3.886566846631467342e-04
2.770400047302246094e+00 3.886262129526585340e-04
2.772000074386596680e+00 3.885956830345094204e-04
2.773600101470947266e+00 3.885650949086993933e-04
2.775199890136718750e+00 3.885344776790589094e-04
2.776799917221069336e+00 3.885038022417575121e-04
2.778399944305419922e+00 3.884730685967952013e-04
2.779999971389770508e+00 3.884423058480024338e-04
2.781599998474121094e+00 3.884114848915487528e-04
2.783200025558471680e+00 3.883806057274341583e-04
2.784800052642822266e+00 3.883496683556586504e-04
2.786400079727172852e+00 3.883187018800526857e-04
2.788000106811523438e+00 3.882876771967858076e-04
2.789599895477294922e+00 3.882566234096884727e-04
2.791199922561645508e+00 3.882254823110997677e-04
2.792799949645996094e+00 3.881943121086806059e-04
2.794399976730346680e+00 3.881631128024309874e-04
2.796000003814697266e+00 3.881318261846899986e-04
2.797600030899047852e+00 3.881005104631185532e-04
2.799200057983398438e+00 3.880691365338861942e-04
2.800800085067749023e+00 3.880377335008233786e-04
2.802400112152099609e+00 3.880062431562691927e-04
2.803999900817871094e+00 3.879747237078845501e-04
2.805599927902221680e+00 3.879431460518389940e-04
2.807199954986572266e+00 3.879115101881325245e-04
2.808799982070922852e+00 3.878798452205955982e-04
2.810400009155273438e+00 3.878481220453977585e-04
2.812000036239624023e+00 3.878163406625390053e-04
2.813600063323974609e+00 3.877845010720193386e-04
2.815200090408325195e+00 3.877526323776692152e-04
2.816800117492675781e+00 3.877207054756581783e-04
2.818399906158447266e+00 3.876886912621557713e-04
2.819999933242797852e+00 3.876566770486533642e-04
2.821599960327148438e+00 3.876245755236595869e-04
2.823199987411499023e+00 3.875924448948353529e-04
2.824800014495849609e+00 3.875602269545197487e-04
2.826400041580200195e+00 3.875279799103736877e-04
2.828000068664550781e+00 3.874956746585667133e-04
2.829600095748901367e+00 3.874633403029292822e-04
2.831199884414672852e+00 3.874309186358004808e-04
2.832799911499023438e+00 3.873984678648412228e-04
2.834399938583374023e+00 3.873659588862210512e-04
2.835999965667724609e+00 3.873333916999399662e-04
2.837599992752075195e+00 3.873007663059979677e-04
2.839200019836425781e+00 3.872680827043950558e-04
2.840800046920776367e+00 3.872353408951312304e-04
2.842400074005126953e+00 3.872025699820369482e-04
2.844000101089477539e+00 3.871697408612817526e-04
2.845599889755249023e+00 3.871368535328656435e-04
2.847199916839599609e+00 3.871039079967886209e-04
2.848799943923950195e+00 3.870709042530506849e-04
2.850399971008300781e+00 3.870378423016518354e-04
2.851999998092651367e+00 3.870047221425920725e-04
2.853600025177001953e+00 3.869715728797018528e-04
2.855200052261352539e+00 3.869383363053202629e-04
2.856800079345703125e+00 3.869050706271082163e-04
2.858400106430053711e+00 3.868717467412352562e-04
2.859999895095825195e+00 3.868383355438709259e-04
2.861599922180175781e+00 3.868048952426761389e-04
2.863199949264526367e+00 3.867713967338204384e-04
2.864799976348876953e+00 3.867378400173038244e-04
2.866400003433227539e+00 3.867042250931262970e-04
2.868000030517578125e+00 3.866705810651183128e-04
2.869600057601928711e+00 3.866368497256189585e-04
2.871200084686279297e+00 3.866030601784586906e-04
2.872800111770629883e+00 3.865692124236375093e-04
2.874399900436401367e+00 3.865353355649858713e-04
2.875999927520751953e+00 3.865013713948428631e-04
2.877599954605102539e+00 3.864673781208693981e-04
2.879199981689453125e+00 3.864332975354045630e-04
2.880800008773803711e+00 3.863991878461092710e-04
2.882400035858154297e+00 3.863649908453226089e-04
2.884000062942504883e+00 3.863307647407054901e-04
2.885600090026855469e+00 3.862964513245970011e-04
2.887200117111206055e+00 3.862621088046580553e-04
2.888799905776977539e+00 3.862276789732277393e-04
2.890399932861328125e+00 3.861932200379669666e-04
2.891999959945678711e+00 3.861586737912148237e-04
2.893599987030029297e+00 3.861240984406322241e-04
2.895200014114379883e+00 3.860894357785582542e-04
2.896800041198730469e+00 3.860547440126538277e-04
2.898400068283081055e+00 3.860199649352580309e-04
2.900000095367431641e+00 3.859851567540317774e-04
2.901599884033203125e+00 3.859502612613141537e-04
2.903199911117553711e+00 3.859153075609356165e-04
2.904799938201904297e+00 3.858803247567266226e-04
2.906399965286254883e+00 3.858452546410262585e-04
2.907999992370605469e+00 3.858101263176649809e-04
2.909600019454956055e+00 3.857749397866427898e-04
2.911200046539306641e+00 3.857396950479596853e-04
2.912800073623657227e+00 3.857043921016156673e-04
2.914400100708007812e+00 3.856690309476107359e-04
2.915999889373779297e+00 3.856335824821144342e-04
2.917599916458129883e+00 3.855981049127876759e-04
2.919199943542480469e+00 3.855625400319695473e-04
2.920799970626831055e+00 3.855269460473209620e-04
2.922399997711181641e+00 3.854912647511810064e-04
2.924000024795532227e+00 3.854555252473801374e-04
2.925600051879882812e+00 3.854197275359183550e-04
2.927200078964233398e+00 3.853838716167956591e-04
2.928800106048583984e+00 3.853479574900120497e-04
2.930399894714355469e+00 3.853119851555675268e-04
2.931999921798706055e+00 3.852759255096316338e-04
2.933599948883056641e+00 3.852398076560348272e-04
2.935199975967407227e+00 3.852036315947771072e-04
2.936800003051757812e+00 3.851673973258584738e-04
2.938400030136108398e+00 3.851311048492789268e-04
2.940000057220458984e+00 3.850947541650384665e-04
2.941600084304809570e+00 3.850583161693066359e-04
2.943200111389160156e+00 3.850218490697443485e-04
2.944799900054931641e+00 3.849852946586906910e-04
2.946399927139282227e+00 3.849486820399761200e-04
2.947999954223632812e+00 3.849119821097701788e-04
2.949599981307983398e+00 3.848752530757337809e-04
2.951200008392333984e+00 3.848384367302060127e-04
2.952800035476684570e+00 3.848015621770173311e-04
2.954400062561035156e+00 3.847646294161677361e-04
2.956000089645385742e+00 3.847276384476572275e-04
2.957600116729736328e+00 3.846905601676553488e-04
2.959199905395507812e+00 3.846534236799925566e-04
2.960799932479858398e+00 3.846162289846688509e-04
2.962399959564208984e+00 3.845789469778537750e-04
2.963999986648559570e+00 3.845416358672082424e-04
2.965600013732910156e+00 3.845042374450713396e-04
2.967200040817260742e+00 3.844667808152735233e-04
2.968800067901611328e+00 3.844292368739843369e-04
2.970400094985961914e+00 3.843916347250342369e-04
2.971999883651733398e+00 3.843539743684232235e-04
2.973599910736083984e+00 3.843162558041512966e-04
2.975199937820434570e+00 3.842784499283879995e-04
2.976799964904785156e+00 3.842405858449637890e-04
2.978399991989135742e+00 3.842026635538786650e-04
2.980000019073486328e+00 3.841646539513021708e-04
2.981600046157836914e+00 3.841266152448952198e-04
2.983200073242187500e+00 3.840884601231664419e-04
2.984800100326538086e+00 3.840502758976072073e-04
2.986399888992309570e+00 3.840120043605566025e-04
2.987999916076660156e+00 3.839736455120146275e-04
2.989599943161010742e+00 3.839352575596421957e-04
2.991199970245361328e+00 3.838967822957783937e-04
2.992799997329711914e+00 3.838582197204232216e-04
2.994400024414062500e+00 3.838196280412375927e-04
2.996000051498413086e+00 3.837809199467301369e-04
2.997600078582763672e+00 3.837421827483922243e-04
2.999200105667114258e+00 3.837033582385629416e-04
3.000799894332885742e+00 3.836644755210727453e-04
3.002399921417236328e+00 3.836255054920911789e-04
3.003999948501586914e+00 3.835864772554486990e-04
3.005599975585937500e+00 3.835473617073148489e-04
3.007200002670288086e+00 3.835081879515200853e-04
3.008800029754638672e+00 3.834689559880644083e-04
3.010400056838989258e+00 3.834296367131173611e-04
3.012000083923339844e+00 3.833902592305094004e-04
3.013600111007690430e+00 3.833507944364100695e-04
3.015199899673461914e+00 3.833112714346498251e-04
3.016799926757812500e+00 3.832716611213982105e-04
3.018399953842163086e+00 3.832319926004856825e-04
3.019999980926513672e+00 3.831922367680817842e-04
3.021600008010864258e+00 3.831524227280169725e-04
3.023200035095214844e+00 3.831125213764607906e-04
3.024800062179565430e+00 3.830725618172436953e-04
3.026400089263916016e+00 3.830325440503656864e-04
3.028000116348266602e+00 3.829924389719963074e-04
3.029599905014038086e+00 3.829522465821355581e-04
3.031199932098388672e+00 3.829119959846138954e-04
3.032799959182739258e+00 3.828716580756008625e-04
3.034399986267089844e+00 3.828312619589269161e-04
3.036000013351440430e+00 3.827907785307615995e-04
3.037600040435791016e+00 3.827502368949353695e-04
3.039200067520141602e+00 3.827096079476177692e-04
3.040800094604492188e+00 3.826689207926392555e-04
3.042399883270263672e+00 3.826281463261693716e-04
3.043999910354614258e+00 3.825872845482081175e-04
3.045599937438964844e+00 3.825463645625859499e-04
3.047199964523315430e+00 3.825053863693028688e-04
3.048799991607666016e+00 3.824642917606979609e-04
3.050400018692016602e+00 3.824231389444321394e-04
3.052000045776367188e+00 3.823819279205054045e-04
3.053600072860717773e+00 3.823406295850872993e-04
3.055200099945068359e+00 3.822992439381778240e-04
3.056799888610839844e+00 3.822578000836074352e-04
3.058399915695190430e+00 3.822162689175456762e-04
3.059999942779541016e+00 3.821746504399925470e-04
3.061599969863891602e+00 3.821329737547785044e-04
3.063199996948242188e+00 3.820912097580730915e-04
3.064800024032592773e+00 3.820493584498763084e-04
3.066400051116943359e+00 3.820074489340186119e-04
3.068000078201293945e+00 3.819654521066695452e-04
3.069600105285644531e+00 3.819233679678291082e-04
3.071199893951416016e+00 3.818812256213277578e-04
3.072799921035766602e+00 3.818389959633350372e-04
3.074399948120117188e+00 3.817966789938509464e-04
3.075999975204467773e+00 3.817543038167059422e-04
3.077600002288818359e+00 3.817118413280695677e-04
3.079200029373168945e+00 3.816692915279418230e-04
3.080800056457519531e+00 3.816266544163227081e-04
3.082400083541870117e+00 3.815839590970426798e-04
3.084000110626220703e+00 3.815411764662712812e-04
3.085599899291992188e+00 3.814983065240085125e-04
3.087199926376342773e+00 3.814553492702543736e-04
3.088799953460693359e+00 3.814123338088393211e-04
3.090399980545043945e+00 3.813692310359328985e-04
3.092000007629394531e+00 3.813260409515351057e-04
3.093600034713745117e+00 3.812827635556459427e-04
3.095200061798095703e+00 3.812394279520958662e-04
3.096800088882446289e+00 3.811960050370544195e-04
3.098400115966796875e+00 3.811524948105216026e-04
3.110009908676147461e+00 3.823394945356994867e-04
