9.699999999999999734e-01 2.246322062902134098e-01
9.717430861723446167e-01 2.209216992621475528e-01
9.734861723446893711e-01 2.201370243296602858e-01
9.752292585170340145e-01 2.229743551287179382e-01
9.769723446893787688e-01 2.293137575464681277e-01
9.787154308617234122e-01 2.390797143378044221e-01
9.804585170340680556e-01 2.501459360411187882e-01
9.822016032064128099e-01 2.615128925276166139e-01
9.839446893787574533e-01 2.720926539865117233e-01
9.856877755511022077e-01 2.811059303376604590e-01
9.874308617234468510e-01 2.875819489294737519e-01
9.891739478957916054e-01 2.917475154734295861e-01
9.909170340681362488e-01 2.937650358296602926e-01
9.926601202404808921e-01 2.946268321529859624e-01
9.944032064128256465e-01 2.951275201498674838e-01
9.961462925851702899e-01 2.955425410756936100e-01
9.978893787575150442e-01 2.962839434647020487e-01
9.996324649298596876e-01 2.979922344936184464e-01
1.001375551102204442e+00 3.001153383148617571e-01
1.003118637274549085e+00 3.027461159554842296e-01
1.004861723446893729e+00 3.059047558884546159e-01
1.006604809619238372e+00 3.091374386368734295e-01
1.008347895791583237e+00 3.125250734038797495e-01
1.010090981963927881e+00 3.158313839746728635e-01
1.011834068136272524e+00 3.186391011241246352e-01
1.013577154308617168e+00 3.207853867643528645e-01
1.015320240480961811e+00 3.225173870365253825e-01
1.017063326653306676e+00 3.238204208872841328e-01
1.018806412825651320e+00 3.240805097485060515e-01
1.020549498997995963e+00 3.246594205055051696e-01
1.022292585170340606e+00 3.250596310942928668e-01
1.024035671342685250e+00 3.253995049772143155e-01
1.025778757515030115e+00 3.261500394078021281e-01
1.027521843687374759e+00 3.270816666132703165e-01
1.029264929859719402e+00 3.285268965533503782e-01
1.031008016032064045e+00 3.306314973269136592e-01
1.032751102204408689e+00 3.334775826124085629e-01
1.034494188376753554e+00 3.368443467559983362e-01
1.036237274549098197e+00 3.404979186677463687e-01
1.037980360721442841e+00 3.446274575749297409e-01
1.039723446893787484e+00 3.487833708932480126e-01
1.041466533066132349e+00 3.531834262940854452e-01
1.043209619238476993e+00 3.573834535253412326e-01
1.044952705410821636e+00 3.616170370505171205e-01
1.046695791583166280e+00 3.654221426847111820e-01
1.048438877755510923e+00 3.687244835157528766e-01
1.050181963927855788e+00 3.713985568116940361e-01
1.051925050100200432e+00 3.734006307446098294e-01
1.053668136272545075e+00 3.750110735167505593e-01
1.055411222444889718e+00 3.758339430416324789e-01
1.057154308617234362e+00 3.764378226800708105e-01
1.058897394789579227e+00 3.768142051537526904e-01
1.060640480961923870e+00 3.769635841054456704e-01
1.062383567134268514e+00 3.771817633985485863e-01
1.064126653306613157e+00 3.775156232306601800e-01
1.065869739478957801e+00 3.780270383369245812e-01
1.067612825651302666e+00 3.788397716221821310e-01
1.069355911823647309e+00 3.797988393906467364e-01
1.071098997995991953e+00 3.810303340647748227e-01
1.072842084168336596e+00 3.826140219876739690e-01
1.074585170340681461e+00 3.847966672956565359e-01
1.076328256513026105e+00 3.872874640493704224e-01
1.078071342685370748e+00 3.900944124546490976e-01
1.079814428857715392e+00 3.932740512800164678e-01
1.081557515030060035e+00 3.964636592337150156e-01
1.083300601202404678e+00 3.997335368992651072e-01
1.085043687374749544e+00 4.031827949181853721e-01
1.086786773547094187e+00 4.065977094893897248e-01
1.088529859719438830e+00 4.100330271726206899e-01
1.090272945891783474e+00 4.131060107544979321e-01
1.092016032064128339e+00 4.159846558621129176e-01
1.093759118236472982e+00 4.187802673385132568e-01
1.095502204408817626e+00 4.214384890411185247e-01
1.097245290581162269e+00 4.236910307237061191e-01
1.098988376753506913e+00 4.257083540183784764e-01
1.100731462925851778e+00 4.276179589822169391e-01
1.102474549098196421e+00 4.289552161754239812e-01
1.104217635270541065e+00 4.302568488654690548e-01
1.105960721442885708e+00 4.315988249588270653e-01
1.107703807615230351e+00 4.329007023904037910e-01
1.109446893787575217e+00 4.341794978961545648e-01
1.111189979959919860e+00 4.356750646615145661e-01
1.112933066132264504e+00 4.373260149326335111e-01
1.114676152304609147e+00 4.390227271605653958e-01
1.116419238476953790e+00 4.409903075109726789e-01
1.118162324649298656e+00 4.433862242705316481e-01
1.119905410821643299e+00 4.457895655578256178e-01
1.121648496993987942e+00 4.481483441100520548e-01
1.123391583166332586e+00 4.510880678330168037e-01
1.125134669338677451e+00 4.541108643282301682e-01
1.126877755511022094e+00 4.572728030408954591e-01
1.128620841683366738e+00 4.606252632878716780e-01
1.130363927855711381e+00 4.639953123170791893e-01
1.132107014028056025e+00 4.674207985600075110e-01
1.133850100200400668e+00 4.706111472554415087e-01
1.135593186372745533e+00 4.734830659270738984e-01
1.137336272545090177e+00 4.761728611189528504e-01
1.139079358717434820e+00 4.791694205229687920e-01
1.140822444889779463e+00 4.816741304171599514e-01
1.142565531062124329e+00 4.839085931719326883e-01
1.144308617234468972e+00 4.858339813037499955e-01
1.146051703406813616e+00 4.875237584266342572e-01
1.147794789579158259e+00 4.891860857653111405e-01
1.149537875751502902e+00 4.905919534209544075e-01
1.151280961923847768e+00 4.913252804081655878e-01
1.153024048096192411e+00 4.918616802408460331e-01
1.154767134268537054e+00 4.923956271170607524e-01
1.156510220440881698e+00 4.926479210481438109e-01
1.158253306613226563e+00 4.928586024982781755e-01
1.159996392785571206e+00 4.932563383223210196e-01
1.161739478957915850e+00 4.936242213557489045e-01
1.163482565130260493e+00 4.942516692769274855e-01
1.165225651302605137e+00 4.950567021803840007e-01
1.166968737474949780e+00 4.957953849945338498e-01
1.168711823647294645e+00 4.966395973765486693e-01
1.170454909819639289e+00 4.977512255324086921e-01
1.172197995991983932e+00 4.991033121001482997e-01
1.173941082164328575e+00 5.005221383807824109e-01
1.175684168336673441e+00 5.020696741235010085e-01
1.177427254509018084e+00 5.037722877804020616e-01
1.179170340681362728e+00 5.055136072046449991e-01
1.180913426853707371e+00 5.072580343810451087e-01
1.182656513026052014e+00 5.089939145696725786e-01
1.184399599198396880e+00 5.107314915490874796e-01
1.186142685370741523e+00 5.126932607215953785e-01
1.187885771543086166e+00 5.148098248772934316e-01
1.189628857715430810e+00 5.165039702327970383e-01
1.191371943887775453e+00 5.180862025280793537e-01
1.193115030060120318e+00 5.196672921947687041e-01
1.194858116232464962e+00 5.211154003211510011e-01
1.196601202404809605e+00 5.219918876747076109e-01
1.198344288577154249e+00 5.228732700179773429e-01
1.200087374749498892e+00 5.237214109943855167e-01
1.201830460921843757e+00 5.237489197103865068e-01
1.203573547094188401e+00 5.234837616841732100e-01
1.205316633266533044e+00 5.231983645356068635e-01
1.207059719438877687e+00 5.228970599039318712e-01
1.208802805611222553e+00 5.225993844840578495e-01
1.210545891783567196e+00 5.222642090871500997e-01
1.212288977955911840e+00 5.218790502823302813e-01
1.214032064128256483e+00 5.215659961831523583e-01
1.215775150300601126e+00 5.213696901312000476e-01
1.217518236472945770e+00 5.211790586971802863e-01
1.219261322645290635e+00 5.209899595420734997e-01
1.221004408817635278e+00 5.210602969326265654e-01
1.222747494989979922e+00 5.211706333121423063e-01
1.224490581162324565e+00 5.212833063798436584e-01
1.226233667334669430e+00 5.215025905037423692e-01
1.227976753507014074e+00 5.221872008540072718e-01
1.229719839679358717e+00 5.228676507715184218e-01
1.231462925851703361e+00 5.235398708536823653e-01
1.233206012024048004e+00 5.244668782872043966e-01
1.234949098196392647e+00 5.255714220915566059e-01
1.236692184368737513e+00 5.266777353182710009e-01
1.238435270541082156e+00 5.277908758061612415e-01
1.240178356713426799e+00 5.288996301753126072e-01
1.241921442885771665e+00 5.299570571722317380e-01
1.243664529058116308e+00 5.311044706323120312e-01
1.245407615230460951e+00 5.322445716716234232e-01
1.247150701402805595e+00 5.333847527128116051e-01
1.248893787575150238e+00 5.345155617527173053e-01
1.250636873747494882e+00 5.354972302137638307e-01
1.252379959919839747e+00 5.362405492421670195e-01
1.254123046092184390e+00 5.369989919517784704e-01
1.255866132264529034e+00 5.372389067500088489e-01
1.257609218436873677e+00 5.374671856524030344e-01
1.259352304609218542e+00 5.376899216119515046e-01
1.261095390781563186e+00 5.375889507215494412e-01
1.262838476953907829e+00 5.370945498885043579e-01
1.264581563126252473e+00 5.365961525172020519e-01
1.266324649298597116e+00 5.360943769880552878e-01
1.268067735470941759e+00 5.355887290935456013e-01
1.269810821643286625e+00 5.350802249371623409e-01
1.271553907815631268e+00 5.343948670989479011e-01
1.273296993987975911e+00 5.337058084325655427e-01
1.275040080160320777e+00 5.330144728714459879e-01
1.276783166332665420e+00 5.318351055616864498e-01
1.278526252505010063e+00 5.298426094340514814e-01
1.280269338677354707e+00 5.284908547294304704e-01
1.282012424849699350e+00 5.276018688362764664e-01
1.283755511022043994e+00 5.267115080309144881e-01
1.285498597194388859e+00 5.258238381977113907e-01
1.287241683366733502e+00 5.255437474075641546e-01
1.288984769539078146e+00 5.252968188079922829e-01
1.290727855711422789e+00 5.250496866145850650e-01
1.292470941883767654e+00 5.248115230993924962e-01
1.294214028056112298e+00 5.245837996687772176e-01
1.295957114228456941e+00 5.244875010391324421e-01
1.297700200400801585e+00 5.244935539868423868e-01
1.299443286573146228e+00 5.244299459508519057e-01
1.301186372745490871e+00 5.242066866369595735e-01
1.302929458917835737e+00 5.239062022664510154e-01
1.304672545090180380e+00 5.237843954911488575e-01
1.306415631262525023e+00 5.244962684369489647e-01
1.308158717434869667e+00 5.252097196421375846e-01
1.309901803607214532e+00 5.259335752903968597e-01
1.311644889779559175e+00 5.264016214346926015e-01
1.313387975951903819e+00 5.266986391830050795e-01
1.315131062124248462e+00 5.269766758504248472e-01
1.316874148296593106e+00 5.272425081740679254e-01
1.318617234468937749e+00 5.275067913090224492e-01
1.320360320641282614e+00 5.277466232060893381e-01
1.322103406813627258e+00 5.279316913177136694e-01
1.323846492985971901e+00 5.281182623910336549e-01
1.325589579158316766e+00 5.283066842277565067e-01
1.327332665330661410e+00 5.281040573855156905e-01
1.329075751503006053e+00 5.275697212220344934e-01
1.330818837675350697e+00 5.270336040432598290e-01
1.332561923847695340e+00 5.264998021219310376e-01
1.334305010020039983e+00 5.256204804043183021e-01
1.336048096192384849e+00 5.247196497747154131e-01
1.337791182364729492e+00 5.238341135808060045e-01
1.339534268537074135e+00 5.227606248497879138e-01
1.341277354709418779e+00 5.213419601643854984e-01
1.343020440881763644e+00 5.199073739714780151e-01
1.344763527054108287e+00 5.184663982613756383e-01
1.346506613226452931e+00 5.171620454378992315e-01
1.348249699398797574e+00 5.159264364296207717e-01
1.349992785571142218e+00 5.147035268312386558e-01
1.351735871743486861e+00 5.133831882099900712e-01
1.353478957915831726e+00 5.117180738981438326e-01
1.355222044088176370e+00 5.100323278012121042e-01
1.356965130260521013e+00 5.083454641449035583e-01
1.358708216432865878e+00 5.066777330654405054e-01
1.360451302605210522e+00 5.050159545106885917e-01
1.362194388777555165e+00 5.037292879049847238e-01
1.363937474949899809e+00 5.026081524956237390e-01
1.365680561122244452e+00 5.014910510008681044e-01
1.367423647294589095e+00 5.003717740557762639e-01
1.369166733466933961e+00 4.992584790503123982e-01
1.370909819639278604e+00 4.983526762922042552e-01
1.372652905811623247e+00 4.977944932477790241e-01
1.374395991983967891e+00 4.972373142469674878e-01
1.376139078156312756e+00 4.966031276919881665e-01
1.377882164328657399e+00 4.962248236055732953e-01
1.379625250501002043e+00 4.959386478745680393e-01
1.381368336673346686e+00 4.957038204287800842e-01
1.383111422845691330e+00 4.954777017459752742e-01
1.384854509018035973e+00 4.952515968445145300e-01
1.386597595190380838e+00 4.952309575085337978e-01
1.388340681362725482e+00 4.956724099609279843e-01
1.390083767535070125e+00 4.961156088190875613e-01
1.391826853707414768e+00 4.965537001655826455e-01
1.393569939879759634e+00 4.967468434009010836e-01
1.395313026052104277e+00 4.968328699035231555e-01
1.397056112224448921e+00 4.969232858980963674e-01
1.398799198396793564e+00 4.970711632411936032e-01
1.400542284569138207e+00 4.974463943458030668e-01
1.402285370741482851e+00 4.975451255460076605e-01
1.404028456913827716e+00 4.973892915686494720e-01
1.405771543086172359e+00 4.972302968784965138e-01
1.407514629258517003e+00 4.970703464663289717e-01
1.409257715430861868e+00 4.967685984587893455e-01
1.411000801603206511e+00 4.964282064443308329e-01
1.412743887775551155e+00 4.960956957434674575e-01
1.414486973947895798e+00 4.956766032408668754e-01
1.416230060120240442e+00 4.946887280393091335e-01
1.417973146292585085e+00 4.937000117433551494e-01
1.419716232464929950e+00 4.927503641612319130e-01
1.421459318637274594e+00 4.918603873695270301e-01
1.423202404809619237e+00 4.909755873247790836e-01
1.424945490981963880e+00 4.897863319984447350e-01
1.426688577154308746e+00 4.884565038032955830e-01
1.428431663326653389e+00 4.871246583808198638e-01
1.430174749498998032e+00 4.858009348167588448e-01
1.431917835671342676e+00 4.843746600071938135e-01
1.433660921843687319e+00 4.829474310277632743e-01
1.435404008016031963e+00 4.815229889715858524e-01
1.437147094188376828e+00 4.799248169709079970e-01
1.438890180360721471e+00 4.781609636371564331e-01
1.440633266533066115e+00 4.763915429477857399e-01
1.442376352705410758e+00 4.746361526428075628e-01
1.444119438877755623e+00 4.730860902100498810e-01
1.445862525050100267e+00 4.715592188229330572e-01
1.447605611222444910e+00 4.700141582368886906e-01
1.449348697394789554e+00 4.684660873217065258e-01
1.451091783567134197e+00 4.668892897280767507e-01
1.452834869739478840e+00 4.655074825476498979e-01
1.454577955911823706e+00 4.643509422507930973e-01
1.456321042084168349e+00 4.631996351575048965e-01
1.458064128256512992e+00 4.620375822650741315e-01
1.459807214428857858e+00 4.608758159045703295e-01
1.461550300601202501e+00 4.597379090292633697e-01
1.463293386773547144e+00 4.589008133636657827e-01
1.465036472945891788e+00 4.580590350105607778e-01
1.466779559118236431e+00 4.572141980891659685e-01
1.468522645290581075e+00 4.565190132024900538e-01
1.470265731462925718e+00 4.559807819925534300e-01
1.472008817635270583e+00 4.555044752700254662e-01
1.473751903807615227e+00 4.550301633381854116e-01
1.475494989979960092e+00 4.545627935168239375e-01
1.477238076152304735e+00 4.541183367826021056e-01
1.478981162324649379e+00 4.539736410032847447e-01
1.480724248496994022e+00 4.538206258587630937e-01
1.482467334669338666e+00 4.536684531687171784e-01
1.484210420841683309e+00 4.534376971873845807e-01
1.485953507014027952e+00 4.531384393373866226e-01
1.487696593186372818e+00 4.528433156935880444e-01
1.489439679358717461e+00 4.525445147981511096e-01
1.491182765531062104e+00 4.528978905385863674e-01
1.492925851703406970e+00 4.532818669335359485e-01
1.494668937875751613e+00 4.529150434007218062e-01
1.496412024048096256e+00 4.525521859096083843e-01
1.498155110220440900e+00 4.521920795736912857e-01
1.499898196392785543e+00 4.519011532769243722e-01
1.501641282565130187e+00 4.518695046493963474e-01
1.503384368737474830e+00 4.518255254332312343e-01
1.505127454909819695e+00 4.517822920801736197e-01
1.506870541082164339e+00 4.516086355650804074e-01
1.508613627254509204e+00 4.514361902168019802e-01
1.510356713426853847e+00 4.512640086344200663e-01
1.512099799599198491e+00 4.509622160268211832e-01
1.513842885771543134e+00 4.503151609208148054e-01
1.515585971943887778e+00 4.496642671068726838e-01
1.517329058116232421e+00 4.490171556906461525e-01
1.519072144288577064e+00 4.483768940410925441e-01
1.520815230460921708e+00 4.477327551012592055e-01
1.522558316633266573e+00 4.468218245916762421e-01
1.524301402805611216e+00 4.458541691062568035e-01
1.526044488977956082e+00 4.448852893713574619e-01
1.527787575150300725e+00 4.439149438476009957e-01
1.529530661322645368e+00 4.429504592401040108e-01
1.531273747494990012e+00 4.418883551435606183e-01
1.533016833667334655e+00 4.406665728814566640e-01
1.534759919839679299e+00 4.394298817249818190e-01
1.536503006012023942e+00 4.381688184815036857e-01
1.538246092184368807e+00 4.370409102828295422e-01
1.539989178356713451e+00 4.359430662833744252e-01
1.541732264529058094e+00 4.348962412553130652e-01
1.543475350701402959e+00 4.338116786263310209e-01
1.545218436873747603e+00 4.326133674121109274e-01
1.546961523046092246e+00 4.314182688903706597e-01
1.548704609218436890e+00 4.302253686689774259e-01
1.550447695390781533e+00 4.291000404149552527e-01
1.552190781563126176e+00 4.279279872394818329e-01
1.553933867735470820e+00 4.267588744963514147e-01
1.555676953907815685e+00 4.255948332444423055e-01
1.557420040080160328e+00 4.245806660835250712e-01
1.559163126252505194e+00 4.235693954375688297e-01
1.560906212424849837e+00 4.225526569286533474e-01
1.562649298597194480e+00 4.215410602168859766e-01
1.564392384769539124e+00 4.205346417075829790e-01
1.566135470941883767e+00 4.197148140769546010e-01
1.567878557114228411e+00 4.189981781648203230e-01
1.569621643286573054e+00 4.182708780700958862e-01
1.571364729458917919e+00 4.175124671760208628e-01
1.573107815631262563e+00 4.167519875551238262e-01
1.574850901803607206e+00 4.160509235773360848e-01
1.576593987975952071e+00 4.155001606739013864e-01
1.578337074148296715e+00 4.149496032804268486e-01
1.580080160320641358e+00 4.143906277448038966e-01
1.581823246492986001e+00 4.138723692637639728e-01
1.583566332665330645e+00 4.133538158645416183e-01
1.585309418837675288e+00 4.131593161507016720e-01
1.587052505010019932e+00 4.130346384975768226e-01
1.588795591182364797e+00 4.129072417861524014e-01
1.590538677354709440e+00 4.127647428177409483e-01
1.592281763527054306e+00 4.125349072060213174e-01
1.594024849699398949e+00 4.123012876785921432e-01
1.595767935871743592e+00 4.120637103205038732e-01
1.597511022044088236e+00 4.119119020619642635e-01
1.599254108216432879e+00 4.118120251340614546e-01
1.600997194388777523e+00 4.116658027097859218e-01
1.602740280561122166e+00 4.114812156348545136e-01
1.604483366733466809e+00 4.111513341495358076e-01
1.606226452905811675e+00 4.108354023534374622e-01
1.607969539078156318e+00 4.105436883155226258e-01
1.609712625250501183e+00 4.101887006939181624e-01
1.611455711422845827e+00 4.097662590007885575e-01
1.613198797595190470e+00 4.093320079844481874e-01
1.614941883767535113e+00 4.088976380839193236e-01
1.616684969939879757e+00 4.084626643041536775e-01
1.618428056112224400e+00 4.080262466730013582e-01
1.620171142284569044e+00 4.075945197223723726e-01
1.621914228456913909e+00 4.071364102489445913e-01
1.623657314629258552e+00 4.064376421765346081e-01
1.625400400801603196e+00 4.057391141786844679e-01
1.627143486973948061e+00 4.050386320079599201e-01
1.628886573146292704e+00 4.043604459519455352e-01
1.630629659318637348e+00 4.036843537784928770e-01
1.632372745490981991e+00 4.026728771764916948e-01
1.634115831663326635e+00 4.015654285371880738e-01
1.635858917835671278e+00 4.004518950595722382e-01
1.637602004008015921e+00 3.993661904006371444e-01
1.639345090180360787e+00 3.983972075587600137e-01
1.641088176352705430e+00 3.974276107130013669e-01
1.642831262525050295e+00 3.964565367893997938e-01
1.644574348697394939e+00 3.954838661167902614e-01
1.646317434869739582e+00 3.945017363932881715e-01
1.648060521042084225e+00 3.928701389021972412e-01
1.649803607214428869e+00 3.910679467758672589e-01
1.651546693386773512e+00 3.900044701111334833e-01
1.653289779559118156e+00 3.889595374439400732e-01
1.655032865731462799e+00 3.879149169749019355e-01
1.656775951903807664e+00 3.867751387348085657e-01
1.658519038076152308e+00 3.855536951683075642e-01
1.660262124248497173e+00 3.843422208750500446e-01
1.662005210420841816e+00 3.832151199076673787e-01
1.663748296593186460e+00 3.821982167000644304e-01
1.665491382765531103e+00 3.812140577571396793e-01
1.667234468937875747e+00 3.802193499446237523e-01
1.668977555110220390e+00 3.791974339160660845e-01
1.670720641282565033e+00 3.780787892082247970e-01
1.672463727454909899e+00 3.769999062426400149e-01
1.674206813627254542e+00 3.759360437954004097e-01
1.675949899799599185e+00 3.749497661664648041e-01
1.677692985971944051e+00 3.740199350334207362e-01
1.679436072144288694e+00 3.730852056442526266e-01
1.681179158316633337e+00 3.721478123216365175e-01
1.682922244488977981e+00 3.714729335877162697e-01
1.684665330661322624e+00 3.708145325274965765e-01
1.686408416833667268e+00 3.701572684676472935e-01
1.688151503006011911e+00 3.694968661267256649e-01
1.689894589178356776e+00 3.688009448549076641e-01
1.691637675350701420e+00 3.680647087517997518e-01
1.693380761523046285e+00 3.673254696401834773e-01
1.695123847695390928e+00 3.667295861756988962e-01
1.696866933867735572e+00 3.661671376734871308e-01
1.698610020040080215e+00 3.656058628493484286e-01
1.700353106212424859e+00 3.650720857136334763e-01
1.702096192384769502e+00 3.647932866246880179e-01
1.703839278557114145e+00 3.645129771524059370e-01
1.705582364729459011e+00 3.642477899478586689e-01
1.707325450901803654e+00 3.639911081059674647e-01
1.709068537074148297e+00 3.637328519203001376e-01
1.710811623246493163e+00 3.634866185284035267e-01
1.712554709418837806e+00 3.632518810607002213e-01
1.714297795591182449e+00 3.631413900710363518e-01
1.716040881763527093e+00 3.630332926706500984e-01
1.717783967935871736e+00 3.629192532222431100e-01
1.719527054108216380e+00 3.627895564725666100e-01
1.721270140280561023e+00 3.626613684348685140e-01
1.723013226452905888e+00 3.625627575211587406e-01
1.724756312625250532e+00 3.624636942819091101e-01
1.726499398797595397e+00 3.623631082326821962e-01
1.728242484969940040e+00 3.622555834230114513e-01
1.729985571142284684e+00 3.621880054442528918e-01
1.731728657314629327e+00 3.620630230440515795e-01
1.733471743486973971e+00 3.619364460204643752e-01
1.735214829659318614e+00 3.618092992403557084e-01
1.736957915831663257e+00 3.616801298091234518e-01
1.738701002004007901e+00 3.615465202485484419e-01
1.740444088176352766e+00 3.614185373744185359e-01
1.742187174348697409e+00 3.613151771126068001e-01
1.743930260521042275e+00 3.612240995101115293e-01
1.745673346693386918e+00 3.611421600185683034e-01
1.747416432865731561e+00 3.610415156917932689e-01
1.749159519038076205e+00 3.608103582509044616e-01
1.750902605210420848e+00 3.605356346842875648e-01
1.752645691382765492e+00 3.602538861392290404e-01
1.754388777555110135e+00 3.599749323248281341e-01
1.756131863727455000e+00 3.597085381428650197e-01
1.757874949899799644e+00 3.593022954585597395e-01
1.759618036072144287e+00 3.588442949482252287e-01
1.761361122244489152e+00 3.583463223088388383e-01
1.763104208416833796e+00 3.578413444902021623e-01
1.764847294589178439e+00 3.573358498534742744e-01
1.766590380761523082e+00 3.568409803173299699e-01
1.768333466933867726e+00 3.563472104883421698e-01
1.770076553106212369e+00 3.556898071643085912e-01
1.771819639278557013e+00 3.548944012425142014e-01
1.773562725450901878e+00 3.540948293012291526e-01
1.775305811623246521e+00 3.532955758928592593e-01
1.777048897795591387e+00 3.525015203604218161e-01
1.778791983967936030e+00 3.517205281361497904e-01
1.780535070140280673e+00 3.510196684804930412e-01
1.782278156312625317e+00 3.503364578668773932e-01
1.784021242484969960e+00 3.496544054159489434e-01
1.785764328657314604e+00 3.489726256714482111e-01
1.787507414829659247e+00 3.482907122667630029e-01
1.789250501002004112e+00 3.475513087081426589e-01
1.790993587174348756e+00 3.467854193680166563e-01
1.792736673346693399e+00 3.460174147193402772e-01
1.794479759519038264e+00 3.452539999029276552e-01
1.796222845691382908e+00 3.444909203289788779e-01
1.797965931863727551e+00 3.437283913810824654e-01
1.799709018036072194e+00 3.429899708807763736e-01
1.801452104208416838e+00 3.424416323356804237e-01
1.803195190380761481e+00 3.419309166588789806e-01
1.804938276553106125e+00 3.414100499496396379e-01
1.806681362725450990e+00 3.408870465126630500e-01
1.808424448897795633e+00 3.402538924809744847e-01
1.810167535070140499e+00 3.396085044503030503e-01
1.811910621242485142e+00 3.389491032763211065e-01
1.813653707414829785e+00 3.383264733829247639e-01
1.815396793587174429e+00 3.377833855395220297e-01
1.817139879759519072e+00 3.372355297109798644e-01
1.818882965931863716e+00 3.366879989740665380e-01
1.820626052104208359e+00 3.361368236039605217e-01
1.822369138276553002e+00 3.355800715931489542e-01
1.824112224448897868e+00 3.351316424412379980e-01
1.825855310621242511e+00 3.346939676067313685e-01
1.827598396793587376e+00 3.342498812074770065e-01
1.829341482965932020e+00 3.338059939943323062e-01
1.831084569138276663e+00 3.334080472385541061e-01
1.832827655310621306e+00 3.330327119507204281e-01
1.834570741482965950e+00 3.326573792818453557e-01
1.836313827655310593e+00 3.324061792212807953e-01
1.838056913827655237e+00 3.322454347884530312e-01
1.839800000000000102e+00 3.320881088489432975e-01
