1.500000000000000000e+00 1.070466823875904083e-03
1.501999974250793457e+00 1.070463215000927448e-03
1.503999948501586914e+00 1.070459606125950813e-03
1.506000041961669922e+00 1.070455997250974178e-03
1.508000016212463379e+00 1.070452388375997543e-03
1.509999990463256836e+00 1.070448663085699081e-03
1.511999964714050293e+00 1.070445054210722446e-03
1.514000058174133301e+00 1.070441328920423985e-03
1.516000032424926758e+00 1.070437720045447350e-03
1.518000006675720215e+00 1.070433994755148888e-03
1.519999980926513672e+00 1.070430269464850426e-03
1.521999955177307129e+00 1.070426544174551964e-03
1.524000048637390137e+00 1.070422818884253502e-03
1.526000022888183594e+00 1.070419093593955040e-03
1.527999997138977051e+00 1.070415251888334751e-03
1.529999971389770508e+00 1.070411526598036289e-03
1.531999945640563965e+00 1.070407684892416000e-03
1.534000039100646973e+00 1.070403843186795712e-03
1.536000013351440430e+00 1.070400117896497250e-03
1.537999987602233887e+00 1.070396276190876961e-03
1.539999961853027344e+00 1.070392434485256672e-03
1.542000055313110352e+00 1.070388476364314556e-03
1.544000029563903809e+00 1.070384634658694267e-03
1.546000003814697266e+00 1.070380792953073978e-03
1.547999978065490723e+00 1.070376834832131863e-03
1.549999952316284180e+00 1.070372993126511574e-03
1.552000045776367188e+00 1.070369035005569458e-03
1.554000020027160645e+00 1.070365076884627342e-03
1.555999994277954102e+00 1.070361118763685226e-03
1.557999968528747559e+00 1.070357160642743111e-03
1.559999942779541016e+00 1.070353202521800995e-03
1.562000036239624023e+00 1.070349244400858879e-03
1.564000010490417480e+00 1.070345169864594936e-03
1.565999984741210938e+00 1.070341211743652821e-03
1.567999958992004395e+00 1.070337137207388878e-03
1.570000052452087402e+00 1.070333062671124935e-03
1.572000026702880859e+00 1.070328988134860992e-03
1.574000000953674316e+00 1.070324913598597050e-03
1.575999975204467773e+00 1.070320839062333107e-03
1.577999949455261230e+00 1.070316764526069164e-03
1.580000042915344238e+00 1.070312689989805222e-03
1.582000017166137695e+00 1.070308499038219452e-03
1.583999991416931152e+00 1.070304424501955509e-03
1.585999965667724609e+00 1.070300233550369740e-03
1.588000059127807617e+00 1.070296042598783970e-03
1.590000033378601074e+00 1.070291968062520027e-03
1.592000007629394531e+00 1.070287777110934258e-03
1.593999981880187988e+00 1.070283469744026661e-03
1.595999956130981445e+00 1.070279278792440891e-03
1.598000049591064453e+00 1.070275087840855122e-03
1.600000023841857910e+00 1.070270780473947525e-03
1.601999998092651367e+00 1.070266589522361755e-03
1.603999972343444824e+00 1.070262282155454159e-03
1.605999946594238281e+00 1.070258091203868389e-03
1.608000040054321289e+00 1.070253783836960793e-03
1.610000014305114746e+00 1.070249476470053196e-03
1.611999988555908203e+00 1.070245169103145599e-03
1.613999962806701660e+00 1.070240745320916176e-03
1.616000056266784668e+00 1.070236437954008579e-03
1.618000030517578125e+00 1.070232130587100983e-03
1.620000004768371582e+00 1.070227706804871559e-03
1.621999979019165039e+00 1.070223283022642136e-03
1.623999953269958496e+00 1.070218975655734539e-03
1.626000046730041504e+00 1.070214551873505116e-03
1.628000020980834961e+00 1.070210128091275692e-03
1.629999995231628418e+00 1.070205704309046268e-03
1.631999969482421875e+00 1.070201164111495018e-03
1.633999943733215332e+00 1.070196740329265594e-03
1.636000037193298340e+00 1.070192316547036171e-03
1.638000011444091797e+00 1.070187776349484921e-03
1.639999985694885254e+00 1.070183352567255497e-03
1.641999959945678711e+00 1.070178812369704247e-03
1.644000053405761719e+00 1.070174272172152996e-03
1.646000027656555176e+00 1.070169731974601746e-03
1.648000001907348633e+00 1.070165191777050495e-03
1.649999976158142090e+00 1.070160651579499245e-03
1.651999950408935547e+00 1.070155994966626167e-03
1.654000043869018555e+00 1.070151454769074917e-03
1.656000018119812012e+00 1.070146798156201839e-03
1.657999992370605469e+00 1.070142257958650589e-03
1.659999966621398926e+00 1.070137601345777512e-03
1.661999940872192383e+00 1.070132944732904434e-03
1.664000034332275391e+00 1.070128288120031357e-03
1.666000008583068848e+00 1.070123631507158279e-03
1.667999982833862305e+00 1.070118974894285202e-03
1.669999957084655762e+00 1.070114318281412125e-03
1.672000050544738770e+00 1.070109545253217220e-03
1.674000024795532227e+00 1.070104888640344143e-03
1.675999999046325684e+00 1.070100115612149239e-03
1.677999973297119141e+00 1.070095342583954334e-03
1.679999947547912598e+00 1.070090685971081257e-03
1.682000041007995605e+00 1.070085912942886353e-03
1.684000015258789062e+00 1.070081139914691448e-03
1.685999989509582520e+00 1.070076366886496544e-03
1.687999963760375977e+00 1.070071477442979813e-03
1.690000057220458984e+00 1.070066704414784908e-03
1.692000031471252441e+00 1.070061814971268177e-03
1.694000005722045898e+00 1.070057041943073273e-03
1.695999979972839355e+00 1.070052152499556541e-03
1.697999954223632812e+00 1.070047263056039810e-03
1.700000047683715820e+00 1.070042373612523079e-03
1.702000021934509277e+00 1.070037484169006348e-03
1.703999996185302734e+00 1.070032594725489616e-03
1.705999970436096191e+00 1.070027705281972885e-03
1.707999944686889648e+00 1.070022815838456154e-03
1.710000038146972656e+00 1.070017809979617596e-03
1.712000012397766113e+00 1.070012920536100864e-03
1.713999986648559570e+00 1.070007914677262306e-03
1.715999960899353027e+00 1.070002908818423748e-03
1.718000054359436035e+00 1.069997902959585190e-03
1.720000028610229492e+00 1.069992897100746632e-03
1.722000002861022949e+00 1.069987891241908073e-03
1.723999977111816406e+00 1.069982885383069515e-03
1.725999951362609863e+00 1.069977879524230957e-03
1.728000044822692871e+00 1.069972757250070572e-03
1.730000019073486328e+00 1.069967751391232014e-03
1.731999993324279785e+00 1.069962629117071629e-03
1.733999967575073242e+00 1.069957623258233070e-03
1.735999941825866699e+00 1.069952500984072685e-03
1.738000035285949707e+00 1.069947378709912300e-03
1.740000009536743164e+00 1.069942256435751915e-03
1.741999983787536621e+00 1.069937134161591530e-03
1.743999958038330078e+00 1.069931895472109318e-03
1.746000051498413086e+00 1.069926773197948933e-03
1.748000025749206543e+00 1.069921650923788548e-03
1.750000000000000000e+00 1.069916412234306335e-03
1.751999974250793457e+00 1.069911173544824123e-03
1.753999948501586914e+00 1.069906051270663738e-03
1.756000041961669922e+00 1.069900812581181526e-03
1.758000016212463379e+00 1.069895573891699314e-03
1.759999990463256836e+00 1.069890335202217102e-03
1.761999964714050293e+00 1.069884980097413063e-03
1.764000058174133301e+00 1.069879741407930851e-03
1.766000032424926758e+00 1.069874502718448639e-03
1.768000006675720215e+00 1.069869147613644600e-03
1.769999980926513672e+00 1.069863792508840561e-03
1.771999955177307129e+00 1.069858553819358349e-03
1.774000048637390137e+00 1.069853198714554310e-03
1.776000022888183594e+00 1.069847843609750271e-03
1.777999997138977051e+00 1.069842488504946232e-03
1.779999971389770508e+00 1.069837133400142193e-03
1.781999945640563965e+00 1.069831661880016327e-03
1.784000039100646973e+00 1.069826306775212288e-03
1.786000013351440430e+00 1.069820951670408249e-03
1.787999987602233887e+00 1.069815480150282383e-03
1.789999961853027344e+00 1.069810008630156517e-03
1.792000055313110352e+00 1.069804653525352478e-03
1.794000029563903809e+00 1.069799182005226612e-03
1.796000003814697266e+00 1.069793710485100746e-03
1.797999978065490723e+00 1.069788238964974880e-03
1.799999952316284180e+00 1.069782651029527187e-03
1.802000045776367188e+00 1.069777179509401321e-03
1.804000020027160645e+00 1.069771707989275455e-03
1.805999994277954102e+00 1.069766120053827763e-03
1.807999968528747559e+00 1.069760648533701897e-03
1.809999942779541016e+00 1.069755060598254204e-03
1.812000036239624023e+00 1.069749472662806511e-03
1.814000010490417480e+00 1.069743884727358818e-03
1.815999984741210938e+00 1.069738296791911125e-03
1.817999958992004395e+00 1.069732708856463432e-03
1.820000052452087402e+00 1.069727120921015739e-03
1.822000026702880859e+00 1.069721416570246220e-03
1.824000000953674316e+00 1.069715828634798527e-03
1.825999975204467773e+00 1.069710124284029007e-03
1.827999949455261230e+00 1.069704536348581314e-03
1.830000042915344238e+00 1.069698831997811794e-03
1.832000017166137695e+00 1.069693127647042274e-03
1.833999991416931152e+00 1.069687423296272755e-03
1.835999965667724609e+00 1.069681718945503235e-03
1.838000059127807617e+00 1.069676014594733715e-03
1.840000033378601074e+00 1.069670310243964195e-03
1.842000007629394531e+00 1.069664489477872849e-03
1.843999981880187988e+00 1.069658785127103329e-03
1.845999956130981445e+00 1.069652964361011982e-03
1.848000049591064453e+00 1.069647143594920635e-03
1.850000023841857910e+00 1.069641439244151115e-03
1.851999998092651367e+00 1.069635618478059769e-03
1.853999972343444824e+00 1.069629797711968422e-03
1.855999946594238281e+00 1.069623976945877075e-03
1.858000040054321289e+00 1.069618039764463902e-03
1.860000014305114746e+00 1.069612218998372555e-03
1.861999988555908203e+00 1.069606398232281208e-03
1.863999962806701660e+00 1.069600461050868034e-03
1.866000056266784668e+00 1.069594640284776688e-03
1.868000030517578125e+00 1.069588703103363514e-03
1.870000004768371582e+00 1.069582765921950340e-03
1.871999979019165039e+00 1.069576828740537167e-03
1.873999953269958496e+00 1.069570891559123993e-03
1.876000046730041504e+00 1.069564954377710819e-03
1.878000020980834961e+00 1.069559017196297646e-03
1.879999995231628418e+00 1.069552963599562645e-03
1.881999969482421875e+00 1.069547026418149471e-03
1.883999943733215332e+00 1.069541089236736298e-03
1.886000037193298340e+00 1.069535035640001297e-03
1.888000011444091797e+00 1.069528982043266296e-03
1.889999985694885254e+00 1.069522928446531296e-03
1.891999959945678711e+00 1.069516874849796295e-03
1.894000053405761719e+00 1.069510821253061295e-03
1.896000027656555176e+00 1.069504767656326294e-03
1.898000001907348633e+00 1.069498714059591293e-03
1.899999976158142090e+00 1.069492660462856293e-03
1.901999950408935547e+00 1.069486490450799465e-03
1.904000043869018555e+00 1.069480436854064465e-03
1.906000018119812012e+00 1.069474266842007637e-03
1.907999992370605469e+00 1.069468096829950809e-03
1.909999966621398926e+00 1.069461926817893982e-03
1.911999940872192383e+00 1.069455756805837154e-03
1.914000034332275391e+00 1.069449586793780327e-03
1.916000008583068848e+00 1.069443416781723499e-03
1.917999982833862305e+00 1.069437246769666672e-03
1.919999957084655762e+00 1.069431076757609844e-03
1.922000050544738770e+00 1.069424790330231190e-03
1.924000024795532227e+00 1.069418620318174362e-03
1.925999999046325684e+00 1.069412333890795708e-03
1.927999973297119141e+00 1.069406047463417053e-03
1.929999947547912598e+00 1.069399761036038399e-03
1.932000041007995605e+00 1.069393474608659744e-03
1.934000015258789062e+00 1.069387188181281090e-03
1.935999989509582520e+00 1.069380901753902435e-03
1.937999963760375977e+00 1.069374615326523781e-03
1.940000057220458984e+00 1.069368212483823299e-03
1.942000031471252441e+00 1.069361926056444645e-03
1.944000005722045898e+00 1.069355523213744164e-03
1.945999979972839355e+00 1.069349236786365509e-03
1.947999954223632812e+00 1.069342833943665028e-03
1.950000047683715820e+00 1.069336431100964546e-03
1.952000021934509277e+00 1.069330028258264065e-03
1.953999996185302734e+00 1.069323625415563583e-03
1.955999970436096191e+00 1.069317222572863102e-03
1.957999944686889648e+00 1.069310819730162621e-03
1.960000038146972656e+00 1.069304300472140312e-03
1.962000012397766113e+00 1.069297897629439831e-03
1.963999986648559570e+00 1.069291378371417522e-03
1.965999960899353027e+00 1.069284975528717041e-03
1.968000054359436035e+00 1.069278456270694733e-03
1.970000028610229492e+00 1.069271937012672424e-03
1.972000002861022949e+00 1.069265417754650116e-03
1.973999977111816406e+00 1.069258898496627808e-03
1.975999951362609863e+00 1.069252379238605499e-03
1.978000044822692871e+00 1.069245859980583191e-03
1.980000019073486328e+00 1.069239224307239056e-03
1.981999993324279785e+00 1.069232705049216747e-03
1.983999967575073242e+00 1.069226069375872612e-03
1.985999941825866699e+00 1.069219433702528477e-03
1.988000035285949707e+00 1.069212914444506168e-03
1.990000009536743164e+00 1.069206278771162033e-03
1.991999983787536621e+00 1.069199643097817898e-03
1.993999958038330078e+00 1.069193007424473763e-03
1.996000051498413086e+00 1.069186371751129627e-03
1.998000025749206543e+00 1.069179619662463665e-03
2.000000000000000000e+00 1.069172983989119530e-03
2.002000093460083008e+00 1.069166348315775394e-03
2.003999948501586914e+00 1.069159596227109432e-03
2.006000041961669922e+00 1.069152844138443470e-03
2.007999897003173828e+00 1.069146208465099335e-03
2.009999990463256836e+00 1.069139456376433372e-03
2.012000083923339844e+00 1.069132704287767410e-03
2.013999938964843750e+00 1.069125952199101448e-03
2.016000032424926758e+00 1.069119200110435486e-03
2.017999887466430664e+00 1.069112331606447697e-03
2.019999980926513672e+00 1.069105579517781734e-03
2.022000074386596680e+00 1.069098827429115772e-03
2.023999929428100586e+00 1.069091958925127983e-03
2.026000022888183594e+00 1.069085090421140194e-03
2.028000116348266602e+00 1.069078338332474232e-03
2.029999971389770508e+00 1.069071469828486443e-03
2.032000064849853516e+00 1.069064601324498653e-03
2.033999919891357422e+00 1.069057732820510864e-03
2.036000013351440430e+00 1.069050864316523075e-03
2.038000106811523438e+00 1.069043879397213459e-03
2.039999961853027344e+00 1.069037010893225670e-03
2.042000055313110352e+00 1.069030142389237881e-03
2.043999910354614258e+00 1.069023157469928265e-03
2.046000003814697266e+00 1.069016172550618649e-03
2.048000097274780273e+00 1.069009304046630859e-03
2.049999952316284180e+00 1.069002319127321243e-03
2.052000045776367188e+00 1.068995334208011627e-03
2.053999900817871094e+00 1.068988349288702011e-03
2.055999994277954102e+00 1.068981364369392395e-03
2.058000087738037109e+00 1.068974379450082779e-03
2.059999942779541016e+00 1.068967278115451336e-03
2.062000036239624023e+00 1.068960293196141720e-03
2.063999891281127930e+00 1.068953191861510277e-03
2.065999984741210938e+00 1.068946206942200661e-03
2.068000078201293945e+00 1.068939105607569218e-03
2.069999933242797852e+00 1.068932004272937775e-03
2.072000026702880859e+00 1.068924902938306332e-03
2.073999881744384766e+00 1.068917801603674889e-03
2.075999975204467773e+00 1.068910700269043446e-03
2.078000068664550781e+00 1.068903598934412003e-03
2.079999923706054688e+00 1.068896497599780560e-03
2.082000017166137695e+00 1.068889279849827290e-03
2.084000110626220703e+00 1.068882178515195847e-03
2.085999965667724609e+00 1.068874960765242577e-03
2.088000059127807617e+00 1.068867859430611134e-03
2.089999914169311523e+00 1.068860641680657864e-03
2.092000007629394531e+00 1.068853423930704594e-03
2.094000101089477539e+00 1.068846206180751324e-03
2.095999956130981445e+00 1.068838988430798054e-03
2.098000049591064453e+00 1.068831770680844784e-03
2.099999904632568359e+00 1.068824436515569687e-03
2.101999998092651367e+00 1.068817218765616417e-03
2.104000091552734375e+00 1.068810001015663147e-03
2.105999946594238281e+00 1.068802666850388050e-03
2.108000040054321289e+00 1.068795332685112953e-03
2.109999895095825195e+00 1.068788114935159683e-03
2.111999988555908203e+00 1.068780780769884586e-03
2.114000082015991211e+00 1.068773446604609489e-03
2.115999937057495117e+00 1.068766112439334393e-03
2.118000030517578125e+00 1.068758778274059296e-03
2.119999885559082031e+00 1.068751327693462372e-03
2.121999979019165039e+00 1.068743993528187275e-03
2.124000072479248047e+00 1.068736659362912178e-03
2.125999927520751953e+00 1.068729208782315254e-03
2.128000020980834961e+00 1.068721758201718330e-03
2.130000114440917969e+00 1.068714424036443233e-03
2.131999969482421875e+00 1.068706973455846310e-03
2.134000062942504883e+00 1.068699522875249386e-03
2.135999917984008789e+00 1.068692072294652462e-03
2.138000011444091797e+00 1.068684621714055538e-03
2.140000104904174805e+00 1.068677171133458614e-03
2.141999959945678711e+00 1.068669604137539864e-03
2.144000053405761719e+00 1.068662153556942940e-03
2.145999908447265625e+00 1.068654586561024189e-03
2.148000001907348633e+00 1.068647135980427265e-03
2.150000095367431641e+00 1.068639568984508514e-03
2.151999950408935547e+00 1.068632001988589764e-03
2.154000043869018555e+00 1.068624434992671013e-03
2.155999898910522461e+00 1.068616867996752262e-03
2.157999992370605469e+00 1.068609301000833511e-03
2.160000085830688477e+00 1.068601734004914761e-03
2.161999940872192383e+00 1.068594167008996010e-03
2.164000034332275391e+00 1.068586600013077259e-03
2.165999889373779297e+00 1.068578916601836681e-03
2.167999982833862305e+00 1.068571349605917931e-03
2.170000076293945312e+00 1.068563666194677353e-03
2.171999931335449219e+00 1.068555982783436775e-03
2.174000024795532227e+00 1.068548299372196198e-03
2.176000118255615234e+00 1.068540615960955620e-03
2.177999973297119141e+00 1.068532932549715042e-03
2.180000066757202148e+00 1.068525249138474464e-03
2.181999921798706055e+00 1.068517565727233887e-03
2.184000015258789062e+00 1.068509882315993309e-03
2.186000108718872070e+00 1.068502082489430904e-03
2.187999963760375977e+00 1.068494399078190327e-03
2.190000057220458984e+00 1.068486599251627922e-03
2.191999912261962891e+00 1.068478799425065517e-03
2.194000005722045898e+00 1.068470999598503113e-03
2.196000099182128906e+00 1.068463316187262535e-03
2.197999954223632812e+00 1.068455516360700130e-03
2.200000047683715820e+00 1.068447600118815899e-03
2.201999902725219727e+00 1.068439800292253494e-03
2.203999996185302734e+00 1.068432000465691090e-03
2.206000089645385742e+00 1.068424200639128685e-03
2.207999944686889648e+00 1.068416284397244453e-03
2.210000038146972656e+00 1.068408368155360222e-03
2.211999893188476562e+00 1.068400568328797817e-03
2.213999986648559570e+00 1.068392652086913586e-03
2.216000080108642578e+00 1.068384735845029354e-03
2.217999935150146484e+00 1.068376819603145123e-03
2.220000028610229492e+00 1.068368903361260891e-03
2.221999883651733398e+00 1.068360987119376659e-03
2.223999977111816406e+00 1.068353070877492428e-03
2.226000070571899414e+00 1.068345038220286369e-03
2.227999925613403320e+00 1.068337121978402138e-03
2.230000019073486328e+00 1.068329089321196079e-03
2.232000112533569336e+00 1.068321173079311848e-03
2.233999967575073242e+00 1.068313140422105789e-03
2.236000061035156250e+00 1.068305107764899731e-03
2.237999916076660156e+00 1.068297075107693672e-03
2.240000009536743164e+00 1.068289042450487614e-03
2.242000102996826172e+00 1.068281009793281555e-03
2.243999958038330078e+00 1.068272977136075497e-03
2.246000051498413086e+00 1.068264944478869438e-03
2.247999906539916992e+00 1.068256795406341553e-03
2.250000000000000000e+00 1.068248762749135494e-03
2.252000093460083008e+00 1.068240613676607609e-03
2.253999948501586914e+00 1.068232464604079723e-03
2.256000041961669922e+00 1.068224431946873665e-03
2.257999897003173828e+00 1.068216282874345779e-03
2.259999990463256836e+00 1.068208133801817894e-03
2.262000083923339844e+00 1.068199984729290009e-03
2.263999938964843750e+00 1.068191835656762123e-03
2.266000032424926758e+00 1.068183570168912411e-03
2.267999887466430664e+00 1.068175421096384525e-03
2.269999980926513672e+00 1.068167155608534813e-03
2.272000074386596680e+00 1.068159006536006927e-03
2.273999929428100586e+00 1.068150741048157215e-03
2.276000022888183594e+00 1.068142591975629330e-03
2.278000116348266602e+00 1.068134326487779617e-03
2.279999971389770508e+00 1.068126060999929905e-03
2.282000064849853516e+00 1.068117795512080193e-03
2.283999919891357422e+00 1.068109530024230480e-03
2.286000013351440430e+00 1.068101148121058941e-03
2.288000106811523438e+00 1.068092882633209229e-03
2.289999961853027344e+00 1.068084617145359516e-03
2.292000055313110352e+00 1.068076235242187977e-03
2.293999910354614258e+00 1.068067969754338264e-03
2.296000003814697266e+00 1.068059587851166725e-03
2.298000097274780273e+00 1.068051205947995186e-03
2.299999952316284180e+00 1.068042824044823647e-03
2.302000045776367188e+00 1.068034442141652107e-03
2.303999900817871094e+00 1.068026060238480568e-03
2.305999994277954102e+00 1.068017678335309029e-03
2.308000087738037109e+00 1.068009296432137489e-03
2.309999942779541016e+00 1.068000798113644123e-03
2.312000036239624023e+00 1.067992416210472584e-03
2.313999891281127930e+00 1.067983917891979218e-03
2.315999984741210938e+00 1.067975535988807678e-03
2.318000078201293945e+00 1.067967037670314312e-03
2.319999933242797852e+00 1.067958539351820946e-03
2.322000026702880859e+00 1.067950041033327579e-03
2.323999881744384766e+00 1.067941542714834213e-03
2.325999975204467773e+00 1.067933044396340847e-03
2.328000068664550781e+00 1.067924546077847481e-03
2.329999923706054688e+00 1.067916047759354115e-03
2.332000017166137695e+00 1.067907433025538921e-03
2.334000110626220703e+00 1.067898934707045555e-03
2.335999965667724609e+00 1.067890319973230362e-03
2.338000059127807617e+00 1.067881705239415169e-03
2.339999914169311523e+00 1.067873206920921803e-03
2.342000007629394531e+00 1.067864592187106609e-03
2.344000101089477539e+00 1.067855977453291416e-03
2.345999956130981445e+00 1.067847362719476223e-03
2.348000049591064453e+00 1.067838747985661030e-03
2.349999904632568359e+00 1.067830016836524010e-03
2.351999998092651367e+00 1.067821402102708817e-03
2.354000091552734375e+00 1.067812787368893623e-03
2.355999946594238281e+00 1.067804056219756603e-03
2.358000040054321289e+00 1.067795325070619583e-03
2.359999895095825195e+00 1.067786710336804390e-03
2.361999988555908203e+00 1.067777979187667370e-03
2.364000082015991211e+00 1.067769248038530350e-03
2.365999937057495117e+00 1.067760516889393330e-03
2.368000030517578125e+00 1.067751785740256310e-03
2.369999885559082031e+00 1.067743054591119289e-03
2.371999979019165039e+00 1.067734207026660442e-03
2.374000072479248047e+00 1.067725475877523422e-03
2.375999927520751953e+00 1.067716628313064575e-03
2.378000020980834961e+00 1.067707897163927555e-03
2.380000114440917969e+00 1.067699049599468708e-03
2.381999969482421875e+00 1.067690202035009861e-03
2.384000062942504883e+00 1.067681470885872841e-03
2.385999917984008789e+00 1.067672623321413994e-03
2.388000011444091797e+00 1.067663775756955147e-03
2.390000104904174805e+00 1.067654811777174473e-03
2.391999959945678711e+00 1.067645964212715626e-03
2.394000053405761719e+00 1.067637116648256779e-03
2.395999908447265625e+00 1.067628152668476105e-03
2.398000001907348633e+00 1.067619305104017258e-03
2.400000095367431641e+00 1.067610341124236584e-03
2.401999950408935547e+00 1.067601377144455910e-03
2.404000043869018555e+00 1.067592529579997063e-03
2.405999898910522461e+00 1.067583565600216389e-03
2.407999992370605469e+00 1.067574601620435715e-03
2.410000085830688477e+00 1.067565637640655041e-03
2.411999940872192383e+00 1.067556557245552540e-03
2.414000034332275391e+00 1.067547593265771866e-03
2.415999889373779297e+00 1.067538629285991192e-03
2.417999982833862305e+00 1.067529548890888691e-03
2.420000076293945312e+00 1.067520584911108017e-03
2.421999931335449219e+00 1.067511504516005516e-03
2.424000024795532227e+00 1.067502424120903015e-03
2.426000118255615234e+00 1.067493343725800514e-03
2.427999973297119141e+00 1.067484263330698013e-03
2.430000066757202148e+00 1.067475182935595512e-03
2.431999921798706055e+00 1.067466102540493011e-03
2.434000015258789062e+00 1.067457022145390511e-03
2.436000108718872070e+00 1.067447941750288010e-03
2.437999963760375977e+00 1.067438744939863682e-03
2.440000057220458984e+00 1.067429664544761181e-03
2.441999912261962891e+00 1.067420467734336853e-03
2.444000005722045898e+00 1.067411270923912525e-03
2.446000099182128906e+00 1.067402190528810024e-03
2.447999954223632812e+00 1.067392993718385696e-03
2.450000047683715820e+00 1.067383796907961369e-03
2.451999902725219727e+00 1.067374600097537041e-03
2.453999996185302734e+00 1.067365403287112713e-03
2.456000089645385742e+00 1.067356090061366558e-03
2.457999944686889648e+00 1.067346893250942230e-03
2.460000038146972656e+00 1.067337580025196075e-03
2.461999893188476562e+00 1.067328383214771748e-03
2.463999986648559570e+00 1.067319069989025593e-03
2.466000080108642578e+00 1.067309756763279438e-03
2.467999935150146484e+00 1.067300559952855110e-03
2.470000028610229492e+00 1.067291246727108955e-03
2.471999883651733398e+00 1.067281933501362801e-03
2.473999977111816406e+00 1.067272503860294819e-03
2.476000070571899414e+00 1.067263190634548664e-03
2.477999925613403320e+00 1.067253877408802509e-03
2.480000019073486328e+00 1.067244564183056355e-03
2.482000112533569336e+00 1.067235134541988373e-03
2.483999967575073242e+00 1.067225704900920391e-03
2.486000061035156250e+00 1.067216391675174236e-03
2.487999916076660156e+00 1.067206962034106255e-03
2.490000009536743164e+00 1.067197532393038273e-03
2.492000102996826172e+00 1.067188102751970291e-03
2.493999958038330078e+00 1.067178673110902309e-03
2.496000051498413086e+00 1.067169243469834328e-03
2.497999906539916992e+00 1.067159813828766346e-03
2.500000000000000000e+00 1.067150267772376537e-03
2.502000093460083008e+00 1.067140838131308556e-03
2.503999948501586914e+00 1.067131292074918747e-03
2.506000041961669922e+00 1.067121746018528938e-03
2.507999897003173828e+00 1.067112316377460957e-03
2.509999990463256836e+00 1.067102770321071148e-03
2.512000083923339844e+00 1.067093224264681339e-03
2.513999938964843750e+00 1.067083678208291531e-03
2.516000032424926758e+00 1.067074132151901722e-03
2.517999887466430664e+00 1.067064586095511913e-03
2.519999980926513672e+00 1.067054923623800278e-03
2.522000074386596680e+00 1.067045377567410469e-03
2.523999929428100586e+00 1.067035715095698833e-03
2.526000022888183594e+00 1.067026169039309025e-03
2.528000116348266602e+00 1.067016506567597389e-03
2.529999971389770508e+00 1.067006844095885754e-03
2.532000064849853516e+00 1.066997181624174118e-03
2.533999919891357422e+00 1.066987519152462482e-03
2.536000013351440430e+00 1.066977856680750847e-03
2.538000106811523438e+00 1.066968194209039211e-03
2.539999961853027344e+00 1.066958531737327576e-03
2.542000055313110352e+00 1.066948869265615940e-03
2.543999910354614258e+00 1.066939090378582478e-03
2.546000003814697266e+00 1.066929427906870842e-03
2.548000097274780273e+00 1.066919649019837379e-03
2.549999952316284180e+00 1.066909870132803917e-03
2.552000045776367188e+00 1.066900091245770454e-03
2.553999900817871094e+00 1.066890312358736992e-03
2.555999994277954102e+00 1.066880533471703529e-03
2.558000087738037109e+00 1.066870754584670067e-03
2.559999942779541016e+00 1.066860975697636604e-03
2.562000036239624023e+00 1.066851196810603142e-03
2.563999891281127930e+00 1.066841301508247852e-03
2.565999984741210938e+00 1.066831522621214390e-03
2.568000078201293945e+00 1.066821627318859100e-03
2.569999933242797852e+00 1.066811848431825638e-03
2.572000026702880859e+00 1.066801953129470348e-03
2.573999881744384766e+00 1.066792057827115059e-03
2.575999975204467773e+00 1.066782162524759769e-03
2.578000068664550781e+00 1.066772267222404480e-03
2.579999923706054688e+00 1.066762371920049191e-03
2.582000017166137695e+00 1.066752476617693901e-03
2.584000110626220703e+00 1.066742464900016785e-03
2.585999965667724609e+00 1.066732569597661495e-03
2.588000059127807617e+00 1.066722557879984379e-03
2.589999914169311523e+00 1.066712662577629089e-03
2.592000007629394531e+00 1.066702650859951973e-03
2.594000101089477539e+00 1.066692639142274857e-03
2.595999956130981445e+00 1.066682627424597740e-03
2.598000049591064453e+00 1.066672615706920624e-03
2.599999904632568359e+00 1.066662603989243507e-03
2.601999998092651367e+00 1.066652592271566391e-03
2.604000091552734375e+00 1.066642464138567448e-03
2.605999946594238281e+00 1.066632452420890331e-03
2.608000040054321289e+00 1.066622324287891388e-03
2.609999895095825195e+00 1.066612312570214272e-03
2.611999988555908203e+00 1.066602184437215328e-03
2.614000082015991211e+00 1.066592056304216385e-03
2.615999937057495117e+00 1.066582044586539268e-03
2.618000030517578125e+00 1.066571916453540325e-03
2.619999885559082031e+00 1.066561671905219555e-03
2.621999979019165039e+00 1.066551543772220612e-03
2.624000072479248047e+00 1.066541415639221668e-03
2.625999927520751953e+00 1.066531287506222725e-03
2.628000020980834961e+00 1.066521042957901955e-03
2.630000114440917969e+00 1.066510914824903011e-03
2.631999969482421875e+00 1.066500670276582241e-03
2.634000062942504883e+00 1.066490425728261471e-03
2.635999917984008789e+00 1.066480181179940701e-03
2.638000011444091797e+00 1.066470053046941757e-03
2.640000104904174805e+00 1.066459808498620987e-03
2.641999959945678711e+00 1.066449447534978390e-03
2.644000053405761719e+00 1.066439202986657619e-03
2.645999908447265625e+00 1.066428958438336849e-03
2.648000001907348633e+00 1.066418597474694252e-03
2.650000095367431641e+00 1.066408352926373482e-03
2.651999950408935547e+00 1.066397991962730885e-03
2.654000043869018555e+00 1.066387747414410114e-03
2.655999898910522461e+00 1.066377386450767517e-03
2.657999992370605469e+00 1.066367025487124920e-03
2.660000085830688477e+00 1.066356664523482323e-03
2.661999940872192383e+00 1.066346303559839725e-03
2.664000034332275391e+00 1.066335942596197128e-03
2.665999889373779297e+00 1.066325465217232704e-03
2.667999982833862305e+00 1.066315104253590107e-03
2.670000076293945312e+00 1.066304743289947510e-03
2.671999931335449219e+00 1.066294265910983086e-03
2.674000024795532227e+00 1.066283788532018661e-03
2.676000118255615234e+00 1.066273427568376064e-03
2.677999973297119141e+00 1.066262950189411640e-03
2.680000066757202148e+00 1.066252472810447216e-03
2.681999921798706055e+00 1.066241995431482792e-03
2.684000015258789062e+00 1.066231518052518368e-03
2.686000108718872070e+00 1.066220924258232117e-03
2.687999963760375977e+00 1.066210446879267693e-03
2.690000057220458984e+00 1.066199969500303268e-03
2.691999912261962891e+00 1.066189375706017017e-03
2.694000005722045898e+00 1.066178781911730766e-03
2.696000099182128906e+00 1.066168304532766342e-03
2.697999954223632812e+00 1.066157710738480091e-03
2.700000047683715820e+00 1.066147116944193840e-03
2.701999902725219727e+00 1.066136523149907589e-03
2.703999996185302734e+00 1.066125929355621338e-03
2.706000089645385742e+00 1.066115335561335087e-03
2.707999944686889648e+00 1.066104625351727009e-03
2.710000038146972656e+00 1.066094031557440758e-03
2.711999893188476562e+00 1.066083437763154507e-03
2.713999986648559570e+00 1.066072727553546429e-03
2.716000080108642578e+00 1.066062017343938351e-03
2.717999935150146484e+00 1.066051423549652100e-03
2.720000028610229492e+00 1.066040713340044022e-03
2.721999883651733398e+00 1.066030003130435944e-03
2.723999977111816406e+00 1.066019292920827866e-03
2.726000070571899414e+00 1.066008466295897961e-03
2.727999925613403320e+00 1.065997756086289883e-03
2.730000019073486328e+00 1.065987045876681805e-03
2.732000112533569336e+00 1.065976219251751900e-03
2.733999967575073242e+00 1.065965509042143822e-03
2.736000061035156250e+00 1.065954682417213917e-03
2.737999916076660156e+00 1.065943855792284012e-03
2.740000009536743164e+00 1.065933145582675934e-03
2.742000102996826172e+00 1.065922318957746029e-03
2.743999958038330078e+00 1.065911492332816124e-03
2.746000051498413086e+00 1.065900549292564392e-03
2.747999906539916992e+00 1.065889722667634487e-03
2.750000000000000000e+00 1.065878896042704582e-03
2.752000093460083008e+00 1.065867953002452850e-03
2.753999948501586914e+00 1.065857126377522945e-03
2.756000041961669922e+00 1.065846183337271214e-03
2.757999897003173828e+00 1.065835356712341309e-03
2.759999990463256836e+00 1.065824413672089577e-03
2.762000083923339844e+00 1.065813470631837845e-03
2.763999938964843750e+00 1.065802527591586113e-03
2.766000032424926758e+00 1.065791584551334381e-03
2.767999887466430664e+00 1.065780641511082649e-03
2.769999980926513672e+00 1.065769582055509090e-03
2.772000074386596680e+00 1.065758639015257359e-03
2.773999929428100586e+00 1.065747579559683800e-03
2.776000022888183594e+00 1.065736636519432068e-03
2.778000116348266602e+00 1.065725577063858509e-03
2.779999971389770508e+00 1.065714517608284950e-03
2.782000064849853516e+00 1.065703458152711391e-03
2.783999919891357422e+00 1.065692398697137833e-03
2.786000013351440430e+00 1.065681339241564274e-03
2.788000106811523438e+00 1.065670279785990715e-03
2.789999961853027344e+00 1.065659220330417156e-03
2.792000055313110352e+00 1.065648044459521770e-03
2.793999910354614258e+00 1.065636985003948212e-03
2.796000003814697266e+00 1.065625809133052826e-03
2.798000097274780273e+00 1.065614749677479267e-03
2.799999952316284180e+00 1.065603573806583881e-03
2.802000045776367188e+00 1.065592397935688496e-03
2.803999900817871094e+00 1.065581222064793110e-03
2.805999994277954102e+00 1.065570046193897724e-03
2.808000087738037109e+00 1.065558870323002338e-03
2.809999942779541016e+00 1.065547694452106953e-03
2.812000036239624023e+00 1.065536402165889740e-03
2.813999891281127930e+00 1.065525226294994354e-03
2.815999984741210938e+00 1.065513934008777142e-03
2.818000078201293945e+00 1.065502758137881756e-03
2.819999933242797852e+00 1.065491465851664543e-03
2.822000026702880859e+00 1.065480173565447330e-03
2.823999881744384766e+00 1.065468881279230118e-03
2.825999975204467773e+00 1.065457588993012905e-03
2.828000068664550781e+00 1.065446296706795692e-03
2.829999923706054688e+00 1.065435004420578480e-03
2.832000017166137695e+00 1.065423595719039440e-03
2.834000110626220703e+00 1.065412303432822227e-03
2.835999965667724609e+00 1.065400894731283188e-03
2.838000059127807617e+00 1.065389602445065975e-03
2.839999914169311523e+00 1.065378193743526936e-03
2.842000007629394531e+00 1.065366785041987896e-03
2.844000101089477539e+00 1.065355376340448856e-03
2.845999956130981445e+00 1.065343967638909817e-03
2.848000049591064453e+00 1.065332558937370777e-03
2.849999904632568359e+00 1.065321150235831738e-03
2.851999998092651367e+00 1.065309741534292698e-03
2.854000091552734375e+00 1.065298216417431831e-03
2.855999946594238281e+00 1.065286807715892792e-03
2.858000040054321289e+00 1.065275282599031925e-03
2.859999895095825195e+00 1.065263757482171059e-03
2.861999988555908203e+00 1.065252232365310192e-03
2.864000082015991211e+00 1.065240823663771152e-03
2.865999937057495117e+00 1.065229298546910286e-03
2.868000030517578125e+00 1.065217657014727592e-03
2.869999885559082031e+00 1.065206131897866726e-03
2.871999979019165039e+00 1.065194606781005859e-03
2.874000072479248047e+00 1.065182965248823166e-03
2.875999927520751953e+00 1.065171440131962299e-03
2.878000020980834961e+00 1.065159798599779606e-03
2.880000114440917969e+00 1.065148273482918739e-03
2.881999969482421875e+00 1.065136631950736046e-03
2.884000062942504883e+00 1.065124990418553352e-03
2.885999917984008789e+00 1.065113348886370659e-03
2.888000011444091797e+00 1.065101707354187965e-03
2.890000104904174805e+00 1.065090065822005272e-03
2.891999959945678711e+00 1.065078307874500751e-03
2.894000053405761719e+00 1.065066666342318058e-03
2.895999908447265625e+00 1.065054908394813538e-03
2.898000001907348633e+00 1.065043266862630844e-03
2.900000095367431641e+00 1.065031508915126324e-03
2.901999950408935547e+00 1.065019750967621803e-03
2.904000043869018555e+00 1.065007993020117283e-03
2.905999898910522461e+00 1.064996235072612762e-03
2.907999992370605469e+00 1.064984477125108242e-03
2.910000085830688477e+00 1.064972719177603722e-03
2.911999940872192383e+00 1.064960961230099201e-03
2.914000034332275391e+00 1.064949086867272854e-03
2.915999889373779297e+00 1.064937328919768333e-03
2.917999982833862305e+00 1.064925454556941986e-03
2.920000076293945312e+00 1.064913580194115639e-03
2.921999931335449219e+00 1.064901822246611118e-03
2.924000024795532227e+00 1.064889947883784771e-03
2.926000118255615234e+00 1.064878073520958424e-03
2.927999973297119141e+00 1.064866199158132076e-03
2.930000066757202148e+00 1.064854208379983902e-03
2.931999921798706055e+00 1.064842334017157555e-03
2.934000015258789062e+00 1.064830459654331207e-03
2.936000108718872070e+00 1.064818468876183033e-03
2.937999963760375977e+00 1.064806478098034859e-03
2.940000057220458984e+00 1.064794603735208511e-03
2.941999912261962891e+00 1.064782612957060337e-03
2.944000005722045898e+00 1.064770622178912163e-03
2.946000099182128906e+00 1.064758631400763988e-03
2.947999954223632812e+00 1.064746640622615814e-03
2.950000047683715820e+00 1.064734649844467640e-03
2.951999902725219727e+00 1.064722542650997639e-03
2.953999996185302734e+00 1.064710551872849464e-03
2.956000089645385742e+00 1.064698444679379463e-03
2.957999944686889648e+00 1.064686453901231289e-03
2.960000038146972656e+00 1.064674346707761288e-03
2.961999893188476562e+00 1.064662239514291286e-03
2.963999986648559570e+00 1.064650132320821285e-03
2.966000080108642578e+00 1.064638025127351284e-03
2.967999935150146484e+00 1.064625917933881283e-03
2.970000028610229492e+00 1.064613810740411282e-03
2.971999883651733398e+00 1.064601587131619453e-03
2.973999977111816406e+00 1.064589479938149452e-03
2.976000070571899414e+00 1.064577256329357624e-03
2.977999925613403320e+00 1.064565149135887623e-03
2.980000019073486328e+00 1.064552925527095795e-03
2.982000112533569336e+00 1.064540701918303967e-03
2.983999967575073242e+00 1.064528478309512138e-03
2.986000061035156250e+00 1.064516254700720310e-03
2.987999916076660156e+00 1.064504031091928482e-03
2.990000009536743164e+00 1.064491807483136654e-03
2.992000102996826172e+00 1.064479467459022999e-03
2.993999958038330078e+00 1.064467243850231171e-03
2.996000051498413086e+00 1.064454903826117516e-03
2.997999906539916992e+00 1.064442680217325687e-03
3.000000000000000000e+00 1.064430340193212032e-03
3.002000093460083008e+00 1.064418000169098377e-03
3.003999948501586914e+00 1.064405660144984722e-03
3.006000041961669922e+00 1.064393320120871067e-03
3.007999897003173828e+00 1.064380980096757412e-03
3.009999990463256836e+00 1.064368640072643757e-03
3.012000083923339844e+00 1.064356183633208275e-03
3.013999938964843750e+00 1.064343843609094620e-03
3.016000032424926758e+00 1.064331387169659138e-03
3.017999887466430664e+00 1.064318930730223656e-03
3.019999980926513672e+00 1.064306590706110001e-03
3.022000074386596680e+00 1.064294134266674519e-03
3.023999929428100586e+00 1.064281677827239037e-03
3.026000022888183594e+00 1.064269221387803555e-03
3.028000116348266602e+00 1.064256648533046246e-03
3.029999971389770508e+00 1.064244192093610764e-03
3.032000064849853516e+00 1.064231735654175282e-03
3.033999919891357422e+00 1.064219162799417973e-03
3.036000013351440430e+00 1.064206706359982491e-03
3.038000106811523438e+00 1.064194133505225182e-03
3.039999961853027344e+00 1.064181560650467873e-03
3.042000055313110352e+00 1.064168987795710564e-03
3.043999910354614258e+00 1.064156414940953255e-03
3.046000003814697266e+00 1.064143842086195946e-03
3.048000097274780273e+00 1.064131269231438637e-03
3.049999952316284180e+00 1.064118579961359501e-03
3.052000045776367188e+00 1.064106007106602192e-03
3.053999900817871094e+00 1.064093317836523056e-03
3.055999994277954102e+00 1.064080744981765747e-03
3.058000087738037109e+00 1.064068055711686611e-03
3.059999942779541016e+00 1.064055366441607475e-03
3.062000036239624023e+00 1.064042677171528339e-03
3.063999891281127930e+00 1.064029987901449203e-03
3.065999984741210938e+00 1.064017298631370068e-03
3.068000078201293945e+00 1.064004609361290932e-03
3.069999933242797852e+00 1.063991803675889969e-03
3.072000026702880859e+00 1.063979114405810833e-03
3.073999881744384766e+00 1.063966308720409870e-03
3.075999975204467773e+00 1.063953503035008907e-03
3.078000068664550781e+00 1.063940813764929771e-03
3.079999923706054688e+00 1.063928008079528809e-03
3.082000017166137695e+00 1.063915202394127846e-03
3.084000110626220703e+00 1.063902280293405056e-03
3.085999965667724609e+00 1.063889474608004093e-03
3.088000059127807617e+00 1.063876668922603130e-03
3.089999914169311523e+00 1.063863746821880341e-03
3.092000007629394531e+00 1.063850941136479378e-03
3.094000101089477539e+00 1.063838019035756588e-03
3.095999956130981445e+00 1.063825213350355625e-03
3.098000049591064453e+00 1.063812291249632835e-03
3.099999904632568359e+00 1.063799369148910046e-03
3.101999998092651367e+00 1.063786447048187256e-03
3.104000091552734375e+00 1.063773408532142639e-03
3.105999946594238281e+00 1.063760486431419849e-03
3.108000040054321289e+00 1.063747564330697060e-03
3.109999895095825195e+00 1.063734525814652443e-03
3.111999988555908203e+00 1.063721603713929653e-03
3.114000082015991211e+00 1.063708565197885036e-03
3.115999937057495117e+00 1.063695526681840420e-03
3.118000030517578125e+00 1.063682488165795803e-03
3.119999885559082031e+00 1.063669449649751186e-03
3.121999979019165039e+00 1.063656411133706570e-03
3.124000072479248047e+00 1.063643372617661953e-03
3.125999927520751953e+00 1.063630334101617336e-03
3.128000020980834961e+00 1.063617179170250893e-03
3.130000114440917969e+00 1.063604140654206276e-03
3.131999969482421875e+00 1.063590985722839832e-03
3.134000062942504883e+00 1.063577830791473389e-03
3.135999917984008789e+00 1.063564675860106945e-03
3.138000011444091797e+00 1.063551520928740501e-03
3.140000104904174805e+00 1.063538365997374058e-03
3.141999959945678711e+00 1.063525211066007614e-03
3.144000053405761719e+00 1.063512056134641171e-03
3.145999908447265625e+00 1.063498784787952900e-03
3.148000001907348633e+00 1.063485629856586456e-03
3.150000095367431641e+00 1.063472358509898186e-03
3.151999950408935547e+00 1.063459087163209915e-03
3.154000043869018555e+00 1.063445932231843472e-03
3.155999898910522461e+00 1.063432660885155201e-03
3.157999992370605469e+00 1.063419389538466930e-03
3.160000085830688477e+00 1.063406001776456833e-03
3.161999940872192383e+00 1.063392730429768562e-03
3.164000034332275391e+00 1.063379459083080292e-03
3.165999889373779297e+00 1.063366071321070194e-03
3.167999982833862305e+00 1.063352799974381924e-03
3.170000076293945312e+00 1.063339412212371826e-03
3.171999931335449219e+00 1.063326024450361729e-03
3.174000024795532227e+00 1.063312636688351631e-03
3.176000118255615234e+00 1.063299248926341534e-03
3.177999973297119141e+00 1.063285861164331436e-03
3.180000066757202148e+00 1.063272473402321339e-03
3.181999921798706055e+00 1.063259085640311241e-03
3.184000015258789062e+00 1.063245581462979317e-03
3.186000108718872070e+00 1.063232193700969219e-03
3.187999963760375977e+00 1.063218689523637295e-03
3.190000057220458984e+00 1.063205185346305370e-03
3.191999912261962891e+00 1.063191681168973446e-03
3.194000005722045898e+00 1.063178176991641521e-03
3.196000099182128906e+00 1.063164672814309597e-03
3.197999954223632812e+00 1.063151168636977673e-03
3.200000047683715820e+00 1.063137664459645748e-03
3.201999902725219727e+00 1.063124043866991997e-03
3.203999996185302734e+00 1.063110539689660072e-03
3.206000089645385742e+00 1.063096919097006321e-03
3.207999944686889648e+00 1.063083298504352570e-03
3.210000038146972656e+00 1.063069677911698818e-03
3.211999893188476562e+00 1.063056057319045067e-03
3.213999986648559570e+00 1.063042436726391315e-03
3.216000080108642578e+00 1.063028816133737564e-03
3.217999935150146484e+00 1.063015195541083813e-03
3.220000028610229492e+00 1.063001458533108234e-03
3.221999883651733398e+00 1.062987837940454483e-03
3.223999977111816406e+00 1.062974100932478905e-03
3.226000070571899414e+00 1.062960480339825153e-03
3.227999925613403320e+00 1.062946743331849575e-03
3.230000019073486328e+00 1.062933006323873997e-03
3.232000112533569336e+00 1.062919269315898418e-03
3.233999967575073242e+00 1.062905532307922840e-03
3.236000061035156250e+00 1.062891678884625435e-03
3.237999916076660156e+00 1.062877941876649857e-03
3.240000009536743164e+00 1.062864088453352451e-03
3.242000102996826172e+00 1.062850351445376873e-03
3.243999958038330078e+00 1.062836498022079468e-03
3.246000051498413086e+00 1.062822644598782063e-03
3.247999906539916992e+00 1.062808791175484657e-03
3.250000000000000000e+00 1.062794937752187252e-03
3.252000093460083008e+00 1.062781084328889847e-03
3.253999948501586914e+00 1.062767230905592442e-03
3.256000041961669922e+00 1.062753261066973209e-03
3.257999897003173828e+00 1.062739407643675804e-03
3.259999990463256836e+00 1.062725437805056572e-03
3.262000083923339844e+00 1.062711467966437340e-03
3.263999938964843750e+00 1.062697614543139935e-03
3.266000032424926758e+00 1.062683644704520702e-03
3.267999887466430664e+00 1.062669558450579643e-03
3.269999980926513672e+00 1.062655588611960411e-03
3.272000074386596680e+00 1.062641618773341179e-03
3.273999929428100586e+00 1.062627648934721947e-03
3.276000022888183594e+00 1.062613562680780888e-03
3.278000116348266602e+00 1.062599476426839828e-03
3.279999971389770508e+00 1.062585506588220596e-03
3.282000064849853516e+00 1.062571420334279537e-03
3.283999919891357422e+00 1.062557334080338478e-03
3.286000013351440430e+00 1.062543247826397419e-03
3.288000106811523438e+00 1.062529161572456360e-03
3.289999961853027344e+00 1.062514958903193474e-03
3.292000055313110352e+00 1.062500872649252415e-03
3.293999910354614258e+00 1.062486669979989529e-03
3.296000003814697266e+00 1.062472583726048470e-03
3.298000097274780273e+00 1.062458381056785583e-03
3.299999952316284180e+00 1.062444178387522697e-03
3.302000045776367188e+00 1.062429975718259811e-03
3.303999900817871094e+00 1.062415773048996925e-03
3.305999994277954102e+00 1.062401570379734039e-03
3.308000087738037109e+00 1.062387367710471153e-03
3.309999942779541016e+00 1.062373048625886440e-03
3.312000036239624023e+00 1.062358845956623554e-03
3.313999891281127930e+00 1.062344526872038841e-03
3.315999984741210938e+00 1.062330207787454128e-03
3.318000078201293945e+00 1.062315888702869415e-03
3.319999933242797852e+00 1.062301569618284702e-03
3.322000026702880859e+00 1.062287250533699989e-03
3.323999881744384766e+00 1.062272931449115276e-03
3.325999975204467773e+00 1.062258612364530563e-03
3.328000068664550781e+00 1.062244176864624023e-03
3.329999923706054688e+00 1.062229857780039310e-03
3.332000017166137695e+00 1.062215422280132771e-03
3.334000110626220703e+00 1.062200986780226231e-03
3.335999965667724609e+00 1.062186551280319691e-03
3.338000059127807617e+00 1.062172115780413151e-03
3.339999914169311523e+00 1.062157680280506611e-03
3.342000007629394531e+00 1.062143244780600071e-03
3.344000101089477539e+00 1.062128692865371704e-03
3.345999956130981445e+00 1.062114257365465164e-03
3.348000049591064453e+00 1.062099705450236797e-03
3.349999904632568359e+00 1.062085269950330257e-03
3.351999998092651367e+00 1.062070718035101891e-03
3.354000091552734375e+00 1.062056166119873524e-03
3.355999946594238281e+00 1.062041614204645157e-03
3.358000040054321289e+00 1.062027062289416790e-03
3.359999895095825195e+00 1.062012393958866596e-03
3.361999988555908203e+00 1.061997842043638229e-03
3.364000082015991211e+00 1.061983173713088036e-03
3.365999937057495117e+00 1.061968621797859669e-03
3.368000030517578125e+00 1.061953953467309475e-03
3.369999885559082031e+00 1.061939285136759281e-03
3.371999979019165039e+00 1.061924616806209087e-03
3.374000072479248047e+00 1.061909948475658894e-03
3.375999927520751953e+00 1.061895280145108700e-03
3.378000020980834961e+00 1.061880495399236679e-03
3.380000114440917969e+00 1.061865827068686485e-03
3.381999969482421875e+00 1.061851042322814465e-03
3.384000062942504883e+00 1.061836373992264271e-03
3.385999917984008789e+00 1.061821589246392250e-03
3.388000011444091797e+00 1.061806804500520229e-03
3.390000104904174805e+00 1.061792019754648209e-03
3.391999959945678711e+00 1.061777235008776188e-03
3.394000053405761719e+00 1.061762333847582340e-03
3.395999908447265625e+00 1.061747549101710320e-03
3.398000001907348633e+00 1.061732764355838299e-03
3.400000095367431641e+00 1.061717863194644451e-03
3.401999950408935547e+00 1.061702962033450603e-03
3.404000043869018555e+00 1.061688060872256756e-03
3.405999898910522461e+00 1.061673159711062908e-03
3.407999992370605469e+00 1.061658258549869061e-03
3.410000085830688477e+00 1.061643357388675213e-03
3.411999940872192383e+00 1.061628456227481365e-03
3.414000034332275391e+00 1.061613438650965691e-03
3.415999889373779297e+00 1.061598537489771843e-03
3.417999982833862305e+00 1.061583519913256168e-03
3.420000076293945312e+00 1.061568502336740494e-03
3.421999931335449219e+00 1.061553484760224819e-03
3.424000024795532227e+00 1.061538467183709145e-03
3.426000118255615234e+00 1.061523449607193470e-03
3.427999973297119141e+00 1.061508432030677795e-03
3.430000066757202148e+00 1.061493298038840294e-03
3.431999921798706055e+00 1.061478280462324619e-03
3.434000015258789062e+00 1.061463146470487118e-03
3.436000108718872070e+00 1.061448012478649616e-03
3.437999963760375977e+00 1.061432994902133942e-03
3.440000057220458984e+00 1.061417860910296440e-03
3.441999912261962891e+00 1.061402610503137112e-03
3.444000005722045898e+00 1.061387476511299610e-03
3.446000099182128906e+00 1.061372342519462109e-03
3.447999954223632812e+00 1.061357092112302780e-03
3.450000047683715820e+00 1.061341958120465279e-03
3.451999902725219727e+00 1.061326707713305950e-03
3.453999996185302734e+00 1.061311457306146622e-03
3.456000089645385742e+00 1.061296206898987293e-03
3.457999944686889648e+00 1.061280956491827965e-03
3.460000038146972656e+00 1.061265706084668636e-03
3.461999893188476562e+00 1.061250455677509308e-03
3.463999986648559570e+00 1.061235088855028152e-03
3.466000080108642578e+00 1.061219838447868824e-03
3.467999935150146484e+00 1.061204471625387669e-03
3.470000028610229492e+00 1.061189104802906513e-03
3.471999883651733398e+00 1.061173737980425358e-03
3.473999977111816406e+00 1.061158371157944202e-03
3.476000070571899414e+00 1.061143004335463047e-03
3.477999925613403320e+00 1.061127637512981892e-03
3.480000019073486328e+00 1.061112154275178909e-03
3.482000112533569336e+00 1.061096787452697754e-03
3.483999967575073242e+00 1.061081304214894772e-03
3.486000061035156250e+00 1.061065820977091789e-03
3.487999916076660156e+00 1.061050454154610634e-03
3.490000009536743164e+00 1.061034970916807652e-03
3.492000102996826172e+00 1.061019371263682842e-03
3.493999958038330078e+00 1.061003888025879860e-03
3.496000051498413086e+00 1.060988404788076878e-03
3.497999906539916992e+00 1.060972805134952068e-03
3.500000000000000000e+00 1.060957321897149086e-03
