5.999999999999999778e-01 1.371985351330484160e-01
6.094188376753506553e-01 1.497249450500907630e-01
6.188376753507013328e-01 1.617419643870441903e-01
6.282565130260521213e-01 1.738586785503296872e-01
6.376753507014027988e-01 1.862701842415713793e-01
6.470941883767534764e-01 2.005415873570457752e-01
6.565130260521041539e-01 2.163615242927776905e-01
6.659318637274549424e-01 2.325961769506955656e-01
6.753507014028056199e-01 2.496193393134484018e-01
6.847695390781562974e-01 2.672491399214206864e-01
6.941883767535069749e-01 2.842851695785287847e-01
7.036072144288576524e-01 3.002716661321684355e-01
7.130260521042084410e-01 3.147313821183200799e-01
7.224448897795591185e-01 3.272284989301826319e-01
7.318637274549097960e-01 3.381525438194891708e-01
7.412825651302604735e-01 3.471648200928029171e-01
7.507014028056111510e-01 3.532440793980364258e-01
7.601202404809619395e-01 3.558267787756020928e-01
7.695390781563126170e-01 3.565219688261113129e-01
7.789579158316632945e-01 3.575719447269181117e-01
7.883767535070140831e-01 3.567063169549467561e-01
7.977955911823646495e-01 3.554837199902900480e-01
8.072144288577154381e-01 3.526315028654784522e-01
8.166332665330661156e-01 3.502037210928903854e-01
8.260521042084167931e-01 3.472624171146801442e-01
8.354709418837675816e-01 3.445108283045227315e-01
8.448897795591182591e-01 3.422391442004136253e-01
8.543086172344689366e-01 3.404832304663246711e-01
8.637274549098196141e-01 3.393908948111641899e-01
8.731462925851702916e-01 3.385664975848100555e-01
8.825651302605210802e-01 3.383717768029505524e-01
8.919839679358717577e-01 3.395165428299751209e-01
9.014028056112224352e-01 3.403703391128864997e-01
9.108216432865731127e-01 3.420707890452117650e-01
9.202404809619237902e-01 3.445543607198458536e-01
9.296593186372745787e-01 3.478184499545233788e-01
9.390781563126252562e-01 3.515746136138415689e-01
9.484969939879759337e-01 3.557817157257417984e-01
9.579158316633267223e-01 3.602191734984871996e-01
9.673346693386772888e-01 3.653366229561780809e-01
9.767535070140280773e-01 3.709800093828952150e-01
9.861723446893787548e-01 3.769499722538262043e-01
9.955911823647294323e-01 3.830711044120284070e-01
1.005010020040080221e+00 3.894564324999504890e-01
1.014428857715430787e+00 3.958373699256145239e-01
1.023847695390781576e+00 4.024597406967858615e-01
1.033266533066132364e+00 4.091883823779136620e-01
1.042685370741482931e+00 4.158594523510587004e-01
1.052104208416833719e+00 4.224099309259990442e-01
1.061523046092184286e+00 4.290179322546210927e-01
1.070941883767535074e+00 4.360435074737034622e-01
1.080360721442885641e+00 4.432710947176480842e-01
1.089779559118236429e+00 4.503033056947564061e-01
1.099198396793587218e+00 4.571295268001147605e-01
1.108617234468937784e+00 4.639853255188282066e-01
1.118036072144288573e+00 4.704678760057061648e-01
1.127454909819639362e+00 4.764379914860166765e-01
1.136873747494989928e+00 4.820324848431936093e-01
1.146292585170340717e+00 4.869700412259027611e-01
1.155711422845691505e+00 4.914896982352183752e-01
1.165130260521042072e+00 4.957606043273796170e-01
1.174549098196392638e+00 4.993917190734668554e-01
1.183967935871743649e+00 5.025670246095427229e-01
1.193386773547094215e+00 5.057244641390702400e-01
1.202805611222444782e+00 5.086911879097568701e-01
1.212224448897795570e+00 5.108629434671942970e-01
1.221643286573146359e+00 5.127428248257561716e-01
1.231062124248496925e+00 5.143715615014974318e-01
1.240480961923847714e+00 5.159516509969630516e-01
1.249899799599198502e+00 5.169121425757918775e-01
1.259318637274549069e+00 5.173556527603329069e-01
1.268737474949899857e+00 5.170925254671085991e-01
1.278156312625250646e+00 5.167525270299806461e-01
1.287575150300601212e+00 5.163705535393368073e-01
1.296993987975951779e+00 5.161112259309429406e-01
1.306412825651302567e+00 5.153261289332189410e-01
1.315831663326653356e+00 5.143183568591980226e-01
1.325250501002003922e+00 5.127733839219879020e-01
1.334669338677354711e+00 5.111214345104765355e-01
1.344088176352705499e+00 5.095391362692102133e-01
1.353507014028056066e+00 5.078951928874544386e-01
1.362925851703406854e+00 5.057924842590694192e-01
1.372344689378757643e+00 5.036832299342234309e-01
1.381763527054108209e+00 5.016963077263951742e-01
1.391182364729458776e+00 4.997467308564711996e-01
1.400601202404809786e+00 4.977389838038690506e-01
1.410020040080160353e+00 4.953582350623121355e-01
1.419438877755510919e+00 4.929745699776452716e-01
1.428857715430861708e+00 4.909249314920969276e-01
1.438276553106212496e+00 4.890147338675555067e-01
1.447695390781563063e+00 4.870570479547540188e-01
1.457114228456913851e+00 4.850125787205660233e-01
1.466533066132264640e+00 4.828740035415875487e-01
1.475951903807615206e+00 4.808124356652876963e-01
1.485370741482965995e+00 4.788816724448682893e-01
1.494789579158316783e+00 4.768692080388494681e-01
1.504208416833667350e+00 4.749460975235148541e-01
1.513627254509017916e+00 4.733892555791439638e-01
1.523046092184368705e+00 4.718479471403593251e-01
1.532464929859719494e+00 4.702674370171716633e-01
1.541883767535070060e+00 4.687604523170451620e-01
1.551302605210420849e+00 4.674637540859539753e-01
1.560721442885771637e+00 4.662748785717243383e-01
1.570140280561122204e+00 4.650571818471911367e-01
1.579559118236472992e+00 4.636174450149602166e-01
1.588977955911823781e+00 4.624460539468181475e-01
1.598396793587174347e+00 4.615194087831372971e-01
1.607815631262524914e+00 4.604995618489782783e-01
1.617234468937875924e+00 4.596668073780242336e-01
1.626653306613226491e+00 4.589378441003242326e-01
1.636072144288577057e+00 4.583015694126662543e-01
1.645490981963928068e+00 4.575635439929083836e-01
1.654909819639278634e+00 4.568439020395189676e-01
1.664328657314629201e+00 4.561921474761485018e-01
1.673747494989979767e+00 4.559223561668702129e-01
1.683166332665330778e+00 4.558710989922896140e-01
1.692585170340681344e+00 4.556413436916766369e-01
1.702004008016031911e+00 4.553070086198974797e-01
1.711422845691382921e+00 4.551880547010552780e-01
1.720841683366733488e+00 4.552490515702909413e-01
1.730260521042084054e+00 4.556565033019968070e-01
1.739679358717435065e+00 4.555442616310981241e-01
1.749098196392785631e+00 4.556675026301007514e-01
1.758517034068136198e+00 4.557229749647676575e-01
1.767935871743487208e+00 4.556283456437441592e-01
1.777354709418837775e+00 4.557376052282426371e-01
1.786773547094188341e+00 4.560073230127809629e-01
1.796192384769538908e+00 4.562819573415148322e-01
1.805611222444889918e+00 4.569198056277202769e-01
1.815030060120240485e+00 4.576313746995074871e-01
1.824448897795591051e+00 4.581965541017928301e-01
1.833867735470942062e+00 4.588660749101294289e-01
1.843286573146292628e+00 4.599389368106683862e-01
1.852705410821643195e+00 4.608749417938010629e-01
1.862124248496994205e+00 4.617678847508906448e-01
1.871543086172344772e+00 4.626170649427606141e-01
1.880961923847695338e+00 4.637531148163378525e-01
1.890380761523045905e+00 4.654454514745687277e-01
1.899799599198396916e+00 4.673578862651305288e-01
1.909218436873747482e+00 4.694758455357455618e-01
1.918637274549098048e+00 4.712753226787536609e-01
1.928056112224449059e+00 4.730576322059068528e-01
1.937474949899799626e+00 4.752584445010852865e-01
1.946893787575150192e+00 4.773901625076705790e-01
1.956312625250501203e+00 4.794305781000092748e-01
1.965731462925851769e+00 4.814045739363602139e-01
1.975150300601202336e+00 4.830796751859173788e-01
1.984569138276553346e+00 4.846424982653546598e-01
1.993987975951903913e+00 4.863250038312126322e-01
2.003406813627254479e+00 4.869033812457080335e-01
2.012825651302605046e+00 4.887092480758165602e-01
2.022244488977956056e+00 4.903815765840263130e-01
2.031663326653306623e+00 4.920349262130571111e-01
2.041082164328657189e+00 4.936803966560516232e-01
2.050501002004008200e+00 4.953328874635563039e-01
2.059919839679358766e+00 4.965348892889523413e-01
2.069338677354709333e+00 4.973075185994206282e-01
2.078757515030060343e+00 4.982865019321339184e-01
2.088176352705410910e+00 4.995412970142382725e-01
2.097595190380761476e+00 5.011133052087508588e-01
2.107014028056112487e+00 5.027059795958779276e-01
2.116432865731463053e+00 5.043797080816359024e-01
2.125851703406813620e+00 5.059380101544970199e-01
2.135270541082164186e+00 5.076261542398790017e-01
2.144689378757515197e+00 5.096605985372305581e-01
2.154108216432865763e+00 5.111105779831092155e-01
2.163527054108216330e+00 5.124266690620000730e-01
2.172945891783567340e+00 5.140941920819939170e-01
2.182364729458917907e+00 5.157722325076871117e-01
2.191783567134268473e+00 5.171219123057716471e-01
2.201202404809619484e+00 5.187663046759662944e-01
2.210621242484970050e+00 5.203419702236549149e-01
2.220040080160320617e+00 5.215158372067265624e-01
2.229458917835671183e+00 5.231268260841250850e-01
2.238877755511022194e+00 5.249041024392581134e-01
2.248296593186372760e+00 5.266826010485750054e-01
2.257715430861723327e+00 5.285098473243360351e-01
2.267134268537074338e+00 5.304850904186122484e-01
2.276553106212424904e+00 5.322380476981842801e-01
2.285971943887775470e+00 5.340420175934633695e-01
2.295390781563126481e+00 5.357215206939751617e-01
2.304809619238477048e+00 5.369285750492841514e-01
2.314228456913827614e+00 5.379594016441862081e-01
2.323647294589178625e+00 5.396195358317594781e-01
2.333066132264529191e+00 5.409489816843850996e-01
2.342484969939879758e+00 5.424324620733169677e-01
2.351903807615230324e+00 5.439646986767847636e-01
2.361322645290581335e+00 5.455470120852732308e-01
2.370741482965931901e+00 5.469223890516295983e-01
2.380160320641282468e+00 5.481778948561395470e-01
2.389579158316633478e+00 5.493444584513349493e-01
2.398997995991984045e+00 5.509900743991209549e-01
2.408416833667334611e+00 5.522714291107609919e-01
2.417835671342685622e+00 5.537650047655630070e-01
2.427254509018036188e+00 5.553228829736472916e-01
2.436673346693386755e+00 5.573358279388205272e-01
2.446092184368737321e+00 5.596018241123756898e-01
2.455511022044088332e+00 5.616339666851860590e-01
2.464929859719438898e+00 5.635055289191319705e-01
2.474348697394789465e+00 5.654903435065826711e-01
2.483767535070140475e+00 5.676869648050199002e-01
2.493186372745491042e+00 5.693485528590364053e-01
2.502605210420841608e+00 5.703814967475147046e-01
2.512024048096192619e+00 5.714025209462526567e-01
2.521442885771543185e+00 5.725524545784113073e-01
2.530861723446893752e+00 5.737773720323211535e-01
2.540280561122244762e+00 5.753888607592813065e-01
2.549699398797595329e+00 5.767365103130399628e-01
2.559118236472945895e+00 5.780326273172428087e-01
2.568537074148296462e+00 5.793357875974283200e-01
2.577955911823647472e+00 5.805913389225247911e-01
2.587374749498998039e+00 5.818289446221228678e-01
2.596793587174348605e+00 5.830719471556639055e-01
2.606212424849699616e+00 5.841704845126839407e-01
2.615631262525050182e+00 5.851661088330740723e-01
2.625050100200401193e+00 5.860233130974433768e-01
2.634468937875751759e+00 5.867037024681874824e-01
2.643887775551102326e+00 5.874733598155815750e-01
2.653306613226452892e+00 5.882627618750887466e-01
2.662725450901803903e+00 5.886443535843076669e-01
2.672144288577154470e+00 5.888173487331014311e-01
2.681563126252505036e+00 5.892145073741592576e-01
2.690981963927856047e+00 5.895540022434565541e-01
2.700400801603206613e+00 5.895090195566924374e-01
2.709819639278557180e+00 5.900570496342327775e-01
2.719238476953908190e+00 5.898849466997787561e-01
2.728657314629258757e+00 5.896133456930311434e-01
2.738076152304609323e+00 5.894952238626156582e-01
2.747494989979959890e+00 5.891667328294988293e-01
2.756913827655310900e+00 5.887061900133535586e-01
2.766332665330661467e+00 5.884145909465908764e-01
2.775751503006012033e+00 5.879510166398478344e-01
2.785170340681363044e+00 5.877114508644420976e-01
2.794589178356713610e+00 5.876719321592859258e-01
2.804008016032064177e+00 5.876654199169311088e-01
2.813426853707415187e+00 5.877276788845923194e-01
2.822845691382765754e+00 5.877884075204719005e-01
2.832264529058116320e+00 5.876996236376537119e-01
2.841683366733467331e+00 5.876923417916009029e-01
2.851102204408817897e+00 5.877885333476530194e-01
2.860521042084168464e+00 5.878156001942713704e-01
2.869939879759519030e+00 5.881054207141697132e-01
2.879358717434870041e+00 5.882890276918474326e-01
2.888777555110220607e+00 5.883485209797594262e-01
2.898196392785571174e+00 5.886525317134733148e-01
2.907615230460922184e+00 5.891295896017091360e-01
2.917034068136272751e+00 5.896306748415244270e-01
2.926452905811623317e+00 5.900509887847670276e-01
2.935871743486974328e+00 5.903812549667833975e-01
2.945290581162324894e+00 5.908465540732678045e-01
2.954709418837675461e+00 5.915938252397631159e-01
2.964128256513026027e+00 5.925477061748035679e-01
2.973547094188377038e+00 5.934790848682890418e-01
2.982965931863727604e+00 5.942164610353271037e-01
2.992384769539078171e+00 5.949206547005496670e-01
3.001803607214429181e+00 5.955541833214852421e-01
3.011222444889779748e+00 5.962627652483117879e-01
3.020641282565130314e+00 5.968783265651380621e-01
3.030060120240481325e+00 5.975503788838711916e-01
3.039478957915831892e+00 5.983415485706877757e-01
3.048897795591182458e+00 5.992529173420906297e-01
3.058316633266533469e+00 5.999392999709360907e-01
3.067735470941884035e+00 6.006966326864957573e-01
3.077154308617234602e+00 6.014291953978319061e-01
3.086573146292585168e+00 6.022482128586970074e-01
3.095991983967936179e+00 6.030645586192323604e-01
3.105410821643286745e+00 6.037279097741907741e-01
3.114829659318637312e+00 6.043371750380354124e-01
3.124248496993988322e+00 6.050453004723367334e-01
3.133667334669338889e+00 6.056377549196063637e-01
3.143086172344689455e+00 6.061058279442026464e-01
3.152505010020040466e+00 6.066331254531162065e-01
3.161923847695391032e+00 6.071838302941628962e-01
3.171342685370741599e+00 6.078607410572887115e-01
3.180761523046092165e+00 6.085705387164587199e-01
3.190180360721443176e+00 6.091075676334802846e-01
3.199599198396793742e+00 6.095674729861587648e-01
3.209018036072144309e+00 6.099661308741189947e-01
3.218436873747495319e+00 6.103287898555530555e-01
3.227855711422845886e+00 6.108154506872627287e-01
3.237274549098196452e+00 6.115070070262716984e-01
3.246693386773547463e+00 6.121481319127706211e-01
3.256112224448898029e+00 6.126616428951411342e-01
3.265531062124248596e+00 6.130537054746353354e-01
3.274949899799599606e+00 6.135265587643587981e-01
3.284368737474950173e+00 6.140149295144007313e-01
3.293787575150300739e+00 6.144563901706114883e-01
3.303206412825651306e+00 6.148830512343698151e-01
3.312625250501002316e+00 6.152196486684434751e-01
3.322044088176352883e+00 6.154768800529312189e-01
3.331462925851703449e+00 6.158340626404400497e-01
3.340881763527054460e+00 6.161012068940586728e-01
3.350300601202405026e+00 6.164827943166784063e-01
3.359719438877755593e+00 6.170424399454562669e-01
3.369138276553106603e+00 6.175343045233396833e-01
3.378557114228457170e+00 6.178911124454528059e-01
3.387975951903807736e+00 6.181653369337222204e-01
3.397394789579158303e+00 6.184615778644274586e-01
3.406813627254509314e+00 6.188111307099517511e-01
3.416232464929859880e+00 6.191275334038761624e-01
3.425651302605210446e+00 6.192897186099329820e-01
3.435070140280561457e+00 6.195520538646700492e-01
3.444488977955912024e+00 6.199309061208273519e-01
3.453907815631262590e+00 6.204176628702047225e-01
3.463326653306613601e+00 6.208535645744593934e-01
3.472745490981964167e+00 6.211072419650580656e-01
3.482164328657314734e+00 6.213238572465634713e-01
3.491583166332665744e+00 6.214724995735231294e-01
3.501002004008016311e+00 6.217585361137949462e-01
3.510420841683366877e+00 6.219749311936347835e-01
3.519839679358717444e+00 6.220803482279871899e-01
3.529258517034068454e+00 6.221460026995495607e-01
3.538677354709419021e+00 6.223066765782040433e-01
3.548096192384769587e+00 6.223814248753235523e-01
3.557515030060120598e+00 6.224484710163048495e-01
3.566933867735471164e+00 6.225694288693373046e-01
3.576352705410821731e+00 6.226585299228254433e-01
3.585771543086172741e+00 6.227305401234981552e-01
3.595190380761523308e+00 6.227489398289374201e-01
3.604609218436873874e+00 6.227376199006100510e-01
3.614028056112224885e+00 6.228667021388696323e-01
3.623446893787575451e+00 6.230596762080258255e-01
3.632865731462926018e+00 6.231978759968880288e-01
3.642284569138276584e+00 6.232413661754074852e-01
3.651703406813627595e+00 6.232582189503521608e-01
3.661122244488978161e+00 6.233406924635727098e-01
3.670541082164328728e+00 6.234717822432418455e-01
3.679959919839679738e+00 6.236527280548377350e-01
3.689378757515030305e+00 6.237356133341501740e-01
3.698797595190380871e+00 6.236689337444515369e-01
3.708216432865731882e+00 6.235968857375230323e-01
3.717635270541082448e+00 6.234516917445974693e-01
3.727054108216433015e+00 6.232200235525005017e-01
3.736472945891783581e+00 6.230324188994904588e-01
3.745891783567134592e+00 6.227944507977796196e-01
3.755310621242485158e+00 6.225223675078052077e-01
3.764729458917835725e+00 6.223350796202428148e-01
3.774148296593186735e+00 6.221684975959953512e-01
3.783567134268537302e+00 6.219648766193872635e-01
3.792985971943887868e+00 6.218842583778968480e-01
3.802404809619238879e+00 6.218138988066428396e-01
3.811823647294589446e+00 6.217051711035582739e-01
3.821242484969940012e+00 6.216097760063119537e-01
3.830661322645291023e+00 6.216124515939387418e-01
3.840080160320641589e+00 6.215606307861214486e-01
3.849498997995992156e+00 6.213726527809165789e-01
3.858917835671342722e+00 6.211121405923768490e-01
3.868336673346693733e+00 6.208946761792029090e-01
3.877755511022044299e+00 6.206147112778692687e-01
3.887174348697394866e+00 6.204431739409808078e-01
3.896593186372745876e+00 6.201788817897455619e-01
3.906012024048096443e+00 6.198644361669006786e-01
3.915430861723447009e+00 6.194398738475469512e-01
3.924849699398798020e+00 6.190350437067619893e-01
3.934268537074148586e+00 6.186181340486353042e-01
3.943687374749499153e+00 6.182566752255345133e-01
3.953106212424849719e+00 6.179342950607491503e-01
3.962525050100200730e+00 6.177194408753100552e-01
3.971943887775551296e+00 6.176420317890930489e-01
3.981362725450901863e+00 6.176207082124184344e-01
3.990781563126252873e+00 6.174877287786217916e-01
4.000200400801602996e+00 6.173756694925671695e-01
4.009619238476953562e+00 6.172836256590893411e-01
4.019038076152305017e+00 6.171689083846734203e-01
4.028456913827655583e+00 6.170740394004677887e-01
4.037875751503006150e+00 6.169694990261422873e-01
4.047294589178356716e+00 6.168918337088737935e-01
4.056713426853707283e+00 6.167263140090085694e-01
4.066132264529057849e+00 6.164890655032291278e-01
4.075551102204408416e+00 6.162336693486891726e-01
4.084969939879759870e+00 6.159881070011400395e-01
4.094388777555110437e+00 6.157925888702439066e-01
4.103807615230461003e+00 6.156018103341679426e-01
4.113226452905811570e+00 6.153887740474733858e-01
4.122645290581162136e+00 6.150671480511543665e-01
4.132064128256512703e+00 6.147811087764142313e-01
4.141482965931864157e+00 6.144369437459333838e-01
4.150901803607214724e+00 6.140601152188197576e-01
4.160320641282565290e+00 6.137535242034546368e-01
4.169739478957915857e+00 6.135026954165064828e-01
4.179158316633266423e+00 6.133260292471982567e-01
4.188577154308616990e+00 6.131278400764258452e-01
4.197995991983967556e+00 6.128635358460429172e-01
4.207414829659319011e+00 6.125722649300736622e-01
4.216833667334669578e+00 6.123996092768186905e-01
4.226252505010020144e+00 6.121230714453399502e-01
4.235671342685370711e+00 6.117892313730444176e-01
4.245090180360721277e+00 6.113659553338514074e-01
4.254509018036071843e+00 6.108624213623504717e-01
4.263927855711423298e+00 6.104182095505558125e-01
4.273346693386773865e+00 6.100777510643030643e-01
4.282765531062124431e+00 6.097679886426976559e-01
4.292184368737474998e+00 6.094180505311338480e-01
4.301603206412825564e+00 6.090607832513891262e-01
4.311022044088176131e+00 6.086377648978044119e-01
4.320440881763526697e+00 6.081869679027548381e-01
4.329859719438878152e+00 6.078655952939487905e-01
4.339278557114228718e+00 6.074455620253474963e-01
4.348697394789579285e+00 6.070521909288125739e-01
4.358116232464929851e+00 6.067316594692465648e-01
4.367535070140280418e+00 6.065535859898483206e-01
4.376953907815630984e+00 6.063150149510606601e-01
4.386372745490981551e+00 6.060635847470406956e-01
4.395791583166333005e+00 6.058439764720724430e-01
4.405210420841683572e+00 6.056483255063634941e-01
4.414629258517034138e+00 6.054615101184712689e-01
4.424048096192384705e+00 6.052736479567379924e-01
4.433466933867735271e+00 6.051253092472179684e-01
4.442885771543085838e+00 6.049720780731459024e-01
4.452304609218437292e+00 6.046669873864523037e-01
4.461723446893787859e+00 6.043141656101546078e-01
4.471142284569138425e+00 6.040318535678917966e-01
4.480561122244488992e+00 6.037541343884689216e-01
4.489979959919839558e+00 6.034417815168593435e-01
4.499398797595190125e+00 6.030400404093534394e-01
4.508817635270540691e+00 6.026601888357739911e-01
4.518236472945892146e+00 6.022525504281653896e-01
4.527655310621242712e+00 6.018628238777735673e-01
4.537074148296593279e+00 6.014410872689849308e-01
4.546492985971943845e+00 6.010906374094887594e-01
4.555911823647294412e+00 6.008276201205986489e-01
4.565330661322644978e+00 6.005956231535510836e-01
4.574749498997996433e+00 6.003130658527850994e-01
4.584168336673347000e+00 5.999844526530606625e-01
4.593587174348697566e+00 5.995386270777524063e-01
4.603006012024048133e+00 5.989277919624046431e-01
4.612424849699398699e+00 5.983602702881021251e-01
4.621843687374749265e+00 5.978767695809945604e-01
4.631262525050099832e+00 5.974180765220445943e-01
4.640681362725450398e+00 5.970139205589483078e-01
4.650100200400801853e+00 5.966614963502077096e-01
4.659519038076152420e+00 5.963094156880203167e-01
4.668937875751502986e+00 5.959720488085428203e-01
4.678356713426853553e+00 5.955333165696259368e-01
4.687775551102204119e+00 5.949875006667577626e-01
4.697194388777554686e+00 5.944459507128914133e-01
4.706613226452905252e+00 5.939110554757410787e-01
4.716032064128256707e+00 5.933880753168012667e-01
4.725450901803607273e+00 5.929473465927720399e-01
4.734869739478957840e+00 5.926429436761432301e-01
4.744288577154308406e+00 5.924910499046598389e-01
4.753707414829658973e+00 5.924333181407761550e-01
4.763126252505009539e+00 5.923402105969862719e-01
4.772545090180360106e+00 5.922462536267621980e-01
4.781963927855711560e+00 5.920396693321907655e-01
4.791382765531062127e+00 5.916854612963590165e-01
4.800801603206412693e+00 5.912939662169000021e-01
4.810220440881763260e+00 5.908822482477862348e-01
4.819639278557113826e+00 5.903847755162782152e-01
4.829058116232464393e+00 5.900086673438731388e-01
4.838476953907815847e+00 5.896818630505150649e-01
4.847895791583166414e+00 5.893628835398988519e-01
4.857314629258516980e+00 5.892621252969960643e-01
4.866733466933867547e+00 5.891573963217927590e-01
4.876152304609218113e+00 5.888446263527986613e-01
4.885571142284568680e+00 5.885623540569598910e-01
4.894989979959919246e+00 5.883252920346346837e-01
4.904408817635270701e+00 5.880744185996459317e-01
4.913827655310621267e+00 5.878267296459829261e-01
4.923246492985971834e+00 5.875763979381273261e-01
4.932665330661322400e+00 5.872982336837959672e-01
4.942084168336672967e+00 5.870214704741382183e-01
4.951503006012023533e+00 5.867728601204479366e-01
4.960921843687374988e+00 5.865330177982918114e-01
4.970340681362725554e+00 5.862945217330508552e-01
4.979759519038076121e+00 5.861300481252245120e-01
4.989178356713426687e+00 5.859481774045436353e-01
4.998597194388777254e+00 5.857678668115531284e-01
5.008016032064127820e+00 5.854864108957146263e-01
5.017434869739478387e+00 5.851887071194378231e-01
5.026853707414829842e+00 5.848916461063506933e-01
5.036272545090180408e+00 5.845949794485488793e-01
5.045691382765530975e+00 5.825919466244827705e-01
5.055110220440881541e+00 5.794645388613500758e-01
5.064529058116232108e+00 5.763382134652083044e-01
5.073947895791582674e+00 5.732115171055218728e-01
5.083366733466934129e+00 5.700820206575190063e-01
5.092785571142284695e+00 5.669510836416784549e-01
5.102204408817635262e+00 5.635886771215872226e-01
5.111623246492985828e+00 5.594623555831178541e-01
5.121042084168336395e+00 5.553348427124781272e-01
5.130460921843686961e+00 5.512085752104211034e-01
5.139879759519037528e+00 5.470771032310527415e-01
5.149298597194388982e+00 5.429459466905808274e-01
5.158717434869739549e+00 5.388170389882018796e-01
5.168136272545090115e+00 5.346839054333319963e-01
5.177555110220440682e+00 5.305505659881987190e-01
5.186973947895791248e+00 5.264166840844534123e-01
5.196392785571141815e+00 5.222792527412922770e-01
5.205811623246492381e+00 5.181408835580262329e-01
5.215230460921843836e+00 5.140002399175631620e-01
5.224649298597194402e+00 5.098564609496162303e-01
5.234068136272544969e+00 5.057123138856931543e-01
5.243486973947895535e+00 5.015674441996724742e-01
5.252905811623246102e+00 4.957570294583923953e-01
5.262324649298596668e+00 4.862217281740519592e-01
5.271743486973948123e+00 4.766800846824473803e-01
5.281162324649298689e+00 4.671330604094768857e-01
5.290581162324649256e+00 4.575878997851062779e-01
5.299999999999999822e+00 4.480366112776704712e-01
