3.503279983997344971e-01 0.000000000000000000e+00
4.061079919338226318e-01 0.000000000000000000e+00
4.080770015716552734e-01 0.000000000000000000e+00
4.100449979305267334e-01 1.500000071246176958e-04
4.113579988479614258e-01 4.499999922700226307e-04
4.139829874038696289e-01 8.999999845400452614e-04
4.159519970417022705e-01 8.249999955296516418e-04
4.179199934005737305e-01 5.249999812804162502e-04
4.198890030384063721e-01 1.200000056996941566e-03
4.218580126762390137e-01 2.175000030547380447e-03
4.231700003147125244e-01 1.049999962560832500e-03
4.234980046749114990e-01 3.750000032596290112e-04
4.261229932308197021e-01 0.000000000000000000e+00
4.280920028686523438e-01 1.500000071246176958e-04
4.297319948673248291e-01 2.249999961350113153e-04
4.317010045051574707e-01 2.249999961350113153e-04
4.339979887008666992e-01 5.249999812804162502e-04
4.356389939785003662e-01 3.000000142492353916e-04
4.379349946975708008e-01 0.000000000000000000e+00
4.523729979991912842e-01 0.000000000000000000e+00
4.566380083560943604e-01 4.499999922700226307e-04
4.582790136337280273e-01 4.499999922700226307e-04
4.595910012722015381e-01 3.000000142492353916e-04
4.618879854679107666e-01 0.000000000000000000e+00
4.648410081863403320e-01 7.500000356230884790e-05
4.674659967422485352e-01 2.249999961350113153e-04
4.717310070991516113e-01 8.249999955296516418e-04
4.740279912948608398e-01 5.249999812804162502e-04
4.756689965724945068e-01 4.499999922700226307e-04
4.773089885711669922e-01 1.124999951571226120e-03
4.796060025691986084e-01 1.575000002048909664e-03
4.815750122070312500e-01 8.999999845400452614e-04
4.838719964027404785e-01 7.500000356230884790e-05
4.858399927616119385e-01 1.500000071246176958e-04
4.874809980392456055e-01 8.249999955296516418e-04
4.897780120372772217e-01 1.425000024028122425e-03
4.917469918727874756e-01 6.750000175088644028e-04
4.940429925918579102e-01 1.500000071246176958e-04
4.960120022296905518e-01 4.499999922700226307e-04
4.976530075073242188e-01 1.799999969080090523e-03
4.996210038661956787e-01 2.325000008568167686e-03
5.006060004234313965e-01 1.949999947100877762e-03
5.012620091438293457e-01 1.425000024028122425e-03
5.042150020599365234e-01 7.500000356230884790e-05
5.084810256958007812e-01 1.500000071246176958e-04
5.124179720878601074e-01 0.000000000000000000e+00
5.147150158882141113e-01 0.000000000000000000e+00
5.514640212059020996e-01 0.000000000000000000e+00
5.544170141220092773e-01 1.500000071246176958e-04
5.560579895973205566e-01 4.499999922700226307e-04
5.580260157585144043e-01 9.749999735504388809e-04
5.603229999542236328e-01 1.350000035017728806e-03
5.619639754295349121e-01 1.724999980069696903e-03
5.636039972305297852e-01 1.124999951571226120e-03
5.659009814262390137e-01 3.750000032596290112e-04
5.678700208663940430e-01 8.249999955296516418e-04
5.698379874229431152e-01 7.500000065192580223e-04
5.714790225028991699e-01 3.750000032596290112e-04
5.737760066986083984e-01 6.750000175088644028e-04
5.757449865341186523e-01 1.724999980069696903e-03
5.777130126953125000e-01 1.124999951571226120e-03
5.790259838104248047e-01 5.249999812804162502e-04
5.800099968910217285e-01 7.500000356230884790e-05
5.816509723663330078e-01 0.000000000000000000e+00
5.960879921913146973e-01 0.000000000000000000e+00
5.996969938278198242e-01 3.750000032596290112e-04
6.016659736633300781e-01 1.500000071246176958e-04
6.079000234603881836e-01 1.500000071246176958e-04
6.095409989356994629e-01 3.000000142492353916e-04
6.138060092926025391e-01 3.000000142492353916e-04
6.154469847679138184e-01 4.499999922700226307e-04
6.180719733238220215e-01 4.499999922700226307e-04
6.193839907646179199e-01 3.750000032596290112e-04
6.223369836807250977e-01 5.249999812804162502e-04
6.239780187606811523e-01 5.249999812804162502e-04
6.259459853172302246e-01 1.500000071246176958e-04
6.288999915122985840e-01 7.500000356230884790e-05
6.321809887886047363e-01 1.500000071246176958e-04
6.344779729843139648e-01 7.500000065192580223e-04
6.364459991455078125e-01 1.500000013038516045e-03
6.380869746208190918e-01 1.874999958090484142e-03
6.420239806175231934e-01 2.025000052526593208e-03
6.469460129737854004e-01 1.874999958090484142e-03
6.495710015296936035e-01 1.575000002048909664e-03
6.518679857254028320e-01 1.500000013038516045e-03
6.538360118865966797e-01 1.575000002048909664e-03
6.554769873619079590e-01 1.799999969080090523e-03
6.567900180816650391e-01 1.874999958090484142e-03
6.587579846382141113e-01 1.724999980069696903e-03
6.607270240783691406e-01 1.049999962560832500e-03
6.630240082740783691e-01 6.000000284984707832e-04
6.649919748306274414e-01 3.000000142492353916e-04
6.679450273513793945e-01 2.249999961350113153e-04
6.777889728546142578e-01 2.249999961350113153e-04
6.800860166549682617e-01 5.249999812804162502e-04
6.813979744911193848e-01 9.749999735504388809e-04
6.836950182914733887e-01 1.649999991059303284e-03
6.869760155677795410e-01 7.500000065192580223e-04
6.889449954032897949e-01 4.499999922700226307e-04
6.922259926795959473e-01 3.000000142492353916e-04
6.961640119552612305e-01 3.750000032596290112e-04
6.987879872322082520e-01 7.500000065192580223e-04
7.004290223121643066e-01 9.749999735504388809e-04
7.037100195884704590e-01 9.749999735504388809e-04
7.056789994239807129e-01 6.750000175088644028e-04
7.089599967002868652e-01 1.500000071246176958e-04
7.112569808959960938e-01 7.500000356230884790e-05
7.174909710884094238e-01 7.500000356230884790e-05
7.207720279693603516e-01 3.750000032596290112e-04
7.237250208854675293e-01 9.749999735504388809e-04
7.253659963607788086e-01 1.649999991059303284e-03
7.276629805564880371e-01 2.249999903142452240e-03
7.286469936370849609e-01 2.325000008568167686e-03
7.299600243568420410e-01 2.249999903142452240e-03
7.322559952735900879e-01 2.025000052526593208e-03
7.361940145492553711e-01 1.724999980069696903e-03
7.404590249061584473e-01 1.575000002048909664e-03
7.437409758567810059e-01 1.575000002048909664e-03
7.463650107383728027e-01 1.799999969080090523e-03
7.483339905738830566e-01 1.874999958090484142e-03
7.506309747695922852e-01 1.724999980069696903e-03
7.532560229301452637e-01 1.350000035017728806e-03
7.548969984054565430e-01 1.275000046007335186e-03
7.568650245666503906e-01 1.350000035017728806e-03
7.594900131225585938e-01 1.724999980069696903e-03
7.611309885978698730e-01 2.249999903142452240e-03
7.640839815139770508e-01 2.924999920651316643e-03
7.676929831504821777e-01 3.000000026077032089e-03
7.729430198669433594e-01 3.074999898672103882e-03
7.765520215034484863e-01 2.774999942630529404e-03
7.795050144195556641e-01 2.325000008568167686e-03
7.827860116958618164e-01 2.175000030547380447e-03
7.863960266113281250e-01 1.874999958090484142e-03
7.903329730033874512e-01 1.500000013038516045e-03
7.923020124435424805e-01 1.350000035017728806e-03
8.001769781112670898e-01 1.275000046007335186e-03
8.067389726638793945e-01 1.350000035017728806e-03
8.090360164642333984e-01 1.649999991059303284e-03
8.123170137405395508e-01 2.175000030547380447e-03
8.142859935760498047e-01 2.774999942630529404e-03
8.172389864921569824e-01 3.525000065565109253e-03
8.208479881286621094e-01 4.124999977648258209e-03
8.234729766845703125e-01 4.350000061094760895e-03
8.257700204849243164e-01 4.199999850243330002e-03
8.270819783210754395e-01 3.899999894201755524e-03
8.287230134010314941e-01 3.375000087544322014e-03
8.306919932365417480e-01 2.624999964609742165e-03
8.336449861526489258e-01 1.799999969080090523e-03
8.359410166740417480e-01 1.350000035017728806e-03
8.388940095901489258e-01 1.275000046007335186e-03
8.418480157852172852e-01 1.425000024028122425e-03
8.438159823417663574e-01 1.724999980069696903e-03
8.457850217819213867e-01 2.099999925121665001e-03
8.477540016174316406e-01 2.025000052526593208e-03
8.497220277786254883e-01 1.649999991059303284e-03
8.520190119743347168e-01 1.425000024028122425e-03
8.536599874496459961e-01 1.575000002048909664e-03
8.553000092506408691e-01 1.500000013038516045e-03
8.566129803657531738e-01 1.275000046007335186e-03
8.579249978065490723e-01 9.749999735504388809e-04
8.598939776420593262e-01 1.049999962560832500e-03
8.621910214424133301e-01 1.200000056996941566e-03
8.648160099983215332e-01 1.425000024028122425e-03
8.671129941940307617e-01 1.275000046007335186e-03
8.680970072746276855e-01 8.999999845400452614e-04
8.700659871101379395e-01 5.249999812804162502e-04
8.730189800262451172e-01 3.750000032596290112e-04
8.756440281867980957e-01 3.000000142492353916e-04
8.772839903831481934e-01 3.750000032596290112e-04
8.799089789390563965e-01 4.499999922700226307e-04
8.828619718551635742e-01 7.500000065192580223e-04
8.858150243759155273e-01 8.249999955296516418e-04
8.877840042114257812e-01 1.275000046007335186e-03
8.890960216522216797e-01 1.649999991059303284e-03
8.917210102081298828e-01 2.099999925121665001e-03
8.936899900436401367e-01 1.949999947100877762e-03
8.956590294837951660e-01 1.649999991059303284e-03
8.979560136795043945e-01 1.649999991059303284e-03
8.999239802360534668e-01 1.874999958090484142e-03
9.025490283966064453e-01 1.799999969080090523e-03
9.051740169525146484e-01 1.575000002048909664e-03
9.077990055084228516e-01 1.350000035017728806e-03
9.100959897041320801e-01 1.275000046007335186e-03
9.123929738998413086e-01 1.425000024028122425e-03
9.150180220603942871e-01 1.350000035017728806e-03
9.179710149765014648e-01 1.275000046007335186e-03
9.202679991722106934e-01 1.200000056996941566e-03
9.228919744491577148e-01 1.350000035017728806e-03
9.258459806442260742e-01 1.500000013038516045e-03
9.278140068054199219e-01 1.425000024028122425e-03
9.294549822807312012e-01 1.500000013038516045e-03
9.310950040817260742e-01 1.724999980069696903e-03
9.330639839172363281e-01 2.249999903142452240e-03
9.356889724731445312e-01 3.150000004097819328e-03
9.376580119132995605e-01 3.599999938160181046e-03
9.396259784698486328e-01 4.050000105053186417e-03
9.415950179100036621e-01 4.800000227987766266e-03
9.429079890251159668e-01 5.700000096112489700e-03
9.448760151863098145e-01 7.199999876320362091e-03
9.461889863014221191e-01 8.624999783933162689e-03
9.475010037422180176e-01 1.020000036805868149e-02
9.491419792175292969e-01 1.274999976158142090e-02
9.504539966583251953e-01 1.604999974370002747e-02
9.511110186576843262e-01 1.799999922513961792e-02
9.520949721336364746e-01 2.115000039339065552e-02
9.530789852142333984e-01 2.490000054240226746e-02
9.540640115737915039e-01 2.902499958872795105e-02
9.547200202941894531e-01 3.299999982118606567e-02
9.557039737701416016e-01 3.869999945163726807e-02
9.563599824905395508e-01 4.417499899864196777e-02
9.566890001296997070e-01 4.695000126957893372e-02
9.573450088500976562e-01 5.362499877810478210e-02
9.580010175704956055e-01 5.992500111460685730e-02
9.580540060997009277e-01 5.821169912815093994e-02
9.591000080108642578e-01 7.273670285940170288e-02
9.598850011825561523e-01 8.622380346059799194e-02
9.604079723358154297e-01 9.971039742231369019e-02
9.614539742469787598e-01 1.277209967374801636e-01
9.622380137443542480e-01 1.495070010423660278e-01
9.627619981765747070e-01 1.744039952754974365e-01
9.635459780693054199e-01 2.034509927034378052e-01
9.640690088272094727e-01 2.366469949483871460e-01
9.645919799804687500e-01 2.636190056800842285e-01
9.651150107383728027e-01 2.999280095100402832e-01
9.659000039100646973e-01 3.538709878921508789e-01
9.666839838027954102e-01 4.192250072956085205e-01
9.674689769744873047e-01 4.876919984817504883e-01
9.679920077323913574e-01 5.333359837532043457e-01
9.685149788856506348e-01 5.810549855232238770e-01
9.687759876251220703e-01 6.038770079612731934e-01
9.690380096435546875e-01 6.246250271797180176e-01
9.692990183830261230e-01 6.443349719047546387e-01
9.698219895362854004e-01 6.879040002822875977e-01
9.703450202941894531e-01 7.148759961128234863e-01
9.708679914474487305e-01 7.376989722251892090e-01
9.713910222053527832e-01 7.563719749450683594e-01
9.721760153770446777e-01 7.750459909439086914e-01
9.737449884414672852e-01 7.854229807853698730e-01
9.742680191993713379e-01 7.771250009536743164e-01
9.766209721565246582e-01 7.314869761466979980e-01
9.779289960861206055e-01 7.107430100440979004e-01
9.800209999084472656e-01 6.920750141143798828e-01
9.818509817123413086e-01 6.931160092353820801e-01
9.839439988136291504e-01 7.159420251846313477e-01
9.857739806175231934e-01 7.470660209655761719e-01
9.873430132865905762e-01 7.813019752502441406e-01
9.894350171089172363e-01 8.300610184669494629e-01
9.910039901733398438e-01 8.622220158576965332e-01
9.928349852561950684e-01 8.974959850311279297e-01
9.944040179252624512e-01 9.244700074195861816e-01
9.962339997291564941e-01 9.441829919815063477e-01
9.978029727935791016e-01 9.535220265388488770e-01
9.991109967231750488e-01 9.587119817733764648e-01
9.998949766159057617e-01 9.597510099411010742e-01
1.001459956169128418e+00 9.587169885635375977e-01
1.003819942474365234e+00 9.524980187416076660e-01
1.005650043487548828e+00 9.473149776458740234e-01
1.007740020751953125e+00 9.410949945449829102e-01
1.009050011634826660e+00 9.390230178833007812e-01
1.010879993438720703e+00 9.379889965057373047e-01
1.012449979782104492e+00 9.400669932365417480e-01
1.014539957046508789e+00 9.462959766387939453e-01
1.016630053520202637e+00 9.566739797592163086e-01
1.018990039825439453e+00 9.680889844894409180e-01
1.020820021629333496e+00 9.774289727210998535e-01
1.022119998931884766e+00 9.815809726715087891e-01
1.023689985275268555e+00 9.826220273971557617e-01
1.025519967079162598e+00 9.795140027999877930e-01
1.026829957962036133e+00 9.732919931411743164e-01
1.028660058975219727e+00 9.629229903221130371e-01
1.029970049858093262e+00 9.504770040512084961e-01
1.032850027084350586e+00 9.224749803543090820e-01
1.035459995269775391e+00 8.996589779853820801e-01
1.037549972534179688e+00 8.872150182723999023e-01
1.039379954338073730e+00 8.789200186729431152e-01
1.040429949760437012e+00 8.747730255126953125e-01
1.042260050773620605e+00 8.727020025253295898e-01
1.043830037117004395e+00 8.737419843673706055e-01
1.045400023460388184e+00 8.778949975967407227e-01
1.047490000724792480e+00 8.882730007171630859e-01
1.050099968910217285e+00 9.059129953384399414e-01
1.052199959754943848e+00 9.225149750709533691e-01
1.054550051689147949e+00 9.432669878005981445e-01
1.056900024414062500e+00 9.609060287475585938e-01
1.059000015258789062e+00 9.754340052604675293e-01
1.060039997100830078e+00 9.795849919319152832e-01
1.061869978904724121e+00 9.868500232696533203e-01
1.063699960708618164e+00 9.878910183906555176e-01
1.066059947013854980e+00 9.858220219612121582e-01
1.068410038948059082e+00 9.806399941444396973e-01
1.070500016212463379e+00 9.754570126533508301e-01
1.072860002517700195e+00 9.713129997253417969e-01
1.074689984321594238e+00 9.702789783477783203e-01
1.076779961585998535e+00 9.713209867477416992e-01
1.079650044441223145e+00 9.765139818191528320e-01
1.081490039825439453e+00 9.817039966583251953e-01
1.083840012550354004e+00 9.889709949493408203e-01
1.085669994354248047e+00 9.931240081787109375e-01
1.087499976158142090e+00 9.952020049095153809e-01
1.089069962501525879e+00 9.962430000305175781e-01
1.090899944305419922e+00 9.952089786529541016e-01
1.092470049858093262e+00 9.931380152702331543e-01
1.094040036201477051e+00 9.900289773941040039e-01
1.096650004386901855e+00 9.838100075721740723e-01
1.098739981651306152e+00 9.786279797554016113e-01
1.101879954338073730e+00 9.734479784965515137e-01
1.103970050811767578e+00 9.693030118942260742e-01
1.106850028038024902e+00 9.651589989662170410e-01
1.110769987106323242e+00 9.568690061569213867e-01
1.114169955253601074e+00 9.485769867897033691e-01
1.116790056228637695e+00 9.413210153579711914e-01
1.120190024375915527e+00 9.351040124893188477e-01
1.122799992561340332e+00 9.330350160598754883e-01
1.125679969787597656e+00 9.351159930229187012e-01
1.128029942512512207e+00 9.392700195312500000e-01
1.129860043525695801e+00 9.465349912643432617e-01
1.132220029830932617e+00 9.558759927749633789e-01
1.135089993476867676e+00 9.693670272827148438e-01
1.137709975242614746e+00 9.797459840774536133e-01
1.139799952507019043e+00 9.880489706993103027e-01
1.141630053520202637e+00 9.922029972076416016e-01
1.143990039825439453e+00 9.942820072174072266e-01
1.146080017089843750e+00 9.922119975090026855e-01
1.147909998893737793e+00 9.880660176277160645e-01
1.150259971618652344e+00 9.808099865913391113e-01
1.152349948883056641e+00 9.704409837722778320e-01
1.154450058937072754e+00 9.621459841728210449e-01
1.156800031661987305e+00 9.517779946327209473e-01
1.158890008926391602e+00 9.445210099220275879e-01
1.161239981651306152e+00 9.372640252113342285e-01
1.163599967956542969e+00 9.331189990043640137e-01
1.166210055351257324e+00 9.320880174636840820e-01
1.169350028038024902e+00 9.331309795379638672e-01
1.171970009803771973e+00 9.383239746093750000e-01
1.175629973411560059e+00 9.466300010681152344e-01
1.180600047111511230e+00 9.601259827613830566e-01
1.185039997100830078e+00 9.725829958915710449e-01
1.189749956130981445e+00 9.829660058021545410e-01
1.194190025329589844e+00 9.891999959945678711e-01
1.198119997978210449e+00 9.923200011253356934e-01
1.200729966163635254e+00 9.933630228042602539e-01
1.204130053520202637e+00 9.923319816589355469e-01
1.208580017089843750e+00 9.892290234565734863e-01
1.213549971580505371e+00 9.850900173187255859e-01
1.220080018043518066e+00 9.778419733047485352e-01
1.226099967956542969e+00 9.705939888954162598e-01
1.229760050773620605e+00 9.674890041351318359e-01
1.233940005302429199e+00 9.664599895477294922e-01
1.236819982528686523e+00 9.675040245056152344e-01
1.240219950675964355e+00 9.706230163574218750e-01
1.243620038032531738e+00 9.737420082092285156e-01
1.247020006179809570e+00 9.758239984512329102e-01
1.248849987983703613e+00 9.747899770736694336e-01
1.250939965248107910e+00 9.727200269699096680e-01
1.253290057182312012e+00 9.685750007629394531e-01
1.255130052566528320e+00 9.633920192718505859e-01
1.257740020751953125e+00 9.550989866256713867e-01
1.260619997978210449e+00 9.468060135841369629e-01
1.263489961624145508e+00 9.395509958267211914e-01
1.265319943428039551e+00 9.364429712295532227e-01
1.267420053482055664e+00 9.354100227355957031e-01
1.270290017127990723e+00 9.374899864196777344e-01
1.272379994392395020e+00 9.426810145378112793e-01
1.274219989776611328e+00 9.489089846611022949e-01
1.276829957962036133e+00 9.592880010604858398e-01
1.279970049858093262e+00 9.748550057411193848e-01
1.281800031661987305e+00 9.821199774742126465e-01
1.283890008926391602e+00 9.883480072021484375e-01
1.285979986190795898e+00 9.904270172119140625e-01
1.287809967994689941e+00 9.893940091133117676e-01
1.289119958877563477e+00 9.852470159530639648e-01
1.290689945220947266e+00 9.800639748573303223e-01
1.292780041694641113e+00 9.686570167541503906e-01
1.294870018959045410e+00 9.541389942169189453e-01
1.296970009803771973e+00 9.396200180053710938e-01
1.298539996147155762e+00 9.292500019073486328e-01
1.300099968910217285e+00 9.230290055274963379e-01
1.301669955253601074e+00 9.178460240364074707e-01
1.303769946098327637e+00 9.157750010490417480e-01
1.305330038070678711e+00 9.199280142784118652e-01
1.306900024414062500e+00 9.251180291175842285e-01
1.307950019836425781e+00 9.303069710731506348e-01
1.309780001640319824e+00 9.334229826927185059e-01
1.311869978904724121e+00 9.230539798736572266e-01
1.312919974327087402e+00 9.023090004920959473e-01
1.313699960708618164e+00 8.826010227203369141e-01
1.314489960670471191e+00 8.566690087318420410e-01
1.315529942512512207e+00 8.182889819145202637e-01
1.316319942474365234e+00 7.726479768753051758e-01
1.317630052566528320e+00 6.927750110626220703e-01
1.318930029869079590e+00 6.108279824256896973e-01
1.320240020751953125e+00 5.226560235023498535e-01
1.322860002517700195e+00 3.587610125541687012e-01
1.324159979820251465e+00 2.892619967460632324e-01
1.325209975242614746e+00 2.446579933166503906e-01
1.326519966125488281e+00 2.083539962768554688e-01
1.327559947967529297e+00 1.699739992618560791e-01
1.329130053520202637e+00 1.336700022220611572e-01
1.330960035324096680e+00 1.015169993042945862e-01
1.333840012550354004e+00 7.040219753980636597e-02
1.334439992904663086e+00 6.028139963746070862e-02
1.335559964179992676e+00 5.570929870009422302e-02
1.336670041084289551e+00 4.839390143752098083e-02
1.337779998779296875e+00 4.185229912400245667e-02
1.338889956474304199e+00 3.720980137586593628e-02
1.340000033378601074e+00 3.305979818105697632e-02
1.341109991073608398e+00 2.996480092406272888e-02
1.342219948768615723e+00 2.679949998855590820e-02
1.343330025672912598e+00 2.384530007839202881e-02
1.345559954643249512e+00 2.067999914288520813e-02
1.346670031547546387e+00 1.821810007095336914e-02
1.348889946937561035e+00 1.582649908959865570e-02
1.350000023841857910e+00 1.371630001813173294e-02
1.351109981536865234e+00 1.252050045877695084e-02
1.353330016136169434e+00 1.167639996856451035e-02
1.354439973831176758e+00 1.104339957237243652e-02
1.355559945106506348e+00 9.144200012087821960e-03
1.357779979705810547e+00 8.159440010786056519e-03
1.360000014305114746e+00 9.073860011994838715e-03
1.362220048904418945e+00 8.511140011250972748e-03
1.363330006599426270e+00 7.245020009577274323e-03
1.364439964294433594e+00 6.822980009019374847e-03
1.365560054779052734e+00 7.315360009670257568e-03
1.366670012474060059e+00 7.878080010414123535e-03
1.367779970169067383e+00 1.041030045598745346e-02
1.370000004768371582e+00 1.153580006211996078e-02
1.371109962463378906e+00 1.125440001487731934e-02
1.372220039367675781e+00 1.055100001394748688e-02
1.374439954757690430e+00 6.541620008647441864e-03
1.375560045242309570e+00 5.345840007066726685e-03
1.376670002937316895e+00 4.361080005764961243e-03
1.377779960632324219e+00 4.079720005393028259e-03
1.378890037536621094e+00 5.416180007159709930e-03
1.379999995231628418e+00 8.089100010693073273e-03
1.381109952926635742e+00 9.917940013110637665e-03
1.382220029830932617e+00 1.118410006165504456e-02
1.385560035705566406e+00 1.048070006072521210e-02
1.387779951095581055e+00 9.003520011901855469e-03
1.389999985694885254e+00 7.737400010228157043e-03
1.392220020294189453e+00 9.003520011901855469e-03
1.395560026168823242e+00 9.847600013017654419e-03
1.397779941558837891e+00 8.089100010693073273e-03
1.399999976158142090e+00 9.706920012831687927e-03
1.401110053062438965e+00 7.737400010228157043e-03
1.402220010757446289e+00 6.893320009112358093e-03
1.404440045356750488e+00 7.526380009949207306e-03
1.407780051231384277e+00 7.807740010321140289e-03
1.411110043525695801e+00 5.908560007810592651e-03
1.413329958915710449e+00 5.978900007903575897e-03
1.415560007095336914e+00 5.556860007345676422e-03
1.417780041694641113e+00 6.541620008647441864e-03
1.421110033988952637e+00 5.275500006973743439e-03
1.423329949378967285e+00 5.205160006880760193e-03
1.425559997558593750e+00 4.994140006601810455e-03
1.431110024452209473e+00 5.556860007345676422e-03
1.435559988021850586e+00 6.119580008089542389e-03
1.437780022621154785e+00 6.752640008926391602e-03
1.440000057220458984e+00 6.893320009112358093e-03
1.444440007209777832e+00 6.752640008926391602e-03
1.446670055389404297e+00 6.963660009205341339e-03
1.450000047683715820e+00 8.651820011436939240e-03
1.456670045852661133e+00 9.495900012552738190e-03
1.460000038146972656e+00 9.706920012831687927e-03
1.462219953536987305e+00 9.566240012645721436e-03
1.470000028610229492e+00 9.847600013017654419e-03
1.472219944000244141e+00 9.214540012180805206e-03
1.477779984474182129e+00 7.878080010414123535e-03
1.483330011367797852e+00 6.822980009019374847e-03
1.485560059547424316e+00 6.260260008275508881e-03
1.490000009536743164e+00 5.978900007903575897e-03
1.493330001831054688e+00 5.064480006694793701e-03
1.498890042304992676e+00 5.275500006973743439e-03
1.504439949989318848e+00 4.501760005950927734e-03
1.514439940452575684e+00 5.134820006787776947e-03
1.519999980926513672e+00 5.838220007717609406e-03
1.523329973220825195e+00 6.471280008554458618e-03
1.527780055999755859e+00 6.330600008368492126e-03
1.533329963684082031e+00 7.245020009577274323e-03
1.538890004158020020e+00 7.807740010321140289e-03
1.543329954147338867e+00 7.385700009763240814e-03
1.547780036926269531e+00 7.596720010042190552e-03
1.549999952316284180e+00 7.456040009856224060e-03
1.552219986915588379e+00 6.893320009112358093e-03
1.555559992790222168e+00 6.963660009205341339e-03
1.558889985084533691e+00 6.400940008461475372e-03
1.563330054283142090e+00 6.330600008368492126e-03
1.566669940948486328e+00 6.049240007996559143e-03
1.570000052452087402e+00 6.189920008182525635e-03
1.573330044746398926e+00 6.400940008461475372e-03
1.577780008316040039e+00 5.767880007624626160e-03
1.582219958305358887e+00 6.119580008089542389e-03
1.588889956474304199e+00 6.400940008461475372e-03
1.593330025672912598e+00 5.838220007717609406e-03
1.602220058441162109e+00 5.908560007810592651e-03
1.605559945106506348e+00 5.416180007159709930e-03
1.613330006599426270e+00 5.697540007531642914e-03
1.615560054779052734e+00 5.486520007252693176e-03
1.620000004768371582e+00 5.416180007159709930e-03
1.621109962463378906e+00 5.064480006694793701e-03
1.623329997062683105e+00 4.783120006322860718e-03
1.631109952926635742e+00 5.627200007438659668e-03
1.634439945220947266e+00 5.134820006787776947e-03
1.638890027999877930e+00 4.783120006322860718e-03
1.643329977989196777e+00 5.064480006694793701e-03
1.646669983863830566e+00 4.853460006415843964e-03
1.648890018463134766e+00 4.501760005950927734e-03
1.654440045356750488e+00 4.642440006136894226e-03
1.658890008926391602e+00 4.501760005950927734e-03
1.662220001220703125e+00 4.009380005300045013e-03
1.665560007095336914e+00 4.150060005486011505e-03
1.668889999389648438e+00 4.431420005857944489e-03
1.673329949378967285e+00 3.939040005207061768e-03
1.683330059051513672e+00 4.150060005486011505e-03
1.685559988021850586e+00 3.728020004928112030e-03
1.690000057220458984e+00 3.657680004835128784e-03
1.693330049514770508e+00 3.798360005021095276e-03
1.697780013084411621e+00 3.939040005207061768e-03
1.698889970779418945e+00 3.728020004928112030e-03
1.701110005378723145e+00 3.376320004463195801e-03
1.707780003547668457e+00 3.517000004649162292e-03
1.711109995841979980e+00 3.165300004184246063e-03
1.716670036315917969e+00 3.305980004370212555e-03
1.721109986305236816e+00 2.954280003905296326e-03
1.726670026779174805e+00 3.305980004370212555e-03
1.730000019073486328e+00 3.446660004556179047e-03
1.732220053672790527e+00 3.235640004277229309e-03
1.737779974937438965e+00 3.517000004649162292e-03
1.741109967231750488e+00 3.868700005114078522e-03
1.745560050010681152e+00 4.431420005857944489e-03
1.748890042304992676e+00 4.009380005300045013e-03
1.754439949989318848e+00 4.079720005393028259e-03
1.757779955863952637e+00 4.431420005857944489e-03
1.763329982757568359e+00 4.501760005950927734e-03
1.767779946327209473e+00 4.361080005764961243e-03
1.769999980926513672e+00 3.517000004649162292e-03
1.773329973220825195e+00 3.376320004463195801e-03
1.775560021400451660e+00 3.798360005021095276e-03
1.782220005989074707e+00 4.220400005578994751e-03
1.784440040588378906e+00 4.079720005393028259e-03
1.786669969558715820e+00 3.235640004277229309e-03
1.788890004158020020e+00 3.165300004184246063e-03
1.793329954147338867e+00 3.446660004556179047e-03
1.795560002326965332e+00 2.813600003719329834e-03
1.797780036926269531e+00 2.743260003626346588e-03
1.799999952316284180e+00 3.235640004277229309e-03
1.802219986915588379e+00 3.165300004184246063e-03
1.804440021514892578e+00 3.235640004277229309e-03
1.805559992790222168e+00 3.517000004649162292e-03
1.807780027389526367e+00 3.587340004742145538e-03
1.809999942779541016e+00 4.431420005857944489e-03
1.812219977378845215e+00 3.868700005114078522e-03
1.813330054283142090e+00 2.602580003440380096e-03
1.815559983253479004e+00 2.039860002696514130e-03
1.817780017852783203e+00 3.305980004370212555e-03
1.818889975547790527e+00 5.627200007438659668e-03
1.820000052452087402e+00 6.752640008926391602e-03
1.823330044746398926e+00 4.150060005486011505e-03
1.827780008316040039e+00 7.596720010042190552e-03
1.830000042915344238e+00 6.752640008926391602e-03
1.832219958305358887e+00 4.220400005578994751e-03
1.834439992904663086e+00 5.767880007624626160e-03
1.835559964179992676e+00 8.159440010786056519e-03
1.840000033378601074e+00 1.118410006165504456e-02
1.843330025672912598e+00 7.174680009484291077e-03
1.847779989242553711e+00 1.266120001673698425e-02
1.850000023841857910e+00 8.089100010693073273e-03
1.852220058441162109e+00 7.456040009856224060e-03
1.854439973831176758e+00 7.948420010507106781e-03
1.857779979705810547e+00 1.287220045924186707e-02
1.860000014305114746e+00 1.294260006397962570e-02
1.861109972000122070e+00 1.069169957190752029e-02
1.863330006599426270e+00 3.728020004928112030e-03
1.865560054779052734e+00 1.125440001487731934e-03
1.867779970169067383e+00 1.828840002417564392e-03
1.871109962463378906e+00 6.611960008740425110e-03
1.873329997062683105e+00 8.440800011157989502e-03
1.875560045242309570e+00 7.737400010228157043e-03
1.877779960632324219e+00 5.838220007717609406e-03
1.879999995231628418e+00 4.431420005857944489e-03
1.883329987525939941e+00 4.501760005950927734e-03
1.885560035705566406e+00 3.939040005207061768e-03
1.887779951095581055e+00 4.642440006136894226e-03
1.889999985694885254e+00 7.034000009298324585e-03
1.892220020294189453e+00 5.838220007717609406e-03
1.893329977989196777e+00 4.009380005300045013e-03
1.895560026168823242e+00 2.461900003254413605e-03
1.902220010757446289e+00 4.290740005671977997e-03
1.903329968452453613e+00 6.330600008368492126e-03
1.905560016632080078e+00 6.893320009112358093e-03
1.907780051231384277e+00 4.923800006508827209e-03
1.909999966621398926e+00 5.627200007438659668e-03
1.912220001220703125e+00 6.471280008554458618e-03
1.914440035820007324e+00 5.345840007066726685e-03
1.915560007095336914e+00 4.220400005578994751e-03
1.918889999389648438e+00 5.134820006787776947e-03
1.919999957084655762e+00 6.260260008275508881e-03
1.924440026283264160e+00 5.908560007810592651e-03
1.925559997558593750e+00 7.104340009391307831e-03
1.927780032157897949e+00 7.948420010507106781e-03
1.929999947547912598e+00 7.245020009577274323e-03
1.932219982147216797e+00 6.049240007996559143e-03
1.934440016746520996e+00 6.260260008275508881e-03
1.937780022621154785e+00 6.752640008926391602e-03
1.940000057220458984e+00 6.260260008275508881e-03
1.942219972610473633e+00 5.697540007531642914e-03
1.945559978485107422e+00 5.767880007624626160e-03
1.950000047683715820e+00 4.853460006415843964e-03
1.953330039978027344e+00 4.853460006415843964e-03
1.955559968948364258e+00 4.290740005671977997e-03
1.957780003547668457e+00 3.939040005207061768e-03
1.960000038146972656e+00 4.220400005578994751e-03
1.962219953536987305e+00 4.361080005764961243e-03
1.964439988136291504e+00 4.079720005393028259e-03
1.966670036315917969e+00 3.728020004928112030e-03
1.968889951705932617e+00 3.446660004556179047e-03
1.972219944000244141e+00 3.587340004742145538e-03
1.974439978599548340e+00 3.798360005021095276e-03
1.980000019073486328e+00 3.657680004835128784e-03
1.982220053672790527e+00 3.305980004370212555e-03
1.984439969062805176e+00 3.094960004091262817e-03
1.988890051841735840e+00 3.165300004184246063e-03
1.992220044136047363e+00 3.446660004556179047e-03
1.994439959526062012e+00 3.798360005021095276e-03
1.996670007705688477e+00 3.587340004742145538e-03
2.000000000000000000e+00 3.235640004277229309e-03
2.003329992294311523e+00 3.587340004742145538e-03
2.005559921264648438e+00 4.009380005300045013e-03
2.007780075073242188e+00 4.150060005486011505e-03
2.011110067367553711e+00 3.868700005114078522e-03
2.014440059661865234e+00 4.079720005393028259e-03
2.016669988632202148e+00 4.431420005857944489e-03
2.018889904022216797e+00 4.642440006136894226e-03
2.023329973220825195e+00 4.712780006229877472e-03
2.027780055999755859e+00 4.923800006508827209e-03
2.031110048294067383e+00 5.205160006880760193e-03
2.033329963684082031e+00 5.486520007252693176e-03
2.037780046463012695e+00 5.556860007345676422e-03
2.041110038757324219e+00 5.697540007531642914e-03
2.043329954147338867e+00 5.978900007903575897e-03
2.047780036926269531e+00 5.838220007717609406e-03
2.051110029220581055e+00 5.767880007624626160e-03
2.055560111999511719e+00 5.838220007717609406e-03
2.059999942779541016e+00 5.627200007438659668e-03
2.063329935073852539e+00 5.486520007252693176e-03
2.067780017852783203e+00 5.345840007066726685e-03
2.071110010147094727e+00 5.205160006880760193e-03
2.073329925537109375e+00 4.712780006229877472e-03
2.077780008316040039e+00 4.783120006322860718e-03
2.081110000610351562e+00 4.853460006415843964e-03
2.083329916000366211e+00 4.572100006043910980e-03
2.086669921875000000e+00 4.290740005671977997e-03
2.089999914169311523e+00 4.150060005486011505e-03
2.095560073852539062e+00 4.290740005671977997e-03
2.097779989242553711e+00 4.079720005393028259e-03
2.099999904632568359e+00 3.868700005114078522e-03
2.103329896926879883e+00 3.939040005207061768e-03
2.106669902801513672e+00 3.798360005021095276e-03
2.108890056610107422e+00 3.868700005114078522e-03
2.113329887390136719e+00 3.728020004928112030e-03
2.116669893264770508e+00 4.079720005393028259e-03
2.122220039367675781e+00 3.798360005021095276e-03
2.124439954757690430e+00 4.079720005393028259e-03
2.127779960632324219e+00 4.361080005764961243e-03
2.131109952926635742e+00 4.220400005578994751e-03
2.133330106735229492e+00 4.009380005300045013e-03
2.135560035705566406e+00 4.220400005578994751e-03
2.140000104904174805e+00 5.134820006787776947e-03
2.144439935684204102e+00 4.712780006229877472e-03
2.147779941558837891e+00 5.064480006694793701e-03
2.150000095367431641e+00 5.486520007252693176e-03
2.154439926147460938e+00 5.627200007438659668e-03
2.158890008926391602e+00 5.697540007531642914e-03
2.161109924316406250e+00 5.978900007903575897e-03
2.164439916610717773e+00 6.119580008089542389e-03
2.167779922485351562e+00 6.260260008275508881e-03
2.171109914779663086e+00 6.119580008089542389e-03
2.173330068588256836e+00 6.471280008554458618e-03
2.176670074462890625e+00 6.260260008275508881e-03
2.180000066757202148e+00 6.330600008368492126e-03
2.182219982147216797e+00 6.049240007996559143e-03
2.185559988021850586e+00 6.189920008182525635e-03
2.187779903411865234e+00 5.978900007903575897e-03
2.191109895706176758e+00 6.049240007996559143e-03
2.198889970779418945e+00 5.486520007252693176e-03
2.202219963073730469e+00 5.697540007531642914e-03
2.204440116882324219e+00 5.275500006973743439e-03
2.207779884338378906e+00 5.345840007066726685e-03
2.211110115051269531e+00 4.994140006601810455e-03
2.217780113220214844e+00 5.205160006880760193e-03
2.221110105514526367e+00 4.853460006415843964e-03
2.226670026779174805e+00 5.205160006880760193e-03
2.230000019073486328e+00 4.853460006415843964e-03
2.235559940338134766e+00 5.345840007066726685e-03
2.240000009536743164e+00 4.923800006508827209e-03
2.245559930801391602e+00 5.556860007345676422e-03
2.248889923095703125e+00 5.416180007159709930e-03
2.255559921264648438e+00 6.119580008089542389e-03
2.258889913558959961e+00 6.049240007996559143e-03
2.265559911727905273e+00 6.822980009019374847e-03
2.268889904022216797e+00 6.611960008740425110e-03
2.272219896316528320e+00 7.245020009577274323e-03
2.276669979095458984e+00 6.893320009112358093e-03
2.281110048294067383e+00 7.174680009484291077e-03
2.282219886779785156e+00 7.596720010042190552e-03
2.285559892654418945e+00 7.526380009949207306e-03
2.287780046463012695e+00 7.596720010042190552e-03
2.289999961853027344e+00 7.245020009577274323e-03
2.292220115661621094e+00 7.034000009298324585e-03
2.294440031051635742e+00 7.174680009484291077e-03
2.297780036926269531e+00 7.315360009670257568e-03
2.299999952316284180e+00 6.541620008647441864e-03
2.303329944610595703e+00 6.611960008740425110e-03
2.305560111999511719e+00 6.611960008740425110e-03
2.307780027389526367e+00 6.330600008368492126e-03
2.308890104293823242e+00 6.119580008089542389e-03
2.312220096588134766e+00 6.119580008089542389e-03
2.314440011978149414e+00 5.838220007717609406e-03
2.316669940948486328e+00 5.627200007438659668e-03
2.319999933242797852e+00 5.697540007531642914e-03
2.322220087051391602e+00 5.064480006694793701e-03
2.325560092926025391e+00 5.134820006787776947e-03
2.327780008316040039e+00 5.205160006880760193e-03
2.329999923706054688e+00 4.923800006508827209e-03
2.332220077514648438e+00 4.994140006601810455e-03
2.335560083389282227e+00 4.853460006415843964e-03
2.336669921875000000e+00 4.572100006043910980e-03
2.341109991073608398e+00 4.994140006601810455e-03
2.344439983367919922e+00 4.712780006229877472e-03
2.346669912338256836e+00 4.783120006322860718e-03
2.349999904632568359e+00 4.501760005950927734e-03
2.354439973831176758e+00 5.064480006694793701e-03
2.357779979705810547e+00 4.783120006322860718e-03
2.362220048904418945e+00 5.134820006787776947e-03
2.366669893264770508e+00 5.064480006694793701e-03
2.368890047073364258e+00 5.345840007066726685e-03
2.371109962463378906e+00 5.486520007252693176e-03
2.373330116271972656e+00 5.275500006973743439e-03
2.376669883728027344e+00 5.627200007438659668e-03
2.380000114440917969e+00 5.838220007717609406e-03
2.382220029830932617e+00 5.627200007438659668e-03
2.385560035705566406e+00 5.908560007810592651e-03
2.388890027999877930e+00 6.260260008275508881e-03
2.392220020294189453e+00 6.119580008089542389e-03
2.396670103073120117e+00 6.189920008182525635e-03
2.398890018463134766e+00 6.260260008275508881e-03
2.401109933853149414e+00 6.049240007996559143e-03
2.405560016632080078e+00 6.119580008089542389e-03
2.407779932022094727e+00 5.767880007624626160e-03
2.410000085830688477e+00 5.416180007159709930e-03
2.413330078125000000e+00 5.556860007345676422e-03
2.416670083999633789e+00 5.767880007624626160e-03
2.420000076293945312e+00 5.486520007252693176e-03
2.421109914779663086e+00 4.994140006601810455e-03
2.422219991683959961e+00 4.783120006322860718e-03
2.426670074462890625e+00 4.712780006229877472e-03
2.430000066757202148e+00 4.079720005393028259e-03
2.436670064926147461e+00 4.290740005671977997e-03
2.438889980316162109e+00 4.009380005300045013e-03
2.440000057220458984e+00 3.587340004742145538e-03
2.445559978485107422e+00 3.517000004649162292e-03
2.447779893875122070e+00 3.165300004184246063e-03
2.452219963073730469e+00 3.094960004091262817e-03
2.455559968948364258e+00 2.954280003905296326e-03
2.460000038146972656e+00 3.305980004370212555e-03
2.463330030441284180e+00 2.954280003905296326e-03
2.464440107345581055e+00 2.461900003254413605e-03
2.465559959411621094e+00 2.250880002975463867e-03
2.467780113220214844e+00 2.391560003161430359e-03
2.473330020904541016e+00 2.813600003719329834e-03
2.475559949874877930e+00 2.954280003905296326e-03
2.478889942169189453e+00 2.602580003440380096e-03
2.480000019073486328e+00 2.391560003161430359e-03
2.482219934463500977e+00 2.250880002975463867e-03
2.486670017242431641e+00 2.672920003533363342e-03
2.488889932632446289e+00 2.461900003254413605e-03
2.490000009536743164e+00 2.250880002975463867e-03
2.492219924926757812e+00 2.321220003068447113e-03
2.495559930801391602e+00 2.532240003347396851e-03
2.498889923095703125e+00 2.391560003161430359e-03
2.501110076904296875e+00 2.532240003347396851e-03
2.502219915390014648e+00 2.672920003533363342e-03
2.504440069198608398e+00 2.954280003905296326e-03
2.507780075073242188e+00 2.743260003626346588e-03
2.509999990463256836e+00 2.391560003161430359e-03
2.513329982757568359e+00 2.532240003347396851e-03
2.515559911727905273e+00 3.165300004184246063e-03
2.516669988632202148e+00 3.657680004835128784e-03
2.518889904022216797e+00 3.868700005114078522e-03
2.521110057830810547e+00 3.798360005021095276e-03
2.522219896316528320e+00 3.235640004277229309e-03
2.525559902191162109e+00 2.250880002975463867e-03
2.527780055999755859e+00 2.321220003068447113e-03
2.528889894485473633e+00 2.602580003440380096e-03
2.531110048294067383e+00 3.587340004742145538e-03
2.533329963684082031e+00 4.642440006136894226e-03
2.534440040588378906e+00 4.783120006322860718e-03
2.536669969558715820e+00 4.642440006136894226e-03
2.538889884948730469e+00 3.305980004370212555e-03
2.539999961853027344e+00 2.532240003347396851e-03
2.542220115661621094e+00 2.461900003254413605e-03
2.544440031051635742e+00 3.305980004370212555e-03
2.546669960021972656e+00 5.908560007810592651e-03
2.547780036926269531e+00 7.456040009856224060e-03
2.549999952316284180e+00 7.948420010507106781e-03
2.551110029220581055e+00 7.456040009856224060e-03
2.553329944610595703e+00 5.697540007531642914e-03
2.555560111999511719e+00 3.798360005021095276e-03
2.557780027389526367e+00 3.165300004184246063e-03
2.561110019683837891e+00 3.587340004742145538e-03
2.564440011978149414e+00 4.501760005950927734e-03
2.565560102462768555e+00 5.556860007345676422e-03
2.567780017852783203e+00 6.822980009019374847e-03
2.568890094757080078e+00 6.963660009205341339e-03
2.572220087051391602e+00 6.822980009019374847e-03
2.575560092926025391e+00 5.767880007624626160e-03
2.577780008316040039e+00 5.064480006694793701e-03
2.579999923706054688e+00 4.783120006322860718e-03
2.582220077514648438e+00 5.064480006694793701e-03
2.584439992904663086e+00 5.345840007066726685e-03
2.586669921875000000e+00 5.064480006694793701e-03
2.588890075683593750e+00 4.712780006229877472e-03
2.591109991073608398e+00 5.064480006694793701e-03
2.592220067977905273e+00 5.556860007345676422e-03
2.594439983367919922e+00 6.049240007996559143e-03
2.596669912338256836e+00 5.486520007252693176e-03
2.597779989242553711e+00 4.642440006136894226e-03
2.599999904632568359e+00 4.220400005578994751e-03
2.602220058441162109e+00 4.361080005764961243e-03
2.604439973831176758e+00 4.501760005950927734e-03
2.606669902801513672e+00 4.290740005671977997e-03
2.608890056610107422e+00 4.150060005486011505e-03
2.612220048904418945e+00 4.290740005671977997e-03
2.613329887390136719e+00 4.642440006136894226e-03
2.615560054779052734e+00 4.783120006322860718e-03
2.617779970169067383e+00 4.642440006136894226e-03
2.618890047073364258e+00 3.939040005207061768e-03
2.622220039367675781e+00 2.883940003812313080e-03
2.624439954757690430e+00 2.461900003254413605e-03
2.626669883728027344e+00 2.532240003347396851e-03
2.627779960632324219e+00 3.024620003998279572e-03
2.630000114440917969e+00 4.431420005857944489e-03
2.631109952926635742e+00 5.767880007624626160e-03
2.632220029830932617e+00 6.752640008926391602e-03
2.633330106735229492e+00 7.104340009391307831e-03
2.635560035705566406e+00 6.822980009019374847e-03
2.636670112609863281e+00 6.260260008275508881e-03
2.638890027999877930e+00 4.783120006322860718e-03
2.640000104904174805e+00 4.150060005486011505e-03
2.642220020294189453e+00 3.939040005207061768e-03
2.643330097198486328e+00 4.290740005671977997e-03
2.645560026168823242e+00 5.767880007624626160e-03
2.646670103073120117e+00 6.541620008647441864e-03
2.647779941558837891e+00 7.315360009670257568e-03
2.650000095367431641e+00 7.596720010042190552e-03
2.652220010757446289e+00 6.963660009205341339e-03
2.654439926147460938e+00 3.517000004649162292e-03
2.655560016632080078e+00 0.000000000000000000e+00
2.657779932022094727e+00 0.000000000000000000e+00
2.662220001220703125e+00 0.000000000000000000e+00
2.664439916610717773e+00 0.000000000000000000e+00
2.666670083999633789e+00 0.000000000000000000e+00
2.670000076293945312e+00 2.250880002975463867e-03
2.671109914779663086e+00 2.954280003905296326e-03
2.674439907073974609e+00 3.798360005021095276e-03
2.677779912948608398e+00 3.376320004463195801e-03
2.678889989852905273e+00 2.250880002975463867e-03
2.681109905242919922e+00 0.000000000000000000e+00
2.683330059051513672e+00 0.000000000000000000e+00
2.686670064926147461e+00 0.000000000000000000e+00
2.690000057220458984e+00 0.000000000000000000e+00
2.692219972610473633e+00 0.000000000000000000e+00
2.694439888000488281e+00 0.000000000000000000e+00
2.696670055389404297e+00 0.000000000000000000e+00
2.698889970779418945e+00 0.000000000000000000e+00
2.701109886169433594e+00 0.000000000000000000e+00
2.703330039978027344e+00 0.000000000000000000e+00
2.705559968948364258e+00 0.000000000000000000e+00
2.708889961242675781e+00 0.000000000000000000e+00
2.710000038146972656e+00 0.000000000000000000e+00
2.712219953536987305e+00 0.000000000000000000e+00
2.715559959411621094e+00 1.828840002417564392e-03
2.717780113220214844e+00 3.446660004556179047e-03
2.720000028610229492e+00 4.290740005671977997e-03
2.721110105514526367e+00 4.361080005764961243e-03
2.723330020904541016e+00 4.079720005393028259e-03
2.724440097808837891e+00 3.728020004928112030e-03
2.727780103683471680e+00 2.743260003626346588e-03
2.730000019073486328e+00 2.461900003254413605e-03
2.732219934463500977e+00 2.672920003533363342e-03
2.734440088272094727e+00 2.954280003905296326e-03
2.735559940338134766e+00 3.165300004184246063e-03
2.737780094146728516e+00 3.235640004277229309e-03
2.740000009536743164e+00 3.165300004184246063e-03
2.742219924926757812e+00 2.883940003812313080e-03
2.745559930801391602e+00 2.672920003533363342e-03
2.750000000000000000e+00 2.461900003254413605e-03
2.752219915390014648e+00 2.602580003440380096e-03
2.753329992294311523e+00 3.024620003998279572e-03
2.756669998168945312e+00 4.923800006508827209e-03
2.758889913558959961e+00 6.541620008647441864e-03
2.759999990463256836e+00 7.667060010135173798e-03
2.762219905853271484e+00 8.229780010879039764e-03
2.763329982757568359e+00 8.511140011250972748e-03
2.764440059661865234e+00 8.651820011436939240e-03
2.766669988632202148e+00 8.581480011343955994e-03
2.768889904022216797e+00 8.440800011157989502e-03
2.769999980926513672e+00 8.089100010693073273e-03
2.773329973220825195e+00 7.807740010321140289e-03
2.776669979095458984e+00 7.385700009763240814e-03
2.781110048294067383e+00 6.822980009019374847e-03
2.783329963684082031e+00 6.260260008275508881e-03
2.785559892654418945e+00 5.486520007252693176e-03
2.789999961853027344e+00 3.798360005021095276e-03
2.794440031051635742e+00 3.728020004928112030e-03
2.795559883117675781e+00 3.305980004370212555e-03
2.799999952316284180e+00 3.517000004649162292e-03
2.804440021514892578e+00 3.798360005021095276e-03
2.809999942779541016e+00 3.376320004463195801e-03
2.812220096588134766e+00 2.813600003719329834e-03
2.816669940948486328e+00 1.477140001952648163e-03
2.821110010147094727e+00 4.923800006508827209e-04
2.825560092926025391e+00 0.000000000000000000e+00
2.827780008316040039e+00 1.406800001859664917e-04
2.831110000610351562e+00 0.000000000000000000e+00
2.838890075683593750e+00 5.627200007438659668e-04
2.843329906463623047e+00 1.406800001859664917e-04
2.849999904632568359e+00 0.000000000000000000e+00
2.853329896926879883e+00 1.406800001859664917e-04
2.856669902801513672e+00 6.330600008368492126e-04
2.858890056610107422e+00 3.517000004649162292e-04
2.863329887390136719e+00 1.406800001859664917e-04
2.866669893264770508e+00 2.813600003719329834e-04
2.869999885559082031e+00 8.440800011157989502e-04
2.871109962463378906e+00 1.195780001580715179e-03
2.874439954757690430e+00 1.406800001859664917e-03
2.877779960632324219e+00 1.195780001580715179e-03
2.880000114440917969e+00 0.000000000000000000e+00
2.883330106735229492e+00 0.000000000000000000e+00
2.886670112609863281e+00 0.000000000000000000e+00
2.891109943389892578e+00 0.000000000000000000e+00
2.895560026168823242e+00 0.000000000000000000e+00
2.898890018463134766e+00 0.000000000000000000e+00
2.902220010757446289e+00 0.000000000000000000e+00
2.906670093536376953e+00 0.000000000000000000e+00
2.910000085830688477e+00 0.000000000000000000e+00
2.913330078125000000e+00 0.000000000000000000e+00
2.920000076293945312e+00 0.000000000000000000e+00
2.925559997558593750e+00 0.000000000000000000e+00
2.931109905242919922e+00 0.000000000000000000e+00
2.935559988021850586e+00 0.000000000000000000e+00
2.940000057220458984e+00 0.000000000000000000e+00
2.945559978485107422e+00 0.000000000000000000e+00
2.950000047683715820e+00 0.000000000000000000e+00
2.956670045852661133e+00 0.000000000000000000e+00
2.967780113220214844e+00 0.000000000000000000e+00
2.972219944000244141e+00 0.000000000000000000e+00
2.975559949874877930e+00 0.000000000000000000e+00
2.980000019073486328e+00 0.000000000000000000e+00
2.985559940338134766e+00 0.000000000000000000e+00
2.991110086441040039e+00 0.000000000000000000e+00
2.994440078735351562e+00 0.000000000000000000e+00
2.997780084609985352e+00 0.000000000000000000e+00
3.003329992294311523e+00 0.000000000000000000e+00
3.009999990463256836e+00 0.000000000000000000e+00
3.016669988632202148e+00 0.000000000000000000e+00
3.022219896316528320e+00 0.000000000000000000e+00
3.027780055999755859e+00 0.000000000000000000e+00
3.034440040588378906e+00 0.000000000000000000e+00
3.039999961853027344e+00 0.000000000000000000e+00
3.047780036926269531e+00 0.000000000000000000e+00
3.052220106124877930e+00 0.000000000000000000e+00
3.057780027389526367e+00 0.000000000000000000e+00
3.063329935073852539e+00 0.000000000000000000e+00
3.069999933242797852e+00 0.000000000000000000e+00
3.076669931411743164e+00 0.000000000000000000e+00
3.082220077514648438e+00 0.000000000000000000e+00
3.086669921875000000e+00 0.000000000000000000e+00
3.093329906463623047e+00 0.000000000000000000e+00
3.097779989242553711e+00 0.000000000000000000e+00
3.105560064315795898e+00 0.000000000000000000e+00
3.111109972000122070e+00 0.000000000000000000e+00
3.115560054779052734e+00 0.000000000000000000e+00
3.123330116271972656e+00 0.000000000000000000e+00
3.130000114440917969e+00 0.000000000000000000e+00
3.135560035705566406e+00 0.000000000000000000e+00
3.141109943389892578e+00 0.000000000000000000e+00
3.147779941558837891e+00 0.000000000000000000e+00
3.154439926147460938e+00 0.000000000000000000e+00
3.161109924316406250e+00 0.000000000000000000e+00
3.166670083999633789e+00 0.000000000000000000e+00
3.171109914779663086e+00 0.000000000000000000e+00
3.177779912948608398e+00 0.000000000000000000e+00
3.183330059051513672e+00 0.000000000000000000e+00
3.188889980316162109e+00 0.000000000000000000e+00
3.194439888000488281e+00 0.000000000000000000e+00
3.202219963073730469e+00 0.000000000000000000e+00
3.207779884338378906e+00 0.000000000000000000e+00
3.213330030441284180e+00 0.000000000000000000e+00
3.218889951705932617e+00 0.000000000000000000e+00
3.226670026779174805e+00 0.000000000000000000e+00
3.230000019073486328e+00 0.000000000000000000e+00
3.232219934463500977e+00 0.000000000000000000e+00
3.234440088272094727e+00 0.000000000000000000e+00
3.236670017242431641e+00 0.000000000000000000e+00
3.238889932632446289e+00 0.000000000000000000e+00
3.242219924926757812e+00 0.000000000000000000e+00
3.247780084609985352e+00 0.000000000000000000e+00
3.254440069198608398e+00 0.000000000000000000e+00
3.261110067367553711e+00 0.000000000000000000e+00
3.266669988632202148e+00 0.000000000000000000e+00
3.269999980926513672e+00 0.000000000000000000e+00
3.273329973220825195e+00 0.000000000000000000e+00
3.277780055999755859e+00 0.000000000000000000e+00
3.285559892654418945e+00 0.000000000000000000e+00
3.291110038757324219e+00 0.000000000000000000e+00
3.294440031051635742e+00 0.000000000000000000e+00
3.296669960021972656e+00 0.000000000000000000e+00
3.299999952316284180e+00 0.000000000000000000e+00
3.400000095367431641e+00 0.000000000000000000e+00
