8.122740000000000515e-01 9.693713122802885551e-02
8.131912865731463214e-01 9.777500623817375613e-02
8.141085731462925912e-01 9.847072469841260112e-02
8.150258597194389720e-01 9.914190319520689576e-02
8.159431462925852419e-01 9.979221282347601474e-02
8.168604328657315117e-01 1.003357892045346478e-01
8.177777194388777815e-01 1.008741273601482386e-01
8.186950060120240513e-01 1.014074472960439788e-01
8.196122925851704322e-01 1.019482408723441647e-01
8.205295791583167020e-01 1.025028357133490886e-01
8.214468657314629718e-01 1.030417802206873706e-01
8.223641523046092416e-01 1.035461921575109995e-01
8.232814388777555115e-01 1.040961919136240560e-01
8.241987254509018923e-01 1.046418373617839515e-01
8.251160120240481621e-01 1.051798411115842241e-01
8.260332985971944320e-01 1.057102312008582345e-01
8.269505851703407018e-01 1.061759980025628325e-01
8.278678717434869716e-01 1.066845186877670298e-01
8.287851583166333524e-01 1.072056915164305013e-01
8.297024448897796223e-01 1.077545461090345102e-01
8.306197314629258921e-01 1.083146642216465949e-01
8.315370180360721619e-01 1.089576613560616913e-01
8.324543046092185428e-01 1.095976923262742819e-01
8.333715911823648126e-01 1.102345430846864982e-01
8.342888777555110824e-01 1.108683847474191547e-01
8.352061643286573522e-01 1.115119697307508928e-01
8.361234509018036221e-01 1.122526252011138842e-01
8.370407374749500029e-01 1.129939730107518275e-01
8.379580240480962727e-01 1.137333758530297140e-01
8.388753106212425426e-01 1.144995119741585160e-01
8.397925971943888124e-01 1.153055846394407252e-01
8.407098837675350822e-01 1.161306881183613721e-01
8.416271703406814630e-01 1.169895901898733437e-01
8.425444569138277329e-01 1.178755371145815412e-01
8.434617434869740027e-01 1.187618301615721711e-01
8.443790300601202725e-01 1.196789367057036618e-01
8.452963166332665423e-01 1.206148219697627533e-01
8.462136032064129232e-01 1.215511415525499378e-01
8.471308897795591930e-01 1.224904606757800801e-01
8.480481763527054628e-01 1.234298649945629184e-01
8.489654629258517327e-01 1.243529165777237239e-01
8.498827494989980025e-01 1.252658732704758082e-01
8.508000360721443833e-01 1.260602402821688894e-01
8.517173226452906531e-01 1.268385564800208198e-01
8.526346092184369230e-01 1.276194584606690496e-01
8.535518957915831928e-01 1.283755549755792591e-01
8.544691823647294626e-01 1.291227252190184915e-01
8.553864689378758435e-01 1.298700552545630771e-01
8.563037555110221133e-01 1.306175401174422546e-01
8.572210420841683831e-01 1.313525312569522596e-01
8.581383286573146529e-01 1.320409762822808142e-01
8.590556152304609228e-01 1.327304318136602879e-01
8.599729018036073036e-01 1.334194925579989255e-01
8.608901883767535734e-01 1.340851708053916458e-01
8.618074749498998433e-01 1.347000158541174220e-01
8.627247615230461131e-01 1.353138708675875324e-01
8.636420480961923829e-01 1.359207052997594145e-01
8.645593346693387637e-01 1.365243111602094384e-01
8.654766212424850336e-01 1.370391941923942980e-01
8.663939078156313034e-01 1.375481085516788993e-01
8.673111943887775732e-01 1.379995326443939352e-01
8.682284809619238430e-01 1.384420754998358372e-01
8.691457675350702239e-01 1.388427877268804955e-01
8.700630541082164937e-01 1.391945371752172367e-01
8.709803406813627635e-01 1.395710648250751418e-01
8.718976272545090334e-01 1.399431929443485934e-01
8.728149138276553032e-01 1.403138524648135377e-01
8.737322004008016840e-01 1.406438583467254921e-01
8.746494869739479538e-01 1.409499303777451418e-01
8.755667735470942237e-01 1.413154867769388090e-01
8.764840601202404935e-01 1.416071934508567887e-01
8.774013466933867633e-01 1.418452659899827883e-01
8.783186332665331442e-01 1.421939376735277538e-01
8.792359198396794140e-01 1.425473004919388664e-01
8.801532064128256838e-01 1.428957179325174576e-01
8.810704929859719536e-01 1.432836441761937696e-01
8.819877795591182235e-01 1.436689463538375344e-01
8.829050661322646043e-01 1.440515530267935107e-01
8.838223527054108741e-01 1.444488161938858317e-01
8.847396392785571440e-01 1.448768562142181415e-01
8.856569258517034138e-01 1.453031682331146213e-01
8.865742124248496836e-01 1.457273457988316201e-01
8.874914989979960644e-01 1.461622035182537638e-01
8.884087855711423343e-01 1.466406811031575608e-01
8.893260721442886041e-01 1.471173771450034196e-01
8.902433587174348739e-01 1.476247658826892462e-01
8.911606452905811437e-01 1.482002340560928666e-01
8.920779318637275246e-01 1.487755941535570392e-01
8.929952184368737944e-01 1.493523959284984437e-01
8.939125050100200642e-01 1.499917016791093849e-01
8.948297915831663341e-01 1.506310125328157445e-01
8.957470781563127149e-01 1.512811888725085485e-01
8.966643647294589847e-01 1.519981756256148231e-01
8.975816513026052545e-01 1.527166692302656392e-01
8.984989378757515244e-01 1.534505716776955186e-01
8.994162244488977942e-01 1.542275036186324111e-01
9.003335110220441750e-01 1.551474863086184375e-01
9.012507975951904449e-01 1.562995136701433030e-01
9.021680841683367147e-01 1.574573924809512804e-01
9.030853707414829845e-01 1.586192042780001921e-01
9.040026573146292543e-01 1.598105828724941668e-01
9.049199438877756352e-01 1.610333147046668911e-01
9.058372304609219050e-01 1.622593657820589619e-01
9.067545170340681748e-01 1.634887222972913057e-01
9.076718036072144447e-01 1.647273567494202950e-01
9.085890901803607145e-01 1.659715604519316767e-01
9.095063767535070953e-01 1.671929480255307798e-01
9.104236633266533651e-01 1.683761288201677808e-01
9.113409498997996350e-01 1.696793921490434287e-01
9.122582364729459048e-01 1.710372101028666825e-01
9.131755230460922856e-01 1.722992478939066596e-01
9.140928096192385555e-01 1.735638959208601340e-01
9.150100961923848253e-01 1.748058241527104539e-01
9.159273827655310951e-01 1.760273170378542085e-01
9.168446693386773649e-01 1.772962629012198033e-01
9.177619559118237458e-01 1.785744791514323748e-01
9.186792424849700156e-01 1.798231118306406195e-01
9.195965290581162854e-01 1.810260072707632617e-01
9.205138156312625553e-01 1.822317892900003622e-01
9.214311022044088251e-01 1.834123695376491670e-01
9.223483887775552059e-01 1.845954426050802899e-01
9.232656753507014757e-01 1.857806081294274270e-01
9.241829619238477456e-01 1.869645901383024666e-01
9.251002484969940154e-01 1.881071320384191392e-01
9.260175350701402852e-01 1.891871117786393386e-01
9.269348216432866661e-01 1.902678854258556818e-01
9.278521082164329359e-01 1.913496244543818614e-01
9.287693947895792057e-01 1.924324398001038550e-01
9.296866813627254755e-01 1.934819455586159476e-01
9.306039679358717454e-01 1.944983410593554840e-01
9.315212545090181262e-01 1.955222136863912774e-01
9.324385410821643960e-01 1.965463265243184987e-01
9.333558276553106658e-01 1.975568845111372041e-01
9.342731142284569357e-01 1.985624389417918190e-01
9.351904008016032055e-01 1.995639336177959522e-01
9.361076873747495863e-01 2.005640675576065013e-01
9.370249739478958562e-01 2.015643328650089938e-01
9.379422605210421260e-01 2.025187424965390337e-01
9.388595470941883958e-01 2.034602785650521661e-01
9.397768336673346656e-01 2.044257578271209130e-01
9.406941202404810465e-01 2.054695714673599460e-01
9.416114068136273163e-01 2.065221404069160493e-01
9.425286933867735861e-01 2.075749746720406685e-01
9.434459799599198560e-01 2.086161922285589831e-01
9.443632665330661258e-01 2.096497397389371631e-01
9.452805531062125066e-01 2.106836260238983682e-01
9.461978396793587764e-01 2.117273040800327910e-01
9.471151262525050463e-01 2.127864590430244562e-01
9.480324128256513161e-01 2.138461069240001067e-01
9.489496993987975859e-01 2.149061011416043554e-01
9.498669859719439668e-01 2.160285314736576368e-01
9.507842725450902366e-01 2.170541371013454957e-01
9.517015591182365064e-01 2.180522218081466512e-01
9.526188456913827762e-01 2.190503035317597769e-01
9.535361322645290461e-01 2.200497958746005511e-01
9.544534188376754269e-01 2.211302601806107160e-01
9.553707054108216967e-01 2.222558602850780718e-01
9.562879919839679665e-01 2.233842351561087236e-01
9.572052785571142364e-01 2.245176027102901151e-01
9.581225651302605062e-01 2.256542634698656957e-01
9.590398517034068870e-01 2.268263736646908557e-01
9.599571382765531569e-01 2.280829834921228871e-01
9.608744248496994267e-01 2.293853745762476914e-01
9.617917114228456965e-01 2.306939904079815251e-01
9.627089979959919663e-01 2.320335683289100892e-01
9.636262845691383472e-01 2.333984041726396008e-01
9.645435711422846170e-01 2.347679580302395319e-01
9.654608577154308868e-01 2.361689332903836036e-01
9.663781442885771567e-01 2.375868268329058286e-01
9.672954308617234265e-01 2.390097022896832679e-01
9.682127174348698073e-01 2.404358578771577104e-01
9.691300040080160771e-01 2.418665573001878843e-01
9.700472905811623470e-01 2.433453662176792986e-01
9.709645771543086168e-01 2.448788815740355063e-01
9.718818637274548866e-01 2.464182824353233214e-01
9.727991503006012675e-01 2.479638216592525146e-01
9.737164368737475373e-01 2.495013125474510873e-01
9.746337234468938071e-01 2.510380636323457648e-01
9.755510100200400769e-01 2.525806298938021444e-01
9.764682965931863468e-01 2.541289347941513288e-01
9.773855831663327276e-01 2.556833463269455042e-01
9.783028697394789974e-01 2.572320955228584727e-01
9.792201563126252672e-01 2.587613080229779206e-01
9.801374428857715371e-01 2.602996136702030450e-01
9.810547294589178069e-01 2.618511439895806481e-01
9.819720160320641877e-01 2.633674838639115667e-01
9.828893026052104576e-01 2.648558463378729577e-01
9.838065891783567274e-01 2.663492711983166950e-01
9.847238757515029972e-01 2.678311868687753838e-01
9.856411623246492670e-01 2.692824911278952071e-01
9.865584488977956479e-01 2.707230109509353166e-01
9.874757354709419177e-01 2.721024086839760603e-01
9.883930220440881875e-01 2.734859053485809710e-01
9.893103086172345684e-01 2.748729901160141820e-01
9.902275951903807272e-01 2.762162669702261653e-01
9.911448817635271080e-01 2.775185303463471587e-01
9.920621683366733778e-01 2.788238145761815501e-01
9.929794549098196477e-01 2.801320547155256024e-01
9.938967414829660285e-01 2.813397800864095299e-01
9.948140280561121873e-01 2.825182463463279947e-01
9.957313146292585682e-01 2.837000511752088561e-01
9.966486012024048380e-01 2.848358124010290648e-01
9.975658877755511078e-01 2.859664260625104371e-01
9.984831743486974887e-01 2.868607672393190255e-01
9.994004609218437585e-01 2.879432006749274020e-01
1.000317747494990028e+00 2.890409710135460331e-01
1.001235034068136187e+00 2.899674400342208691e-01
1.002152320641282568e+00 2.908810766543567516e-01
1.003069607214428949e+00 2.916124411763676982e-01
1.003986893787575108e+00 2.922022047981320814e-01
1.004904180360721488e+00 2.927901056310607819e-01
1.005821466933867647e+00 2.933754665874699352e-01
1.006738753507014028e+00 2.940429183379256739e-01
1.007656040080160409e+00 2.947316692779181069e-01
1.008573326653306568e+00 2.954218294983034232e-01
1.009490613226452949e+00 2.961110168398619624e-01
1.010407899799599107e+00 2.969130491422281581e-01
1.011325186372745488e+00 2.977275714277670127e-01
1.012242472945891869e+00 2.985412848690511267e-01
1.013159759519038028e+00 2.993358704969193429e-01
1.014077046092184409e+00 3.000381599738424776e-01
1.014994332665330568e+00 3.007386078042570410e-01
1.015911619238476948e+00 3.014378322353413187e-01
1.016828905811623329e+00 3.021357908962632455e-01
1.017746192384769488e+00 3.028286550423526235e-01
1.018663478957915869e+00 3.035199570451405648e-01
1.019580765531062250e+00 3.042095323382243421e-01
1.020498052104208409e+00 3.049069247194233778e-01
1.021415338677354789e+00 3.056124477938387818e-01
1.022332625250500948e+00 3.063178721323340237e-01
1.023249911823647329e+00 3.070238479365191009e-01
1.024167198396793710e+00 3.075440223187697608e-01
1.025084484969939869e+00 3.080110578508776231e-01
1.026001771543086249e+00 3.084723540089691629e-01
1.026919058116232408e+00 3.089329084189784691e-01
1.027836344689378789e+00 3.098067101081742325e-01
1.028753631262525170e+00 3.106740407641650492e-01
1.029670917835671329e+00 3.115395312870644084e-01
1.030588204408817710e+00 3.124002948895570064e-01
1.031505490981963868e+00 3.132549231899275921e-01
1.032422777555110249e+00 3.141087376379143037e-01
1.033340064128256630e+00 3.149645523083557941e-01
1.034257350701402789e+00 3.159486839812608028e-01
1.035174637274549170e+00 3.171239962634586074e-01
1.036091923847695329e+00 3.183045287675542179e-01
1.037009210420841709e+00 3.194822063887545194e-01
1.037926496993988090e+00 3.206680298967799492e-01
1.038843783567134249e+00 3.218522407460009394e-01
1.039761070140280630e+00 3.230289677233879053e-01
1.040678356713426789e+00 3.242063544545101261e-01
1.041595643286573170e+00 3.254366588375790514e-01
1.042512929859719550e+00 3.266766809213771938e-01
1.043430216432865709e+00 3.279237668572094200e-01
1.044347503006012090e+00 3.291750430328849175e-01
1.045264789579158249e+00 3.304254740691572323e-01
1.046182076152304630e+00 3.316813073712979731e-01
1.047099362725451011e+00 3.329410822961102467e-01
1.048016649298597169e+00 3.342649955132787620e-01
1.048933935871743550e+00 3.358538325885442322e-01
1.049851222444889709e+00 3.374509870496658626e-01
1.050768509018036090e+00 3.387560711070090602e-01
1.051685795591182471e+00 3.400112890017260581e-01
1.052603082164328629e+00 3.412696845370173926e-01
1.053520368737475010e+00 3.425305544947139236e-01
1.054437655310621391e+00 3.437949210583713389e-01
1.055354941883767550e+00 3.451460355975848882e-01
1.056272228456913931e+00 3.465505115920168300e-01
1.057189515030060090e+00 3.479589908667375386e-01
1.058106801603206470e+00 3.493716326217345958e-01
1.059024088176352851e+00 3.507884415760041397e-01
1.059941374749499010e+00 3.522094811231292200e-01
1.060858661322645391e+00 3.536419473985417117e-01
1.061775947895791550e+00 3.550863431853331642e-01
1.062693234468937931e+00 3.565357398365083252e-01
1.063610521042084311e+00 3.579912672970592125e-01
1.064527807615230470e+00 3.594468275675588020e-01
1.065445094188376851e+00 3.609683430417230943e-01
1.066362380761523010e+00 3.627121170421482854e-01
1.067279667334669391e+00 3.644472268025166217e-01
1.068196953907815772e+00 3.661884129145671074e-01
1.069114240480961930e+00 3.679387514826999994e-01
1.070031527054108311e+00 3.696909086710428172e-01
1.070948813627254470e+00 3.714726242846027593e-01
1.071866100200400851e+00 3.732593686671884514e-01
1.072783386773547232e+00 3.747928461558739377e-01
1.073700673346693391e+00 3.761739378027105785e-01
1.074617959919839771e+00 3.775620872310740395e-01
1.075535246492985930e+00 3.789490667613105157e-01
1.076452533066132311e+00 3.803455953883265739e-01
1.077369819639278692e+00 3.817432110337455886e-01
1.078287106212424851e+00 3.831378771145714790e-01
1.079204392785571232e+00 3.845303932078994458e-01
1.080121679358717390e+00 3.856492392531649105e-01
1.081038965931863771e+00 3.867691224277540196e-01
1.081956252505010152e+00 3.878877057835501962e-01
1.082873539078156311e+00 3.890086022236074470e-01
1.083790825651302692e+00 3.901241102200762589e-01
1.084708112224448850e+00 3.912377105441099956e-01
1.085625398797595231e+00 3.923538800448440611e-01
1.086542685370741612e+00 3.934123856847291378e-01
1.087459971943887771e+00 3.943866659482798687e-01
1.088377258517034152e+00 3.953623237002987789e-01
1.089294545090180311e+00 3.963553617770729787e-01
1.090211831663326691e+00 3.973472985121243028e-01
1.091129118236473072e+00 3.983069556335269157e-01
1.092046404809619231e+00 3.992683243878464294e-01
1.092963691382765612e+00 4.002282708216775009e-01
1.093880977955911771e+00 4.010091371045803044e-01
1.094798264529058152e+00 4.017545638237847161e-01
1.095715551102204532e+00 4.025002811558697768e-01
1.096632837675350691e+00 4.032466378597435730e-01
1.097550124248497072e+00 4.039934506447979690e-01
1.098467410821643231e+00 4.047406100156961672e-01
1.099384697394789612e+00 4.054915820427336670e-01
1.100301983967935993e+00 4.061393462342869909e-01
1.101219270541082151e+00 4.065376866984750093e-01
1.102136557114228532e+00 4.069335140549831253e-01
1.103053843687374691e+00 4.073301393416149385e-01
1.103971130260521072e+00 4.077272078790407095e-01
1.104888416833667453e+00 4.081237039369324249e-01
1.105805703406813612e+00 4.085257373025064087e-01
1.106722989979959992e+00 4.089249785181047758e-01
1.107640276553106151e+00 4.092739884788449967e-01
1.108557563126252532e+00 4.095996154497907882e-01
1.109474849699398913e+00 4.099245676231250690e-01
1.110392136272545072e+00 4.102337200531904204e-01
1.111309422845691453e+00 4.105119786502438584e-01
1.112226709418837611e+00 4.107880039741009792e-01
1.113143995991983992e+00 4.110672990156725715e-01
1.114061282565130373e+00 4.113399634972715879e-01
1.114978569138276532e+00 4.116147582340426436e-01
1.115895855711422913e+00 4.118891352916592141e-01
1.116813142284569071e+00 4.121615394300223167e-01
1.117730428857715452e+00 4.124253729820901437e-01
1.118647715430861833e+00 4.126953737680703616e-01
1.119565002004007992e+00 4.129632045244263638e-01
1.120482288577154373e+00 4.132121629967489551e-01
1.121399575150300532e+00 4.134491129712834501e-01
1.122316861723446912e+00 4.136816871304890286e-01
1.123234148296593293e+00 4.139142284543219641e-01
1.124151434869739452e+00 4.141456827550865638e-01
1.125068721442885833e+00 4.144795228171731516e-01
1.125986008016031992e+00 4.148655440572832642e-01
1.126903294589178373e+00 4.152501361084035558e-01
1.127820581162324753e+00 4.156579749747559283e-01
1.128737867735470912e+00 4.160682209380183738e-01
1.129655154308617293e+00 4.164787375255465385e-01
1.130572440881763452e+00 4.168676062904991264e-01
1.131489727454909833e+00 4.172363841771314918e-01
1.132407014028056214e+00 4.176107509349221703e-01
1.133324300601202372e+00 4.179654871956975937e-01
1.134241587174348753e+00 4.183145263386449653e-01
1.135158873747494912e+00 4.187316890329079166e-01
1.136076160320641293e+00 4.193224530128213945e-01
1.136993446893787674e+00 4.199139944086298093e-01
1.137910733466933833e+00 4.205081405541730155e-01
1.138828020040080213e+00 4.210941987674494680e-01
1.139745306613226372e+00 4.216831128829380271e-01
1.140662593186372753e+00 4.222281313031174266e-01
1.141579879759519134e+00 4.227551382576603123e-01
1.142497166332665293e+00 4.233398973336554016e-01
1.143414452905811673e+00 4.239515279139506321e-01
1.144331739478957832e+00 4.245683567498066968e-01
1.145249026052104213e+00 4.251883971835840881e-01
1.146166312625250594e+00 4.258094326950018771e-01
1.147083599198396753e+00 4.264286760347802963e-01
1.148000885771543134e+00 4.270517132709319430e-01
1.148918172344689292e+00 4.276848448919331469e-01
1.149835458917835673e+00 4.284699467401178463e-01
1.150752745490982054e+00 4.294679248688754725e-01
1.151670032064128213e+00 4.305152256131029032e-01
1.152587318637274594e+00 4.315640696011576738e-01
1.153504605210420753e+00 4.326161929866195188e-01
1.154421891783567133e+00 4.336683983193106440e-01
1.155339178356713514e+00 4.347272985509005316e-01
1.156256464929859673e+00 4.358709098207486088e-01
1.157173751503006054e+00 4.371011713162537560e-01
1.158091038076152213e+00 4.383321054100211001e-01
1.159008324649298594e+00 4.395659591620773021e-01
1.159925611222444974e+00 4.408030787122448890e-01
1.160842897795591133e+00 4.420276281401827601e-01
1.161760184368737514e+00 4.432503156052769455e-01
1.162677470941883673e+00 4.444756735035120254e-01
1.163594757515030054e+00 4.457037302542753987e-01
1.164512044088176435e+00 4.469330029592187836e-01
1.165429330661322593e+00 4.481651890196262089e-01
1.166346617234468974e+00 4.493884804961819635e-01
1.167263903807615133e+00 4.506078043056384042e-01
1.168181190380761514e+00 4.518293278007092795e-01
1.169098476953907895e+00 4.530537738089738253e-01
1.170015763527054053e+00 4.542787288118291245e-01
1.170933050100200434e+00 4.554629556555523373e-01
1.171850336673346593e+00 4.566443708105568100e-01
1.172767623246492974e+00 4.578272149007030500e-01
1.173684909819639355e+00 4.590120333934704089e-01
1.174602196392785514e+00 4.601987325018483399e-01
1.175519482965931894e+00 4.613873775547662759e-01
1.176436769539078053e+00 4.625776169636277579e-01
1.177354056112224434e+00 4.638147004241688909e-01
1.178271342685370815e+00 4.650752691021055596e-01
1.179188629258516974e+00 4.663338199143824414e-01
1.180105915831663355e+00 4.675958383604627566e-01
1.181023202404809513e+00 4.688524018230376122e-01
1.181940488977955894e+00 4.701067249163075612e-01
1.182857775551102275e+00 4.713605303021008441e-01
1.183775062124248434e+00 4.726205960055001043e-01
1.184692348697394815e+00 4.738783914040374246e-01
1.185609635270540974e+00 4.751382644223346441e-01
1.186526921843687354e+00 4.764046778157643436e-01
1.187444208416833735e+00 4.776498697520463188e-01
1.188361494989979894e+00 4.788663171632073778e-01
1.189278781563126275e+00 4.800897497049574913e-01
1.190196068136272434e+00 4.813074190063801883e-01
1.191113354709418815e+00 4.823635955480002901e-01
1.192030641282565195e+00 4.832794418412889037e-01
1.192947927855711354e+00 4.841960796426110214e-01
1.193865214428857735e+00 4.851204871326293411e-01
1.194782501002003894e+00 4.860464575069032289e-01
1.195699787575150275e+00 4.869725236602354124e-01
1.196617074148296656e+00 4.879012793343532883e-01
1.197534360721442814e+00 4.888308948872950865e-01
1.198451647294589195e+00 4.897614385932726466e-01
1.199368933867735354e+00 4.906878881211170773e-01
1.200286220440881735e+00 4.914457347125376074e-01
1.201203507014028116e+00 4.918268893446436918e-01
1.202120793587174274e+00 4.921555209833549105e-01
1.203038080160320655e+00 4.924840869191887682e-01
1.203955366733466814e+00 4.928123021751524280e-01
1.204872653306613195e+00 4.931255887926741521e-01
1.205789939879759576e+00 4.934393682603837039e-01
1.206707226452905957e+00 4.937513916733765051e-01
1.207624513026052115e+00 4.940636984395779807e-01
1.208541799599198274e+00 4.942798529617989933e-01
1.209459086172344655e+00 4.944105787316784295e-01
1.210376372745491036e+00 4.945137033019131323e-01
1.211293659318637417e+00 4.946035003989715517e-01
1.212210945891783576e+00 4.946949762086936264e-01
1.213128232464929734e+00 4.947819638904820683e-01
1.214045519038076115e+00 4.948699000225502687e-01
1.214962805611222496e+00 4.949569165768855084e-01
1.215880092184368877e+00 4.950527655340197231e-01
1.216797378757515036e+00 4.951499113259711371e-01
1.217714665330661195e+00 4.952483624380286109e-01
1.218631951903807575e+00 4.953433385713778558e-01
1.219549238476953956e+00 4.954383129872756419e-01
1.220466525050100337e+00 4.955216463737006638e-01
1.221383811623246496e+00 4.955869854015726439e-01
1.222301098196392655e+00 4.956513991418465825e-01
1.223218384769539036e+00 4.957108479844175575e-01
1.224135671342685416e+00 4.957742609176501447e-01
1.225052957915831797e+00 4.958360250752835707e-01
1.225970244488977956e+00 4.958964745614922731e-01
1.226887531062124337e+00 4.959686466920687486e-01
1.227804817635270496e+00 4.960388306769140665e-01
1.228722104208416877e+00 4.961074320266917193e-01
1.229639390781563257e+00 4.961778897911681696e-01
1.230556677354709416e+00 4.962436111500200808e-01
1.231473963927855797e+00 4.963078255482002432e-01
1.232391250501001956e+00 4.963713406936108852e-01
1.233308537074148337e+00 4.963896727546225351e-01
1.234225823647294717e+00 4.964059540250242986e-01
1.235143110220440876e+00 4.964223161580571531e-01
1.236060396793587257e+00 4.964364683840491455e-01
1.236977683366733416e+00 4.964534633189636170e-01
1.237894969939879797e+00 4.964710899981549241e-01
1.238812256513026178e+00 4.964898221596957817e-01
1.239729543086172336e+00 4.965082693529455082e-01
1.240646829659318717e+00 4.965012162115490235e-01
1.241564116232464876e+00 4.964811290934502130e-01
1.242481402805611257e+00 4.964563188777793568e-01
1.243398689378757638e+00 4.964251523071225303e-01
1.244315975951903797e+00 4.963917280973306756e-01
1.245233262525050177e+00 4.963584201668423401e-01
1.246150549098196336e+00 4.963266719474037636e-01
1.247067835671342717e+00 4.963278838473303978e-01
1.247985122244489098e+00 4.963388601978138692e-01
1.248902408817635257e+00 4.963424302151051570e-01
1.249819695390781638e+00 4.963396830582984531e-01
1.250736981963927796e+00 4.961690499431022916e-01
1.251654268537074177e+00 4.959537081857436358e-01
1.252571555110220558e+00 4.957382471250271760e-01
1.253488841683366717e+00 4.955220951463459866e-01
1.254406128256513098e+00 4.953295127688624455e-01
1.255323414829659256e+00 4.951343906512781778e-01
1.256240701402805637e+00 4.949445140685065359e-01
1.257157987975952018e+00 4.948049475741506109e-01
1.258075274549098177e+00 4.947487279393712467e-01
1.258992561122244558e+00 4.946974017523226852e-01
1.259909847695390717e+00 4.946299550293891678e-01
1.260827134268537097e+00 4.945020674536964034e-01
1.261744420841683478e+00 4.943731401779727364e-01
1.262661707414829637e+00 4.942417993317058666e-01
1.263578993987976018e+00 4.941099140745686680e-01
1.264496280561122177e+00 4.939790266352993564e-01
1.265413567134268558e+00 4.938416345201891433e-01
1.266330853707414938e+00 4.937054646235027877e-01
1.267248140280561097e+00 4.935693653262486769e-01
1.268165426853707478e+00 4.934341160371868984e-01
1.269082713426853637e+00 4.932964452564382873e-01
1.270000000000000018e+00 4.931629778139723363e-01
