    i       P                   T                   
    0       1.0000000E-01       9.0000000e+02       
    1       1.0424036E-01       9.0000000e+02       
    2       1.0866052E-01       9.0000000e+02       
    3       1.1326812E-01       9.0000000e+02       
    4       1.1807108E-01       9.0000000e+02       
    5       1.2307772E-01       9.0000000e+02       
    6       1.2829665E-01       9.0000000e+02       
    7       1.3373689E-01       9.0000000e+02       
    8       1.3940781E-01       9.0000000e+02       
    9       1.4531920E-01       9.0000000e+02       
   10       1.5148125E-01       9.0000000e+02       
   11       1.5790459E-01       9.0000000e+02       
   12       1.6460032E-01       9.0000000e+02       
   13       1.7157996E-01       9.0000000e+02       
   14       1.7885556E-01       9.0000000e+02       
   15       1.8643967E-01       9.0000000e+02       
   16       1.9434517E-01       9.0000000e+02       
   17       2.0258610E-01       9.0000000e+02       
   18       2.1117646E-01       9.0000000e+02       
   19       2.2013110E-01       9.0000000e+02       
   20       2.2946545E-01       9.0000000e+02       
   21       2.3919561E-01       9.0000000e+02       
   22       2.4933834E-01       9.0000000e+02       
   23       2.5991119E-01       9.0000000e+02       
   24       2.7093233E-01       9.0000000e+02       
   25       2.8242084E-01       9.0000000e+02       
   26       2.9439650E-01       9.0000000e+02       
   27       3.0687995E-01       9.0000000e+02       
   28       3.1989275E-01       9.0000000e+02       
   29       3.3345734E-01       9.0000000e+02       
   30       3.4759712E-01       9.0000000e+02       
   31       3.6233648E-01       9.0000000e+02       
   32       3.7770085E-01       9.0000000e+02       
   33       3.9371671E-01       9.0000000e+02       
   34       4.1041171E-01       9.0000000e+02       
   35       4.2781462E-01       9.0000000e+02       
   36       4.4595549E-01       9.0000000e+02       
   37       4.6486562E-01       9.0000000e+02       
   38       4.8457755E-01       9.0000000e+02       
   39       5.0512535E-01       9.0000000e+02       
   40       5.2654450E-01       9.0000000e+02       
   41       5.4887123E-01       9.0000000e+02       
   42       5.7214534E-01       9.0000000e+02       
   43       5.9640633E-01       9.0000000e+02       
   44       6.2169611E-01       9.0000000e+02       
   45       6.4805822E-01       9.0000000e+02       
   46       6.7553824E-01       9.0000000e+02       
   47       7.0418346E-01       9.0000000e+02       
   48       7.3404335E-01       9.0000000e+02       
   49       7.6516935E-01       9.0000000e+02       
   50       7.9761530E-01       9.0000000e+02       
   51       8.3143705E-01       9.0000000e+02       
   52       8.6669297E-01       9.0000000e+02       
   53       9.0344383E-01       9.0000000e+02       
   54       9.4175302E-01       9.0000000e+02       
   55       9.8168675E-01       9.0000000e+02       
   56       1.0233138E+00       9.0000000e+02       
   57       1.0667059E+00       9.0000000e+02       
   58       1.1119380E+00       9.0000000e+02       
   59       1.1590882E+00       9.0000000e+02       
   60       1.2082377E+00       9.0000000e+02       
   61       1.2594713E+00       9.0000000e+02       
   62       1.3128773E+00       9.0000000e+02       
   63       1.3685480E+00       9.0000000e+02       
   64       1.4265793E+00       9.0000000e+02       
   65       1.4870714E+00       9.0000000e+02       
   66       1.5501286E+00       9.0000000e+02       
   67       1.6158594E+00       9.0000000e+02       
   68       1.6843776E+00       9.0000000e+02       
   69       1.7558013E+00       9.0000000e+02       
   70       1.8302535E+00       9.0000000e+02       
   71       1.9078629E+00       9.0000000e+02       
   72       1.9887630E+00       9.0000000e+02       
   73       2.0730937E+00       9.0000000e+02       
   74       2.1610002E+00       9.0000000e+02       
   75       2.2526319E+00       9.0000000e+02       
   76       2.3481514E+00       9.0000000e+02       
   77       2.4477215E+00       9.0000000e+02       
   78       2.5515135E+00       9.0000000e+02       
   79       2.6597068E+00       9.0000000e+02       
   80       2.7724880E+00       9.0000000e+02       
   81       2.8900513E+00       9.0000000e+02       
   82       3.0125997E+00       9.0000000e+02       
   83       3.1403448E+00       9.0000000e+02       
   84       3.2735064E+00       9.0000000e+02       
   85       3.4123150E+00       9.0000000e+02       
   86       3.5570094E+00       9.0000000e+02       
   87       3.7078393E+00       9.0000000e+02       
   88       3.8650647E+00       9.0000000e+02       
   89       4.0289571E+00       9.0000000e+02       
   90       4.1997995E+00       9.0000000e+02       
   91       4.3778859E+00       9.0000000e+02       
   92       4.5635239E+00       9.0000000e+02       
   93       4.7570335E+00       9.0000000e+02       
   94       4.9587488E+00       9.0000000e+02       
   95       5.1690175E+00       9.0000000e+02       
   96       5.3881962E+00       9.0000000e+02       
   97       5.6166751E+00       9.0000000e+02       
   98       5.8548419E+00       9.0000000e+02       
   99       6.1031082E+00       9.0000000e+02       
  100       6.3619016E+00       9.0000000e+02       
  101       6.6316694E+00       9.0000000e+02       
  102       6.9128757E+00       9.0000000e+02       
  103       7.2060058E+00       9.0000000e+02       
  104       7.5115662E+00       9.0000000e+02       
  105       7.8300836E+00       9.0000000e+02       
  106       8.1621074E+00       9.0000000e+02       
  107       8.5082094E+00       9.0000000e+02       
  108       8.8689878E+00       9.0000000e+02       
  109       9.2450646E+00       9.0000000e+02       
  110       9.6370888E+00       9.0000000e+02       
  111       1.0045736E+01       9.0000000e+02       
  112       1.0471710E+01       9.0000000e+02       
  113       1.0915748E+01       9.0000000e+02       
  114       1.1378615E+01       9.0000000e+02       
  115       1.1861109E+01       9.0000000e+02       
  116       1.2364062E+01       9.0000000e+02       
  117       1.2888342E+01       9.0000000e+02       
  118       1.3434853E+01       9.0000000e+02       
  119       1.4004541E+01       9.0000000e+02       
  120       1.4598382E+01       9.0000000e+02       
  121       1.5217398E+01       9.0000000e+02       
  122       1.5862669E+01       9.0000000e+02       
  123       1.6535303E+01       9.0000000e+02       
  124       1.7236458E+01       9.0000000e+02       
  125       1.7967346E+01       9.0000000e+02       
  126       1.8729226E+01       9.0000000e+02       
  127       1.9523411E+01       9.0000000e+02       
  128       2.0351274E+01       9.0000000e+02       
  129       2.1214240E+01       9.0000000e+02       
  130       2.2113801E+01       9.0000000e+02       
  131       2.3051504E+01       9.0000000e+02       
  132       2.4028971E+01       9.0000000e+02       
  133       2.5047883E+01       9.0000000e+02       
  134       2.6110004E+01       9.0000000e+02       
  135       2.7217160E+01       9.0000000e+02       
  136       2.8371249E+01       9.0000000e+02       
  137       2.9574294E+01       9.0000000e+02       
  138       3.0828349E+01       9.0000000e+02       
  139       3.2135579E+01       9.0000000e+02       
  140       3.3498244E+01       9.0000000e+02       
  141       3.4918688E+01       9.0000000e+02       
  142       3.6399366E+01       9.0000000e+02       
  143       3.7942827E+01       9.0000000e+02       
  144       3.9551739E+01       9.0000000e+02       
  145       4.1228873E+01       9.0000000e+02       
  146       4.2977126E+01       9.0000000e+02       
  147       4.4799509E+01       9.0000000e+02       
  148       4.6699168E+01       9.0000000e+02       
  149       4.8679378E+01       9.0000000e+02       
  150       5.0743530E+01       9.0000000e+02       
  151       5.2895240E+01       9.0000000e+02       
  152       5.5138185E+01       9.0000000e+02       
  153       5.7476241E+01       9.0000000e+02       
  154       5.9913436E+01       9.0000000e+02       
  155       6.2453980E+01       9.0000000e+02       
  156       6.5102254E+01       9.0000000e+02       
  157       6.7862822E+01       9.0000000e+02       
  158       7.0740446E+01       9.0000000e+02       
  159       7.3740090E+01       9.0000000e+02       
  160       7.6866936E+01       9.0000000e+02       
  161       8.0126367E+01       9.0000000e+02       
  162       8.3524012E+01       9.0000000e+02       
  163       8.7065727E+01       9.0000000e+02       
  164       9.0757577E+01       9.0000000e+02       
  165       9.4606017E+01       9.0000000e+02       
  166       9.8617654E+01       9.0000000e+02       
  167       1.0279940E+02       9.0000000e+02       
  168       1.0715845E+02       9.0000000e+02       
  169       1.1170235E+02       9.0000000e+02       
  170       1.1643893E+02       9.0000000e+02       
  171       1.2137636E+02       9.0000000e+02       
  172       1.2652315E+02       9.0000000e+02       
  173       1.3188819E+02       9.0000000e+02       
  174       1.3748071E+02       9.0000000e+02       
  175       1.4331038E+02       9.0000000e+02       
  176       1.4938725E+02       9.0000000e+02       
  177       1.5572180E+02       9.0000000e+02       
  178       1.6232488E+02       9.0000000e+02       
  179       1.6920803E+02       9.0000000e+02       
  180       1.7638305E+02       9.0000000e+02       
  181       1.8386233E+02       9.0000000e+02       
  182       1.9165875E+02       9.0000000e+02       
  183       1.9978576E+02       9.0000000e+02       
  184       2.0825739E+02       9.0000000e+02       
  185       2.1708824E+02       9.0000000e+02       
  186       2.2629355E+02       9.0000000e+02       
  187       2.3588922E+02       9.0000000e+02       
  188       2.4589177E+02       9.0000000e+02       
  189       2.5631844E+02       9.0000000e+02       
  190       2.6718725E+02       9.0000000e+02       
  191       2.7851695E+02       9.0000000e+02       
  192       2.9032691E+02       9.0000000e+02       
  193       3.0263781E+02       9.0000000e+02       
  194       3.1547071E+02       9.0000000e+02       
  195       3.2884781E+02       9.0000000e+02       
  196       3.4279213E+02       9.0000000e+02       
  197       3.5732773E+02       9.0000000e+02       
  198       3.7247972E+02       9.0000000e+02       
  199       3.8827418E+02       9.0000000e+02       
  200       4.0473840E+02       9.0000000e+02       
  201       4.2190072E+02       9.0000000e+02       
  202       4.3979082E+02       9.0000000e+02       
  203       4.5843953E+02       9.0000000e+02       
  204       4.7787898E+02       9.0000000e+02       
  205       4.9814279E+02       9.0000000e+02       
  206       5.1926579E+02       9.0000000e+02       
  207       5.4128421E+02       9.0000000e+02       
  208       5.6423661E+02       9.0000000e+02       
  209       5.8816224E+02       9.0000000e+02       
  210       6.1310246E+02       9.0000000e+02       
  211       6.3910019E+02       9.0000000e+02       
  212       6.6620028E+02       9.0000000e+02       
  213       6.9444957E+02       9.0000000e+02       
  214       7.2389669E+02       9.0000000e+02       
  215       7.5459252E+02       9.0000000e+02       
  216       7.8658992E+02       9.0000000e+02       
  217       8.1994412E+02       9.0000000e+02       
  218       8.5471272E+02       9.0000000e+02       
  219       8.9095552E+02       9.0000000e+02       
  220       9.2873527E+02       9.0000000e+02       
  221       9.6811643E+02       9.0000000e+02       
  222       1.0091680E+03       9.0000000e+02       
  223       1.0519603E+03       9.0000000e+02       
  224       1.0965672E+03       9.0000000e+02       
  225       1.1430656E+03       9.0000000e+02       
  226       1.1915356E+03       9.0000000e+02       
  227       1.2420610E+03       9.0000000e+02       
  228       1.2947287E+03       9.0000000e+02       
  229       1.3496299E+03       9.0000000e+02       
  230       1.4068590E+03       9.0000000e+02       
  231       1.4665148E+03       9.0000000e+02       
  232       1.5287003E+03       9.0000000e+02       
  233       1.5935227E+03       9.0000000e+02       
  234       1.6610937E+03       9.0000000e+02       
  235       1.7315300E+03       9.0000000e+02       
  236       1.8049531E+03       9.0000000e+02       
  237       1.8814895E+03       9.0000000e+02       
  238       1.9612715E+03       9.0000000e+02       
  239       2.0444363E+03       9.0000000e+02       
  240       2.1311278E+03       9.0000000e+02       
  241       2.2214951E+03       9.0000000e+02       
  242       2.3156919E+03       9.0000000e+02       
  243       2.4138855E+03       9.0000000e+02       
  244       2.5162429E+03       9.0000000e+02       
  245       2.6229404E+03       9.0000000e+02       
  246       2.7341625E+03       9.0000000e+02       
  247       2.8501008E+03       9.0000000e+02       
  248       2.9709551E+03       9.0000000e+02       
  249       3.0969342E+03       9.0000000e+02       
  250       3.2282554E+03       9.0000000e+02       
  251       3.3651449E+03       9.0000000e+02       
  252       3.5078391E+03       9.0000000e+02       
  253       3.6565840E+03       9.0000000e+02       
  254       3.8116362E+03       9.0000000e+02       
  255       3.9732631E+03       9.0000000e+02       
  256       4.1417435E+03       9.0000000e+02       
  257       4.3173682E+03       9.0000000e+02       
  258       4.5004401E+03       9.0000000e+02       
  259       4.6912748E+03       9.0000000e+02       
  260       4.8902016E+03       9.0000000e+02       
  261       5.0975636E+03       9.0000000e+02       
  262       5.3137183E+03       9.0000000e+02       
  263       5.5390391E+03       9.0000000e+02       
  264       5.7739142E+03       9.0000000e+02       
  265       6.0187485E+03       9.0000000e+02       
  266       6.2739648E+03       9.0000000e+02       
  267       6.5400034E+03       9.0000000e+02       
  268       6.8173230E+03       9.0000000e+02       
  269       7.1064018E+03       9.0000000e+02       
  270       7.4077383E+03       9.0000000e+02       
  271       7.7218443E+03       9.0000000e+02       
  272       8.0492787E+03       9.0000000e+02       
  273       8.3905965E+03       9.0000000e+02       
  274       8.7463878E+03       9.0000000e+02       
  275       9.1172658E+03       9.0000000e+02       
  276       9.5038705E+03       9.0000000e+02       
  277       9.9068686E+03       9.0000000e+02       
  278       1.0326955E+04       9.0000000e+02       
  279       1.0764854E+04       9.0000000e+02       
  280       1.1221323E+04       9.0000000e+02       
  281       1.1697147E+04       9.0000000e+02       
  282       1.2193148E+04       9.0000000e+02       
  283       1.2710181E+04       9.0000000e+02       
  284       1.3249138E+04       9.0000000e+02       
  285       1.3810949E+04       9.0000000e+02       
  286       1.4396583E+04       9.0000000e+02       
  287       1.5007049E+04       9.0000000e+02       
  288       1.5643400E+04       9.0000000e+02       
  289       1.6306737E+04       9.0000000e+02       
  290       1.6998200E+04       9.0000000e+02       
  291       1.7718984E+04       9.0000000e+02       
  292       1.8470334E+04       9.0000000e+02       
  293       1.9253542E+04       9.0000000e+02       
  294       2.0069960E+04       9.0000000e+02       
  295       2.0920998E+04       9.0000000e+02       
  296       2.1808122E+04       9.0000000e+02       
  297       2.2732864E+04       9.0000000e+02       
  298       2.3696819E+04       9.0000000e+02       
  299       2.4701622E+04       9.0000000e+02       
  300       2.5749058E+04       9.0000000e+02       
  301       2.6840910E+04       9.0000000e+02       
  302       2.7979061E+04       9.0000000e+02       
  303       2.9165474E+04       9.0000000e+02       
  304       3.0402192E+04       9.0000000e+02       
  305       3.1691355E+04       9.0000000e+02       
  306       3.3035180E+04       9.0000000e+02       
  307       3.4435990E+04       9.0000000e+02       
  308       3.5896200E+04       9.0000000e+02       
  309       3.7418327E+04       9.0000000e+02       
  310       3.9004996E+04       9.0000000e+02       
  311       4.0658948E+04       9.0000000e+02       
  312       4.2383033E+04       9.0000000e+02       
  313       4.4180223E+04       9.0000000e+02       
  314       4.6053621E+04       9.0000000e+02       
  315       4.8006460E+04       9.0000000e+02       
  316       5.0042105E+04       9.0000000e+02       
  317       5.2164072E+04       9.0000000e+02       
  318       5.4376012E+04       9.0000000e+02       
  319       5.6681746E+04       9.0000000e+02       
  320       5.9085256E+04       9.0000000e+02       
  321       6.1590683E+04       9.0000000e+02       
  322       6.4202344E+04       9.0000000e+02       
  323       6.6924757E+04       9.0000000e+02       
  324       6.9762605E+04       9.0000000e+02       
  325       7.2720790E+04       9.0000000e+02       
  326       7.5804406E+04       9.0000000e+02       
  327       7.9018784E+04       9.0000000e+02       
  328       8.2369375E+04       9.0000000e+02       
  329       8.5862130E+04       9.0000000e+02       
  330       8.9502990E+04       9.0000000e+02       
  331       9.3298233E+04       9.0000000e+02       
  332       9.7254413E+04       9.0000000e+02       
  333       1.0137835E+05       9.0000000e+02       
